0 3
0 4
0 10
0 19
0 28
0 38
0 43
0 44
0 124
0 166
0 271
1 22
1 28
1 29
1 33
1 35
1 49
1 77
1 104
1 165
1 209
1 236
1 387
1 392
1 380
2 3
2 8
2 12
2 21
2 39
2 249
2 280
2 252
2 306
2 380
2 473
3 12
3 17
3 20
3 43
3 53
3 184
3 213
3 250
3 313
3 362
3 411
3 462
4 8
4 14
4 27
4 35
4 88
4 151
4 161
4 341
4 401
4 488
5 12
5 21
5 34
5 46
5 53
5 205
5 249
5 300
6 12
6 35
6 42
6 49
6 393
6 394
6 478
7 30
7 219
7 227
7 298
7 325
7 332
7 402
8 120
8 280
8 316
8 452
8 464
9 22
9 145
9 314
9 440
10 32
10 36
10 43
10 126
10 164
10 258
10 385
11 12
11 32
11 34
11 35
11 38
11 179
11 357
12 21
12 23
12 31
12 39
12 41
12 43
12 48
12 250
12 359
13 19
13 23
13 32
13 37
13 45
13 53
13 233
13 274
14 16
14 18
14 24
14 25
14 37
14 65
14 66
14 69
14 197
14 348
14 362
14 475
15 23
15 26
15 64
15 157
15 164
15 206
15 490
16 23
16 25
16 34
16 131
16 123
16 453
16 482
17 20
17 28
17 35
17 36
17 47
17 61
17 121
17 338
17 363
17 425
17 450
18 23
18 37
18 245
18 257
18 495
19 69
19 84
19 200
19 231
19 351
19 438
19 459
20 24
20 28
20 33
20 36
20 41
20 44
20 336
21 41
21 154
21 176
21 323
21 345
21 450
21 499
22 28
22 29
22 30
22 37
22 44
22 141
22 144
22 105
22 243
22 311
22 403
22 467
23 28
23 175
23 310
23 382
23 479
24 25
24 26
24 35
24 47
24 149
24 254
24 310
24 461
25 44
25 215
25 302
25 305
25 369
26 32
26 195
26 317
26 458
27 40
27 43
27 47
27 94
27 99
27 279
27 299
27 321
28 32
28 34
28 62
28 279
28 390
28 371
29 35
29 42
29 48
29 77
29 128
29 246
29 306
29 374
30 70
30 145
30 146
30 165
30 204
30 378
30 402
30 406
30 444
31 38
31 40
31 48
31 113
31 165
31 328
31 338
31 353
31 413
32 38
32 198
32 233
32 345
32 403
33 53
33 81
33 111
33 338
33 348
33 367
33 465
33 477
34 39
34 86
34 196
34 250
34 432
35 48
35 268
35 292
35 309
35 334
36 39
36 253
36 310
36 369
36 381
37 42
37 43
37 183
37 402
37 406
37 480
38 77
38 215
38 289
39 42
39 44
39 52
39 101
39 122
39 127
39 248
39 312
39 389
39 432
40 48
40 73
40 144
40 206
40 215
40 384
40 360
40 452
41 49
41 379
41 492
42 78
42 128
42 136
42 164
42 197
42 411
43 45
43 177
43 199
43 240
43 430
44 67
44 152
44 205
44 231
44 410
44 498
45 47
45 79
46 208
46 229
46 242
46 385
46 354
46 485
47 68
47 127
47 163
47 223
47 304
47 401
48 49
48 92
48 140
48 147
48 201
48 396
48 491
49 89
49 148
49 157
49 216
49 266
50 53
50 63
50 71
50 84
50 98
50 104
50 160
50 168
51 54
51 59
51 82
51 83
51 87
51 98
51 107
51 213
51 235
51 244
51 277
51 310
51 462
52 59
52 66
52 70
52 73
52 74
52 78
52 85
52 305
52 318
52 370
53 82
53 135
53 146
53 194
53 269
53 452
53 468
54 64
54 68
54 76
54 90
54 129
54 138
54 311
55 68
55 71
55 84
55 90
55 94
55 97
55 141
55 302
55 333
56 79
56 80
56 86
56 124
56 275
56 323
56 325
56 466
56 485
57 83
57 93
57 128
57 106
57 235
57 276
57 343
57 444
58 63
58 75
58 82
58 159
58 282
58 310
58 478
59 66
59 91
59 92
59 94
59 97
59 106
59 244
59 309
59 411
60 64
60 78
60 89
60 97
60 148
60 114
61 71
61 77
61 244
61 252
61 377
61 438
62 69
62 71
62 78
62 79
62 81
62 89
62 451
62 454
63 85
63 91
63 121
63 260
64 68
64 70
64 74
64 81
64 82
64 90
64 97
64 113
64 350
65 67
65 70
65 90
65 91
65 163
65 173
65 200
65 218
65 475
66 68
66 69
66 295
66 318
66 445
66 452
67 81
67 96
67 97
67 237
67 303
67 388
67 391
67 381
67 415
68 73
68 76
68 88
68 197
68 365
68 472
69 71
69 98
69 137
69 147
69 108
69 152
69 175
69 443
69 447
70 76
70 77
70 80
70 85
70 95
70 454
70 473
71 73
71 89
71 92
71 98
71 118
71 414
72 90
72 95
72 97
72 210
72 260
72 396
72 369
72 459
72 475
73 86
73 96
73 387
73 365
74 79
74 81
74 91
74 139
74 107
74 390
75 80
75 89
75 99
75 175
75 210
75 348
75 494
76 79
76 83
76 86
76 89
76 92
76 97
76 241
76 389
76 478
77 80
77 93
77 183
77 201
77 290
77 354
77 446
78 92
78 95
78 97
78 177
78 297
78 307
78 349
79 115
79 258
79 261
79 331
79 347
80 81
80 83
80 84
80 88
80 148
80 223
80 271
80 288
80 250
80 348
80 404
80 466
81 160
81 322
81 352
81 367
81 487
82 93
82 110
82 268
82 291
82 368
82 424
82 434
83 332
83 442
83 457
84 94
84 239
84 259
84 372
84 480
85 92
85 183
85 207
85 214
85 381
86 89
87 90
87 100
87 167
87 172
87 175
87 213
87 314
88 90
88 98
88 127
88 455
89 126
89 247
89 449
90 95
90 96
90 107
90 286
91 96
91 213
91 282
91 254
91 340
91 358
91 360
92 94
92 137
92 139
92 379
92 480
93 153
94 98
94 108
94 204
94 220
94 233
94 266
94 253
94 325
94 360
94 426
95 99
95 108
95 205
96 229
96 289
96 297
96 418
96 441
96 452
97 239
97 248
97 262
97 313
97 348
97 468
98 181
98 210
98 392
98 403
99 327
99 483
128 134
128 143
128 148
128 101
128 108
128 307
128 321
128 370
128 410
128 476
129 146
129 148
129 110
129 208
129 212
130 131
130 113
130 222
130 321
130 444
130 463
131 135
131 136
131 138
131 147
131 104
131 111
131 113
131 118
131 122
131 123
131 235
131 246
131 316
131 415
131 488
132 135
132 100
132 463
133 114
133 124
133 213
134 142
134 100
134 101
134 115
134 119
134 122
134 178
134 226
134 401
134 475
134 489
135 146
135 148
135 149
135 111
135 117
135 268
135 331
135 348
135 361
136 105
136 108
136 117
136 121
136 340
136 370
136 432
136 489
137 138
137 104
137 105
137 111
137 115
137 206
137 362
138 142
138 112
138 116
138 117
138 118
138 159
138 181
138 218
138 274
138 300
138 303
138 320
138 389
139 109
139 115
139 118
139 119
139 338
140 207
140 309
140 343
141 101
141 102
141 109
141 229
141 271
141 433
141 439
141 449
142 110
142 121
142 123
142 126
142 185
142 192
142 235
142 448
143 145
143 100
143 122
143 233
143 273
143 295
143 434
143 469
144 147
144 101
144 105
144 125
144 415
144 434
145 100
145 106
145 127
145 179
145 302
145 331
145 333
146 189
146 352
147 236
147 275
147 342
147 379
147 465
147 468
148 149
148 100
148 105
149 112
149 119
149 120
100 171
100 261
100 329
100 330
100 350
100 461
100 483
101 102
101 118
101 122
101 126
101 157
101 227
101 239
101 348
101 380
102 104
102 106
102 112
102 122
102 312
102 436
103 118
103 123
103 271
103 278
103 453
104 109
104 173
104 215
104 491
105 112
105 120
105 278
105 291
106 114
106 301
106 308
106 346
106 389
106 371
106 409
107 124
107 158
107 211
107 266
107 391
107 407
107 459
109 112
109 115
109 119
109 122
109 307
109 434
109 489
110 115
110 215
110 274
110 283
110 323
110 477
111 113
111 119
111 241
111 311
111 418
111 430
111 486
111 496
112 383
113 116
113 278
113 288
113 318
113 448
114 156
114 165
116 125
116 196
116 254
116 441
116 449
117 118
117 124
117 192
117 319
117 399
117 435
118 214
118 321
118 329
118 416
118 420
118 493
119 126
119 127
119 183
119 465
119 470
120 122
120 154
120 157
120 162
120 196
120 417
121 230
121 245
122 123
122 229
123 187
123 239
123 426
124 127
125 126
125 282
125 347
125 351
125 427
126 426
126 468
126 481
126 484
127 280
127 252
127 331
127 432
127 445
150 162
150 165
150 166
150 169
150 174
150 183
150 188
150 265
150 284
150 459
150 487
151 155
151 160
151 163
151 168
151 175
151 180
151 191
151 196
151 198
151 243
152 166
152 194
152 204
152 315
152 417
152 432
153 158
153 162
153 167
153 169
153 170
153 174
153 192
153 293
153 446
154 159
154 176
154 183
154 185
154 191
154 205
154 350
154 452
155 157
155 163
155 176
155 184
155 265
155 332
155 342
155 439
156 174
156 187
156 188
156 197
156 198
156 448
157 163
157 189
157 193
157 301
157 380
158 169
158 170
158 198
158 239
158 259
158 467
159 160
159 179
159 193
159 341
160 179
160 187
160 198
160 259
160 305
160 327
160 404
160 457
161 165
161 181
161 433
161 463
161 467
162 167
162 178
162 183
162 186
162 193
162 194
162 215
162 240
162 291
162 298
162 430
163 180
163 188
163 196
164 167
164 170
164 173
164 178
164 182
164 394
165 169
165 181
165 184
165 186
165 196
166 171
166 187
166 188
166 198
166 280
166 343
166 464
166 492
167 172
167 177
167 179
167 199
167 330
167 466
168 170
168 171
168 191
168 314
168 387
168 363
169 177
169 188
169 192
169 207
169 209
169 217
169 268
170 183
170 196
170 197
170 420
171 181
171 398
172 176
172 181
172 187
172 199
172 358
172 406
172 449
173 268
173 285
173 338
173 415
173 475
173 476
173 481
174 185
174 464
175 179
175 190
175 372
175 417
176 265
176 288
177 187
177 189
177 196
177 209
177 470
178 179
178 183
178 189
178 194
178 264
179 188
179 193
179 199
179 207
179 233
180 394
180 455
181 189
181 190
181 262
181 300
182 193
182 198
182 380
182 425
183 190
183 274
183 315
183 329
184 197
185 200
185 380
185 466
185 471
185 496
186 196
186 224
186 228
186 285
186 377
186 414
187 188
187 198
187 282
187 456
187 461
188 449
188 465
189 198
189 332
189 424
190 195
190 197
191 198
191 222
191 252
192 199
192 261
192 295
192 456
192 476
193 199
194 286
194 363
194 465
195 450
196 323
196 375
196 427
196 431
197 406
197 413
198 410
198 466
199 362
199 419
200 211
200 225
200 226
200 237
200 474
201 209
201 210
201 225
201 227
201 270
201 284
201 323
201 437
201 447
202 204
202 207
202 224
202 232
202 249
202 320
202 336
202 433
202 467
202 494
203 212
203 223
203 230
203 233
203 248
204 211
204 214
204 219
204 223
204 230
204 236
204 335
204 425
205 214
205 220
205 231
206 207
206 209
206 247
206 268
206 284
206 299
206 342
206 455
206 478
207 213
207 230
207 232
207 244
207 246
207 247
207 391
208 212
208 214
208 233
208 240
208 242
208 247
208 248
208 296
208 447
209 210
209 213
209 224
209 353
210 216
210 219
210 220
210 230
210 242
210 244
210 245
210 287
210 397
210 372
210 381
210 408
211 214
211 221
211 229
211 231
211 236
211 242
211 245
211 248
211 249
211 436
212 223
212 230
212 262
212 372
212 431
213 215
213 219
213 227
213 401
213 407
213 471
214 227
214 230
214 239
214 257
214 280
214 342
214 436
215 216
215 234
215 319
215 335
215 467
215 471
216 236
216 290
216 365
217 246
217 259
217 324
217 362
217 444
217 450
218 233
218 235
218 247
219 230
219 241
219 249
219 475
220 221
220 227
220 228
220 389
220 362
221 232
221 237
222 240
222 246
222 247
222 299
222 250
222 300
223 224
223 238
223 240
223 248
223 376
223 473
224 237
224 252
224 333
224 425
224 428
224 481
225 227
225 235
225 290
225 383
226 231
226 241
226 242
226 248
226 310
227 232
227 361
227 405
227 431
227 488
228 231
228 236
228 238
228 241
228 270
229 240
229 241
229 243
229 265
229 296
229 368
229 440
230 234
230 247
230 249
230 434
230 499
231 232
231 234
231 239
231 249
231 264
231 395
231 378
232 249
232 401
233 244
233 248
233 379
234 292
234 432
234 493
235 242
235 257
235 271
235 419
235 493
236 238
236 485
237 242
237 289
237 254
237 320
237 390
238 246
238 335
238 372
238 461
239 243
239 288
239 300
239 332
240 246
240 323
240 450
241 242
241 243
241 245
241 261
241 489
242 267
242 337
242 434
243 245
243 342
243 362
243 422
243 475
244 274
244 354
244 448
245 300
246 262
247 333
247 334
247 452
248 261
248 282
248 296
248 255
248 486
249 394
249 480
256 262
256 272
256 255
256 333
256 465
257 261
257 265
257 267
257 272
257 274
257 283
257 284
257 286
257 289
257 412
257 434
258 260
258 266
258 267
258 252
258 355
259 260
259 267
259 270
259 271
260 261
260 268
260 270
260 281
260 320
261 287
261 291
262 272
262 275
262 368
263 286
263 253
263 391
263 495
264 265
264 267
264 274
264 285
264 290
264 386
264 438
264 498
265 275
265 292
265 295
265 297
265 298
265 253
265 351
265 479
266 283
266 293
266 294
266 252
266 442
267 397
267 487
268 295
269 286
269 296
269 252
269 308
269 416
270 287
270 297
270 415
270 499
271 292
271 295
271 250
271 324
271 347
272 277
272 286
272 289
272 292
272 320
272 479
273 277
273 252
273 384
273 467
274 280
274 255
274 312
274 347
275 288
275 297
275 298
275 255
275 388
276 289
276 291
276 299
276 255
276 311
276 354
276 471
276 495
277 278
277 284
277 288
277 292
277 452
277 492
277 494
278 282
278 285
278 293
278 295
278 298
278 252
278 427
278 430
279 291
279 426
280 290
280 293
280 250
280 254
280 311
280 333
280 427
280 433
280 460
281 286
281 287
281 292
281 298
281 252
281 253
281 354
281 358
281 445
281 452
282 287
282 291
282 292
282 295
282 251
282 481
283 293
283 386
284 293
284 315
285 288
285 495
286 253
286 467
287 295
287 250
287 486
287 490
288 252
288 341
288 381
289 297
289 255
289 407
290 294
290 252
290 321
290 466
291 298
291 364
291 371
291 470
292 293
292 252
292 418
293 395
294 297
294 251
294 435
295 251
295 346
295 347
295 359
295 376
295 377
295 381
296 254
296 341
297 389
297 405
297 457
298 254
298 314
298 391
298 399
298 352
298 407
298 425
299 253
299 318
299 347
299 359
299 405
299 473
299 484
250 361
251 391
252 443
253 417
253 465
254 345
254 399
254 443
254 465
254 479
255 386
255 395
255 359
300 306
300 312
300 314
300 341
300 442
300 453
301 303
301 308
301 339
301 341
301 344
301 360
302 309
302 314
302 315
302 325
302 328
302 329
302 333
302 338
302 346
303 304
303 308
303 319
303 323
303 388
303 415
304 306
304 330
304 333
304 342
304 359
304 468
305 324
305 332
305 337
305 341
305 343
305 402
306 317
306 337
306 349
306 382
307 325
308 331
308 336
309 323
309 340
309 420
309 491
310 323
310 329
310 330
310 335
310 336
310 393
311 314
311 323
311 330
311 331
311 334
312 318
312 369
312 429
312 469
313 331
313 334
313 377
313 421
313 453
314 336
314 339
314 411
314 494
315 331
315 343
315 344
315 349
316 323
316 474
316 487
317 330
317 335
317 400
317 409
317 433
317 459
317 492
318 330
318 333
318 337
319 325
319 326
319 336
319 339
319 348
320 326
320 330
320 343
320 349
320 358
320 411
320 412
320 443
321 342
321 444
322 334
322 340
322 342
322 349
323 334
323 451
324 334
324 341
324 344
324 345
324 446
324 481
326 370
326 444
326 463
327 335
327 347
327 364
328 337
328 346
328 354
328 458
328 481
329 346
330 497
331 333
331 337
331 339
331 348
331 366
332 341
332 398
332 405
332 474
333 339
333 342
333 346
333 392
333 422
333 460
333 488
334 340
334 346
334 475
334 476
336 341
336 385
336 373
336 493
337 339
337 348
337 351
337 419
338 339
338 344
338 383
338 452
339 343
339 406
339 410
339 456
339 485
340 341
340 349
340 401
340 482
342 344
342 391
343 448
343 463
344 451
345 404
345 414
345 417
345 492
346 347
347 486
348 404
349 388
349 378
349 450
349 485
349 495
384 389
384 357
384 367
384 370
384 383
384 445
385 399
385 353
385 376
385 382
386 350
386 353
386 367
386 379
387 388
387 391
387 397
387 399
387 366
387 373
387 381
388 390
388 391
388 356
388 369
388 372
389 390
389 395
389 356
389 359
389 360
389 361
389 365
389 369
389 374
389 415
389 488
390 373
390 449
391 399
391 351
391 359
391 407
391 460
392 363
392 364
392 367
392 373
392 378
392 382
394 353
394 362
394 363
394 364
394 375
394 376
394 464
394 492
395 399
395 352
395 354
395 355
395 372
395 375
396 353
396 362
396 363
396 377
397 350
397 356
397 367
397 371
397 374
397 457
397 460
398 355
398 360
398 364
398 435
399 362
399 367
399 370
399 460
399 476
399 493
350 364
350 370
350 432
350 437
351 352
351 353
351 357
352 355
352 368
352 378
352 417
352 462
353 373
353 378
353 447
354 357
354 361
354 362
354 366
354 378
354 447
354 489
355 356
355 361
355 362
355 424
356 365
356 371
356 380
356 383
357 359
357 383
358 380
358 381
358 448
359 362
359 376
360 362
360 367
360 368
360 404
360 438
360 469
361 379
361 467
361 478
362 367
362 376
363 364
363 367
363 408
364 367
364 483
364 493
365 368
365 371
365 376
365 380
366 371
366 376
366 379
366 383
366 409
367 449
367 459
368 369
368 378
368 424
368 471
368 477
369 372
369 477
370 377
370 383
370 400
370 410
371 412
371 486
372 486
374 431
375 382
376 435
376 442
377 379
378 459
379 383
381 426
381 498
382 383
383 462
400 403
400 406
400 421
400 430
401 414
401 420
401 424
401 427
401 457
402 432
402 444
402 448
403 406
403 411
403 422
403 445
403 446
404 416
404 437
404 444
405 407
405 414
405 423
405 441
405 443
406 420
406 450
407 408
407 416
407 436
408 412
408 414
409 413
409 426
409 428
409 430
409 434
409 444
410 411
410 422
410 440
410 441
411 432
411 444
412 436
412 445
412 448
412 465
413 429
413 430
413 433
414 420
414 423
414 424
414 425
414 440
414 444
414 445
414 447
414 461
414 498
415 424
415 426
415 449
416 425
416 431
416 440
417 425
417 430
418 420
418 443
418 444
418 468
419 427
419 431
419 433
419 439
419 441
419 447
419 448
419 479
420 428
421 437
421 441
422 424
422 430
422 439
423 448
423 458
424 441
424 449
424 456
424 489
425 427
425 428
425 434
425 441
425 442
425 446
426 431
426 440
426 446
426 449
426 467
427 429
427 432
429 433
429 443
430 434
430 439
430 447
430 487
431 436
431 439
432 477
434 438
434 446
435 437
435 442
437 442
437 448
437 449
438 440
438 448
438 449
438 493
440 441
440 490
442 447
442 481
442 496
444 447
444 490
445 475
446 455
446 487
448 499
450 451
450 459
450 465
450 485
450 499
451 459
451 463
451 472
451 473
451 485
451 487
451 491
452 454
452 456
452 486
453 474
453 478
453 479
453 481
453 482
453 494
454 467
454 473
454 475
455 459
455 464
455 471
455 472
455 484
455 495
455 499
456 457
456 467
456 480
456 489
456 493
457 479
457 491
457 492
457 496
458 462
458 471
459 465
459 476
459 481
459 484
459 487
459 499
460 464
460 466
460 468
460 469
461 476
461 485
461 495
462 472
462 492
463 471
463 475
463 476
463 478
463 499
465 466
465 470
465 495
466 485
466 495
466 497
467 468
467 472
467 479
467 499
468 480
468 481
470 475
470 478
471 475
471 482
471 484
472 473
472 498
473 476
473 482
473 485
474 492
475 484
475 489
475 492
475 499
476 478
476 479
476 496
478 492
478 498
479 491
479 495
479 498
480 484
480 485
481 490
482 488
483 489
483 491
484 487
484 488
484 496
485 489
488 491
488 495
489 495
490 498
490 499
491 493
492 499
495 499
