0 5
0 10
0 11
0 13
0 22
0 27
0 40
1 15
1 17
1 27
1 41
2 15
2 18
2 20
2 32
2 34
3 4
3 11
3 36
4 11
4 14
4 16
4 26
4 29
4 34
4 47
5 13
5 14
5 41
5 44
6 11
6 20
6 35
6 39
6 45
7 200
8 18
8 30
8 37
9 27
9 29
9 39
9 216
10 19
10 49
10 172
11 18
11 23
11 29
11 32
12 16
12 38
12 46
12 48
13 14
13 35
13 38
13 42
13 43
13 47
14 23
14 47
15 17
15 22
15 35
15 38
15 45
16 18
16 28
16 36
17 18
17 19
17 32
17 39
17 72
17 202
17 213
18 20
18 21
18 23
18 26
18 46
19 32
19 38
20 32
20 49
20 360
21 37
21 45
22 23
22 34
23 24
23 464
24 33
25 35
25 375
26 48
27 29
27 37
27 476
27 498
28 33
28 43
29 34
30 39
30 48
31 33
31 36
32 43
33 43
33 45
33 48
34 38
34 49
35 40
36 43
37 40
37 44
37 45
37 46
38 47
38 491
39 43
39 47
40 44
42 46
42 331
43 48
43 228
44 46
45 48
46 47
46 49
48 140
50 67
50 73
50 80
50 81
50 88
50 99
51 70
51 76
51 82
52 58
52 59
52 66
52 70
52 77
52 80
53 71
53 98
53 99
54 65
54 75
54 78
54 85
54 90
54 95
54 98
54 294
54 460
55 58
55 67
55 70
55 78
55 80
55 91
55 162
55 444
56 60
56 61
56 64
56 70
56 73
56 76
56 83
57 62
57 67
57 80
57 82
57 83
57 86
57 95
58 61
58 75
58 91
58 93
58 94
58 99
59 73
59 74
60 65
60 67
60 72
60 94
60 98
61 68
61 80
61 86
61 95
61 99
61 258
62 86
63 69
63 75
63 77
64 95
64 97
65 67
65 74
65 75
65 79
65 82
65 91
65 92
66 69
66 70
66 72
66 87
66 89
66 94
66 96
67 70
67 83
68 69
68 72
68 83
68 94
69 83
69 90
69 96
70 73
70 91
70 92
70 97
70 99
70 188
70 368
71 78
71 83
71 99
73 86
73 90
73 470
74 98
75 386
75 417
76 77
77 92
77 95
78 81
78 87
78 89
79 84
79 97
79 98
80 84
80 99
83 87
83 98
83 263
84 91
84 431
88 90
88 98
88 182
89 97
90 236
90 292
90 305
91 103
91 328
93 94
93 139
94 308
96 265
96 379
97 235
128 129
128 136
128 141
128 105
128 113
128 117
128 126
129 135
129 137
129 145
129 146
129 148
129 117
129 118
129 121
130 131
130 132
130 100
130 205
131 111
131 120
132 135
132 142
132 125
133 136
133 140
133 145
133 101
133 108
133 125
134 138
134 144
134 145
134 110
134 114
134 118
134 122
134 125
135 140
135 149
135 103
135 113
135 119
135 122
137 147
137 148
137 120
137 237
138 140
138 143
138 105
138 116
138 123
139 100
140 148
140 111
142 146
142 100
142 117
142 123
142 126
143 105
145 146
145 112
145 115
145 118
145 122
145 393
146 101
146 114
146 119
146 120
146 127
147 105
147 124
147 125
147 366
148 100
148 102
148 105
148 107
149 109
149 113
149 123
100 110
100 449
101 106
101 113
102 123
102 124
102 482
103 115
103 121
104 112
104 126
104 127
105 121
105 253
106 111
107 110
107 127
108 125
108 151
109 110
110 115
111 123
113 115
113 119
113 121
114 120
114 122
115 125
115 422
116 122
117 124
117 126
118 124
118 243
120 300
121 451
124 241
125 127
150 158
150 160
150 161
150 166
150 172
150 184
150 187
150 199
151 157
151 172
151 173
151 174
151 176
151 194
151 432
152 158
152 166
152 171
152 197
152 198
152 199
153 155
153 162
153 172
153 177
153 181
153 193
153 199
154 156
154 165
154 182
155 186
155 193
156 158
156 175
156 177
156 188
156 190
156 199
157 169
157 204
158 160
158 177
158 184
158 191
159 166
159 169
159 182
159 189
159 197
160 178
160 185
160 194
161 164
161 165
161 180
161 188
162 164
162 167
162 180
163 167
165 185
165 190
165 193
165 196
165 197
165 199
165 356
166 179
166 190
167 168
167 170
167 172
167 174
167 178
167 365
168 169
168 182
168 185
169 434
170 172
170 176
170 194
170 328
171 173
171 183
172 184
172 193
173 194
173 198
174 177
174 184
174 189
174 199
175 186
175 189
176 184
176 192
176 193
176 316
177 198
178 195
178 199
179 181
179 182
179 192
180 181
180 190
180 198
181 184
181 186
181 192
181 313
181 386
182 193
183 197
184 193
184 196
185 242
185 493
186 191
186 194
186 195
186 329
188 192
188 194
188 195
188 271
188 226
189 197
189 471
190 193
192 197
193 197
193 348
194 197
200 226
201 220
201 222
201 223
201 231
201 247
202 207
202 227
202 232
202 235
202 239
203 206
203 230
203 247
203 337
204 207
204 208
204 212
204 217
204 223
204 242
204 244
204 361
205 211
205 212
205 215
205 216
205 223
205 224
205 232
205 249
206 240
207 219
207 223
207 228
207 243
208 211
208 245
209 214
209 220
209 240
210 217
210 218
210 223
210 224
210 227
211 217
211 240
213 215
213 216
213 217
213 218
213 221
213 227
213 244
213 246
213 247
213 249
214 217
215 217
215 232
215 241
215 249
215 320
216 233
216 239
216 246
216 247
216 248
217 234
217 235
217 239
217 245
218 239
218 246
218 247
218 387
219 220
219 222
219 240
219 246
219 248
220 229
220 240
220 247
221 223
221 235
221 237
221 248
222 233
223 229
223 230
223 245
223 248
224 225
224 230
224 235
224 445
225 243
225 245
225 363
227 228
227 239
227 243
227 424
228 233
229 233
229 240
229 242
229 247
230 235
230 246
230 389
231 242
232 233
232 234
232 236
232 249
233 241
233 242
233 247
233 361
234 238
235 293
235 409
236 243
237 351
239 247
239 249
240 242
243 244
245 248
246 247
256 262
256 287
256 288
256 295
256 298
256 382
257 259
257 281
257 283
258 269
258 273
258 274
259 266
259 269
259 285
259 289
259 293
259 294
260 286
261 268
261 278
261 284
262 285
263 287
263 254
264 270
264 276
264 289
264 250
265 278
265 284
265 292
266 269
266 287
266 289
266 254
267 273
267 289
267 290
267 447
268 280
268 281
268 288
268 293
268 252
268 253
269 273
269 293
269 294
270 279
270 294
271 275
271 281
271 282
271 291
271 254
271 255
272 278
273 278
273 283
273 293
273 296
273 254
274 279
274 285
274 288
274 289
274 294
274 295
274 296
274 255
275 292
275 296
275 252
276 278
276 293
276 297
276 299
277 285
277 298
278 297
279 284
280 285
280 298
281 284
281 289
282 291
283 299
284 285
285 287
285 311
286 289
286 252
287 295
288 290
288 376
289 299
289 354
290 295
290 252
290 254
292 294
292 250
292 407
293 295
293 250
293 253
296 254
299 251
299 255
250 254
253 254
300 316
300 320
300 325
300 330
300 346
300 347
301 310
301 316
301 331
301 344
301 346
302 316
302 318
302 319
302 328
302 338
302 347
303 311
303 312
303 322
303 324
303 333
303 349
304 309
304 316
304 322
304 340
304 421
305 310
305 319
305 324
305 332
305 344
305 347
305 348
306 328
307 316
307 318
307 342
307 343
307 454
308 311
308 318
308 331
308 334
309 327
309 332
309 336
309 347
309 348
310 331
310 333
310 334
310 339
310 341
310 342
310 348
311 313
311 324
311 331
311 333
312 321
313 315
313 340
314 327
314 346
315 316
315 322
315 344
316 335
316 336
316 338
316 343
316 348
317 322
318 332
318 333
318 341
318 348
318 349
319 329
320 325
320 339
321 334
321 346
321 423
322 328
322 331
322 333
323 329
323 333
323 337
326 337
326 340
329 335
329 338
329 339
329 341
330 331
330 343
330 402
331 346
331 347
332 337
333 344
333 347
333 383
335 336
335 340
335 341
335 345
336 338
336 342
336 347
336 349
337 346
339 342
339 345
339 439
340 344
340 345
341 348
343 348
343 490
348 349
384 394
384 380
384 383
385 391
385 393
385 395
385 357
385 465
386 387
386 390
386 393
386 354
386 356
386 359
386 360
386 367
387 366
387 380
388 354
388 358
388 364
388 368
388 375
389 372
389 378
390 393
390 352
390 365
390 368
390 369
390 377
391 393
391 395
391 356
391 359
392 395
392 396
392 398
392 361
392 381
392 383
393 353
393 367
393 368
394 397
394 350
394 354
394 356
394 357
395 362
395 377
395 462
396 358
396 360
396 369
396 373
397 355
397 371
397 380
397 479
398 399
398 360
398 361
398 365
398 368
398 374
398 382
399 366
399 382
350 358
350 361
351 357
351 373
351 376
353 354
353 355
353 365
353 373
354 358
354 359
354 370
354 371
354 383
354 458
355 357
355 378
355 381
356 361
356 365
356 367
356 368
356 371
356 383
357 364
357 366
357 380
357 382
358 363
359 362
359 373
359 377
359 380
359 383
360 363
360 378
361 372
361 383
363 365
363 370
365 379
365 457
366 370
367 380
367 382
369 379
370 378
370 383
371 375
371 377
372 375
372 377
372 382
372 383
373 375
373 376
373 382
373 383
374 379
377 379
379 383
381 383
400 405
400 412
400 416
400 428
400 436
400 449
401 431
401 435
401 436
401 449
402 404
402 413
402 427
402 434
402 441
402 445
403 421
403 423
403 441
404 407
404 419
404 449
405 406
405 409
405 429
405 444
406 409
406 412
406 449
407 420
407 426
407 427
407 436
407 446
408 414
408 439
408 440
409 421
409 427
409 446
409 447
410 411
410 428
410 434
410 438
410 442
411 442
412 417
412 427
412 430
412 432
412 436
413 415
413 418
413 422
413 423
413 445
414 420
414 429
414 438
414 445
415 416
415 418
415 419
415 431
415 437
415 441
416 422
416 424
417 425
417 434
417 435
417 436
417 445
418 426
418 428
418 432
418 443
419 436
420 426
421 427
421 432
421 435
421 439
422 423
422 427
422 430
423 430
424 439
424 443
425 430
425 433
425 436
425 438
425 441
425 444
426 443
426 448
427 436
427 437
428 430
428 438
428 443
428 444
429 433
429 440
430 432
433 434
434 438
434 441
437 442
437 446
437 447
438 439
438 442
438 446
438 482
439 440
440 442
440 445
440 449
441 442
441 445
442 447
442 449
447 448
450 455
450 467
450 468
450 470
450 473
450 491
450 495
451 465
451 468
451 486
451 494
451 496
452 461
452 468
453 471
453 488
453 497
454 456
454 491
454 493
455 456
455 458
455 499
456 474
456 475
456 476
456 478
456 483
456 492
457 461
457 479
457 487
457 499
458 464
458 470
458 479
459 493
459 496
460 463
460 487
460 490
461 470
461 494
461 496
462 466
462 468
462 477
462 483
462 495
463 467
463 473
463 475
463 484
463 488
463 490
463 491
463 498
464 479
464 489
465 466
465 467
465 471
465 487
465 489
466 490
466 491
466 496
467 469
467 475
467 483
467 490
468 473
468 478
468 488
468 489
469 482
469 483
469 492
470 472
470 478
470 483
470 489
471 472
471 474
471 479
471 481
471 496
471 498
472 474
472 480
472 484
472 485
473 474
473 487
474 482
477 478
477 484
477 486
478 498
479 482
479 494
481 487
482 484
482 487
482 490
483 489
483 490
483 494
483 499
484 485
484 486
484 490
484 491
484 495
484 497
485 498
487 489
487 493
489 497
490 495
490 497
491 493
493 494
494 497
496 498
