0 1
0 4
0 20
0 24
0 25
0 32
0 47
0 89
0 160
0 174
0 183
0 339
0 354
0 429
1 9
1 10
1 16
1 17
1 22
1 25
1 27
1 30
1 31
1 32
1 34
1 43
1 324
1 487
2 5
2 8
2 19
2 26
2 27
2 28
2 30
2 33
2 46
2 48
2 49
2 90
2 125
2 151
2 196
2 351
2 461
2 495
3 4
3 10
3 11
3 13
3 16
3 17
3 18
3 21
3 23
3 28
3 33
3 36
3 39
3 42
3 48
3 221
3 222
3 279
3 414
3 474
4 8
4 11
4 13
4 15
4 18
4 20
4 29
4 33
4 34
4 39
4 41
4 44
4 313
4 462
4 468
5 7
5 16
5 18
5 23
5 27
5 30
5 34
5 35
5 37
5 39
5 90
5 327
5 359
5 423
5 494
6 8
6 11
6 12
6 13
6 14
6 18
6 20
6 26
6 28
6 34
6 38
6 41
6 42
6 48
6 81
6 223
6 256
6 278
6 453
7 11
7 12
7 15
7 17
7 19
7 27
7 29
7 31
7 35
7 423
7 431
7 478
8 34
8 36
8 38
8 49
8 153
8 223
8 295
8 341
8 470
9 12
9 13
9 27
9 31
9 35
9 42
9 48
9 123
9 168
9 240
9 365
9 496
10 14
10 20
10 21
10 23
10 28
10 30
10 37
10 47
10 64
10 68
10 136
10 104
10 377
10 436
11 17
11 23
11 28
11 33
11 36
11 37
11 40
11 48
11 140
11 149
11 103
11 213
11 229
11 270
11 280
11 340
11 497
12 16
12 19
12 33
12 34
12 38
12 40
12 44
12 121
12 239
12 381
13 14
13 24
13 29
13 30
13 35
13 41
13 46
13 57
13 133
13 221
13 428
14 19
14 20
14 29
14 31
14 37
14 40
14 64
14 139
14 112
14 156
14 183
14 206
14 386
14 355
14 484
15 25
15 27
15 29
15 31
15 33
15 41
15 47
15 48
15 84
15 384
15 360
15 487
16 19
16 24
16 30
16 44
16 100
16 107
16 171
16 198
16 253
16 329
17 21
17 23
17 29
17 36
17 39
17 40
17 133
18 22
18 23
18 38
18 45
18 234
18 238
18 407
19 32
19 40
19 44
19 45
19 49
19 275
20 31
20 33
20 37
20 38
20 40
20 42
20 45
20 49
20 155
20 241
20 289
20 290
20 298
20 499
21 22
21 23
21 29
21 32
21 40
21 49
21 86
21 93
21 212
21 301
21 305
21 366
21 421
21 444
22 27
22 38
22 140
22 377
22 425
22 480
23 31
23 34
23 296
23 327
23 368
24 28
24 30
24 33
24 176
24 242
24 261
24 313
24 439
24 450
25 26
25 29
25 32
25 44
25 48
25 170
25 201
25 213
25 229
25 240
26 31
26 33
26 322
26 398
26 407
26 436
26 459
26 463
27 29
27 35
27 43
27 44
27 48
27 132
27 114
27 240
27 246
27 266
28 29
28 35
28 36
28 41
28 44
28 49
28 306
28 338
29 31
29 33
29 46
29 156
29 200
29 224
29 373
29 474
29 499
30 34
30 35
30 42
30 44
30 75
30 97
30 203
31 39
31 65
31 147
31 183
31 459
32 34
32 41
32 47
32 81
32 89
32 110
32 283
32 289
32 391
33 35
33 39
33 40
33 44
33 46
33 113
33 350
33 412
33 451
33 466
33 487
34 35
34 38
34 40
34 49
34 279
34 338
34 354
34 431
34 466
35 37
35 61
35 255
35 357
35 432
36 37
36 38
36 47
36 70
36 211
36 317
36 391
36 401
36 449
36 468
36 480
36 481
37 48
37 49
37 76
37 216
37 295
37 297
37 385
37 439
38 41
38 43
38 44
38 46
38 88
38 98
39 42
39 44
39 46
39 49
39 82
39 155
39 265
39 281
39 335
40 42
40 162
40 229
41 47
41 49
41 68
41 158
41 179
41 333
41 449
42 48
42 167
42 182
42 273
42 365
42 436
42 445
43 46
43 49
43 201
43 425
43 427
44 45
44 48
44 155
44 168
44 216
44 227
44 340
44 423
44 480
45 65
45 145
45 124
45 299
45 316
45 366
46 70
46 88
46 105
46 203
46 207
46 248
46 263
46 278
46 279
46 463
47 374
47 435
48 104
48 180
48 316
48 395
48 499
49 147
49 196
49 391
49 369
49 462
50 54
50 57
50 64
50 65
50 66
50 69
50 74
50 79
50 83
50 87
50 91
50 94
50 96
50 98
51 52
51 56
51 58
51 68
51 70
51 80
51 88
51 94
51 97
51 99
51 159
51 276
51 305
51 335
51 342
51 418
52 56
52 61
52 66
52 71
52 72
52 74
52 81
52 83
52 88
52 92
52 94
52 95
52 142
52 167
52 241
52 260
52 280
52 341
52 437
53 56
53 62
53 66
53 67
53 73
53 76
53 86
53 91
53 121
53 342
53 391
54 66
54 68
54 70
54 77
54 78
54 83
54 89
54 175
54 244
54 483
54 498
55 56
55 65
55 67
55 76
55 93
55 94
55 129
55 212
55 215
55 226
55 238
55 352
56 59
56 63
56 84
56 90
56 93
56 375
56 407
56 456
57 59
57 60
57 65
57 69
57 88
57 94
57 139
57 197
58 63
58 64
58 69
58 71
58 89
58 91
58 92
58 95
58 99
58 137
58 140
58 147
58 149
58 152
58 228
58 456
59 63
59 64
59 66
59 71
59 73
59 75
59 78
59 80
59 84
59 90
59 93
59 94
59 96
59 99
59 228
59 280
59 254
59 463
59 496
60 63
60 64
60 66
60 70
60 76
60 77
60 82
60 86
60 98
60 180
60 183
60 198
60 262
61 65
61 67
61 69
61 72
61 73
61 82
61 85
61 87
61 99
61 151
61 345
61 477
62 65
62 67
62 68
62 73
62 77
62 84
62 85
62 93
62 98
62 102
62 112
62 306
62 477
63 66
63 75
63 86
63 89
63 93
63 94
63 95
63 165
63 206
63 347
64 89
64 90
64 92
64 99
64 169
64 281
64 335
65 66
65 67
65 69
65 75
65 80
65 81
65 85
65 96
65 98
65 150
65 185
65 223
65 290
65 292
65 409
65 435
66 68
66 72
66 75
66 76
66 77
66 83
66 86
66 89
66 91
66 96
66 99
66 469
67 78
67 83
67 96
67 98
67 304
68 79
68 81
68 84
68 90
68 91
68 92
68 115
68 151
68 207
68 258
68 332
68 343
68 359
68 427
68 457
68 463
69 77
69 79
69 88
69 89
69 90
69 91
69 92
69 98
69 99
69 125
69 225
69 446
70 72
70 75
70 77
70 85
70 95
70 136
70 156
70 168
70 287
70 336
71 75
71 80
71 85
71 87
71 90
71 91
71 97
71 290
72 73
72 75
72 77
72 78
72 81
72 87
72 90
72 97
72 330
72 354
72 414
73 75
73 86
73 91
73 95
73 132
73 117
73 228
73 246
74 83
74 92
74 94
75 77
75 89
75 95
75 154
75 179
75 209
75 234
75 348
75 495
76 79
76 80
76 83
76 96
76 97
76 99
76 102
76 313
77 83
77 85
77 89
77 95
77 171
77 224
77 263
77 492
78 79
78 82
78 85
78 93
78 99
78 164
78 166
78 258
78 261
78 412
78 460
79 84
79 86
79 93
79 95
79 99
79 134
79 215
79 267
79 251
79 460
80 87
80 96
80 99
80 321
80 338
80 341
80 359
80 445
81 84
81 99
81 221
81 222
81 233
81 334
81 359
81 369
82 85
82 87
82 98
82 127
82 229
82 352
82 360
82 416
83 89
83 91
83 94
83 173
83 181
83 239
83 315
83 462
84 85
84 88
84 89
84 93
84 144
84 109
84 180
84 237
84 364
85 96
85 205
85 259
85 262
85 251
85 425
86 87
86 90
86 92
86 145
86 149
86 212
86 384
86 409
86 447
86 465
86 468
87 97
87 131
87 327
87 376
87 377
87 460
88 92
88 116
88 234
88 277
88 289
88 348
88 461
88 463
89 92
89 95
89 96
89 97
89 98
89 140
89 148
89 125
89 127
89 240
90 93
90 95
90 99
90 200
90 371
90 429
90 443
90 458
91 92
91 96
91 171
91 198
91 219
91 297
91 358
92 97
92 231
92 293
92 390
92 393
92 398
92 382
92 440
92 444
92 489
93 98
94 99
94 172
94 261
95 96
95 267
96 141
96 287
96 293
96 443
97 99
97 136
97 289
98 99
98 176
99 118
99 154
99 202
99 439
128 137
128 100
128 117
128 121
128 124
128 417
128 453
128 456
129 106
129 108
129 112
129 115
129 121
129 123
129 124
130 133
130 139
130 140
130 145
130 100
130 105
130 113
130 118
130 121
130 313
130 417
131 133
131 136
131 138
131 139
131 141
131 147
131 100
131 107
131 108
131 113
131 118
131 120
131 121
131 125
131 127
131 150
131 151
131 260
131 269
132 133
132 113
132 114
132 125
132 198
133 145
133 101
133 111
133 173
133 249
133 386
133 409
133 412
134 135
134 139
134 148
134 101
134 111
134 116
134 117
134 118
134 123
134 127
134 325
134 466
134 474
135 143
135 104
135 112
135 116
135 117
135 120
135 157
135 176
135 202
136 137
136 146
136 101
136 103
136 107
136 113
136 116
136 166
136 176
136 201
136 216
136 324
136 442
137 107
137 108
137 117
137 123
137 226
137 265
137 396
137 379
137 484
137 499
138 140
138 149
138 103
138 108
138 116
138 118
138 125
138 227
138 323
139 148
139 100
139 103
139 105
139 106
139 107
139 114
139 118
139 154
139 211
139 318
139 337
139 497
140 145
140 108
140 109
140 116
140 121
140 122
140 125
140 126
140 392
140 444
140 489
140 496
141 145
141 101
141 104
141 114
141 115
141 122
141 123
141 126
141 281
141 319
141 383
141 439
142 146
142 103
142 107
142 116
142 117
142 118
142 120
142 162
142 288
142 302
142 387
142 389
142 397
143 144
143 148
143 106
143 114
143 116
143 119
143 213
143 300
143 319
143 328
143 330
143 387
143 440
143 448
144 146
144 106
144 111
144 114
144 116
144 124
144 396
144 466
144 482
145 146
145 112
145 113
145 115
145 116
145 126
145 229
145 334
145 345
145 459
145 499
146 149
146 100
146 101
146 104
146 105
146 108
146 116
146 117
146 118
146 123
146 125
146 182
146 186
146 272
146 254
146 364
147 101
147 105
147 116
147 118
147 126
147 265
147 307
147 314
148 113
148 117
148 120
148 123
148 469
149 121
149 124
149 184
149 220
149 282
149 331
149 388
100 106
100 110
100 115
100 116
100 117
100 118
100 155
101 103
101 120
101 127
101 152
101 166
101 238
101 428
102 106
102 110
102 115
102 246
102 334
102 421
102 476
103 110
103 112
103 124
103 125
103 380
103 437
103 479
104 111
104 112
104 117
104 119
104 123
104 251
104 305
104 346
104 399
104 424
105 106
105 107
105 109
105 115
105 126
105 127
105 152
105 329
105 343
105 385
105 418
105 429
106 111
106 113
106 114
107 116
107 126
107 157
107 242
108 109
108 118
108 121
108 125
108 231
108 245
108 343
108 355
108 449
108 467
109 120
109 283
109 334
109 431
110 111
110 115
110 118
110 121
110 125
110 177
110 302
110 456
111 112
111 120
111 121
111 123
111 124
111 163
111 273
111 274
111 320
111 422
112 115
112 117
112 198
113 119
113 212
113 299
114 117
114 118
114 123
114 127
114 300
114 364
114 376
114 383
114 428
115 121
115 151
115 153
115 224
115 270
115 337
115 349
115 462
116 154
116 173
116 201
116 338
116 406
116 436
117 120
117 121
117 122
117 124
117 127
117 162
117 234
117 272
117 314
117 330
117 455
118 153
118 223
118 284
118 359
119 120
119 201
120 124
120 157
120 281
120 319
120 398
120 369
120 414
120 434
121 123
121 126
121 323
122 445
122 451
123 126
123 245
123 379
124 125
124 221
124 235
124 244
124 431
124 446
125 218
125 335
126 287
126 340
126 353
127 318
127 341
150 157
150 161
150 171
150 173
150 184
150 187
150 188
150 192
150 196
150 213
150 276
150 286
151 159
151 161
151 163
151 167
151 179
151 182
151 183
151 193
151 194
151 239
151 252
151 302
151 399
151 401
151 433
151 455
152 154
152 166
152 175
152 180
152 190
152 193
152 196
152 198
152 199
152 294
152 475
152 486
153 157
153 170
153 171
153 192
153 197
154 167
154 171
154 174
154 178
154 180
154 181
154 191
154 194
154 195
154 197
154 198
154 245
154 487
155 159
155 166
155 172
155 180
155 183
155 184
155 195
155 267
156 159
156 160
156 167
156 174
156 176
156 177
156 179
156 183
156 187
156 188
156 194
156 195
156 196
156 207
156 225
156 233
156 430
156 442
157 160
157 163
157 165
157 167
157 171
157 172
157 175
157 180
157 182
157 186
157 187
157 194
157 237
157 244
157 284
157 433
158 166
158 170
158 181
158 186
158 368
158 412
158 419
158 420
158 443
159 160
159 162
159 170
159 172
159 177
159 184
159 187
159 190
159 192
159 197
159 241
159 290
159 304
159 448
160 165
160 172
160 177
160 181
160 183
160 201
160 308
160 336
160 365
160 428
160 458
160 462
161 163
161 164
161 173
161 174
161 176
161 194
161 197
161 271
161 286
161 299
161 359
161 457
161 475
161 494
162 164
162 173
162 177
162 184
162 192
162 193
162 197
162 209
162 222
162 223
162 273
162 331
162 336
162 373
162 405
162 419
162 481
163 165
163 166
163 168
163 170
163 177
163 180
163 185
163 188
163 192
163 196
163 218
163 367
163 436
164 168
164 170
164 173
164 183
164 187
164 189
164 196
164 305
165 168
165 170
165 172
165 183
165 184
165 185
165 189
165 194
165 196
165 198
165 249
166 176
166 181
166 183
166 184
166 191
166 197
166 288
167 176
167 186
167 188
167 347
167 416
167 454
167 474
168 171
168 175
168 182
168 184
168 186
168 194
168 195
168 275
168 290
168 252
168 320
168 379
169 172
169 177
169 188
169 358
170 171
170 177
170 178
170 185
170 186
170 197
170 420
171 172
171 177
171 189
171 198
171 263
171 380
171 383
171 452
172 184
172 187
172 192
172 193
172 197
172 199
172 334
172 398
172 412
173 192
173 220
173 291
174 188
174 207
174 316
174 395
175 178
175 180
175 181
175 182
175 190
175 193
175 194
175 195
175 198
175 349
176 182
176 197
176 199
176 289
176 304
176 340
177 187
177 195
177 199
177 210
177 283
177 467
178 180
178 181
178 184
178 187
178 193
178 194
178 412
178 420
178 439
178 460
178 462
179 182
179 186
179 191
179 195
179 348
179 480
180 182
180 184
180 200
180 278
181 186
181 192
181 242
181 345
181 415
181 431
181 483
182 190
182 333
182 336
183 184
183 186
183 195
183 199
183 200
183 369
183 474
183 475
184 189
184 192
184 227
184 302
184 390
184 375
184 491
185 188
185 189
185 196
185 198
185 244
185 270
185 433
186 190
186 193
186 316
186 445
187 188
187 190
187 192
187 194
187 199
187 278
187 326
187 392
187 405
187 428
187 431
187 486
188 197
188 198
188 199
188 248
188 252
189 197
189 224
189 271
189 420
190 192
190 197
190 301
190 475
191 196
191 275
191 369
191 374
191 469
191 498
192 195
192 197
192 199
192 303
192 312
192 398
192 360
192 361
192 497
193 267
193 328
193 358
194 373
194 375
195 430
196 317
196 318
196 368
196 413
196 459
196 471
197 199
197 277
197 291
197 408
198 234
198 437
199 392
200 201
200 203
200 208
200 213
200 217
200 218
200 222
200 227
200 230
200 232
200 237
200 238
200 239
200 334
200 367
200 464
201 205
201 210
201 222
201 227
201 229
201 232
201 234
201 237
201 239
201 240
201 245
201 246
201 284
201 357
202 204
202 205
202 208
202 222
202 225
202 229
202 235
202 238
202 239
202 243
202 245
202 385
202 355
203 206
203 207
203 216
203 227
203 231
203 237
203 240
203 245
203 264
204 207
204 208
204 210
204 216
204 220
204 240
204 245
204 246
204 247
204 262
204 370
205 206
205 208
205 213
205 214
205 215
205 222
205 227
205 230
205 238
205 242
205 247
205 339
205 435
205 481
206 208
206 212
206 224
206 228
206 229
206 237
206 241
206 243
206 401
207 212
207 214
207 234
207 236
207 237
207 238
207 245
208 210
208 220
208 225
208 229
208 241
208 247
208 248
208 249
208 327
208 400
209 221
209 223
209 227
209 233
209 234
209 237
209 238
209 239
209 243
209 248
209 411
209 459
209 482
210 214
210 215
210 217
210 221
210 226
210 228
210 233
210 234
210 245
210 247
210 248
210 417
211 214
211 215
211 223
211 227
211 231
211 240
211 242
211 244
211 277
211 464
212 215
212 216
212 217
212 220
212 221
212 223
212 225
212 234
212 240
212 241
212 244
212 248
212 279
212 403
213 218
213 225
213 226
213 233
213 239
213 246
213 249
214 215
214 216
214 219
214 228
214 243
214 246
214 247
214 305
214 405
215 216
215 220
215 233
215 241
215 252
215 429
215 436
215 455
216 217
216 224
216 229
216 238
216 239
216 240
216 243
216 290
216 305
216 376
216 495
217 218
217 219
217 223
217 224
217 227
217 234
217 235
217 236
217 245
217 319
217 428
218 221
218 225
218 232
218 233
218 309
218 318
218 344
218 363
219 221
219 229
219 236
219 239
219 244
219 245
219 249
219 305
220 238
220 240
220 241
220 243
220 247
220 443
220 489
221 224
221 228
221 229
221 240
221 241
221 334
221 364
221 370
222 224
222 226
222 234
222 235
222 238
222 246
222 274
222 377
223 224
223 226
223 231
223 234
223 238
223 245
223 246
223 302
223 487
224 226
224 229
224 231
224 233
224 234
224 242
224 269
224 314
224 389
225 228
225 231
225 238
225 242
225 245
225 271
225 388
226 227
226 236
226 237
226 238
226 240
226 243
226 246
226 336
226 432
227 232
227 237
227 242
227 247
227 248
227 300
228 229
228 247
228 356
228 430
228 478
229 230
229 232
229 240
229 244
229 249
229 314
229 403
229 435
230 231
230 241
230 411
230 434
231 234
231 242
231 243
232 233
232 234
232 237
232 238
232 242
232 243
232 249
232 461
232 475
233 238
233 240
233 243
233 246
233 248
233 249
233 305
233 388
233 418
233 488
234 238
234 241
234 407
235 245
235 247
235 248
235 271
235 302
235 376
236 243
236 246
237 239
237 241
237 243
237 246
237 397
238 239
238 243
238 246
238 390
238 429
239 246
239 248
239 263
240 243
240 248
240 311
240 381
240 409
240 477
240 490
241 244
241 245
241 246
241 248
241 404
242 243
242 262
242 326
243 245
243 483
244 249
244 407
245 248
245 322
245 441
245 490
246 249
246 377
246 410
246 478
247 248
247 369
247 450
248 389
248 416
249 289
249 398
256 262
256 270
256 272
256 279
256 280
256 281
256 284
256 289
256 290
256 298
256 253
256 254
256 425
256 496
256 498
257 258
257 282
257 286
257 288
257 290
257 296
257 254
258 260
258 266
258 278
258 279
258 281
258 283
258 285
258 286
258 288
258 289
258 293
258 298
258 299
258 253
258 313
259 262
259 263
259 270
259 271
259 275
259 278
259 282
259 288
259 251
259 346
260 261
260 265
260 273
260 275
260 277
260 284
260 286
260 287
260 290
260 291
260 292
260 294
260 298
260 443
260 482
261 262
261 265
261 276
261 283
261 284
261 285
261 288
261 290
261 291
261 296
261 297
261 254
261 444
262 268
262 276
262 285
262 287
262 291
262 293
262 305
262 425
263 267
263 270
263 273
263 274
263 282
263 295
263 299
263 255
263 363
263 473
264 268
264 277
264 279
264 284
264 288
264 292
264 298
264 253
264 254
264 403
264 459
264 487
264 490
265 270
265 279
265 292
265 295
265 297
265 253
265 371
266 267
266 270
266 279
266 283
266 286
266 291
266 252
266 255
266 330
266 454
266 484
267 280
267 281
267 285
267 290
267 295
267 297
267 254
267 350
268 277
268 287
268 288
268 324
268 448
268 455
269 272
269 279
269 281
269 289
269 294
270 273
270 276
270 283
270 284
270 285
270 252
270 337
270 397
270 371
270 430
270 499
271 274
271 283
271 287
271 436
272 274
272 275
272 277
272 278
272 280
272 285
272 289
272 292
272 293
272 251
272 255
272 413
272 442
272 485
273 281
273 298
273 251
274 275
274 282
274 284
274 286
274 291
274 292
274 297
274 250
274 353
275 276
275 284
275 287
275 295
275 299
275 253
275 254
276 277
276 280
276 284
276 288
276 289
276 295
276 250
277 287
277 295
277 296
277 251
277 396
277 418
278 279
278 283
278 287
278 291
278 292
278 253
278 255
278 335
278 357
278 417
278 478
279 282
279 287
279 289
279 297
279 298
279 252
279 467
280 289
280 299
280 254
280 308
280 313
280 328
280 475
281 283
281 284
281 285
281 250
281 251
281 252
281 338
281 365
281 371
282 284
282 290
282 296
282 251
282 253
282 301
282 363
282 421
282 475
283 284
283 287
283 376
283 416
283 464
284 288
284 294
284 252
284 330
284 347
284 385
284 493
285 292
285 298
285 299
285 251
285 252
285 311
286 287
287 288
287 296
287 491
288 295
288 250
288 254
288 431
289 292
289 392
289 428
289 460
290 294
290 298
290 299
290 427
291 253
291 254
291 328
291 426
291 462
292 295
292 354
292 373
292 378
292 382
292 480
293 294
293 298
293 252
293 319
293 390
294 298
294 323
294 366
294 427
295 357
295 420
295 468
296 252
296 336
296 414
297 299
297 366
297 451
298 250
298 305
298 331
298 461
299 255
299 311
299 321
299 340
299 349
299 388
299 494
250 253
250 443
250 459
251 254
252 323
252 409
252 471
254 334
254 356
300 303
300 309
300 316
300 318
300 321
300 334
300 343
300 349
300 389
300 405
301 313
301 333
301 335
301 337
301 339
301 343
301 456
302 305
302 316
302 318
302 330
302 332
302 339
302 348
302 349
302 453
302 455
303 309
303 316
303 317
303 319
303 330
303 334
303 338
304 311
304 322
304 325
304 328
304 334
304 345
304 346
304 347
304 481
305 313
305 317
305 323
305 325
305 331
305 335
305 339
305 344
305 446
305 461
305 482
306 313
306 314
306 318
306 325
306 341
306 342
306 346
306 437
307 308
307 311
307 316
307 320
307 323
307 325
307 337
307 346
307 360
307 488
308 310
308 312
308 316
308 317
308 338
308 340
308 345
308 347
308 349
309 310
309 312
309 314
309 323
309 330
309 333
309 336
309 338
309 340
310 313
310 318
310 319
310 321
310 326
310 328
310 329
310 330
310 334
310 336
310 337
310 377
310 453
311 316
311 318
311 330
311 335
311 346
311 405
311 424
312 313
312 314
312 315
312 317
312 322
312 324
312 325
312 327
312 338
313 316
313 317
313 323
313 334
313 336
313 339
313 445
314 317
314 324
314 326
314 327
314 336
314 340
314 342
314 346
314 347
314 348
314 349
314 445
315 335
315 339
315 342
315 344
315 347
315 363
315 411
316 322
316 325
316 327
316 328
316 330
316 332
316 333
316 336
316 338
316 344
316 349
316 478
317 323
317 329
317 332
317 333
317 341
317 343
317 346
317 444
318 321
318 322
318 325
318 338
318 340
319 334
319 335
319 340
319 341
319 463
320 322
320 324
320 326
320 327
320 329
320 343
320 346
320 496
321 323
321 324
321 335
321 338
321 342
321 347
321 349
321 404
321 467
322 325
322 329
322 378
323 326
323 331
323 340
323 376
323 427
324 331
324 334
324 343
324 349
324 352
324 360
325 336
325 342
325 343
325 348
325 349
325 445
326 327
326 332
326 333
326 334
326 335
326 337
326 340
326 347
327 338
327 343
327 344
327 345
327 424
328 333
328 337
328 454
328 473
329 343
329 406
330 335
330 337
330 340
330 348
330 416
331 353
331 381
331 428
331 434
331 495
331 498
332 334
332 337
332 427
332 430
332 461
332 483
333 338
333 345
333 476
334 338
334 341
334 348
334 435
335 336
335 339
335 348
335 413
335 471
336 338
336 343
336 347
337 342
337 343
337 445
337 476
338 344
338 346
338 349
339 342
339 376
339 380
339 431
339 458
340 349
340 496
343 349
343 480
344 345
344 347
344 423
344 442
344 447
345 349
346 433
346 442
347 359
348 349
348 381
348 470
349 361
349 363
349 370
384 394
384 396
384 355
384 361
384 364
384 376
384 378
384 380
385 393
385 350
385 353
385 357
385 363
385 366
385 368
385 378
385 379
386 394
386 354
386 357
386 358
386 364
386 366
386 374
386 376
386 377
386 382
386 383
386 475
387 388
387 392
387 393
387 352
387 354
387 355
387 365
387 371
387 379
387 470
387 498
388 393
388 350
388 354
388 358
388 365
388 371
388 372
388 374
388 381
388 455
388 460
389 398
389 358
389 362
389 364
389 371
389 372
389 379
389 440
390 391
390 394
390 396
390 398
390 350
390 356
390 362
390 363
390 369
390 371
390 382
390 462
391 394
391 351
391 355
391 356
391 363
391 375
391 378
391 381
391 382
391 383
391 465
392 393
392 394
392 399
392 355
392 357
392 362
392 365
392 367
392 370
392 373
392 376
392 381
392 382
392 449
393 396
393 398
393 352
393 354
393 357
393 359
393 366
393 373
393 374
393 375
393 379
393 463
394 395
394 353
394 361
394 364
394 365
394 370
394 496
395 397
395 353
395 359
395 363
395 365
395 369
395 383
395 402
395 411
395 457
396 398
396 367
396 368
396 369
396 373
396 378
396 422
397 398
397 350
397 351
397 352
397 368
397 369
397 374
397 490
398 357
398 358
398 365
398 368
398 369
398 378
398 380
398 444
398 462
399 359
399 370
399 381
350 351
350 357
350 361
350 370
350 375
350 378
350 491
351 352
351 362
351 363
351 371
351 373
351 378
351 380
351 382
351 383
351 489
352 357
352 361
352 364
352 365
352 370
352 377
352 380
352 382
352 383
352 426
353 355
353 358
353 360
353 362
353 364
353 371
353 374
353 382
353 451
354 357
354 367
354 370
354 373
354 376
354 383
354 453
355 360
355 365
355 367
355 374
355 375
355 377
355 380
355 415
355 425
356 375
356 377
357 360
357 366
357 367
357 372
357 376
357 380
357 382
358 360
358 366
358 368
358 372
358 373
358 379
358 380
358 381
358 487
358 489
359 364
359 365
359 368
359 377
359 479
359 498
360 361
360 363
360 369
360 371
360 377
360 383
361 368
361 377
361 466
362 370
362 475
363 367
363 372
363 374
363 378
363 475
364 366
364 372
364 373
364 374
364 413
364 474
365 367
365 368
365 375
365 377
365 378
365 381
365 382
365 383
366 369
366 376
367 404
368 370
368 371
368 374
368 375
368 377
368 380
369 370
369 371
369 374
369 378
369 379
369 380
369 434
369 454
370 374
370 381
370 382
370 383
370 410
370 454
370 463
370 493
371 374
371 377
371 378
371 382
371 383
372 373
372 374
372 382
373 379
373 452
374 383
374 449
374 485
375 379
375 381
375 382
375 443
376 377
377 379
378 450
378 486
379 381
379 482
379 493
380 383
380 496
381 400
381 454
382 486
383 438
383 447
383 449
383 476
400 406
400 414
400 416
400 426
400 429
400 432
400 435
400 440
400 441
400 445
401 405
401 409
401 414
401 417
401 429
401 438
401 441
401 442
402 405
402 411
402 416
402 419
402 420
402 427
402 429
402 433
402 437
402 438
402 440
402 444
402 448
403 405
403 407
403 410
403 415
403 417
403 427
403 438
403 441
403 446
403 448
403 461
404 406
404 408
404 411
404 414
404 418
404 419
404 424
404 429
404 431
404 443
404 448
405 410
405 417
405 423
405 424
405 437
405 442
406 409
406 421
406 427
406 438
406 439
406 445
406 446
406 448
406 487
407 408
407 411
407 420
407 424
407 429
407 432
407 437
407 441
408 409
408 418
408 421
408 428
408 437
408 439
408 446
408 478
408 482
409 410
409 416
409 417
409 427
409 429
409 438
409 448
409 449
410 415
410 416
410 423
410 428
410 433
410 439
411 422
411 424
411 427
411 435
411 438
411 439
411 446
411 449
412 423
412 430
412 438
412 439
412 457
413 415
413 418
413 423
413 437
413 438
413 440
413 444
413 449
414 417
414 418
414 425
414 427
414 434
414 439
415 435
415 439
415 445
415 449
415 470
416 417
416 424
416 427
416 433
416 438
416 439
416 441
416 442
416 446
416 447
417 418
417 421
417 426
417 428
417 442
417 445
417 453
417 480
417 483
418 421
418 422
418 423
418 424
418 429
418 433
418 437
418 441
418 442
418 446
419 420
419 423
419 432
419 435
419 436
419 447
419 449
420 426
420 429
420 431
420 433
420 437
420 440
420 441
420 442
420 444
420 445
420 446
421 426
421 428
421 442
422 423
422 429
422 438
423 438
423 439
423 441
423 447
424 425
424 434
424 441
424 443
424 449
425 427
425 434
425 438
425 439
425 448
426 429
426 441
426 444
426 480
427 428
427 432
427 439
427 440
427 445
427 485
428 434
428 440
428 497
429 433
429 434
429 440
429 441
429 443
429 448
430 443
431 437
431 441
431 443
431 445
431 449
431 499
432 441
433 434
433 442
434 443
434 447
434 453
434 473
435 437
435 443
435 444
436 440
436 457
436 495
437 441
437 443
437 448
438 452
438 488
439 440
439 445
439 446
440 446
440 449
440 471
442 445
443 444
444 448
445 446
445 449
445 450
445 486
445 488
446 448
446 490
447 448
450 455
450 457
450 463
450 464
450 469
450 479
450 490
450 494
450 496
451 455
451 457
451 462
451 475
451 480
451 482
451 485
451 486
451 490
451 499
452 459
452 470
452 476
452 478
452 480
452 483
452 488
453 464
453 465
453 470
453 471
453 478
453 479
453 480
453 486
453 490
453 491
453 499
454 457
454 459
454 470
454 477
454 479
454 484
454 497
455 457
455 465
455 472
455 474
455 479
455 481
455 482
455 484
455 492
455 497
456 466
456 468
456 469
456 472
456 475
456 481
456 484
456 486
456 487
456 494
457 460
457 469
457 471
457 482
457 485
457 486
457 490
457 499
458 466
458 471
458 472
458 474
458 479
458 489
458 490
458 493
458 495
459 469
459 470
459 473
459 474
459 476
459 480
459 486
459 487
459 488
459 489
459 491
459 492
459 497
460 472
460 476
460 477
460 482
460 483
460 490
460 491
460 496
461 462
461 467
461 472
461 481
461 485
461 490
461 491
461 497
461 499
462 472
462 473
462 474
462 475
462 481
462 482
462 487
462 490
462 491
463 464
463 466
463 471
463 480
463 484
463 488
464 466
464 475
464 483
464 487
464 494
464 497
465 467
465 482
465 484
465 499
466 487
466 490
466 491
466 495
466 497
467 469
467 473
467 474
467 489
467 491
467 493
468 474
468 477
468 484
468 488
468 490
468 497
468 498
469 474
469 482
469 484
470 483
470 484
470 485
470 490
471 472
471 478
471 481
471 482
471 487
472 474
472 478
472 479
472 483
472 492
473 479
473 488
473 490
473 492
473 493
473 494
473 497
474 478
475 481
475 493
475 495
475 496
476 484
476 489
476 493
477 480
477 485
477 490
478 480
478 484
479 486
479 487
479 495
480 485
480 489
480 492
481 483
481 487
481 490
482 489
482 497
482 499
483 495
483 498
484 492
484 496
484 497
485 486
485 488
485 491
485 492
485 499
486 488
486 495
487 491
487 493
487 499
488 490
489 492
489 494
490 493
490 495
490 496
490 497
491 494
491 495
492 499
493 497
494 498
494 499
