0 1
0 3
0 14
0 16
0 17
0 21
0 30
0 37
0 40
0 44
0 50
0 74
0 137
0 146
0 113
0 151
0 180
0 189
0 192
0 200
0 218
0 246
0 254
0 305
0 316
0 321
0 342
0 360
0 374
0 376
0 381
0 435
0 441
0 461
0 464
0 495
1 19
1 22
1 29
1 33
1 35
1 36
1 38
1 70
1 124
1 126
1 154
1 191
1 237
1 280
1 306
1 336
1 342
1 386
1 391
1 394
1 396
1 352
1 425
1 435
1 441
1 493
2 11
2 15
2 19
2 20
2 23
2 26
2 27
2 29
2 32
2 35
2 38
2 47
2 133
2 155
2 167
2 209
2 236
2 245
2 248
2 275
2 279
2 308
2 314
2 326
2 340
2 384
2 371
2 466
2 468
2 492
3 5
3 9
3 15
3 19
3 21
3 22
3 28
3 38
3 40
3 101
3 112
3 118
3 168
3 173
3 174
3 184
3 214
3 224
3 288
3 312
3 447
3 460
4 5
4 8
4 13
4 18
4 19
4 24
4 38
4 40
4 41
4 43
4 46
4 48
4 49
4 51
4 79
4 107
4 113
4 117
4 121
4 125
4 186
4 188
4 194
4 199
4 226
4 247
4 260
4 274
4 286
4 252
4 254
4 337
4 344
4 387
4 393
4 394
4 399
4 361
4 414
4 418
4 420
4 461
4 473
4 479
5 11
5 12
5 23
5 24
5 27
5 30
5 35
5 36
5 38
5 41
5 42
5 77
5 87
5 97
5 99
5 130
5 104
5 115
5 122
5 165
5 171
5 199
5 209
5 256
5 260
5 274
5 297
5 325
5 393
5 402
5 438
5 477
5 492
6 7
6 13
6 16
6 28
6 29
6 31
6 33
6 34
6 35
6 42
6 47
6 49
6 128
6 243
6 274
6 275
6 297
6 251
6 317
6 318
6 327
6 346
6 395
6 374
6 376
6 382
6 425
6 472
6 499
7 14
7 15
7 18
7 20
7 25
7 26
7 29
7 34
7 40
7 49
7 50
7 57
7 68
7 75
7 99
7 176
7 199
7 205
7 215
7 298
7 312
7 317
7 321
7 322
7 333
7 396
7 399
7 350
7 366
7 371
7 402
7 423
7 453
7 481
8 12
8 16
8 17
8 19
8 22
8 30
8 32
8 33
8 38
8 40
8 44
8 63
8 71
8 118
8 177
8 181
8 184
8 185
8 209
8 216
8 227
8 230
8 280
8 302
8 318
8 323
8 325
8 327
8 386
8 359
8 378
8 383
8 402
8 459
9 14
9 24
9 33
9 42
9 44
9 64
9 89
9 143
9 121
9 155
9 167
9 169
9 224
9 233
9 258
9 280
9 296
9 298
9 315
9 319
9 328
9 336
9 397
9 365
9 366
9 372
9 406
9 407
9 428
9 441
9 468
9 469
9 489
10 15
10 16
10 19
10 21
10 26
10 29
10 37
10 38
10 41
10 48
10 50
10 55
10 142
10 118
10 160
10 164
10 171
10 262
10 287
10 328
10 335
10 342
10 386
10 396
10 358
10 367
10 369
10 378
10 464
10 470
10 483
10 486
11 13
11 14
11 17
11 28
11 31
11 66
11 72
11 87
11 137
11 105
11 113
11 117
11 118
11 159
11 162
11 189
11 213
11 220
11 225
11 239
11 243
11 283
11 286
11 294
11 328
11 341
11 441
11 446
11 463
11 483
12 21
12 26
12 30
12 35
12 37
12 40
12 43
12 48
12 65
12 79
12 84
12 155
12 201
12 218
12 227
12 267
12 275
12 276
12 302
12 307
12 312
12 322
12 326
12 380
12 409
12 410
12 438
12 478
13 18
13 24
13 31
13 35
13 41
13 45
13 48
13 54
13 61
13 90
13 106
13 114
13 150
13 256
13 269
13 277
13 288
13 341
13 346
13 398
13 357
13 376
13 381
13 417
13 428
13 434
13 453
13 469
13 497
14 33
14 36
14 38
14 40
14 42
14 59
14 66
14 164
14 175
14 181
14 209
14 264
14 281
14 326
14 390
14 364
14 379
14 428
14 445
14 475
14 479
14 485
15 22
15 24
15 32
15 35
15 41
15 49
15 70
15 79
15 99
15 136
15 118
15 189
15 216
15 219
15 244
15 245
15 325
15 343
15 394
15 398
15 359
15 414
15 428
15 461
15 465
16 22
16 24
16 40
16 42
16 48
16 49
16 67
16 85
16 128
16 100
16 180
16 181
16 189
16 203
16 230
16 248
16 257
16 267
16 270
16 296
16 327
16 336
16 445
16 460
16 469
16 494
17 19
17 22
17 28
17 32
17 49
17 83
17 90
17 137
17 101
17 161
17 176
17 180
17 202
17 214
17 263
17 270
17 275
17 294
17 295
17 314
17 315
17 317
17 318
17 323
17 390
17 396
17 369
17 380
17 421
17 427
17 473
18 28
18 34
18 36
18 46
18 48
18 50
18 104
18 125
18 127
18 162
18 172
18 177
18 179
18 207
18 214
18 228
18 241
18 276
18 299
18 300
18 304
18 328
18 338
18 395
18 351
18 380
18 432
18 457
18 469
18 471
18 489
19 23
19 25
19 34
19 35
19 40
19 72
19 81
19 86
19 88
19 94
19 144
19 110
19 158
19 194
19 195
19 205
19 221
19 228
19 243
19 310
19 335
19 347
19 350
19 367
19 377
19 407
19 417
19 458
20 25
20 30
20 35
20 39
20 40
20 54
20 71
20 73
20 76
20 80
20 129
20 150
20 156
20 175
20 199
20 207
20 241
20 263
20 267
20 268
20 297
20 251
20 332
20 349
20 355
20 376
20 430
20 432
20 439
20 457
20 488
21 22
21 24
21 27
21 31
21 32
21 41
21 47
21 65
21 75
21 78
21 136
21 137
21 125
21 173
21 188
21 200
21 212
21 220
21 227
21 232
21 272
21 276
21 303
21 304
21 389
21 394
21 420
21 425
22 28
22 29
22 35
22 37
22 42
22 45
22 47
22 89
22 136
22 153
22 218
22 263
22 302
22 310
22 325
22 336
22 386
22 398
22 382
22 383
22 402
22 420
22 436
22 446
22 472
23 30
23 35
23 39
23 41
23 42
23 43
23 46
23 56
23 135
23 143
23 149
23 117
23 157
23 167
23 222
23 232
23 357
23 431
23 454
23 466
23 490
24 25
24 36
24 39
24 44
24 46
24 61
24 73
24 88
24 99
24 103
24 105
24 121
24 169
24 177
24 205
24 217
24 245
24 247
24 257
24 261
24 263
24 271
24 278
24 314
24 317
24 360
24 375
24 418
24 424
24 451
24 471
25 26
25 33
25 35
25 39
25 40
25 41
25 43
25 47
25 48
25 49
25 50
25 106
25 161
25 191
25 199
25 218
25 258
25 261
25 287
25 290
25 294
25 325
25 353
25 358
25 364
25 369
25 413
25 437
25 450
25 455
26 27
26 34
26 36
26 47
26 48
26 53
26 80
26 87
26 99
26 146
26 101
26 104
26 123
26 165
26 225
26 236
26 243
26 305
26 339
26 384
26 365
26 427
26 448
26 475
26 481
26 493
27 35
27 41
27 42
27 43
27 44
27 59
27 68
27 75
27 145
27 120
27 192
27 213
27 245
27 249
27 266
27 292
27 312
27 393
27 380
27 400
27 408
27 418
27 421
27 451
27 456
27 471
27 495
28 31
28 34
28 38
28 45
28 49
28 56
28 67
28 81
28 129
28 122
28 198
28 218
28 261
28 276
28 283
28 251
28 302
28 309
28 313
28 317
28 322
28 339
28 397
28 357
28 378
28 407
28 411
28 439
28 455
29 37
29 38
29 39
29 41
29 43
29 46
29 48
29 59
29 61
29 94
29 147
29 119
29 162
29 165
29 183
29 194
29 234
29 240
29 242
29 274
29 280
29 285
29 307
29 311
29 314
29 321
29 334
29 455
29 474
29 475
29 481
30 36
30 39
30 44
30 60
30 68
30 69
30 98
30 144
30 112
30 118
30 153
30 164
30 166
30 194
30 224
30 225
30 269
30 278
30 380
30 420
30 423
30 428
30 473
30 481
30 495
30 497
31 45
31 47
31 79
31 130
31 110
31 152
31 169
31 171
31 175
31 199
31 218
31 248
31 262
31 263
31 264
31 267
31 320
31 327
31 332
31 393
31 361
31 364
31 368
31 370
31 377
31 402
31 403
32 36
32 38
32 41
32 45
32 48
32 70
32 76
32 98
32 129
32 113
32 184
32 206
32 212
32 225
32 236
32 237
32 240
32 258
32 271
32 288
32 296
32 251
32 307
32 310
32 330
32 395
32 357
32 374
32 404
32 423
32 432
32 443
32 462
33 47
33 49
33 88
33 102
33 109
33 110
33 154
33 205
33 232
33 233
33 244
33 248
33 265
33 250
33 326
33 331
33 332
33 337
33 348
33 358
33 401
33 403
33 436
33 443
33 469
33 474
34 39
34 40
34 49
34 59
34 63
34 93
34 94
34 95
34 96
34 135
34 136
34 109
34 152
34 162
34 189
34 227
34 242
34 260
34 263
34 281
34 302
34 317
34 321
34 329
34 333
34 342
34 359
34 373
34 458
34 473
34 491
35 39
35 41
35 45
35 46
35 89
35 145
35 106
35 114
35 168
35 203
35 213
35 225
35 227
35 259
35 284
35 329
35 345
35 395
35 356
35 407
35 470
36 39
36 52
36 59
36 64
36 70
36 80
36 86
36 94
36 135
36 142
36 146
36 100
36 114
36 176
36 196
36 241
36 248
36 268
36 255
36 336
36 368
36 411
36 444
36 446
36 470
36 487
36 488
36 498
37 40
37 48
37 76
37 79
37 130
37 103
37 117
37 194
37 196
37 219
37 275
37 291
37 301
37 316
37 318
37 330
37 338
37 387
37 373
37 377
37 429
37 446
37 452
38 42
38 43
38 47
38 51
38 135
38 151
38 167
38 198
38 228
38 245
38 334
38 337
38 376
38 410
38 482
38 483
38 485
38 488
38 489
38 499
39 41
39 43
39 46
39 51
39 74
39 84
39 89
39 98
39 137
39 105
39 126
39 158
39 174
39 186
39 194
39 213
39 224
39 238
39 246
39 258
39 267
39 285
39 286
39 293
39 313
39 385
39 388
39 391
39 354
39 359
39 365
39 408
39 457
39 458
39 479
39 489
40 45
40 49
40 53
40 97
40 98
40 131
40 140
40 149
40 117
40 158
40 162
40 188
40 195
40 203
40 222
40 226
40 241
40 244
40 259
40 263
40 267
40 294
40 255
40 302
40 304
40 333
40 385
40 355
40 370
40 376
40 401
40 408
40 424
40 450
40 473
41 46
41 48
41 81
41 83
41 96
41 145
41 101
41 221
41 233
41 237
41 258
41 293
41 254
41 255
41 387
41 369
41 372
41 373
41 413
41 420
41 446
41 459
41 481
42 46
42 47
42 51
42 55
42 56
42 88
42 123
42 155
42 168
42 171
42 202
42 210
42 227
42 239
42 278
42 329
42 333
42 393
42 371
42 420
42 422
42 485
42 493
42 496
43 44
43 47
43 71
43 101
43 120
43 200
43 216
43 219
43 222
43 284
43 288
43 298
43 303
43 312
43 315
43 324
43 357
43 373
43 416
43 429
43 444
43 492
44 71
44 98
44 133
44 135
44 117
44 150
44 241
44 271
44 280
44 290
44 305
44 314
44 323
44 327
44 332
44 337
44 349
44 388
44 355
44 364
44 419
44 427
45 48
45 54
45 59
45 148
45 153
45 167
45 236
45 283
45 295
45 303
45 304
45 321
45 371
45 446
46 62
46 65
46 80
46 113
46 122
46 126
46 182
46 184
46 190
46 201
46 241
46 257
46 277
46 288
46 299
46 254
46 394
46 353
46 405
46 406
46 409
46 424
46 440
46 459
46 482
46 483
47 62
47 70
47 84
47 149
47 109
47 118
47 171
47 176
47 192
47 214
47 273
47 275
47 279
47 289
47 299
47 324
47 330
47 395
47 355
47 411
47 427
47 454
48 54
48 89
48 93
48 147
48 183
48 195
48 222
48 227
48 270
48 310
48 322
48 352
48 355
48 378
48 405
48 406
48 408
48 412
48 426
48 432
48 435
48 440
48 447
48 490
48 497
49 226
49 244
49 297
49 251
49 332
49 346
49 347
49 360
49 414
49 423
49 439
49 445
50 53
50 59
50 60
50 71
50 74
50 77
50 80
50 89
50 92
50 138
50 139
50 142
50 127
50 169
50 207
50 211
50 226
50 241
50 259
50 289
50 293
50 398
50 364
50 371
50 373
50 381
50 410
50 430
50 481
50 497
51 56
51 57
51 61
51 62
51 64
51 66
51 71
51 73
51 78
51 85
51 91
51 96
51 99
51 131
51 155
51 206
51 285
51 288
51 289
51 254
51 307
51 308
51 316
51 385
51 403
51 497
52 54
52 56
52 67
52 69
52 71
52 75
52 79
52 85
52 97
52 143
52 169
52 181
52 190
52 228
52 236
52 244
52 245
52 319
52 334
52 338
52 353
52 360
52 361
52 370
52 380
52 418
52 427
52 444
53 62
53 64
53 84
53 99
53 134
53 143
53 112
53 121
53 160
53 181
53 182
53 188
53 191
53 266
53 270
53 273
53 290
53 299
53 300
53 323
53 389
53 390
53 464
53 479
54 67
54 71
54 75
54 88
54 97
54 98
54 133
54 139
54 155
54 160
54 200
54 207
54 291
54 293
54 251
54 254
54 302
54 303
54 318
54 324
54 398
54 361
54 381
54 416
54 426
54 431
54 440
54 479
55 60
55 65
55 68
55 69
55 70
55 72
55 77
55 81
55 85
55 86
55 88
55 97
55 98
55 192
55 222
55 231
55 242
55 247
55 272
55 303
55 352
55 413
55 418
55 420
55 430
55 457
56 58
56 64
56 65
56 72
56 77
56 78
56 79
56 86
56 98
56 99
56 133
56 134
56 137
56 107
56 210
56 233
56 239
56 243
56 278
56 306
56 317
56 338
56 340
56 396
56 403
56 420
56 423
56 429
56 430
56 461
57 58
57 60
57 66
57 67
57 68
57 73
57 83
57 88
57 92
57 94
57 112
57 113
57 169
57 183
57 191
57 230
57 265
57 268
57 271
57 274
57 315
57 354
57 358
57 363
57 370
57 371
57 378
57 402
57 453
57 455
57 464
57 467
57 477
57 498
58 62
58 69
58 75
58 77
58 79
58 81
58 82
58 84
58 85
58 86
58 89
58 93
58 139
58 112
58 124
58 125
58 165
58 168
58 189
58 215
58 234
58 262
58 276
58 320
58 322
58 326
58 333
58 349
58 386
58 353
58 379
58 400
58 440
58 441
58 450
58 456
58 497
59 61
59 64
59 79
59 85
59 90
59 92
59 146
59 105
59 110
59 150
59 176
59 213
59 220
59 243
59 256
59 310
59 325
59 392
59 381
59 467
60 65
60 69
60 81
60 87
60 88
60 95
60 99
60 131
60 136
60 137
60 166
60 169
60 263
60 280
60 291
60 410
60 422
60 458
60 470
61 70
61 77
61 79
61 88
61 93
61 94
61 97
61 149
61 109
61 118
61 170
61 217
61 229
61 233
61 271
61 294
61 253
61 319
61 328
61 334
61 389
61 355
61 417
61 419
61 472
61 485
62 64
62 65
62 66
62 86
62 97
62 99
62 130
62 105
62 108
62 125
62 160
62 171
62 228
62 245
62 291
62 293
62 294
62 307
62 315
62 329
62 341
62 342
62 355
62 365
62 369
62 416
62 437
62 483
63 79
63 83
63 86
63 91
63 92
63 94
63 95
63 112
63 168
63 215
63 260
63 308
63 316
63 332
63 344
63 377
63 401
63 433
63 462
64 75
64 78
64 85
64 86
64 92
64 96
64 98
64 134
64 103
64 108
64 118
64 121
64 181
64 193
64 218
64 263
64 276
64 313
64 361
64 432
64 447
64 464
64 484
64 490
65 68
65 70
65 72
65 73
65 89
65 92
65 96
65 143
65 106
65 114
65 123
65 158
65 191
65 209
65 222
65 235
65 240
65 267
65 287
65 289
65 304
65 306
65 331
65 338
65 386
65 378
65 444
65 447
65 450
65 471
65 473
66 73
66 74
66 79
66 84
66 85
66 88
66 92
66 94
66 96
66 136
66 149
66 124
66 153
66 246
66 307
66 316
66 396
66 401
66 409
66 437
66 452
66 457
66 479
66 491
67 77
67 82
67 84
67 92
67 98
67 99
67 141
67 229
67 246
67 269
67 275
67 282
67 251
67 343
67 349
67 416
67 418
67 419
67 447
67 456
67 468
67 476
67 491
68 70
68 71
68 77
68 87
68 89
68 91
68 93
68 111
68 119
68 164
68 167
68 170
68 181
68 193
68 223
68 224
68 266
68 288
68 294
68 338
68 381
68 405
68 422
68 463
68 475
68 484
69 72
69 76
69 78
69 86
69 97
69 119
69 177
69 316
69 331
69 332
69 340
69 386
69 398
69 370
69 405
69 423
69 466
70 71
70 75
70 81
70 84
70 88
70 89
70 90
70 91
70 96
70 99
70 104
70 122
70 172
70 221
70 222
70 224
70 233
70 248
70 257
70 280
70 289
70 252
70 340
70 341
70 368
70 370
70 424
70 475
70 495
71 83
71 86
71 95
71 131
71 115
71 160
71 168
71 190
71 244
71 288
71 254
71 342
71 343
71 398
71 361
71 364
71 403
71 406
71 416
71 420
71 426
71 450
71 490
72 74
72 78
72 79
72 82
72 84
72 88
72 132
72 144
72 178
72 196
72 310
72 346
72 384
72 355
72 370
72 371
72 377
72 379
72 408
72 417
72 443
72 461
72 485
72 486
72 488
72 496
72 497
73 83
73 84
73 86
73 90
73 92
73 97
73 135
73 144
73 104
73 153
73 181
73 182
73 197
73 218
73 267
73 291
73 292
73 252
73 316
73 317
73 326
73 334
73 351
73 363
73 419
73 446
73 457
73 459
74 78
74 84
74 87
74 90
74 91
74 96
74 133
74 140
74 143
74 108
74 109
74 116
74 241
74 264
74 273
74 283
74 306
74 333
74 338
74 388
74 358
74 432
74 446
74 449
74 469
74 491
75 77
75 79
75 80
75 84
75 91
75 93
75 94
75 142
75 153
75 164
75 168
75 169
75 202
75 231
75 265
75 273
75 281
75 283
75 252
75 308
75 311
75 318
75 325
75 386
75 358
75 378
75 419
75 455
75 461
75 474
75 483
75 494
76 82
76 84
76 86
76 88
76 94
76 95
76 99
76 108
76 113
76 163
76 170
76 171
76 213
76 228
76 229
76 248
76 258
76 297
76 307
76 312
76 316
76 396
76 357
76 361
76 413
76 417
76 422
76 430
76 434
76 435
76 443
76 469
76 478
76 494
77 83
77 84
77 89
77 129
77 113
77 120
77 155
77 167
77 183
77 205
77 217
77 229
77 404
77 416
77 440
77 442
78 84
78 86
78 87
78 98
78 142
78 146
78 120
78 170
78 174
78 175
78 176
78 181
78 192
78 221
78 229
78 238
78 258
78 283
78 304
78 319
78 331
78 391
78 368
78 440
78 467
78 477
78 488
79 83
79 85
79 87
79 92
79 93
79 96
79 98
79 147
79 148
79 153
79 212
79 218
79 265
79 310
79 398
79 355
79 400
79 414
79 430
79 439
79 453
79 470
79 476
79 481
79 493
80 95
80 97
80 98
80 129
80 124
80 170
80 225
80 229
80 277
80 286
80 251
80 359
80 371
80 410
80 427
80 454
80 475
80 485
81 132
81 107
81 110
81 111
81 114
81 161
81 162
81 200
81 229
81 238
81 248
81 260
81 271
81 273
81 332
81 359
81 367
81 369
81 418
81 419
81 420
81 427
81 450
81 470
81 488
82 85
82 86
82 98
82 99
82 139
82 144
82 145
82 100
82 106
82 107
82 164
82 204
82 219
82 222
82 228
82 279
82 295
82 254
82 318
82 325
82 332
82 364
82 376
82 383
82 403
82 453
82 458
82 473
83 101
83 106
83 108
83 119
83 127
83 155
83 157
83 168
83 206
83 220
83 236
83 282
83 286
83 288
83 307
83 308
83 334
83 392
83 393
83 377
83 418
83 424
83 429
83 434
83 437
83 472
83 475
83 490
84 95
84 111
84 123
84 162
84 166
84 200
84 245
84 247
84 267
84 287
84 252
84 301
84 308
84 386
84 398
84 459
84 461
84 462
84 468
84 487
84 496
85 88
85 89
85 93
85 96
85 98
85 133
85 134
85 150
85 154
85 159
85 172
85 183
85 207
85 261
85 270
85 283
85 309
85 321
85 348
85 389
85 367
85 381
85 401
85 402
85 406
85 423
85 427
85 435
85 450
85 463
85 473
85 477
85 498
86 92
86 94
86 95
86 97
86 135
86 136
86 100
86 121
86 163
86 171
86 185
86 204
86 207
86 236
86 292
86 300
86 313
86 389
86 357
86 376
86 405
86 413
86 414
86 444
86 445
86 454
87 89
87 95
87 146
87 226
87 334
87 344
87 347
87 348
87 365
87 400
87 410
87 446
87 458
87 477
88 89
88 95
88 96
88 97
88 99
88 107
88 108
88 166
88 169
88 186
88 214
88 235
88 247
88 260
88 276
88 310
88 392
88 395
88 356
88 359
88 365
88 380
88 400
88 421
88 432
88 441
88 449
88 480
89 90
89 92
89 138
89 120
89 184
89 190
89 200
89 286
89 253
89 317
89 324
89 343
89 347
89 408
89 434
89 437
90 129
90 130
90 134
90 139
90 150
90 161
90 165
90 188
90 213
90 257
90 272
90 274
90 291
90 295
90 322
90 346
90 390
90 359
90 373
90 375
90 414
90 432
90 467
90 468
91 92
91 99
91 203
91 207
91 212
91 274
91 251
91 300
91 305
91 332
91 388
91 356
91 360
91 373
91 404
91 413
91 422
91 454
92 146
92 148
92 101
92 109
92 164
92 206
92 210
92 220
92 221
92 231
92 260
92 284
92 254
92 316
92 336
92 389
92 371
92 446
92 477
92 480
93 98
93 99
93 131
93 100
93 105
93 156
93 160
93 192
93 222
93 249
93 263
93 271
93 281
93 298
93 324
93 349
93 390
93 351
93 446
93 477
93 489
94 131
94 175
94 178
94 193
94 205
94 216
94 219
94 222
94 239
94 276
94 287
94 296
94 250
94 320
94 325
94 333
94 336
94 339
94 341
94 399
94 353
94 374
94 379
94 411
94 438
94 450
94 490
95 98
95 138
95 149
95 126
95 165
95 177
95 224
95 230
95 232
95 331
95 333
95 399
95 474
95 496
96 134
96 139
96 112
96 158
96 161
96 162
96 176
96 185
96 203
96 214
96 240
96 297
96 344
96 387
96 354
96 358
96 360
96 368
96 400
96 437
96 455
96 474
96 483
96 499
97 103
97 117
97 124
97 166
97 218
97 256
97 288
97 306
97 323
97 324
97 331
97 366
97 369
97 381
97 382
97 416
97 471
98 130
98 135
98 107
98 111
98 122
98 150
98 160
98 163
98 172
98 184
98 186
98 187
98 201
98 219
98 230
98 237
98 242
98 254
98 326
98 398
98 372
98 404
98 413
98 431
98 481
99 145
99 111
99 162
99 181
99 231
99 235
99 244
99 246
99 249
99 285
99 287
99 252
99 322
99 325
99 388
99 356
99 404
99 472
128 129
128 132
128 133
128 148
128 103
128 109
128 113
128 118
128 120
128 125
128 173
128 183
128 186
128 188
128 205
128 206
128 211
128 214
128 239
128 245
128 271
128 294
128 251
128 252
128 327
128 328
128 338
128 348
128 395
128 361
128 409
128 431
128 433
128 449
128 451
128 487
128 488
129 134
129 135
129 137
129 138
129 148
129 101
129 104
129 113
129 116
129 211
129 217
129 221
129 246
129 291
129 299
129 253
129 300
129 310
129 344
129 350
129 358
129 377
129 425
129 433
129 434
129 446
129 488
130 133
130 143
130 144
130 113
130 120
130 123
130 163
130 218
130 244
130 259
130 263
130 274
130 277
130 286
130 301
130 302
130 369
130 379
130 401
130 406
130 424
130 456
130 489
131 146
131 148
131 102
131 104
131 109
131 112
131 120
131 126
131 127
131 151
131 201
131 207
131 224
131 229
131 280
131 309
131 339
131 387
131 397
131 412
131 450
131 482
132 133
132 139
132 141
132 114
132 117
132 127
132 176
132 181
132 183
132 213
132 227
132 256
132 273
132 283
132 351
132 435
132 455
132 471
132 496
133 135
133 102
133 109
133 113
133 114
133 117
133 118
133 119
133 120
133 121
133 157
133 192
133 196
133 211
133 244
133 270
133 289
133 295
133 323
133 328
133 384
133 350
133 357
133 402
133 457
133 494
134 139
134 142
134 144
134 146
134 149
134 101
134 107
134 112
134 119
134 120
134 127
134 183
134 241
134 249
134 290
134 302
134 393
134 394
134 355
134 370
134 373
134 403
134 416
134 421
134 428
134 455
134 462
135 138
135 144
135 149
135 104
135 106
135 114
135 115
135 118
135 120
135 127
135 163
135 171
135 242
135 273
135 279
135 297
135 254
135 317
135 344
135 399
135 356
135 363
135 372
135 408
135 412
135 420
135 483
135 492
136 147
136 122
136 127
136 171
136 176
136 206
136 218
136 241
136 282
136 251
136 312
136 316
136 322
136 331
136 339
136 342
136 366
136 368
136 425
136 428
137 148
137 107
137 111
137 112
137 126
137 171
137 182
137 193
137 206
137 226
137 228
137 256
137 261
137 267
137 268
137 274
137 278
137 280
137 287
137 298
137 385
137 364
137 401
137 433
137 453
137 473
137 474
137 485
137 489
138 139
138 141
138 145
138 147
138 149
138 101
138 102
138 116
138 118
138 120
138 121
138 122
138 156
138 322
138 325
138 370
138 374
138 379
138 445
138 452
138 453
139 142
139 145
139 147
139 101
139 107
139 110
139 112
139 113
139 119
139 120
139 121
139 123
139 125
139 156
139 186
139 189
139 199
139 235
139 241
139 290
139 308
139 332
139 422
139 428
139 457
140 143
140 145
140 105
140 106
140 111
140 113
140 120
140 123
140 157
140 200
140 207
140 281
140 291
140 325
140 333
140 360
140 375
140 424
140 454
140 475
140 496
141 143
141 101
141 108
141 110
141 112
141 115
141 122
141 124
141 125
141 157
141 169
141 246
141 282
141 288
141 291
141 295
141 255
141 334
142 146
142 147
142 113
142 114
142 115
142 116
142 123
142 181
142 197
142 207
142 235
142 236
142 279
142 304
142 305
142 324
142 344
142 405
142 418
142 453
142 466
142 469
142 493
142 494
143 144
143 146
143 147
143 112
143 159
143 160
143 185
143 189
143 193
143 196
143 202
143 240
143 258
143 291
143 318
143 325
143 329
143 349
143 389
143 397
143 442
143 493
144 112
144 121
144 125
144 159
144 164
144 169
144 178
144 189
144 212
144 242
144 277
144 298
144 308
144 369
144 376
144 424
144 428
144 437
144 438
144 444
145 146
145 149
145 106
145 109
145 112
145 114
145 120
145 150
145 183
145 186
145 202
145 212
145 230
145 247
145 276
145 279
145 315
145 324
145 337
145 349
145 375
145 427
145 436
145 439
145 473
146 100
146 102
146 106
146 111
146 122
146 170
146 198
146 199
146 209
146 219
146 226
146 228
146 237
146 249
146 276
146 277
146 294
146 298
146 395
146 351
146 453
146 457
146 458
146 498
147 102
147 103
147 107
147 109
147 115
147 119
147 125
147 126
147 186
147 187
147 230
147 240
147 244
147 256
147 301
147 334
147 342
147 397
147 352
147 367
147 378
147 408
147 413
147 419
147 453
148 103
148 108
148 111
148 113
148 124
148 196
148 219
148 234
148 280
148 297
148 253
148 331
148 332
148 338
148 370
148 380
148 407
148 419
148 420
148 429
148 457
148 462
148 474
148 481
148 493
149 100
149 113
149 119
149 175
149 185
149 222
149 246
149 259
149 267
149 253
149 304
149 346
149 349
149 399
149 357
149 368
149 371
149 405
149 416
149 424
149 437
149 438
149 450
149 469
149 488
100 105
100 111
100 188
100 200
100 213
100 217
100 224
100 280
100 281
100 291
100 299
100 311
100 321
100 322
100 334
100 347
100 354
100 355
100 367
100 440
100 470
101 103
101 105
101 109
101 116
101 123
101 124
101 127
101 189
101 190
101 207
101 243
101 288
101 297
101 299
101 253
101 317
101 334
101 346
101 396
101 351
101 380
101 416
101 439
101 464
101 470
101 479
101 496
102 103
102 111
102 174
102 182
102 211
102 275
102 311
102 321
102 335
102 342
102 350
102 364
102 368
102 371
102 380
102 402
102 420
102 431
102 472
102 495
103 104
103 107
103 110
103 112
103 113
103 114
103 115
103 120
103 121
103 122
103 172
103 330
103 335
103 349
103 393
103 411
103 418
103 429
103 430
104 110
104 112
104 116
104 118
104 157
104 166
104 174
104 230
104 243
104 257
104 263
104 252
104 315
104 342
104 344
104 345
104 385
104 365
104 376
104 381
104 427
104 429
104 444
104 454
104 462
104 489
104 494
104 495
105 117
105 118
105 152
105 161
105 244
105 256
105 267
105 279
105 293
105 295
105 329
105 392
105 353
105 429
105 430
105 440
105 454
105 473
105 492
106 116
106 194
106 213
106 222
106 238
106 257
106 288
106 296
106 313
106 389
106 396
106 371
106 376
106 379
106 401
106 453
106 455
106 489
107 113
107 116
107 123
107 169
107 190
107 191
107 210
107 211
107 215
107 233
107 249
107 272
107 372
107 455
107 464
107 473
107 475
107 477
107 482
107 484
108 110
108 116
108 123
108 155
108 187
108 270
108 279
108 280
108 295
108 300
108 309
108 326
108 339
108 347
108 386
108 399
108 435
108 448
108 455
109 110
109 116
109 121
109 122
109 126
109 162
109 178
109 183
109 192
109 218
109 221
109 234
109 247
109 249
109 269
109 271
109 272
109 290
109 339
109 344
109 368
109 409
109 416
109 443
109 450
109 456
109 457
109 463
109 477
109 482
109 492
110 114
110 115
110 120
110 126
110 164
110 174
110 267
110 278
110 292
110 293
110 309
110 322
110 345
110 384
110 378
110 414
110 440
110 481
111 169
111 184
111 191
111 233
111 238
111 277
111 302
111 344
111 386
111 378
111 379
111 443
111 448
111 456
111 473
111 490
111 492
112 114
112 164
112 171
112 185
112 189
112 192
112 229
112 239
112 257
112 272
112 289
112 290
112 252
112 303
112 316
112 328
112 333
112 363
112 485
113 114
113 117
113 118
113 123
113 169
113 171
113 199
113 213
113 246
113 251
113 319
113 348
113 384
113 385
113 393
113 396
113 350
113 379
113 427
113 437
113 494
114 117
114 126
114 182
114 194
114 207
114 234
114 246
114 274
114 294
114 251
114 312
114 360
114 370
114 426
114 427
114 428
114 430
114 483
115 117
115 120
115 151
115 167
115 168
115 186
115 187
115 231
115 257
115 279
115 289
115 317
115 344
115 348
115 389
115 364
115 409
115 413
115 428
115 431
115 437
115 454
115 484
116 120
116 126
116 284
116 286
116 298
116 250
116 302
116 316
116 332
116 340
116 390
116 395
116 401
116 403
116 404
116 407
116 433
116 437
116 454
116 497
117 203
117 209
117 239
117 307
117 320
117 321
117 337
117 343
117 363
117 465
118 119
118 122
118 124
118 155
118 171
118 232
118 235
118 289
118 292
118 298
118 424
118 425
118 460
118 479
119 124
119 127
119 157
119 160
119 207
119 226
119 239
119 272
119 276
119 279
119 304
119 318
119 324
119 334
119 386
119 388
119 350
119 363
119 383
119 406
119 408
119 436
119 453
119 462
119 493
119 496
120 123
120 152
120 158
120 164
120 182
120 239
120 271
120 298
120 332
120 349
120 363
120 408
120 449
120 451
120 462
120 464
120 472
120 496
121 122
121 125
121 198
121 200
121 204
121 231
121 243
121 281
121 283
121 292
121 297
121 365
121 368
121 413
121 491
122 127
122 152
122 165
122 184
122 185
122 200
122 244
122 257
122 266
122 282
122 312
122 325
122 333
122 420
122 427
122 435
122 446
122 488
122 493
123 125
123 169
123 176
123 184
123 188
123 194
123 195
123 205
123 208
123 218
123 242
123 267
123 278
123 251
123 317
123 394
123 370
123 404
123 414
123 429
123 431
123 434
123 442
123 443
123 451
123 474
123 475
123 499
124 126
124 192
124 222
124 261
124 268
124 275
124 286
124 304
124 306
124 311
124 321
124 350
124 364
124 374
124 377
124 404
124 437
124 442
124 456
124 481
124 499
125 182
125 195
125 247
125 268
125 276
125 297
125 348
125 350
125 354
125 371
125 406
125 419
125 431
125 434
125 467
126 169
126 199
126 210
126 227
126 229
126 310
126 385
126 394
126 371
126 379
126 434
126 486
126 487
126 491
126 494
127 161
127 187
127 344
127 349
127 393
127 396
127 355
127 419
127 438
127 448
127 450
127 459
127 494
127 499
150 153
150 161
150 175
150 176
150 179
150 183
150 184
150 187
150 189
150 191
150 194
150 273
150 275
150 281
150 293
150 329
150 331
150 381
150 402
150 425
150 436
150 454
150 465
150 489
150 490
151 161
151 168
151 173
151 178
151 180
151 182
151 193
151 244
151 274
151 294
151 302
151 323
151 329
151 341
151 379
151 402
151 417
151 434
151 442
151 446
151 479
151 481
151 484
151 488
152 153
152 170
152 174
152 175
152 178
152 180
152 194
152 196
152 197
152 199
152 215
152 217
152 224
152 228
152 233
152 240
152 248
152 249
152 259
152 264
152 280
152 304
152 325
152 393
152 360
152 370
152 379
152 420
152 425
152 434
152 448
152 458
152 463
152 489
153 156
153 162
153 171
153 177
153 179
153 184
153 186
153 194
153 195
153 196
153 199
153 230
153 237
153 276
153 327
153 348
153 353
153 365
153 370
153 410
153 446
153 449
153 480
153 484
153 498
154 156
154 158
154 159
154 160
154 163
154 165
154 166
154 174
154 181
154 187
154 191
154 197
154 202
154 221
154 238
154 260
154 278
154 302
154 308
154 323
154 328
154 367
154 371
154 372
154 414
154 436
154 447
154 492
155 156
155 157
155 170
155 177
155 188
155 196
155 212
155 226
155 236
155 242
155 243
155 256
155 261
155 265
155 283
155 289
155 319
155 386
155 392
155 399
155 420
155 437
155 458
155 469
155 480
155 483
156 158
156 161
156 162
156 171
156 177
156 178
156 180
156 185
156 199
156 222
156 223
156 300
156 344
156 390
156 398
156 351
156 362
156 372
156 425
156 451
156 467
156 475
156 479
156 483
156 491
157 163
157 165
157 170
157 175
157 181
157 184
157 188
157 191
157 192
157 193
157 198
157 203
157 205
157 209
157 230
157 243
157 255
157 302
157 324
157 325
157 329
157 338
157 343
157 391
157 411
157 436
157 452
157 455
158 164
158 165
158 168
158 179
158 198
158 232
158 257
158 276
158 285
158 252
158 322
158 344
158 384
158 375
158 407
158 435
158 458
158 476
159 163
159 168
159 169
159 171
159 172
159 174
159 177
159 179
159 183
159 187
159 193
159 201
159 215
159 235
159 271
159 286
159 301
159 308
159 339
159 351
159 367
159 416
159 417
159 460
159 468
160 161
160 168
160 169
160 173
160 178
160 192
160 194
160 199
160 217
160 218
160 221
160 228
160 270
160 273
160 275
160 289
160 298
160 308
160 338
160 342
160 397
160 377
160 452
160 470
160 486
160 489
160 490
161 162
161 164
161 165
161 170
161 193
161 195
161 220
161 241
161 249
161 260
161 321
161 328
161 331
161 347
161 371
161 401
161 415
161 423
161 495
162 163
162 166
162 183
162 190
162 192
162 193
162 194
162 224
162 229
162 242
162 247
162 391
162 422
162 430
162 447
163 167
163 176
163 178
163 199
163 215
163 286
163 299
163 335
163 341
163 347
163 399
163 352
163 362
163 375
163 400
163 401
163 448
163 455
163 480
163 487
164 166
164 170
164 178
164 179
164 180
164 188
164 193
164 196
164 199
164 205
164 291
164 338
164 352
164 367
164 370
164 410
164 421
164 447
164 466
164 474
164 475
164 477
164 485
164 491
165 170
165 173
165 189
165 191
165 201
165 216
165 225
165 264
165 289
165 328
165 333
165 334
165 353
165 354
165 369
165 381
165 383
165 460
165 470
165 497
166 172
166 175
166 185
166 188
166 192
166 213
166 224
166 242
166 248
166 267
166 253
166 309
166 342
166 351
166 403
166 409
166 414
166 466
166 484
167 169
167 171
167 181
167 182
167 186
167 197
167 199
167 222
167 225
167 230
167 234
167 267
167 270
167 275
167 283
167 333
167 384
167 378
167 406
167 423
167 432
167 458
168 173
168 174
168 176
168 183
168 186
168 187
168 192
168 194
168 196
168 237
168 263
168 287
168 300
168 314
168 336
168 350
168 357
168 418
168 428
168 432
168 478
168 481
168 487
169 173
169 174
169 184
169 187
169 191
169 198
169 214
169 228
169 239
169 247
169 287
169 294
169 296
169 341
169 343
169 389
169 396
169 398
169 357
169 360
169 365
169 374
169 422
169 430
169 445
169 447
169 494
170 171
170 188
170 189
170 196
170 338
170 344
170 445
170 480
170 498
171 176
171 183
171 186
171 193
171 203
171 234
171 249
171 272
171 280
171 306
171 318
171 325
171 390
171 355
171 356
171 409
171 414
171 430
171 435
171 478
171 486
171 494
171 497
172 184
172 197
172 211
172 220
172 243
172 268
172 392
172 352
172 354
172 359
172 363
172 365
172 414
172 447
172 450
172 488
172 490
173 177
173 188
173 190
173 192
173 199
173 224
173 237
173 285
173 305
173 387
173 388
173 422
173 485
174 180
174 188
174 240
174 241
174 260
174 262
174 278
174 284
174 315
174 334
174 341
174 384
174 385
174 356
174 366
174 372
174 373
174 417
174 430
174 437
174 445
174 448
174 467
174 474
175 191
175 193
175 199
175 200
175 216
175 218
175 229
175 233
175 290
175 291
175 322
175 332
175 355
175 360
175 487
176 177
176 181
176 185
176 187
176 188
176 189
176 192
176 219
176 230
176 241
176 289
176 292
176 252
176 255
176 301
176 302
176 357
176 374
176 418
176 422
176 441
176 462
176 475
176 480
177 178
177 186
177 192
177 222
177 228
177 256
177 282
177 305
177 318
177 328
177 377
177 411
177 439
177 446
177 448
177 449
177 462
177 464
177 486
178 181
178 185
178 188
178 189
178 191
178 192
178 198
178 201
178 212
178 219
178 235
178 309
178 316
178 337
178 359
178 423
178 442
178 487
179 182
179 184
179 209
179 212
179 241
179 268
179 289
179 293
179 306
179 310
179 324
179 334
179 346
179 358
179 367
179 401
179 406
179 423
179 429
179 484
179 497
180 186
180 188
180 189
180 225
180 229
180 290
180 394
180 357
180 407
180 409
180 419
180 420
180 429
180 431
180 480
180 486
180 490
181 184
181 192
181 196
181 199
181 226
181 231
181 246
181 259
181 260
181 270
181 282
181 292
181 312
181 325
181 339
181 367
181 380
181 430
181 431
181 468
181 477
181 479
181 490
182 187
182 189
182 191
182 192
182 198
182 239
182 266
182 272
182 327
182 347
182 350
182 352
182 368
182 430
182 440
182 441
182 442
182 486
183 192
183 193
183 196
183 203
183 237
183 266
183 275
183 324
183 339
183 344
183 386
183 393
183 352
183 359
183 400
183 422
183 435
183 443
184 185
184 193
184 195
184 197
184 257
184 267
184 251
184 318
184 323
184 340
184 384
184 424
184 434
184 489
185 192
185 196
185 216
185 218
185 237
185 243
185 257
185 267
185 281
185 282
185 283
185 291
185 310
185 353
185 364
185 381
185 430
185 433
185 450
185 454
185 466
185 483
185 490
185 493
186 187
186 190
186 196
186 237
186 287
186 293
186 294
186 306
186 363
186 374
186 376
186 380
186 383
186 417
186 421
186 451
186 468
186 474
186 489
187 188
187 192
187 197
187 221
187 222
187 256
187 259
187 266
187 274
187 292
187 326
187 327
187 346
187 387
187 376
187 422
187 435
187 437
187 463
187 479
187 488
188 190
188 193
188 195
188 199
188 200
188 205
188 227
188 236
188 239
188 261
188 288
188 317
188 339
188 390
188 357
188 378
188 421
188 429
188 430
188 442
188 460
188 461
189 191
189 195
189 197
189 206
189 219
189 270
189 288
189 297
189 315
189 329
189 340
189 369
189 421
189 423
189 481
189 497
190 197
190 260
190 287
190 391
190 394
190 396
190 397
190 356
190 369
190 404
190 421
190 481
190 487
191 193
191 204
191 249
191 319
191 332
191 355
191 434
191 438
191 442
191 459
192 193
192 196
192 197
192 224
192 249
192 261
192 277
192 284
192 286
192 252
192 309
192 387
192 378
192 407
192 409
192 414
192 467
193 249
193 289
193 296
193 298
193 324
193 325
193 392
193 398
193 361
193 379
193 407
193 421
193 435
193 445
193 479
193 499
194 195
194 209
194 231
194 233
194 234
194 246
194 257
194 269
194 280
194 300
194 316
194 330
194 333
194 349
194 356
194 401
194 426
194 435
194 436
194 497
195 197
195 209
195 219
195 272
195 298
195 255
195 303
195 347
195 385
195 390
195 351
195 376
195 404
195 410
195 419
195 435
195 439
195 483
195 494
196 216
196 224
196 226
196 234
196 267
196 274
196 275
196 399
196 371
196 376
196 382
196 405
196 424
196 442
196 482
196 483
196 493
196 494
196 495
196 496
197 278
197 300
197 312
197 321
197 326
197 335
197 363
197 366
197 400
197 420
197 453
197 461
197 494
198 257
198 341
198 349
198 356
198 381
198 405
198 410
198 416
198 431
198 444
198 484
198 486
198 490
198 497
199 272
199 285
199 300
199 344
199 346
199 386
199 438
199 495
200 202
200 205
200 210
200 211
200 216
200 220
200 225
200 228
200 232
200 233
200 235
200 239
200 240
200 248
200 249
200 264
200 292
200 293
200 319
200 325
200 335
200 349
200 384
200 352
200 367
200 379
200 400
200 408
200 421
200 460
200 469
200 489
201 203
201 214
201 215
201 217
201 221
201 222
201 223
201 241
201 243
201 245
201 377
201 446
202 203
202 215
202 220
202 225
202 228
202 229
202 230
202 236
202 245
202 249
202 287
202 294
202 321
202 343
202 349
202 384
202 391
202 398
202 399
202 401
202 424
202 451
202 452
202 465
202 485
203 204
203 206
203 208
203 217
203 219
203 220
203 223
203 225
203 227
203 231
203 235
203 237
203 244
203 247
203 301
203 302
203 336
203 342
203 344
203 385
203 389
203 395
203 357
203 377
203 431
203 482
204 206
204 212
204 217
204 225
204 247
204 273
204 296
204 251
204 389
204 353
204 444
204 446
204 455
204 470
204 472
204 478
204 488
205 209
205 210
205 231
205 233
205 236
205 238
205 248
205 271
205 335
205 351
205 358
205 363
205 405
205 467
205 471
205 488
206 221
206 222
206 223
206 224
206 243
206 249
206 280
206 298
206 251
206 309
206 353
206 355
206 362
206 366
206 377
206 379
206 403
206 417
206 427
206 443
206 473
207 211
207 220
207 227
207 236
207 237
207 238
207 244
207 271
207 301
207 391
207 351
207 353
207 359
207 361
207 401
207 431
207 441
207 453
207 454
208 232
208 289
208 313
208 324
208 326
208 345
208 359
208 429
208 469
208 475
208 487
209 221
209 223
209 224
209 245
209 246
209 248
209 287
209 318
209 321
209 328
209 348
209 385
209 381
209 405
209 406
209 412
209 422
209 424
209 436
209 451
209 465
209 484
210 215
210 228
210 234
210 237
210 238
210 257
210 280
210 250
210 322
210 331
210 334
210 376
210 377
210 427
210 476
210 484
211 212
211 217
211 218
211 224
211 227
211 228
211 232
211 233
211 249
211 278
211 282
211 307
211 329
211 337
211 339
211 348
211 349
211 358
211 418
211 446
211 460
211 498
212 219
212 220
212 226
212 229
212 230
212 231
212 242
212 247
212 305
212 313
212 320
212 326
212 330
212 386
212 390
212 396
212 363
212 465
212 488
212 494
213 217
213 221
213 227
213 228
213 230
213 236
213 242
213 247
213 292
213 303
213 307
213 325
213 344
213 397
213 423
213 438
214 216
214 217
214 237
214 239
214 244
214 245
214 259
214 278
214 327
214 345
214 358
214 413
214 417
214 424
214 430
214 475
214 476
215 216
215 217
215 218
215 230
215 234
215 247
215 249
215 258
215 271
215 284
215 302
215 308
215 309
215 315
215 319
215 413
215 449
215 464
215 477
215 491
216 217
216 220
216 223
216 244
216 264
216 338
216 377
216 401
216 403
216 429
216 448
217 219
217 222
217 226
217 227
217 229
217 232
217 234
217 239
217 241
217 244
217 245
217 284
217 286
217 302
217 308
217 313
217 322
217 327
217 333
217 346
217 366
217 375
217 423
217 464
217 474
217 490
218 221
218 222
218 225
218 243
218 266
218 290
218 310
218 326
218 395
218 428
218 494
219 222
219 228
219 238
219 246
219 335
219 352
219 356
219 367
219 381
219 409
219 472
219 474
219 490
220 228
220 237
220 240
220 245
220 336
220 392
220 376
220 438
220 475
220 476
220 483
220 489
221 222
221 224
221 226
221 227
221 232
221 235
221 237
221 241
221 244
221 285
221 293
221 253
221 321
221 330
221 341
221 343
221 344
221 387
221 395
221 396
221 397
221 352
221 405
221 409
221 429
221 454
221 467
221 477
221 494
222 223
222 224
222 234
222 238
222 239
222 246
222 268
222 283
222 305
222 343
222 374
222 378
222 410
222 417
222 422
222 475
222 476
223 224
223 225
223 226
223 227
223 228
223 230
223 233
223 237
223 244
223 248
223 266
223 276
223 349
223 396
223 423
223 431
223 487
223 499
224 234
224 241
224 247
224 270
224 297
224 251
224 331
224 342
224 358
224 424
224 431
224 489
225 226
225 227
225 230
225 232
225 234
225 241
225 248
225 267
225 276
225 286
225 291
225 255
225 393
225 362
225 403
225 443
225 444
225 496
226 231
226 233
226 235
226 238
226 242
226 248
226 292
226 294
226 316
226 327
226 336
226 345
226 357
226 366
226 377
226 425
227 228
227 235
227 257
227 267
227 276
227 281
227 293
227 294
227 335
227 338
227 349
227 358
227 378
227 380
227 422
227 425
227 449
227 453
227 461
227 474
228 229
228 240
228 263
228 283
228 288
228 322
228 327
228 348
228 389
228 396
228 353
228 411
228 438
228 462
228 464
228 474
229 233
229 234
229 246
229 247
229 280
229 284
229 300
229 310
229 385
229 356
229 371
229 374
229 380
229 426
229 427
229 437
229 443
229 469
229 483
230 234
230 236
230 239
230 240
230 248
230 268
230 278
230 295
230 321
230 328
230 343
230 392
230 352
230 354
230 364
230 434
230 441
230 451
230 475
231 237
231 243
231 248
231 249
231 265
231 288
231 311
231 319
231 395
231 364
231 423
231 440
231 450
231 470
231 473
231 499
232 233
232 234
232 272
232 282
232 252
232 320
232 329
232 337
232 347
232 357
232 371
232 400
232 429
232 464
232 465
232 485
232 486
232 493
233 237
233 238
233 240
233 243
233 248
233 263
233 250
233 314
233 321
233 361
233 374
233 413
233 437
233 464
233 480
233 499
234 248
234 261
234 254
234 300
234 305
234 319
234 367
234 370
234 378
234 425
234 456
234 477
235 237
235 268
235 314
235 329
235 345
235 397
235 354
235 359
235 379
235 499
236 240
236 242
236 243
236 244
236 246
236 248
236 256
236 283
236 251
236 300
236 395
236 355
236 377
236 404
236 422
236 424
236 441
236 457
236 472
236 485
237 238
237 279
237 323
237 330
237 355
237 358
237 361
237 363
237 364
237 380
237 403
237 417
237 419
237 425
237 444
237 450
237 479
237 490
237 496
237 497
238 240
238 248
238 253
238 305
238 309
238 316
238 335
238 350
238 362
238 364
238 371
238 403
238 415
238 425
238 433
238 436
238 438
238 443
238 472
238 495
239 243
239 245
239 256
239 261
239 280
239 304
239 347
239 352
239 364
239 380
239 403
239 405
239 448
239 450
239 466
239 478
240 244
240 245
240 247
240 257
240 282
240 318
240 351
240 363
240 370
240 381
240 405
240 440
240 453
241 249
241 260
241 262
241 268
241 275
241 277
241 287
241 390
241 399
241 358
241 363
241 371
241 415
241 457
241 489
242 256
242 263
242 288
242 296
242 301
242 325
242 332
242 335
242 389
242 354
242 363
242 365
242 379
242 382
242 414
242 467
242 494
243 265
243 269
243 270
243 288
243 254
243 255
243 312
243 315
243 319
243 384
243 351
243 367
243 381
243 401
243 435
243 454
243 455
243 461
243 462
243 479
244 248
244 267
244 285
244 302
244 308
244 349
244 392
244 351
244 406
244 436
244 465
244 487
245 247
245 267
245 290
245 396
245 356
245 374
245 400
245 425
245 435
245 450
245 463
245 464
245 487
245 489
246 247
246 249
246 288
246 312
246 318
246 325
246 388
246 389
246 407
246 475
246 485
247 276
247 277
247 290
247 298
247 300
247 326
247 385
247 397
247 356
247 361
247 424
247 454
247 463
247 470
247 477
247 490
248 249
248 267
248 274
248 285
248 292
248 294
248 300
248 301
248 304
248 333
248 354
248 383
248 414
248 415
248 445
249 259
249 279
249 251
249 309
249 315
249 317
249 363
249 364
249 457
249 464
249 473
249 478
249 497
256 262
256 270
256 275
256 294
256 298
256 304
256 316
256 318
256 320
256 323
256 379
256 405
256 411
256 428
256 486
256 487
257 258
257 262
257 265
257 276
257 290
257 291
257 295
257 296
257 297
257 298
257 251
257 252
257 253
257 311
257 329
257 333
257 398
257 374
257 403
257 430
257 431
257 443
257 444
257 447
257 457
257 477
257 486
257 494
258 262
258 265
258 266
258 273
258 277
258 278
258 281
258 296
258 297
258 250
258 325
258 346
258 401
258 438
258 445
259 262
259 267
259 268
259 272
259 276
259 278
259 279
259 287
259 288
259 296
259 251
259 328
259 394
259 378
259 428
259 441
259 468
259 486
259 495
260 264
260 269
260 271
260 272
260 282
260 283
260 290
260 294
260 296
260 302
260 312
260 345
260 347
260 387
260 388
260 394
260 363
260 409
260 435
260 453
260 473
260 496
261 262
261 267
261 272
261 277
261 285
261 286
261 287
261 294
261 349
261 394
261 398
261 361
261 442
261 473
261 477
261 494
262 265
262 266
262 268
262 275
262 283
262 286
262 287
262 291
262 296
262 299
262 250
262 253
262 255
262 387
262 359
262 406
262 412
262 497
263 265
263 269
263 271
263 272
263 278
263 292
263 296
263 254
263 339
263 355
263 405
263 414
263 450
263 460
263 465
263 481
263 490
263 495
264 271
264 272
264 275
264 250
264 253
264 255
264 311
264 314
264 359
264 373
264 415
264 449
264 475
265 267
265 275
265 277
265 282
265 285
265 287
265 294
265 254
265 300
265 392
265 406
265 427
265 434
265 460
266 280
266 291
266 296
266 308
266 436
266 448
266 451
266 454
266 467
266 482
266 493
267 268
267 272
267 287
267 295
267 296
267 298
267 253
267 306
267 323
267 384
267 354
267 431
267 484
268 272
268 283
268 284
268 291
268 293
268 296
268 299
268 315
268 346
268 370
268 374
268 400
268 411
268 478
268 496
269 271
269 281
269 287
269 289
269 290
269 294
269 297
269 299
269 250
269 254
269 322
269 373
269 426
269 488
269 498
270 272
270 274
270 277
270 278
270 282
270 298
270 299
270 303
270 362
270 371
270 446
270 458
270 478
270 490
271 277
271 278
271 279
271 280
271 282
271 287
271 295
271 298
271 303
271 389
271 351
271 376
271 412
271 420
271 428
271 496
272 274
272 278
272 279
272 299
272 250
272 323
272 330
272 345
272 380
272 420
272 429
272 434
272 447
272 472
272 477
272 488
273 274
273 280
273 252
273 253
273 308
273 316
273 329
273 345
273 391
273 369
273 382
273 402
273 422
273 425
273 441
273 470
273 482
273 496
274 275
274 279
274 280
274 281
274 284
274 290
274 293
274 294
274 339
274 343
274 386
274 388
274 379
274 383
274 407
274 449
274 495
275 278
275 279
275 283
275 284
275 285
275 295
275 340
275 388
275 398
275 422
275 449
275 490
275 492
275 496
276 277
276 280
276 283
276 293
276 321
276 362
276 400
276 418
276 438
277 283
277 285
277 287
277 288
277 297
277 298
277 304
277 315
277 333
277 394
277 369
277 431
277 436
277 446
277 465
277 483
277 485
277 490
278 281
278 285
278 288
278 250
278 252
278 344
278 347
278 391
278 369
278 459
278 465
278 499
279 283
279 290
279 292
279 295
279 251
279 253
279 331
279 340
279 357
279 372
279 401
279 405
279 462
279 482
280 281
280 283
280 285
280 291
280 294
280 328
280 336
280 394
280 397
280 369
280 421
280 458
280 482
281 284
281 285
281 287
281 294
281 295
281 299
281 253
281 255
281 315
281 319
281 327
281 336
281 351
281 359
281 360
281 378
281 458
281 475
282 288
282 292
282 250
282 318
282 322
282 330
282 344
282 346
282 387
282 396
282 355
282 383
282 420
282 425
282 457
282 460
282 465
282 480
283 287
283 293
283 295
283 297
283 252
283 253
283 310
283 315
283 358
283 378
283 428
283 445
283 468
283 476
283 477
283 481
283 483
284 285
284 289
284 290
284 297
284 255
284 306
284 334
284 358
284 359
284 360
284 407
284 408
284 452
284 494
285 289
285 290
285 291
285 295
285 296
285 297
285 298
285 299
285 326
285 392
285 376
285 408
285 414
285 430
285 463
285 465
285 480
286 288
286 322
286 323
286 345
286 349
286 385
286 386
286 396
286 371
286 382
286 440
286 472
286 475
286 479
286 495
287 290
287 294
287 250
287 338
287 384
287 393
287 450
287 468
288 294
288 296
288 250
288 325
288 388
288 362
288 382
288 401
288 404
288 423
288 439
288 465
288 473
289 291
289 292
289 295
289 299
289 251
289 253
289 255
289 305
289 328
289 360
289 364
289 438
289 458
289 486
289 496
289 497
290 296
290 251
290 255
290 300
290 334
290 402
290 425
290 429
290 445
290 476
291 292
291 293
291 305
291 332
291 342
291 380
291 477
291 491
292 298
292 299
292 250
292 251
292 252
292 397
292 360
292 367
292 368
292 465
292 497
293 298
293 310
293 317
293 321
293 325
293 334
293 409
293 417
293 423
293 438
293 454
293 470
293 476
293 484
293 491
294 296
294 298
294 372
294 411
294 437
294 443
294 448
294 478
295 298
295 255
295 318
295 334
295 390
295 396
295 401
295 409
295 459
295 461
295 476
295 490
296 299
296 252
296 310
296 311
296 329
296 390
296 370
296 401
296 460
297 298
297 255
297 325
297 341
297 346
297 356
297 371
297 374
297 401
297 409
297 430
297 452
297 478
298 251
298 255
298 302
298 379
298 405
298 436
298 441
298 471
299 253
299 310
299 388
299 375
299 379
299 382
299 412
299 427
299 459
299 466
250 255
250 330
250 365
250 409
250 470
250 485
250 486
251 254
251 312
251 334
251 396
251 432
251 454
251 458
252 253
252 302
252 311
252 335
252 336
252 362
252 409
252 414
252 435
252 460
252 470
252 472
252 497
252 499
253 302
253 311
253 331
253 339
253 387
253 350
253 370
253 373
253 374
253 379
253 381
253 426
253 436
253 440
253 477
253 483
254 341
254 344
254 385
254 388
254 398
254 372
254 376
254 378
254 411
254 412
254 413
254 431
254 432
254 464
254 481
255 302
255 324
255 326
255 336
255 349
255 384
255 395
255 351
255 365
255 369
255 443
255 451
255 455
255 462
255 466
255 471
255 484
255 487
300 308
300 317
300 327
300 330
300 343
300 387
300 382
300 443
300 451
300 471
300 475
300 495
300 498
301 313
301 328
301 331
301 338
301 340
301 342
301 426
301 433
301 464
301 466
301 467
301 476
301 488
302 305
302 311
302 317
302 318
302 332
302 339
302 342
302 344
302 347
302 349
302 392
302 395
302 376
302 401
302 408
302 476
302 493
302 496
303 312
303 316
303 329
303 334
303 341
303 346
303 347
303 353
303 371
303 417
303 430
303 463
303 469
303 472
303 485
303 489
304 307
304 309
304 310
304 311
304 327
304 329
304 338
304 341
304 342
304 348
304 384
304 386
304 352
304 406
304 427
304 439
304 450
304 461
304 466
304 471
304 483
304 487
305 317
305 326
305 338
305 345
305 346
305 347
305 386
305 388
305 394
305 398
305 431
305 449
305 499
306 310
306 314
306 319
306 321
306 322
306 323
306 327
306 329
306 338
306 347
306 348
306 391
306 363
306 364
306 402
306 422
306 466
306 485
306 488
307 309
307 310
307 311
307 313
307 314
307 315
307 317
307 326
307 331
307 334
307 341
307 348
307 364
307 437
307 446
307 453
307 460
307 491
307 494
307 499
308 309
308 328
308 329
308 330
308 331
308 338
308 343
308 346
308 370
308 376
308 419
308 422
308 425
308 434
308 436
308 440
308 460
308 464
308 492
308 496
309 310
309 311
309 315
309 319
309 334
309 340
309 343
309 346
309 393
309 366
309 380
309 402
309 408
309 429
309 465
309 497
310 318
310 333
310 339
310 393
310 398
310 405
310 409
310 440
310 447
310 482
310 487
310 496
311 315
311 317
311 318
311 321
311 332
311 349
311 388
311 391
311 393
311 405
311 440
311 445
311 464
312 313
312 316
312 317
312 319
312 322
312 325
312 331
312 342
312 348
312 354
312 375
312 428
312 445
312 491
313 316
313 332
313 336
313 340
313 345
313 348
313 392
313 393
313 355
313 362
313 363
313 377
313 405
313 418
313 421
313 458
313 478
314 315
314 324
314 325
314 335
314 336
314 338
314 342
314 346
314 385
314 389
314 394
314 363
314 366
314 370
314 378
314 402
314 429
314 433
314 463
315 318
315 326
315 334
315 341
315 345
315 385
315 396
315 359
315 450
315 465
315 470
316 318
316 319
316 320
316 322
316 323
316 327
316 329
316 331
316 335
316 338
316 344
316 388
316 357
316 358
316 400
316 403
316 418
316 423
316 455
316 456
316 485
316 496
317 319
317 339
317 340
317 342
317 347
317 348
317 391
317 398
317 355
317 367
317 440
317 447
317 455
317 466
318 324
318 326
318 330
318 333
318 341
318 343
318 344
318 346
318 349
318 390
318 371
318 378
318 424
318 440
318 459
318 461
318 462
318 471
318 484
319 320
319 324
319 328
319 333
319 334
319 335
319 344
319 349
319 375
319 377
319 445
319 485
320 332
320 345
320 391
320 392
320 350
320 362
320 377
320 381
320 400
320 401
320 414
320 438
320 447
320 471
320 479
321 322
321 327
321 330
321 331
321 332
321 339
321 346
321 392
321 399
321 359
321 380
321 414
321 416
321 468
321 479
322 323
322 331
322 336
322 345
322 348
322 349
322 373
322 459
322 488
322 497
322 498
323 325
323 328
323 332
323 338
323 339
323 340
323 346
323 349
323 354
323 365
323 368
323 373
323 403
323 411
323 424
323 485
324 331
324 332
324 337
324 339
324 342
324 394
324 397
324 412
324 423
324 426
324 481
324 495
324 498
325 327
325 332
325 334
325 342
325 395
325 396
325 351
325 362
325 370
325 427
325 436
325 481
325 495
326 329
326 339
326 340
326 341
326 342
326 349
326 368
326 422
326 440
326 453
326 463
326 465
326 470
327 330
327 341
327 342
327 347
327 389
327 394
327 359
327 366
327 370
327 407
327 408
327 416
327 430
327 450
327 460
327 473
327 493
328 333
328 335
328 341
328 342
328 345
328 394
328 370
328 408
328 441
328 447
328 474
328 493
329 332
329 337
329 345
329 348
329 388
329 350
329 374
329 378
329 429
329 434
329 435
329 438
329 448
329 452
329 455
329 461
329 469
329 498
330 334
330 338
330 385
330 365
330 410
330 415
330 453
331 332
331 335
331 339
331 388
331 389
331 392
331 366
331 410
331 427
331 429
331 457
332 333
332 334
332 335
332 337
332 346
332 347
332 412
332 415
332 431
332 434
332 438
332 457
332 463
332 470
333 334
333 335
333 337
333 340
333 428
333 444
334 385
334 363
334 375
334 381
334 412
334 417
334 428
334 451
334 458
334 462
334 467
334 469
334 474
335 339
335 341
335 344
335 395
335 414
335 431
335 462
335 485
335 492
336 339
336 340
336 342
336 345
336 392
336 393
336 374
336 378
336 415
336 442
336 444
336 455
337 338
337 340
337 341
337 343
337 347
337 349
337 355
337 401
337 405
337 435
337 450
337 452
337 459
337 474
337 489
337 494
338 344
338 403
338 407
338 421
338 423
338 437
338 440
338 459
338 475
339 340
339 343
339 349
339 360
339 371
339 414
339 446
339 450
339 461
339 466
339 479
340 342
340 391
340 367
340 405
340 432
340 435
340 455
340 458
341 372
341 381
341 400
341 423
341 454
341 472
341 498
342 343
342 344
342 346
342 348
342 350
342 362
342 426
342 431
342 474
343 344
343 354
343 363
343 374
343 403
343 444
343 456
343 480
344 347
344 386
344 396
344 397
344 360
344 365
344 368
344 411
344 416
344 446
344 454
344 469
345 346
345 348
345 356
345 407
345 421
345 451
345 462
346 381
346 400
346 438
346 442
346 445
346 467
346 492
347 361
347 430
347 436
347 459
347 470
347 474
347 480
348 349
348 385
348 387
348 356
348 358
348 407
348 410
348 455
348 457
348 460
348 464
348 471
348 474
348 475
348 485
348 487
349 384
349 385
349 352
349 443
349 468
384 385
384 387
384 392
384 393
384 396
384 398
384 350
384 361
384 369
384 370
384 381
384 402
384 454
384 481
384 487
385 387
385 390
385 396
385 365
385 367
385 372
385 380
385 381
385 415
385 426
385 440
385 465
385 466
385 468
385 470
385 487
385 497
386 350
386 351
386 353
386 358
386 362
386 373
386 377
386 379
386 381
386 405
386 410
386 480
386 494
386 495
387 393
387 397
387 350
387 360
387 362
387 367
387 368
387 370
387 371
387 379
387 419
387 440
387 464
387 466
387 470
387 492
388 391
388 396
388 355
388 356
388 361
388 368
388 372
388 374
388 375
388 376
388 380
388 402
388 403
388 424
388 426
388 437
388 445
388 453
389 391
389 361
389 365
389 369
389 372
389 382
389 413
389 427
389 434
389 456
390 356
390 373
390 374
390 378
390 379
390 383
390 420
390 431
390 432
390 440
390 468
390 475
390 494
391 395
391 352
391 353
391 356
391 360
391 361
391 364
391 369
391 373
391 374
391 382
391 408
391 412
391 448
391 456
391 476
391 484
391 487
392 396
392 367
392 368
392 369
392 372
392 380
392 403
392 426
392 465
392 471
393 350
393 354
393 363
393 382
393 415
393 421
393 437
393 448
393 483
393 489
393 499
394 395
394 399
394 350
394 353
394 354
394 358
394 359
394 366
394 373
394 411
394 448
394 458
394 467
394 490
395 396
395 351
395 359
395 361
395 364
395 371
395 375
395 376
395 380
395 381
395 424
395 429
395 435
395 443
395 456
395 467
395 470
395 495
396 397
396 351
396 352
396 353
396 357
396 366
396 369
396 378
396 382
396 383
396 416
396 421
396 431
396 454
396 490
396 498
397 350
397 359
397 360
397 366
397 367
397 376
397 377
397 380
397 382
397 414
397 423
397 426
397 436
397 442
397 447
397 464
397 472
397 498
398 352
398 355
398 358
398 362
398 363
398 365
398 371
398 375
398 376
398 381
398 401
398 409
398 418
398 436
398 441
398 452
399 350
399 353
399 355
399 357
399 360
399 363
399 369
399 370
399 380
399 381
399 382
399 402
399 403
399 411
399 414
399 415
399 435
399 438
399 468
399 473
399 484
350 355
350 364
350 368
350 372
350 373
350 429
350 467
350 483
351 359
351 360
351 365
351 366
351 377
351 407
351 465
351 475
352 358
352 367
352 376
352 377
352 382
352 419
352 445
352 452
352 483
352 491
353 363
353 369
353 377
353 378
353 382
353 400
353 405
353 422
354 361
354 363
354 370
354 376
354 378
354 403
354 418
354 420
354 421
354 444
354 465
354 467
354 472
354 489
355 361
355 381
355 383
355 439
355 459
355 462
355 470
355 488
356 359
356 376
356 377
356 380
356 406
356 410
356 415
356 416
356 429
356 459
356 485
357 362
357 365
357 371
357 383
357 409
357 449
357 480
358 364
358 372
358 374
358 436
358 445
358 465
358 470
359 371
359 374
359 377
359 380
359 405
359 420
359 441
359 449
359 450
359 484
360 361
360 362
360 364
360 375
360 400
360 444
360 445
360 449
361 362
361 370
361 376
361 410
361 443
361 451
361 454
361 456
361 463
361 498
362 367
362 372
362 375
362 403
362 433
362 452
362 460
362 490
363 364
363 377
363 381
363 404
363 435
363 449
363 460
364 365
364 366
364 368
364 380
364 401
364 402
364 441
364 453
364 477
364 490
364 493
365 368
365 369
365 402
365 442
365 455
365 460
365 464
366 373
366 374
366 375
366 376
366 382
366 423
366 438
367 380
367 383
367 417
367 424
367 435
367 462
368 369
368 382
368 424
368 456
368 460
368 464
368 479
369 370
369 375
369 376
369 377
369 379
369 380
369 407
369 419
369 425
369 449
369 456
369 476
369 488
369 499
370 373
370 374
370 378
370 425
370 436
370 445
370 454
371 379
371 382
371 410
372 413
372 416
372 418
372 425
372 429
372 481
373 375
373 379
373 380
373 405
373 435
373 452
373 455
373 459
373 483
373 499
374 375
374 380
374 381
374 383
374 449
375 379
375 380
375 403
375 406
375 444
376 383
376 401
376 406
376 416
376 453
376 478
376 498
377 381
377 422
377 434
377 445
377 449
377 450
377 454
377 486
377 493
378 417
378 429
378 461
378 473
378 474
378 476
379 425
379 448
379 450
379 455
379 458
379 493
380 381
380 409
380 436
380 459
380 466
381 413
381 424
381 435
381 445
381 459
381 473
381 484
381 488
381 494
382 402
382 406
382 421
382 446
382 478
382 491
382 496
383 412
383 426
383 434
383 455
383 465
383 492
383 493
400 405
400 410
400 413
400 418
400 425
400 428
400 447
400 484
400 487
400 493
401 404
401 411
401 414
401 416
401 420
401 421
401 422
401 424
401 441
401 448
402 409
402 410
402 412
402 429
402 431
402 436
402 447
402 448
402 451
402 468
402 484
403 404
403 410
403 411
403 413
403 414
403 416
403 427
403 429
403 431
403 432
403 452
403 480
403 489
403 495
404 407
404 410
404 415
404 440
404 441
404 446
404 448
404 452
404 484
405 406
405 414
405 423
405 429
405 430
405 440
405 447
405 449
405 450
405 451
406 409
406 411
406 418
406 420
406 437
406 441
406 445
406 448
406 449
406 455
406 461
406 462
406 476
407 408
407 410
407 415
407 417
407 425
407 430
407 433
407 435
407 436
407 439
407 445
407 446
407 447
407 465
407 469
407 489
407 494
408 409
408 410
408 414
408 424
408 427
408 432
408 441
408 443
408 444
408 445
408 447
408 456
408 457
408 464
408 466
408 481
408 490
408 497
409 410
409 425
409 429
409 434
409 449
409 453
409 466
409 477
409 491
410 419
410 424
410 437
410 446
410 447
410 497
411 412
411 414
411 417
411 418
411 420
411 421
411 425
411 426
411 435
411 438
411 440
411 452
411 467
411 470
411 473
411 476
412 417
412 423
412 424
412 427
412 428
412 433
412 435
412 447
412 448
412 493
412 496
413 414
413 416
413 417
413 426
413 434
413 437
413 444
413 445
413 449
413 458
413 466
414 416
414 417
414 419
414 421
414 424
414 426
414 431
414 433
414 435
414 440
414 443
414 444
414 452
414 471
414 486
415 418
415 421
415 428
415 434
415 435
415 444
415 447
415 452
416 422
416 427
416 430
416 431
416 445
416 446
416 456
416 457
416 469
416 481
417 421
417 423
417 424
417 425
417 434
417 435
417 440
417 444
417 447
417 471
417 482
417 494
418 425
418 427
418 435
418 438
418 440
418 448
418 476
418 480
418 488
419 426
419 427
419 428
419 432
419 433
419 437
419 445
419 447
419 460
419 461
419 463
419 474
420 426
420 431
420 432
420 437
420 438
420 442
420 467
420 481
420 483
420 487
420 490
420 494
420 499
421 432
421 435
421 438
421 441
421 442
421 445
421 446
421 447
421 449
421 476
421 478
421 494
422 425
422 438
422 439
422 445
422 487
422 491
423 425
423 426
423 427
423 433
423 435
423 439
423 445
423 462
423 491
424 428
424 438
424 445
424 448
425 440
425 443
425 454
425 491
426 429
426 434
426 437
426 443
426 447
426 463
426 490
426 496
427 432
427 433
427 440
427 444
427 445
427 446
427 449
428 429
428 448
428 449
429 437
429 438
429 442
429 444
429 446
429 454
429 457
430 442
430 460
430 465
430 476
430 480
431 444
431 445
431 447
431 448
432 442
432 447
432 466
432 483
432 487
432 499
433 434
433 437
433 443
433 452
433 466
433 484
434 437
434 443
434 448
435 441
435 456
435 464
435 473
435 499
436 442
436 445
436 451
436 473
436 494
437 439
437 449
437 454
437 463
437 464
438 439
438 445
438 473
438 490
439 441
439 445
439 453
439 491
440 481
440 488
441 443
441 449
441 463
441 471
442 446
442 449
442 479
442 480
442 488
443 455
443 459
443 491
443 494
443 495
444 446
444 454
444 475
444 484
444 493
445 455
445 458
445 462
446 454
446 472
446 494
448 457
448 464
448 469
448 471
448 481
448 483
448 491
449 466
449 472
449 478
449 484
449 493
450 453
450 463
450 466
450 467
450 470
450 474
450 486
450 488
450 495
450 499
451 459
451 466
451 477
451 484
452 466
452 473
452 477
452 481
452 487
452 491
452 498
453 466
453 467
453 470
453 471
453 473
453 479
453 486
453 488
454 459
454 461
454 465
454 474
454 476
454 478
454 479
454 481
454 486
454 491
455 458
455 459
455 463
455 467
455 485
455 492
455 493
455 497
455 498
455 499
456 458
456 464
456 466
456 471
456 478
456 479
456 484
456 491
456 496
456 499
457 458
457 465
457 467
457 468
457 471
457 474
457 476
457 477
457 482
457 485
457 494
458 463
458 467
458 469
458 473
458 475
458 484
458 490
458 493
459 470
459 474
459 477
459 482
459 486
459 494
460 474
460 475
460 486
460 497
461 462
461 472
461 489
461 492
461 496
462 467
462 474
462 479
462 481
462 482
462 492
462 499
463 464
463 472
463 477
463 499
464 468
464 469
464 478
464 480
464 488
464 494
464 498
465 467
465 487
465 493
465 497
465 498
466 469
466 471
466 475
466 483
466 485
466 486
466 487
466 493
466 496
466 497
467 470
467 474
467 475
467 478
467 485
467 488
467 489
467 491
467 493
468 472
468 482
468 487
468 489
468 491
469 475
469 482
469 483
469 484
469 488
469 493
469 494
469 496
469 498
469 499
470 472
470 473
470 474
470 477
470 482
470 487
470 488
470 491
470 493
471 480
471 482
471 486
471 487
471 488
471 497
472 474
472 481
472 487
473 475
473 480
473 487
473 493
473 497
473 499
474 476
474 478
474 488
474 493
475 476
475 478
475 487
475 489
475 492
475 493
476 481
476 486
476 487
476 490
476 491
476 492
476 495
477 479
477 480
477 481
477 485
477 490
477 495
477 497
477 498
477 499
478 480
478 483
478 489
478 495
478 497
478 498
479 483
479 485
479 489
479 491
479 496
480 482
480 491
480 492
480 497
481 487
481 493
481 494
481 495
481 496
482 483
482 485
482 489
482 495
482 498
484 488
484 493
485 487
485 496
486 488
486 493
486 494
487 488
487 493
487 496
488 490
488 495
488 496
488 497
489 495
490 493
490 498
490 499
491 492
491 493
491 494
491 498
491 499
492 498
493 495
493 496
493 499
495 496
496 497
497 499
498 499
