0 1
0 2
0 5
0 11
0 19
0 23
0 28
0 34
0 35
0 40
0 42
0 43
0 83
0 293
0 443
1 6
1 7
1 9
1 11
1 16
1 22
1 28
1 32
1 33
1 34
1 37
1 39
1 48
1 369
1 426
2 3
2 7
2 8
2 12
2 15
2 16
2 17
2 18
2 24
2 26
2 31
2 39
2 42
2 45
2 46
2 419
2 427
3 11
3 14
3 16
3 20
3 37
3 46
3 154
3 265
3 297
3 252
3 346
3 383
3 470
4 9
4 13
4 21
4 30
4 32
4 35
4 36
4 41
4 42
4 302
5 29
5 37
5 40
5 43
5 297
6 19
6 22
6 40
6 45
6 149
6 159
6 446
7 8
7 9
7 11
7 15
7 19
7 23
7 25
7 34
7 46
7 47
7 48
7 389
7 434
8 16
8 25
8 28
8 30
8 33
8 42
8 45
8 47
8 175
9 26
9 27
9 33
9 42
9 44
9 45
9 163
10 15
10 17
10 24
10 25
10 26
10 33
10 35
10 38
10 42
10 43
10 45
10 46
10 47
10 456
10 459
11 19
11 22
11 40
11 43
11 49
11 143
11 174
12 21
12 24
12 31
12 36
12 37
12 38
12 39
12 44
12 45
12 48
12 69
12 159
12 189
12 294
12 372
13 33
13 34
13 36
13 38
13 42
13 46
13 83
13 188
13 295
14 16
14 18
14 22
14 29
14 32
14 36
14 296
14 387
15 20
15 24
15 29
15 30
15 40
15 43
15 46
15 91
16 17
16 19
16 26
16 32
16 34
16 36
16 38
16 41
16 47
16 48
16 124
17 21
17 27
17 30
17 33
17 36
17 39
17 40
17 183
17 407
18 25
18 46
18 121
18 341
18 384
18 361
19 24
19 271
20 42
20 202
20 472
21 27
21 31
21 35
21 40
21 46
21 48
21 90
21 174
22 34
22 35
22 38
22 43
22 48
22 83
22 243
22 376
23 24
23 26
23 27
23 33
23 34
23 35
23 48
23 289
24 32
24 35
24 37
24 47
24 49
24 106
25 34
25 41
26 27
26 28
26 29
26 32
26 43
26 46
26 47
26 48
26 492
27 43
28 29
28 31
28 35
28 36
28 40
28 43
28 44
28 45
28 46
28 105
28 227
28 481
29 36
29 37
29 42
30 33
30 36
30 40
30 42
30 43
30 45
30 47
30 246
30 250
31 34
31 35
31 39
31 41
31 44
31 45
31 47
31 49
31 106
31 118
31 156
31 391
31 377
32 41
32 42
32 49
32 80
32 182
33 38
33 48
33 88
33 315
33 360
33 457
34 36
34 37
34 38
34 43
34 48
34 165
34 223
35 42
35 46
35 172
35 253
35 371
36 37
36 39
36 48
36 49
36 221
36 398
37 45
37 137
37 227
37 290
38 41
38 43
38 154
38 415
38 464
39 48
39 186
39 238
40 47
40 49
40 75
40 157
40 281
40 492
41 43
41 46
41 62
41 320
41 430
42 43
42 44
42 145
42 118
42 240
42 302
43 47
43 225
43 288
43 403
44 46
44 49
44 171
44 235
44 278
45 47
45 48
45 163
45 383
45 481
46 219
47 183
47 193
47 415
47 423
48 215
49 214
49 489
50 51
50 53
50 56
50 70
50 86
50 87
50 91
50 98
50 224
51 54
51 55
51 57
51 67
51 68
51 71
51 77
51 79
51 85
51 88
51 97
51 287
51 341
51 358
52 54
52 58
52 59
52 63
52 66
52 69
52 70
52 71
52 77
52 84
52 92
52 94
52 337
52 347
52 355
53 56
53 58
53 68
53 78
53 86
53 91
53 93
53 178
54 61
54 62
54 78
54 80
55 67
55 68
55 73
55 78
55 79
55 91
55 94
55 359
56 57
56 58
56 62
56 64
56 72
56 73
56 74
56 76
56 78
56 85
56 87
56 90
56 96
56 97
56 98
56 118
56 124
56 152
56 166
57 61
57 77
57 80
57 86
57 89
57 91
57 93
57 95
57 314
57 355
57 416
58 62
58 64
58 65
58 68
58 69
58 75
58 76
58 78
58 90
58 93
58 97
58 363
58 432
59 64
59 68
59 75
59 79
59 87
59 92
59 93
59 203
59 278
60 62
60 63
60 64
60 67
60 72
60 74
60 82
60 91
60 97
60 134
60 210
60 447
61 64
61 71
61 73
61 78
61 92
61 93
61 96
61 98
61 229
61 245
62 76
62 83
62 84
62 98
63 66
63 75
63 78
63 84
63 85
63 91
63 98
63 114
63 196
63 244
63 271
63 377
64 87
64 94
64 309
64 383
65 67
65 75
65 91
65 93
65 97
65 207
65 440
66 69
66 70
66 76
66 78
66 81
66 199
67 70
67 79
67 80
67 84
67 86
67 87
67 93
67 410
67 480
68 70
68 72
68 73
68 75
68 81
68 83
68 84
68 90
68 91
68 98
68 294
68 352
69 73
69 74
69 75
69 76
69 85
69 90
69 91
69 427
70 74
70 76
70 86
70 87
70 89
70 93
70 95
70 97
70 272
70 298
70 438
71 73
71 77
71 80
71 81
71 85
71 96
71 215
71 277
71 354
72 76
72 77
72 95
72 96
72 97
72 140
73 78
73 87
73 88
73 99
73 255
74 92
74 93
74 94
74 96
75 78
75 79
75 92
75 96
75 99
75 307
76 79
76 80
76 85
76 99
76 279
76 401
77 79
77 80
77 81
77 83
77 86
77 93
78 91
78 209
78 434
79 85
79 266
79 311
80 81
80 82
80 83
80 99
80 329
81 88
81 93
81 95
81 221
81 222
81 389
82 86
82 96
82 97
82 99
82 135
82 328
82 398
83 84
83 85
83 90
83 93
83 98
83 342
83 345
83 471
84 87
84 91
84 94
84 99
84 304
85 88
85 89
85 91
85 93
86 88
86 89
86 91
86 94
86 96
86 249
86 314
87 88
87 94
87 96
88 94
88 95
88 99
88 133
89 92
89 93
89 96
89 99
89 118
89 176
89 249
90 240
90 454
91 94
91 95
91 97
91 400
92 97
92 99
92 269
93 98
93 292
93 328
93 441
93 494
94 435
95 96
96 446
97 229
98 220
99 195
99 348
128 134
128 142
128 143
128 101
128 117
128 126
128 127
128 236
129 130
129 131
129 133
129 138
129 140
129 143
129 148
129 100
129 109
129 117
129 124
129 125
129 126
129 253
130 131
130 135
130 143
130 149
130 100
130 110
130 111
130 112
130 114
130 117
130 123
130 126
130 157
131 133
131 142
131 145
131 148
131 102
131 107
131 108
131 120
131 178
131 240
131 284
131 451
132 135
132 140
132 144
132 146
132 104
132 105
132 109
132 110
133 136
133 139
133 140
133 145
133 146
133 149
133 103
133 108
133 116
133 117
133 122
133 124
134 143
134 144
134 147
134 149
134 107
134 116
134 127
134 478
135 144
135 100
135 105
135 112
135 113
135 116
135 118
135 121
135 124
135 127
135 340
136 141
136 111
136 120
136 122
136 125
137 142
137 144
137 114
137 120
137 121
137 122
137 126
137 421
138 141
138 142
138 100
138 101
138 108
138 109
138 110
138 113
138 122
138 127
138 325
138 327
139 144
139 148
139 106
139 108
139 109
139 114
139 116
139 123
139 126
139 127
139 366
140 104
140 115
140 118
140 119
140 127
140 234
140 317
141 101
141 102
141 103
141 107
141 112
141 117
141 123
141 126
141 127
141 391
141 476
142 103
142 105
142 117
142 125
142 197
142 470
143 144
143 145
143 149
143 109
143 110
143 114
143 117
143 124
143 127
143 223
143 348
143 408
143 431
144 145
144 101
144 104
144 105
144 107
144 108
144 109
144 119
144 125
144 127
144 211
144 393
145 148
145 104
145 203
146 103
146 106
146 112
146 113
146 116
146 119
146 193
147 101
147 113
147 127
147 311
147 394
148 108
148 109
148 111
148 113
148 114
148 122
148 494
149 100
149 103
149 107
149 109
149 110
149 124
149 125
149 169
149 399
149 402
100 103
100 104
100 105
100 113
100 115
100 121
100 321
101 112
101 185
102 106
102 108
102 113
102 114
102 116
102 119
102 249
102 466
102 499
103 104
103 109
103 112
103 238
103 302
104 125
105 109
105 115
105 116
105 118
105 124
105 127
105 413
106 110
106 112
106 115
106 116
106 121
106 125
106 127
106 317
106 455
107 111
107 112
107 116
107 180
107 315
107 325
107 331
108 111
108 115
108 123
108 124
108 125
108 127
108 465
109 115
109 121
109 127
109 154
109 476
110 111
110 125
110 206
110 378
111 112
111 113
111 247
111 420
112 113
112 116
112 124
112 126
112 127
112 300
112 355
113 117
113 234
113 385
114 115
114 121
115 117
115 260
116 127
116 287
116 324
116 432
117 119
117 127
117 182
117 370
118 119
118 120
118 123
118 157
118 171
119 122
119 218
119 248
119 456
119 488
120 121
120 122
120 125
120 126
121 122
123 127
124 209
125 126
126 127
127 258
127 314
127 441
127 468
150 161
150 166
150 169
150 175
150 180
150 181
150 187
150 194
150 195
150 197
151 153
151 157
151 159
151 161
151 166
151 169
151 175
151 185
151 186
151 187
151 193
151 195
151 225
151 295
151 313
152 153
152 157
152 161
152 164
152 169
152 175
152 176
152 183
152 184
152 185
152 188
152 189
152 194
152 199
152 268
152 344
153 154
153 156
153 166
153 177
153 178
153 180
153 183
153 191
153 196
153 199
153 373
154 179
154 182
154 190
154 192
154 193
154 195
154 198
154 199
154 240
154 385
154 350
154 376
155 156
155 159
155 162
155 167
155 171
155 185
155 189
155 194
155 195
155 197
155 246
155 460
156 161
156 177
156 179
156 181
156 197
156 198
156 287
156 406
156 474
157 158
157 164
157 165
157 167
157 180
157 187
157 191
157 193
157 195
158 160
158 169
158 177
158 179
158 185
158 189
158 197
158 215
159 162
159 167
159 168
159 169
159 171
159 183
159 185
159 186
159 194
159 198
159 266
160 162
160 164
160 165
160 166
160 172
160 174
160 177
160 178
160 193
160 196
160 198
161 165
161 171
161 172
161 174
161 177
161 179
161 180
161 183
161 196
161 197
161 383
161 440
162 163
162 166
162 170
162 195
162 418
162 430
163 167
163 178
163 181
163 183
163 185
163 187
163 188
163 189
163 199
163 344
164 171
164 174
164 184
164 185
164 186
165 175
165 178
165 179
165 186
165 190
165 197
165 198
165 425
166 168
166 171
166 172
166 175
166 185
166 186
166 188
166 194
166 387
167 173
167 176
167 183
167 185
167 193
167 383
168 169
168 184
168 187
168 191
168 192
168 198
168 392
169 173
169 174
169 176
169 177
169 183
169 195
170 172
170 176
170 180
170 184
170 185
170 186
170 195
170 196
170 280
171 173
171 175
171 185
171 188
171 191
171 224
171 247
171 291
172 174
172 175
172 178
172 180
172 184
172 186
172 188
172 192
172 193
172 198
172 392
172 355
173 175
173 180
173 182
173 185
173 188
173 193
173 194
174 178
174 181
174 185
174 187
174 189
174 191
174 192
174 196
174 199
175 183
175 190
175 191
175 195
175 199
175 306
175 381
176 177
176 180
176 181
176 186
176 193
176 195
176 197
176 203
177 196
177 287
177 346
177 397
178 186
178 187
178 191
178 192
178 236
179 181
179 183
179 188
179 192
179 199
179 322
179 442
179 450
180 183
180 189
180 197
181 199
182 186
182 188
182 199
182 448
183 186
183 188
183 193
183 197
183 305
184 186
184 194
184 196
184 198
184 372
185 191
185 194
185 197
185 225
185 352
185 410
185 415
186 188
186 190
186 191
186 193
186 409
186 453
186 463
186 479
187 188
187 192
187 195
187 198
187 380
188 190
188 191
188 193
188 197
188 241
188 279
188 346
189 192
189 194
189 224
189 275
189 452
190 191
190 230
190 352
191 192
191 195
191 197
191 333
191 386
192 197
192 199
192 239
193 263
194 435
195 199
195 472
196 198
196 280
197 198
197 199
197 445
198 366
199 428
199 497
200 203
200 213
200 220
200 223
200 224
200 227
200 231
200 237
200 243
200 245
200 248
200 249
201 209
201 210
201 211
201 216
201 217
201 218
201 224
201 225
201 228
201 232
201 237
201 238
201 239
202 211
202 217
202 221
202 225
202 227
202 228
202 229
202 233
202 237
202 239
202 241
202 242
202 246
203 222
203 223
203 225
203 228
203 233
203 238
203 247
204 208
204 209
204 210
204 218
204 231
204 240
204 249
205 207
205 233
205 234
205 235
205 238
205 274
205 307
205 333
205 469
206 211
206 213
206 215
206 223
206 225
206 228
206 229
206 239
206 242
206 244
206 245
206 283
206 396
207 208
207 211
207 216
207 229
207 231
207 236
207 246
207 472
208 214
208 223
208 229
208 230
208 233
208 239
208 249
208 427
208 479
209 210
209 211
209 214
209 215
209 222
209 224
209 229
209 230
209 233
209 240
210 221
210 224
210 233
210 244
210 246
210 457
211 212
211 214
211 224
211 225
211 240
211 242
212 219
212 223
212 230
212 234
212 240
212 242
212 243
212 245
212 248
212 315
212 340
213 220
213 222
213 224
213 226
213 238
213 243
213 245
213 316
214 217
214 227
214 228
214 229
214 239
214 245
214 248
214 304
214 342
215 216
215 228
215 238
215 242
215 245
215 247
215 483
216 233
216 236
216 240
216 242
216 244
216 248
216 466
217 218
217 219
217 220
217 221
217 231
217 240
217 245
217 246
217 336
218 226
218 231
218 240
218 246
218 248
218 263
218 361
219 231
219 235
219 246
219 453
220 228
220 231
220 242
220 249
221 225
221 230
221 238
221 241
221 355
222 227
222 231
222 232
222 279
222 330
222 377
222 404
223 225
223 233
223 237
223 241
223 245
223 248
223 302
224 227
224 232
224 235
224 445
224 462
224 468
224 492
225 228
225 232
225 236
225 237
225 242
225 397
226 232
226 242
226 246
226 282
227 229
227 232
227 241
227 248
228 230
228 235
228 236
228 240
228 276
228 499
229 239
229 240
229 454
230 234
230 241
230 247
230 248
231 232
231 233
231 234
231 244
231 248
231 279
232 235
232 239
232 242
232 243
232 244
232 247
232 488
233 234
233 247
233 249
233 258
234 237
234 244
234 249
234 401
234 430
235 240
235 243
235 245
235 329
235 336
236 237
236 263
236 456
237 244
237 248
237 453
238 249
238 335
238 465
238 494
239 241
239 247
239 254
239 378
240 245
240 320
241 247
242 246
242 282
242 354
243 246
243 247
243 334
243 459
243 492
244 249
244 265
244 295
244 399
245 248
246 249
247 248
247 260
248 391
248 465
249 398
249 467
256 258
256 260
256 261
256 262
256 269
256 274
256 277
256 278
256 284
256 290
256 255
257 265
257 267
257 281
257 282
257 285
257 298
257 324
258 260
258 264
258 272
258 288
258 289
258 291
258 294
258 250
258 253
258 323
258 440
259 260
259 265
259 268
259 274
259 275
259 286
259 296
259 298
259 250
259 251
260 263
260 272
260 273
260 276
260 280
260 254
260 386
260 462
261 264
261 272
261 275
261 276
261 278
261 279
261 283
261 286
261 296
261 299
261 251
261 347
261 400
261 474
262 265
262 267
262 273
262 276
262 282
262 285
262 287
262 290
262 296
262 299
262 465
263 272
263 274
263 281
263 297
263 299
263 251
263 411
264 268
264 278
264 288
264 293
264 251
264 255
264 359
264 401
264 492
265 272
265 273
265 274
265 275
265 286
265 289
265 292
265 297
265 299
265 251
265 254
265 255
265 341
265 397
265 496
266 269
266 274
266 276
266 284
266 253
267 279
267 280
267 287
267 294
267 296
268 272
268 275
268 281
268 287
268 288
268 295
268 296
268 251
268 345
269 270
269 279
269 287
269 297
269 252
269 430
270 273
270 280
270 281
270 290
270 292
270 297
270 299
270 253
270 255
270 418
271 274
271 277
271 284
271 286
271 287
271 250
271 251
271 253
272 273
272 274
272 275
272 287
272 295
272 299
272 251
272 376
272 426
273 284
273 285
273 286
273 289
273 294
273 297
274 285
274 299
274 250
274 253
274 255
274 323
275 280
275 284
275 288
275 291
275 297
275 298
275 254
275 309
276 280
276 285
276 287
276 293
276 294
276 298
276 299
276 250
276 253
277 278
277 279
277 280
277 282
277 288
277 296
277 298
277 299
277 250
277 253
277 440
278 279
278 281
278 288
278 289
278 297
278 299
278 252
278 398
279 283
279 285
279 287
279 288
279 251
279 413
280 284
280 291
280 298
280 299
280 253
281 282
281 287
281 289
281 290
281 250
281 254
281 255
282 287
282 290
282 294
282 296
282 299
283 287
283 288
283 291
283 332
283 372
284 294
284 298
284 255
284 386
285 288
285 289
285 295
285 296
285 324
286 288
286 291
286 296
286 251
286 255
287 299
287 250
287 252
287 254
287 316
287 427
287 431
288 445
289 290
289 292
289 293
289 297
289 251
289 255
290 291
290 292
290 298
290 253
291 293
291 294
291 298
291 250
291 395
292 293
292 295
292 298
292 250
292 251
292 253
292 255
292 386
293 252
293 326
293 410
294 250
294 255
294 358
294 497
295 297
295 298
295 255
295 307
295 433
296 484
297 255
297 387
297 478
298 251
299 250
299 413
299 461
250 254
250 471
251 252
251 253
251 322
252 482
253 351
300 303
300 310
300 311
300 323
300 325
300 330
300 336
300 341
300 346
300 362
300 434
301 306
301 308
301 319
301 323
301 327
301 329
301 330
301 331
301 335
301 336
301 341
301 342
301 343
301 347
301 386
302 317
302 320
302 322
302 324
302 327
302 331
302 338
302 343
303 306
303 308
303 314
303 317
303 320
303 329
303 331
303 334
304 305
304 309
304 312
304 316
304 329
304 336
304 337
304 338
304 374
305 312
305 318
305 319
305 337
305 341
305 347
306 320
306 324
306 328
306 342
306 345
307 314
307 315
307 317
307 323
307 330
307 331
307 340
307 342
307 344
308 314
308 318
308 327
308 339
308 349
308 397
308 409
309 312
309 313
309 316
309 318
309 321
309 326
309 328
309 329
309 330
309 331
309 338
309 349
310 312
310 316
310 317
310 340
310 345
310 348
310 374
310 447
311 314
311 324
311 327
311 336
311 337
311 346
311 348
311 349
312 315
312 325
312 329
312 330
312 337
312 339
312 341
312 342
312 343
312 346
313 316
313 328
313 331
313 345
314 316
314 318
314 325
314 329
314 332
314 339
314 342
314 347
314 348
315 330
315 331
315 335
315 336
315 340
315 341
315 342
315 344
316 319
316 324
316 325
316 329
316 339
316 346
316 347
316 349
317 318
317 326
317 330
317 331
317 333
317 342
317 344
317 349
317 391
317 396
318 319
318 329
318 331
318 336
319 320
319 321
319 329
319 332
319 336
319 341
319 401
319 487
320 331
320 332
320 334
320 336
320 337
320 343
320 346
321 324
321 335
321 336
321 412
322 324
322 328
322 329
322 332
322 333
322 345
322 394
322 445
323 325
323 326
323 340
324 326
324 327
324 334
324 342
324 347
325 326
325 332
325 340
325 345
326 329
326 336
326 337
326 342
326 344
327 332
327 333
327 335
327 336
327 348
328 332
328 337
328 343
328 347
329 334
329 343
329 346
329 347
329 388
329 441
330 338
330 340
330 343
330 344
330 345
330 347
330 389
330 393
330 397
331 342
332 337
332 339
333 335
333 339
333 340
333 343
333 346
333 366
333 443
334 335
334 336
334 337
334 342
334 346
335 338
335 349
336 337
336 338
336 340
336 341
336 343
336 344
337 339
337 340
337 341
338 483
339 340
339 346
339 348
339 464
340 341
340 345
340 346
340 375
340 431
341 342
341 344
341 345
342 344
342 347
342 426
343 344
344 345
344 346
345 346
345 401
349 460
349 477
384 385
384 388
384 391
384 398
384 353
384 356
384 358
384 363
384 375
385 391
385 352
385 356
385 357
385 363
385 365
385 367
385 370
385 375
385 376
385 377
385 379
385 382
386 352
386 356
386 362
386 378
387 350
387 352
387 353
387 359
387 366
387 368
387 377
387 380
387 383
388 397
388 398
388 399
388 351
388 353
388 374
388 383
388 434
389 351
389 354
389 358
389 367
389 371
389 376
389 379
389 381
390 364
390 374
390 375
390 376
390 377
390 378
390 380
391 396
391 350
392 398
392 357
392 358
392 363
392 367
392 368
392 369
392 380
392 381
392 470
393 351
393 357
393 358
393 359
393 364
393 366
393 369
393 375
393 380
394 354
394 355
394 357
394 368
394 380
394 383
395 397
395 398
395 350
395 352
395 362
395 364
395 367
395 375
395 380
396 399
396 350
396 351
396 354
396 362
396 364
396 370
396 373
396 375
396 379
397 350
397 355
397 363
397 369
397 375
397 499
398 399
398 360
398 362
398 364
398 370
398 373
398 381
399 352
399 353
399 363
399 364
399 371
399 373
399 374
399 375
399 377
399 379
399 380
399 383
399 478
350 352
350 356
350 358
350 359
350 366
350 370
350 372
350 373
350 376
351 353
351 354
351 358
351 359
351 361
351 365
351 367
351 381
351 382
352 358
352 368
352 373
352 376
352 380
353 357
353 364
353 365
353 370
353 373
353 375
353 378
353 446
354 365
354 370
354 374
354 375
354 377
354 380
354 410
355 360
355 361
355 368
355 371
355 374
355 376
355 377
355 379
356 371
356 372
356 373
356 377
356 435
356 449
357 359
357 363
357 368
357 372
357 374
358 365
358 368
358 370
358 379
359 362
359 370
359 375
359 377
359 381
359 383
359 486
360 361
360 363
360 365
360 375
360 376
360 381
361 368
361 369
361 370
361 383
361 494
362 367
362 368
362 371
362 375
362 378
362 379
363 369
363 376
363 382
363 407
364 373
364 376
364 377
364 383
365 375
365 382
366 371
366 380
366 381
366 382
366 437
367 370
367 371
367 374
367 378
367 382
367 383
368 371
368 377
368 379
368 382
368 383
369 372
369 373
369 383
369 439
370 372
370 377
370 381
370 383
371 377
371 378
371 379
372 377
372 382
373 377
373 378
373 424
375 379
375 473
376 378
376 379
377 381
377 382
378 379
378 382
379 382
380 382
381 382
381 457
382 421
382 459
383 418
400 402
400 420
400 432
400 436
400 437
400 438
400 444
401 410
401 414
401 415
401 430
401 432
401 434
401 439
401 446
401 448
402 407
402 417
402 422
402 423
402 424
402 428
402 431
402 433
402 434
402 439
402 440
402 449
403 405
403 407
403 410
403 415
403 418
403 420
403 427
403 430
403 438
403 440
403 446
403 449
403 474
404 405
404 413
404 419
404 420
404 422
404 429
404 436
404 437
404 442
404 448
405 407
405 410
405 411
405 414
405 418
405 419
405 424
405 425
405 426
405 435
405 438
405 441
405 444
405 448
406 408
406 418
406 419
406 422
406 423
406 432
406 433
406 434
406 437
406 441
406 447
407 416
407 418
407 423
407 433
407 434
407 438
408 410
408 418
408 419
408 422
408 434
408 437
408 438
409 411
409 413
409 414
409 416
409 417
409 418
409 421
409 424
409 426
409 439
409 443
409 446
409 447
410 416
410 417
410 418
410 419
410 421
410 449
411 415
411 416
411 419
411 421
411 422
411 432
411 437
411 438
411 439
411 447
412 421
412 426
412 435
412 439
412 443
412 449
413 425
413 426
413 429
413 431
413 432
414 422
414 423
414 424
414 427
414 433
414 437
414 440
414 443
415 420
415 424
415 425
415 439
415 441
415 444
415 475
416 418
416 421
416 425
416 440
416 443
416 447
417 419
417 422
417 426
417 430
417 431
417 433
417 446
418 422
418 423
418 424
418 428
418 430
418 441
418 444
418 448
419 432
419 440
420 421
420 427
420 428
420 430
420 432
420 433
420 434
420 438
420 447
421 422
421 423
421 425
421 426
421 429
421 433
421 441
421 443
421 446
421 449
422 427
422 434
422 442
422 444
422 446
423 425
423 437
423 438
423 440
423 446
423 447
424 433
424 439
424 443
425 427
425 431
425 443
425 471
426 431
426 432
426 435
426 436
426 446
426 448
427 444
427 445
427 447
428 431
428 432
428 439
428 447
429 434
429 443
429 446
429 462
429 464
430 439
430 442
430 443
431 434
431 435
431 437
431 438
431 439
431 440
431 444
432 439
432 443
432 449
433 435
433 449
434 440
434 443
434 445
435 436
435 437
435 441
435 442
435 445
435 446
436 449
437 445
437 449
438 444
438 449
439 445
439 449
440 442
441 443
441 444
441 445
441 449
442 444
442 448
442 449
443 444
443 457
444 446
444 491
445 449
446 447
446 449
447 448
447 482
449 499
450 453
450 477
450 479
450 480
450 482
450 484
450 486
450 493
450 498
451 458
451 461
451 464
451 469
451 481
451 482
451 490
452 463
452 482
452 486
452 488
452 489
453 454
453 456
453 463
453 465
453 467
453 469
453 472
453 481
453 482
453 499
454 457
454 459
454 478
454 481
454 486
454 488
454 493
454 496
455 458
455 461
455 468
455 470
455 473
455 482
455 485
455 498
456 457
456 459
456 468
456 472
456 474
456 475
456 479
456 487
456 488
456 491
456 494
456 496
456 499
457 461
457 462
457 465
457 469
457 473
457 475
457 480
457 482
457 483
457 487
457 489
457 492
457 498
458 463
458 464
458 470
458 477
458 480
458 482
458 484
458 493
458 494
458 498
459 463
459 467
459 472
459 477
459 486
459 489
459 491
459 492
460 461
460 462
460 463
460 464
460 465
460 474
460 482
460 495
460 496
460 498
461 463
461 467
461 473
461 475
461 477
461 482
461 490
461 494
462 468
462 475
462 479
462 482
462 484
462 486
462 487
462 490
463 465
463 480
463 483
463 485
463 486
463 487
463 494
464 466
464 468
464 470
464 471
464 472
464 477
464 478
464 479
465 468
465 472
465 476
465 490
465 493
465 495
466 470
466 474
466 487
466 488
466 498
467 469
467 471
467 475
467 476
467 479
467 484
467 487
467 494
468 477
468 478
468 481
468 485
468 489
468 494
468 495
468 496
469 470
469 475
469 476
469 477
469 478
469 488
469 491
469 493
469 499
470 478
470 479
470 480
470 481
471 481
471 486
471 495
472 478
472 479
472 481
472 484
472 486
472 487
472 495
472 498
473 484
473 491
474 476
474 495
475 477
475 478
475 479
475 487
475 494
475 497
476 478
476 481
476 486
476 488
476 489
476 492
476 493
476 495
476 499
477 483
477 492
477 496
479 484
479 489
479 498
480 481
480 488
480 499
481 482
481 485
481 493
482 494
482 498
483 489
483 498
483 499
484 487
484 489
484 491
484 497
484 498
484 499
485 486
485 487
485 491
485 496
485 497
486 491
486 493
486 497
487 490
487 496
487 497
487 499
488 495
488 499
489 490
489 499
492 498
493 494
493 498
495 498
496 497
