0 3
0 6
0 12
0 13
0 25
0 27
0 33
0 46
0 48
0 229
1 7
1 12
1 22
1 27
1 28
1 32
1 40
1 43
1 44
2 6
2 12
2 15
2 17
2 20
2 21
2 23
2 28
2 29
2 33
2 40
2 42
3 4
3 6
3 8
3 9
3 12
3 13
3 23
3 24
3 30
3 43
3 88
3 124
3 450
4 15
4 19
4 27
4 39
4 41
4 48
5 14
5 17
5 19
5 21
5 31
5 43
5 381
6 8
6 17
6 23
6 24
6 26
6 27
6 31
6 33
6 43
6 47
6 79
7 8
7 18
7 28
7 30
7 36
7 43
7 46
7 47
7 64
7 360
8 13
8 21
8 28
8 34
8 35
8 39
8 42
8 43
8 44
8 49
9 23
9 28
9 30
9 32
9 33
9 41
10 11
10 15
10 19
10 23
10 25
10 31
10 32
10 34
10 36
10 46
10 47
11 17
11 20
11 21
12 14
12 15
12 20
12 21
12 31
12 35
12 39
12 40
12 41
12 48
12 62
12 162
13 21
13 28
13 30
13 31
13 34
13 37
13 39
13 43
13 47
14 20
14 25
14 33
14 47
14 49
15 22
15 27
15 33
15 39
15 42
15 43
15 45
15 65
16 18
16 19
16 21
16 27
16 29
16 43
16 44
16 46
17 18
17 20
17 32
17 40
17 42
17 43
17 44
18 19
18 24
18 25
18 26
18 35
18 38
18 48
18 49
19 23
19 26
19 29
19 32
19 37
19 39
19 41
20 27
20 30
20 31
20 33
20 35
20 36
20 37
20 38
20 40
20 44
20 45
20 47
21 28
21 29
21 35
21 40
21 43
21 49
22 24
22 25
22 26
22 32
22 37
22 40
22 46
22 48
23 26
23 29
23 39
23 45
23 138
24 25
24 27
24 35
24 37
24 42
24 43
24 49
25 34
25 36
25 40
25 44
26 28
27 28
27 30
27 32
27 34
27 36
27 41
28 33
28 34
28 41
28 49
29 38
29 42
29 46
29 254
30 40
30 41
30 46
30 377
31 33
31 34
31 41
32 36
32 46
32 48
33 36
33 40
33 41
33 45
33 47
34 45
34 178
34 329
34 437
35 37
35 39
35 40
35 204
36 37
36 45
36 47
36 477
37 39
37 40
37 48
38 43
39 43
39 49
40 41
40 49
40 396
41 45
41 489
42 47
42 117
43 46
44 45
44 48
44 453
45 48
45 49
46 47
47 485
48 229
50 60
50 63
50 64
50 67
50 73
50 76
50 80
50 97
50 98
51 55
51 73
51 91
51 95
52 60
52 71
52 76
52 78
52 87
52 91
52 92
52 94
52 99
53 58
53 59
53 63
53 66
53 67
53 69
53 72
53 79
53 86
53 87
53 95
53 98
53 275
53 361
54 55
54 59
54 60
54 64
54 82
54 93
54 133
55 62
55 78
55 80
55 87
55 88
55 89
55 90
55 91
55 95
55 253
56 57
56 59
56 63
56 69
56 70
56 78
56 80
56 82
56 83
56 84
56 86
56 90
57 64
57 67
57 70
57 90
58 60
58 71
58 74
58 75
58 81
58 86
58 93
58 97
58 99
59 61
59 71
59 72
59 75
59 84
59 96
60 63
60 67
60 73
60 75
60 76
60 80
60 81
60 98
61 64
61 73
61 85
61 90
61 95
61 116
62 66
62 72
62 75
62 84
62 88
63 67
63 68
63 71
63 73
63 75
63 78
63 86
63 93
63 99
64 75
64 76
64 77
64 79
64 82
64 86
64 90
64 93
64 99
65 66
65 67
65 69
65 77
65 78
65 85
65 91
65 308
66 73
66 74
66 78
66 79
66 84
66 87
66 94
66 98
66 144
67 76
67 77
67 78
67 85
67 86
67 92
67 97
68 69
68 87
68 88
68 91
68 92
68 93
68 96
69 70
69 72
69 83
69 87
69 93
69 97
70 72
70 78
70 93
70 96
71 72
71 78
71 79
71 82
71 83
71 85
71 86
71 94
71 96
72 76
72 80
72 88
72 89
72 94
72 95
73 74
73 89
73 95
73 96
73 288
73 473
74 76
74 81
74 82
74 95
74 96
74 97
75 82
75 88
75 95
75 96
76 80
76 82
77 78
77 87
77 98
77 208
78 79
78 84
79 80
79 84
79 93
79 384
80 86
80 87
80 88
81 86
81 94
81 98
81 242
81 289
82 86
82 87
82 88
82 92
82 98
83 84
83 86
83 90
83 94
83 99
84 94
84 99
85 86
85 89
85 90
85 91
86 94
86 95
86 98
86 169
87 88
88 89
88 91
88 92
88 94
89 91
89 93
90 336
91 94
91 96
92 93
92 94
93 95
93 360
94 97
94 98
94 196
94 311
95 278
128 130
128 131
128 133
128 135
128 136
128 137
128 142
128 143
128 148
128 100
128 101
128 102
128 105
128 111
128 114
128 115
128 126
128 127
129 136
129 140
129 141
129 147
129 100
129 103
129 108
129 112
129 117
129 121
129 127
129 222
129 390
130 144
130 145
130 147
130 103
130 104
130 107
130 111
130 116
130 117
130 118
130 122
131 113
131 116
131 118
131 122
131 124
131 125
132 141
132 142
132 148
132 102
132 112
132 113
132 116
132 123
132 126
132 127
133 135
133 136
133 142
133 147
133 114
133 118
133 123
133 126
134 136
134 142
134 143
134 146
134 107
134 113
134 120
134 122
135 139
135 148
135 102
135 104
135 107
135 109
135 113
135 120
135 121
136 101
136 102
136 104
136 112
136 122
136 126
137 142
137 147
137 148
137 103
137 107
137 113
137 116
137 119
137 127
137 273
138 145
138 148
138 103
138 107
138 109
138 113
138 120
138 123
138 126
138 246
139 143
139 147
139 111
139 112
139 115
139 120
139 123
139 125
140 145
140 117
140 123
140 399
141 145
141 147
141 149
141 101
141 106
141 107
141 112
141 118
141 122
141 127
142 147
142 148
142 149
142 100
142 102
142 104
142 111
142 126
142 127
142 233
143 144
143 145
143 146
143 108
143 110
143 115
143 116
143 117
143 120
144 147
144 148
144 109
144 117
144 121
144 123
144 124
144 125
144 126
145 147
145 100
145 102
145 103
145 109
145 111
145 118
145 122
145 124
145 126
146 107
146 108
146 112
146 114
146 118
146 126
147 120
147 122
147 126
148 101
148 102
148 112
148 115
148 125
149 100
149 118
149 120
149 121
149 123
149 125
149 177
100 103
100 113
100 115
100 121
100 230
101 111
101 115
101 125
101 372
102 103
102 104
102 107
102 111
102 400
103 104
103 113
103 119
104 109
104 112
104 119
104 123
105 107
105 108
105 110
105 113
105 122
105 125
105 127
106 108
106 115
106 117
106 119
106 122
106 123
106 124
106 213
106 217
107 108
107 113
107 117
107 125
107 126
108 109
108 111
108 119
108 123
109 110
109 118
109 126
109 258
110 111
110 112
110 116
110 121
110 125
111 115
111 117
111 120
111 122
111 123
112 121
112 124
112 125
112 127
113 117
113 119
113 124
113 125
114 118
114 121
114 122
114 125
114 127
115 120
115 121
115 123
116 121
116 236
117 118
118 124
118 125
119 124
119 126
120 121
120 124
120 126
121 122
123 125
123 127
124 125
126 156
150 154
150 172
150 174
150 186
150 192
150 225
150 272
151 153
151 154
151 159
151 179
151 181
151 182
151 183
151 185
151 196
151 198
151 199
152 160
152 165
152 167
152 173
152 177
152 181
152 188
152 190
152 276
153 155
153 158
153 159
153 166
153 168
153 184
153 188
153 190
153 191
153 194
153 198
153 199
154 162
154 164
154 167
154 171
154 173
154 186
154 190
154 193
154 195
154 196
154 197
154 198
155 156
155 158
155 167
155 172
155 176
155 180
155 190
155 191
155 194
155 198
156 158
156 164
156 165
156 166
156 177
156 181
156 184
156 190
156 192
156 199
157 161
157 167
157 176
157 180
157 189
157 190
157 194
157 197
158 160
158 166
158 173
158 182
158 184
158 186
158 190
158 194
159 160
159 168
159 172
159 174
159 183
159 186
159 189
160 169
160 180
160 181
160 186
160 193
160 197
161 166
161 167
161 168
161 174
161 175
161 180
161 184
161 186
161 187
161 190
161 191
161 198
162 168
162 172
162 181
162 182
162 183
163 167
163 171
163 173
163 182
163 184
163 190
163 196
163 330
163 456
164 165
164 172
164 174
165 171
165 172
165 173
165 178
165 190
165 191
165 195
165 196
166 177
166 179
166 181
166 185
166 186
166 193
166 194
167 181
167 182
167 186
167 187
167 189
167 190
167 194
167 198
167 257
168 170
168 179
168 180
168 191
168 192
168 198
169 173
169 182
169 190
169 191
169 199
170 171
170 183
170 184
170 185
170 194
171 172
171 173
171 177
171 181
171 183
171 185
172 177
172 181
172 192
173 174
173 176
173 193
173 195
173 196
173 198
174 175
174 179
174 181
174 183
174 186
174 187
174 189
174 190
175 178
175 180
175 183
175 184
175 187
175 188
176 184
176 186
176 190
176 195
176 198
177 179
177 183
177 186
177 193
177 195
177 198
178 179
178 184
178 198
178 471
179 185
179 186
179 193
179 380
180 181
180 186
180 198
180 227
180 429
181 184
181 186
181 187
181 190
181 193
181 329
182 186
182 188
182 190
182 191
182 199
183 193
183 197
183 387
184 189
184 191
184 197
184 198
184 199
185 188
185 189
186 190
186 197
186 198
187 190
188 193
188 198
189 197
189 198
190 193
190 194
190 196
190 197
191 195
191 196
192 441
194 198
194 321
195 385
197 198
198 486
200 206
200 208
200 209
200 216
200 225
200 232
200 234
200 235
200 237
200 246
201 202
201 204
201 205
201 210
201 211
201 213
201 220
201 224
201 228
201 233
201 235
201 247
201 248
201 249
202 203
202 207
202 210
202 215
202 216
202 219
202 221
202 231
202 236
202 241
202 244
202 247
202 249
202 331
203 211
203 222
203 226
203 227
203 241
203 246
204 210
204 215
204 225
204 234
204 244
204 246
204 247
205 208
205 210
205 214
205 219
205 224
205 238
205 240
205 245
205 246
205 249
206 211
206 220
206 222
206 227
206 230
206 231
206 233
206 235
206 242
206 245
207 209
207 211
207 216
207 218
207 224
207 226
207 231
207 235
207 243
207 246
207 248
208 212
208 216
208 229
208 230
208 239
208 248
208 249
208 334
209 219
209 220
209 221
209 223
209 241
210 235
210 243
210 245
210 249
210 420
211 218
211 222
211 225
211 230
211 233
211 234
211 248
212 215
212 220
212 224
212 230
212 233
212 236
212 238
212 241
212 244
213 216
213 218
213 221
213 225
213 238
213 243
213 247
213 248
214 217
214 221
214 224
214 225
214 232
214 463
215 220
215 221
215 222
215 227
215 233
215 246
216 227
216 237
216 238
216 239
216 244
216 248
217 232
218 219
218 232
218 234
218 237
218 239
218 241
219 233
219 237
219 243
219 244
219 246
219 247
220 224
220 229
220 239
220 247
220 248
221 223
221 224
221 225
221 226
221 227
221 230
221 231
221 232
221 233
221 237
221 246
221 248
222 226
222 230
222 245
222 247
223 236
223 242
223 243
223 248
223 406
224 232
224 237
224 241
224 246
224 441
225 226
225 229
225 233
225 243
225 248
226 236
226 237
226 248
227 228
227 231
227 235
227 236
227 238
227 241
227 493
228 230
228 240
229 231
229 232
229 233
229 234
229 241
229 243
229 249
229 264
230 237
230 305
231 232
231 233
231 237
231 242
231 245
231 246
231 419
232 247
233 237
233 242
233 248
233 249
234 236
234 239
234 243
234 248
236 240
236 242
237 238
237 239
237 241
237 247
238 239
238 242
238 244
239 243
239 246
240 242
240 274
241 242
241 243
243 300
244 370
245 249
245 387
247 248
248 249
256 258
256 260
256 268
256 291
256 295
256 299
256 254
257 262
257 265
257 268
257 270
257 279
257 281
257 288
257 290
257 298
257 251
257 252
257 254
258 266
258 268
258 251
259 262
259 275
259 279
259 296
259 250
259 251
259 252
260 264
260 266
260 269
260 272
260 277
260 278
260 289
260 292
260 297
260 298
261 285
261 289
261 293
261 294
261 299
261 250
261 252
261 254
262 267
262 272
262 276
262 280
262 283
262 252
262 253
262 254
263 272
263 279
263 280
263 281
263 293
263 250
264 268
264 270
264 296
264 251
264 254
265 269
265 291
265 294
265 254
266 272
266 276
266 280
266 283
266 284
266 291
266 299
266 254
267 271
267 275
267 278
267 283
267 284
267 288
267 294
268 274
268 275
268 278
268 280
268 286
269 274
269 280
269 281
269 287
269 298
269 252
270 276
270 277
270 279
270 286
270 287
270 288
270 295
270 299
271 277
271 284
271 287
271 294
271 296
271 251
271 253
272 273
272 298
273 276
273 278
273 279
273 285
273 295
273 298
274 278
274 280
274 298
274 299
274 252
274 255
275 277
275 278
275 284
275 286
275 250
275 252
276 279
276 280
276 283
276 285
276 289
276 290
276 292
276 294
276 254
277 286
277 287
277 290
277 292
277 251
277 253
277 255
278 286
278 296
278 297
278 318
278 482
279 281
279 284
279 286
279 296
279 250
280 281
280 295
280 297
280 251
280 254
281 286
281 251
281 253
282 286
282 295
282 297
282 253
283 288
283 291
283 293
283 295
283 440
284 253
284 254
285 286
285 289
285 296
285 254
286 288
286 292
286 295
286 297
286 299
286 251
286 252
286 253
286 417
287 288
287 293
287 297
287 299
287 253
288 291
288 297
288 251
289 290
289 291
289 296
289 299
289 252
289 254
289 347
290 294
290 299
291 295
291 297
292 250
292 254
293 298
293 252
294 295
294 251
294 255
295 297
295 253
295 404
296 299
297 298
297 250
297 252
297 255
298 255
298 400
299 312
250 252
250 255
251 253
253 255
253 340
300 303
300 307
300 313
300 315
300 316
300 318
300 319
300 322
300 324
300 333
300 334
300 338
300 341
300 343
300 347
301 305
301 307
301 317
301 333
301 340
301 343
301 348
301 391
302 303
302 309
302 315
302 324
302 331
302 333
302 336
302 337
303 310
303 329
303 330
303 333
303 344
303 348
304 309
304 314
304 315
304 319
304 322
304 324
304 335
304 340
304 342
304 344
304 346
305 311
305 330
305 332
305 334
305 344
306 307
306 314
306 316
306 318
306 335
306 337
306 348
307 311
307 332
307 347
308 310
308 311
308 313
308 314
308 321
308 322
308 326
308 327
308 332
308 335
308 337
308 341
308 347
309 311
309 319
309 321
309 322
309 326
309 333
309 335
309 339
309 341
309 342
309 347
309 349
310 322
310 323
310 324
310 326
310 327
310 331
310 336
310 341
311 318
311 321
311 323
311 325
311 326
311 329
311 334
311 339
311 340
311 345
311 347
311 448
312 313
312 317
312 324
312 327
312 341
313 314
313 316
313 318
313 320
313 323
313 324
313 330
313 333
313 335
313 336
313 340
313 345
313 348
314 319
314 323
314 325
314 328
314 332
314 337
314 338
314 340
314 346
314 347
314 349
315 317
315 325
315 327
315 328
315 330
315 332
315 334
315 335
315 341
315 344
315 345
316 321
316 322
316 325
316 348
317 323
317 326
317 327
317 328
317 337
317 340
317 343
317 345
317 346
317 347
318 323
318 325
318 333
318 337
318 339
318 343
319 328
319 330
319 331
319 333
319 336
319 340
319 342
319 344
319 345
319 347
319 349
320 321
320 322
320 332
320 341
320 343
320 344
320 346
322 328
322 334
322 337
322 339
322 347
322 348
323 339
323 341
323 344
324 333
324 341
324 348
325 338
325 340
326 328
326 329
326 333
326 334
326 340
326 346
327 328
327 331
327 334
327 336
327 345
327 346
327 347
328 329
328 335
328 337
328 348
329 333
329 334
329 335
329 344
329 345
329 349
330 331
330 334
330 339
331 337
331 347
331 349
332 341
332 342
332 345
332 346
332 348
332 382
333 335
333 343
333 349
334 340
334 341
335 336
335 337
335 339
335 345
335 347
336 347
337 340
337 346
338 339
338 341
338 347
338 395
338 359
340 346
341 345
341 382
342 343
342 346
342 348
342 349
343 346
343 349
344 349
346 348
347 349
384 396
384 397
384 399
384 371
385 390
385 393
385 394
385 395
385 397
385 356
385 362
385 367
385 369
385 372
385 373
385 374
385 378
386 390
386 355
386 358
386 362
386 365
386 369
386 372
386 373
386 374
386 375
386 378
386 383
387 388
387 389
387 390
387 399
387 353
387 355
387 356
387 359
387 360
387 362
387 369
387 370
387 372
387 381
388 394
388 357
388 367
388 376
389 396
389 355
389 356
389 363
389 365
389 367
389 372
389 374
389 375
389 376
389 378
389 380
390 392
390 394
390 395
390 398
390 352
390 354
390 358
390 361
390 363
390 370
390 376
390 383
390 402
391 392
391 396
391 398
391 352
391 368
391 374
391 383
392 396
392 397
392 352
392 359
392 361
392 366
392 370
392 372
392 373
392 380
392 383
393 351
393 359
393 369
393 373
393 374
393 375
393 378
393 380
394 395
394 397
394 350
394 353
394 358
394 360
394 372
394 378
394 380
394 382
395 352
395 355
395 361
395 363
395 373
395 381
395 382
395 383
396 397
396 355
396 359
396 360
396 361
396 362
396 371
396 372
396 373
396 381
397 398
397 352
397 362
397 363
397 373
397 376
397 383
397 467
398 399
398 352
398 363
398 368
398 370
398 374
398 382
398 383
399 370
399 372
399 379
399 382
350 353
350 365
350 366
350 371
350 372
350 374
350 378
350 380
351 360
351 371
352 361
352 363
352 364
352 371
352 382
353 354
353 355
353 357
353 358
353 368
353 369
353 378
353 379
353 383
354 356
354 357
354 361
354 362
354 366
354 370
354 378
355 356
355 357
355 361
355 370
355 371
355 381
356 359
356 376
356 381
357 361
357 365
357 366
357 369
357 370
358 360
358 362
358 363
358 366
358 376
358 377
359 362
359 370
359 375
359 378
359 383
360 366
360 372
360 377
361 376
361 377
361 383
362 364
362 369
362 370
362 372
362 374
362 377
362 379
363 369
363 378
363 382
363 383
364 373
365 370
365 371
366 369
366 372
366 378
366 380
367 370
367 372
367 374
367 376
367 381
368 378
368 379
368 382
369 374
369 380
370 371
371 373
371 376
371 379
371 383
372 376
372 379
372 383
373 383
374 381
375 381
375 382
376 378
376 381
377 382
378 379
378 383
378 483
382 383
400 404
400 407
400 412
400 413
400 416
400 418
400 421
400 426
400 430
400 433
400 438
400 442
400 443
400 448
401 410
401 420
401 426
401 431
401 438
401 446
401 448
402 405
402 407
402 409
402 414
402 421
402 423
402 425
402 428
402 431
402 435
402 437
402 442
402 444
403 404
403 406
403 407
403 409
403 410
403 412
403 421
403 422
403 423
403 428
403 430
403 435
403 439
403 441
404 410
404 413
404 414
404 424
404 431
405 416
405 420
405 423
405 430
405 431
405 433
405 440
405 441
405 442
405 447
406 407
406 410
406 413
406 414
406 420
406 427
406 430
406 433
406 438
406 447
406 448
407 413
407 421
407 424
407 430
407 433
407 434
407 438
407 440
407 468
408 412
408 413
408 423
408 428
408 436
408 444
409 410
409 416
409 425
409 427
409 434
409 436
409 442
409 444
409 445
409 448
409 449
410 411
410 416
410 423
410 425
410 429
410 430
410 445
410 448
411 413
411 416
411 423
411 424
411 427
411 428
411 430
411 431
411 433
411 434
411 443
411 448
412 414
412 427
412 429
412 434
412 438
413 415
413 417
413 437
413 438
413 439
413 442
414 438
414 443
414 449
415 423
415 429
415 431
416 433
416 438
416 447
417 418
417 419
417 422
417 430
417 437
417 449
418 426
418 430
418 438
418 441
418 449
419 429
419 441
419 443
419 446
420 425
420 427
420 431
420 432
420 438
420 443
420 448
421 422
421 423
421 425
421 428
421 435
421 437
421 439
421 445
422 423
422 424
422 427
422 429
422 432
422 435
422 436
423 435
423 439
423 440
423 443
423 447
424 426
424 431
424 434
424 435
424 440
424 445
424 446
425 436
425 442
426 428
426 429
426 434
426 439
427 434
427 445
428 429
428 432
428 438
428 440
428 447
428 448
429 431
429 438
429 440
430 433
430 439
431 436
431 441
431 443
431 445
432 434
432 442
433 435
433 437
433 439
433 443
433 448
434 442
434 444
435 436
435 440
435 444
435 447
436 437
436 444
436 446
437 441
437 442
437 444
437 445
437 447
438 445
439 445
440 442
441 448
442 443
447 449
450 454
450 464
450 472
450 485
450 488
450 492
450 493
450 494
450 495
451 453
451 456
451 461
451 471
451 474
451 481
451 482
451 489
452 459
452 460
452 461
452 465
452 468
452 470
452 482
452 496
453 462
453 476
453 479
453 491
453 494
453 497
453 499
454 456
454 457
454 460
454 463
454 466
454 473
454 476
454 488
454 490
455 456
455 457
455 464
455 465
455 467
455 469
455 493
455 498
456 466
456 470
456 471
456 475
456 483
456 487
456 491
456 496
457 461
457 463
457 464
457 465
457 475
457 485
457 489
457 492
457 493
458 465
458 468
458 478
458 482
458 483
458 486
458 492
458 494
458 496
458 498
459 468
459 483
459 484
459 494
459 495
460 462
460 463
460 466
460 468
460 473
460 474
460 475
460 476
460 479
460 487
460 495
460 497
461 466
461 468
461 471
461 476
461 477
461 479
461 488
461 490
461 492
462 466
462 472
462 490
462 492
463 469
463 471
463 478
463 481
463 489
463 491
463 495
463 496
463 497
464 469
464 470
464 481
464 483
464 485
464 487
464 489
464 492
464 498
464 499
465 466
465 469
465 476
465 478
465 484
465 486
465 490
465 491
465 493
465 494
466 467
466 491
466 493
466 497
467 483
467 489
467 497
468 469
468 476
468 485
468 489
468 499
469 471
469 478
469 491
469 498
470 471
470 472
470 478
470 479
470 481
470 486
470 489
471 481
471 482
471 492
472 476
472 479
472 482
472 485
472 494
473 476
473 478
473 479
473 480
473 484
473 488
473 492
473 497
474 476
474 478
474 483
474 484
474 485
474 493
474 497
475 479
475 482
475 494
475 499
476 484
476 486
476 492
477 483
477 495
477 498
478 483
478 484
478 493
479 480
479 482
479 487
479 491
479 494
479 498
480 489
480 491
480 492
480 493
480 496
480 499
481 489
481 491
481 494
481 496
482 490
482 493
483 494
483 495
483 498
484 485
484 490
484 493
484 496
484 499
485 486
485 489
485 490
485 491
485 497
486 493
486 499
487 491
487 496
487 499
488 491
488 494
488 495
488 496
488 499
489 490
489 493
489 497
490 492
490 495
491 494
491 498
491 499
493 495
493 496
495 496
495 497
496 499
