0 9
0 16
0 19
0 20
0 24
0 25
0 26
0 27
0 29
0 31
0 37
0 40
0 43
0 131
0 248
0 262
0 492
1 6
1 16
1 20
1 21
1 27
1 31
1 34
1 35
1 36
1 37
1 39
1 45
1 46
1 213
1 335
2 7
2 10
2 11
2 12
2 14
2 19
2 24
2 25
2 28
2 29
2 32
2 34
2 38
2 39
2 40
2 41
2 43
2 46
2 49
2 133
2 155
2 490
3 5
3 6
3 9
3 10
3 13
3 15
3 18
3 19
3 20
3 22
3 25
3 35
3 39
3 40
3 42
3 289
3 253
3 348
4 6
4 10
4 11
4 12
4 16
4 18
4 22
4 24
4 25
4 29
4 35
4 36
4 38
4 44
4 45
4 134
4 336
4 387
4 451
5 7
5 8
5 9
5 13
5 14
5 15
5 17
5 26
5 27
5 31
5 32
5 38
5 39
5 49
5 116
5 282
5 412
6 9
6 10
6 17
6 18
6 19
6 20
6 22
6 25
6 26
6 27
6 28
6 29
6 30
6 31
6 32
6 39
6 41
6 46
6 49
6 136
6 340
6 438
7 17
7 19
7 27
7 29
7 30
7 36
7 42
7 43
7 47
7 48
7 133
7 162
7 218
7 364
7 499
8 10
8 12
8 21
8 22
8 28
8 37
8 41
8 87
8 130
8 172
8 193
8 281
8 295
8 305
8 482
9 14
9 16
9 17
9 18
9 19
9 20
9 21
9 25
9 30
9 36
9 42
9 47
9 72
9 76
9 177
9 216
9 225
9 317
9 410
10 13
10 19
10 21
10 24
10 26
10 27
10 28
10 31
10 32
10 33
10 39
10 42
10 47
10 132
10 305
11 16
11 18
11 24
11 26
11 32
11 37
11 39
11 40
11 46
11 48
11 49
11 105
11 170
11 321
11 375
11 482
12 19
12 20
12 22
12 24
12 26
12 27
12 31
12 34
12 35
12 36
12 41
12 46
12 47
12 51
12 128
12 298
12 329
13 21
13 25
13 29
13 39
13 40
13 41
13 44
13 46
13 49
13 167
13 228
13 349
13 487
14 21
14 22
14 23
14 25
14 28
14 35
14 36
14 39
14 41
14 45
14 257
14 349
14 400
15 16
15 19
15 21
15 23
15 24
15 26
15 27
15 28
15 30
15 32
15 35
15 36
15 37
15 40
15 42
15 45
15 48
15 49
15 266
15 440
16 23
16 24
16 27
16 29
16 33
16 38
16 45
16 46
16 54
16 55
16 93
16 238
17 20
17 21
17 23
17 34
17 36
17 37
17 38
17 39
17 40
17 43
17 45
17 46
17 135
17 209
17 239
17 245
17 441
17 464
18 21
18 24
18 32
18 36
18 37
18 45
18 49
18 131
18 136
18 219
18 235
18 263
18 294
18 342
19 21
19 26
19 28
19 38
19 39
19 73
19 99
19 104
19 105
19 109
19 119
19 126
19 328
19 337
20 22
20 24
20 29
20 32
20 33
20 40
20 45
20 46
20 47
20 48
21 28
21 34
21 35
21 42
21 43
21 49
21 91
21 129
21 107
21 296
21 315
21 369
21 432
21 493
22 31
22 36
22 41
22 42
22 47
22 48
22 208
22 392
23 27
23 29
23 30
23 31
23 40
23 41
23 117
23 176
23 328
23 336
23 432
23 436
23 450
23 464
24 28
24 30
24 31
24 34
24 35
24 38
24 44
24 46
24 47
24 48
24 78
24 439
24 446
25 27
25 28
25 32
25 35
25 36
25 38
25 39
25 40
25 41
25 44
25 45
25 48
25 76
25 91
25 298
25 305
25 375
25 414
26 32
26 33
26 37
26 41
26 44
26 48
26 49
26 51
26 133
26 175
26 324
27 33
27 35
27 44
27 45
27 134
27 125
27 351
28 30
28 32
28 33
28 34
28 38
28 39
28 40
28 41
28 48
28 65
28 290
29 37
29 40
29 47
29 157
29 184
29 203
29 404
29 436
29 464
30 33
30 38
30 39
30 136
30 156
30 285
30 286
30 291
30 439
31 32
31 33
31 35
31 36
31 37
31 40
31 43
31 47
31 205
31 314
31 423
31 471
32 39
32 42
32 44
32 46
32 53
32 187
32 435
32 470
33 35
33 37
33 39
33 40
33 43
33 46
33 51
33 138
33 172
33 390
33 410
34 40
34 41
34 45
34 46
34 63
34 132
34 147
34 110
34 278
34 317
34 420
34 463
34 481
35 38
35 43
35 44
35 46
35 48
35 77
35 139
35 184
35 396
36 39
36 40
36 42
36 46
36 47
36 84
36 187
36 263
36 449
37 47
37 103
37 111
37 196
37 225
37 414
38 40
38 101
38 258
38 261
38 270
38 306
38 308
39 41
39 46
39 48
39 125
39 238
39 267
39 292
39 293
39 301
39 430
39 445
39 491
40 41
40 42
40 45
40 46
40 174
40 178
40 391
41 86
41 125
41 345
41 354
41 413
41 452
42 43
42 47
42 49
42 67
42 91
42 164
42 206
42 272
42 294
42 429
43 46
43 49
43 141
43 106
43 241
43 335
43 425
43 449
43 471
43 490
44 46
44 48
44 55
44 113
44 210
44 387
44 359
44 473
45 96
45 173
45 184
45 287
45 302
46 447
47 126
47 191
47 256
47 255
47 429
48 49
48 75
48 136
48 356
48 419
49 52
49 53
49 169
49 208
49 235
50 52
50 54
50 62
50 64
50 68
50 75
50 80
50 81
50 86
50 88
50 89
50 91
50 94
50 99
50 267
50 386
50 425
50 454
51 54
51 55
51 59
51 64
51 67
51 72
51 74
51 77
51 83
51 84
51 87
51 88
51 90
51 91
51 95
51 96
51 97
51 98
52 58
52 62
52 73
52 74
52 78
52 79
52 82
52 86
52 176
52 311
52 444
53 54
53 55
53 60
53 65
53 66
53 69
53 70
53 72
53 73
53 74
53 77
53 79
53 83
53 84
53 85
53 91
53 95
53 96
53 97
53 98
53 104
53 181
53 311
53 332
53 371
53 429
54 56
54 58
54 60
54 62
54 71
54 74
54 76
54 83
54 85
54 88
54 90
54 92
54 95
54 299
54 382
54 429
54 471
55 56
55 58
55 63
55 64
55 66
55 68
55 78
55 80
55 81
55 82
55 83
55 87
55 88
55 90
55 91
55 94
55 96
55 140
55 187
55 327
55 447
56 58
56 59
56 74
56 75
56 76
56 82
56 85
56 86
56 88
56 89
56 98
56 99
56 217
56 256
56 278
56 298
56 392
56 476
57 58
57 59
57 68
57 71
57 82
57 83
57 84
57 85
57 91
57 94
57 99
57 316
57 325
57 332
58 59
58 60
58 61
58 65
58 71
58 72
58 77
58 78
58 79
58 80
58 81
58 83
58 91
58 92
58 227
58 321
59 60
59 62
59 66
59 68
59 75
59 77
59 78
59 79
59 81
59 83
59 88
59 91
59 93
59 94
59 96
59 115
59 211
59 257
59 261
59 277
59 317
59 368
59 454
60 64
60 67
60 69
60 73
60 77
60 79
60 82
60 87
60 89
60 90
60 92
60 95
60 96
60 99
60 163
60 193
60 195
60 389
60 373
60 474
61 69
61 70
61 71
61 76
61 77
61 78
61 80
61 81
61 84
61 87
61 94
61 171
61 199
61 388
61 353
62 63
62 64
62 67
62 69
62 73
62 76
62 85
62 88
62 90
62 91
62 92
62 93
62 139
62 124
62 127
62 179
62 191
62 203
62 204
62 240
62 288
62 323
62 329
62 385
63 71
63 76
63 77
63 78
63 83
63 84
63 87
63 88
63 90
63 130
63 187
63 218
63 300
63 342
63 402
63 461
64 65
64 70
64 73
64 75
64 76
64 79
64 81
64 82
64 83
64 84
64 91
64 93
64 95
64 277
64 392
65 68
65 74
65 75
65 76
65 78
65 81
65 85
65 92
65 99
65 173
65 206
66 68
66 78
66 79
66 85
66 89
66 90
66 122
66 220
66 350
66 428
66 457
66 459
67 68
67 70
67 71
67 73
67 81
67 89
67 90
67 91
67 92
67 205
67 354
68 69
68 73
68 80
68 82
68 85
68 86
68 95
68 98
68 138
68 198
68 482
69 70
69 71
69 74
69 81
69 83
69 87
69 89
69 90
69 91
69 92
69 93
69 95
69 97
69 99
69 174
69 224
69 332
70 73
70 74
70 75
70 76
70 78
70 79
70 81
70 82
70 83
70 86
70 92
70 94
70 108
70 171
70 208
71 72
71 77
71 79
71 81
71 85
71 90
71 91
71 92
71 93
71 95
71 113
71 223
71 318
71 377
71 403
72 79
72 80
72 81
72 83
72 86
72 87
72 89
72 90
72 91
72 97
72 113
73 78
73 82
73 84
73 88
73 89
73 91
73 92
73 93
73 94
73 98
73 99
73 128
73 294
73 316
73 402
73 412
73 443
74 75
74 79
74 83
74 86
74 92
74 93
74 95
74 96
74 99
74 131
74 267
74 325
74 455
75 76
75 78
75 82
75 84
75 87
75 90
75 99
75 294
75 321
75 410
76 77
76 84
76 90
76 92
76 97
76 98
76 162
76 193
76 374
76 471
76 491
77 81
77 84
77 86
77 87
77 93
77 95
77 99
77 144
77 349
77 445
77 453
78 79
78 80
78 82
78 83
78 84
78 95
78 96
78 97
78 98
78 144
78 173
78 316
78 343
79 88
79 90
79 91
79 97
79 246
79 263
79 278
79 417
80 82
80 90
80 95
80 158
80 186
80 350
81 82
81 88
81 90
81 91
81 94
81 95
81 99
81 121
81 244
81 289
82 83
82 84
82 88
82 90
82 93
82 94
82 99
82 130
82 176
82 267
82 403
83 84
83 85
83 91
83 97
83 98
83 104
83 282
83 314
83 386
84 88
84 93
84 95
84 97
84 117
84 215
84 410
85 87
85 93
85 109
85 161
85 242
85 282
85 251
85 302
85 464
86 88
86 93
86 98
86 194
86 354
86 422
86 478
87 88
87 89
87 90
87 94
87 109
87 151
87 168
87 381
87 420
87 421
88 90
88 135
88 233
88 259
88 342
88 399
89 97
89 123
89 215
89 331
89 399
90 95
90 96
90 98
90 105
90 158
90 170
90 184
90 400
91 95
91 99
91 108
91 224
91 279
91 286
91 293
91 358
91 376
91 378
91 411
92 94
92 252
92 321
92 425
92 457
92 465
93 96
93 97
93 99
93 220
93 256
93 472
94 95
94 97
94 99
94 134
94 143
94 105
95 97
95 176
95 347
95 430
96 99
96 354
97 98
97 483
98 197
98 239
98 292
98 318
99 130
99 132
99 264
99 304
99 333
99 387
99 424
99 447
128 131
128 132
128 133
128 134
128 135
128 136
128 145
128 101
128 103
128 105
128 107
128 111
128 113
128 115
128 116
128 118
128 119
128 123
128 124
128 125
128 195
128 388
128 472
129 132
129 134
129 139
129 141
129 144
129 145
129 149
129 107
129 110
129 111
129 116
129 117
129 157
129 173
129 179
130 139
130 142
130 144
130 100
130 102
130 103
130 104
130 110
130 113
130 115
130 117
130 118
130 123
130 124
130 240
131 132
131 135
131 137
131 140
131 141
131 143
131 149
131 105
131 108
131 111
131 112
131 113
131 114
131 115
131 121
131 122
131 123
131 125
131 310
131 361
132 138
132 145
132 102
132 108
132 109
132 110
132 111
132 114
132 115
132 120
132 124
132 188
132 198
132 426
132 498
133 136
133 137
133 139
133 147
133 109
133 111
133 119
133 121
133 125
133 127
133 343
133 394
133 356
133 482
134 136
134 138
134 141
134 143
134 149
134 101
134 103
134 113
134 115
134 120
134 125
134 126
134 127
134 480
134 491
135 139
135 140
135 141
135 142
135 143
135 145
135 102
135 103
135 105
135 106
135 112
135 113
135 114
135 115
135 116
135 126
135 264
135 283
135 289
135 319
135 349
135 393
136 138
136 140
136 144
136 146
136 106
136 111
136 112
136 114
136 115
136 119
136 123
136 125
136 127
136 181
136 184
136 293
136 415
136 471
137 141
137 148
137 103
137 106
137 108
137 113
137 119
137 127
137 163
137 339
137 410
137 419
137 475
138 139
138 140
138 144
138 146
138 147
138 101
138 104
138 108
138 112
138 116
138 127
138 431
139 144
139 146
139 147
139 105
139 116
139 117
139 118
139 119
139 121
139 122
139 125
139 156
139 323
140 142
140 143
140 144
140 146
140 147
140 102
140 105
140 115
140 116
140 127
140 183
140 288
141 142
141 145
141 147
141 149
141 102
141 103
141 106
141 108
141 111
141 113
141 114
141 116
141 118
141 123
141 124
141 169
141 324
142 143
142 145
142 146
142 147
142 101
142 107
142 113
142 114
142 116
142 121
142 122
142 126
142 236
142 319
142 372
142 425
143 145
143 148
143 101
143 106
143 108
143 111
143 117
143 118
143 401
143 475
144 147
144 104
144 110
144 117
144 122
144 124
144 214
144 226
144 474
145 146
145 148
145 100
145 103
145 104
145 107
145 112
145 113
145 117
145 120
145 315
146 147
146 148
146 104
146 105
146 107
146 108
146 114
146 117
146 121
146 124
146 287
146 411
146 440
147 102
147 103
147 104
147 109
147 118
147 125
147 214
147 223
147 236
147 254
147 308
147 465
148 105
148 106
148 108
148 109
148 113
148 116
148 117
148 118
148 119
148 122
148 123
148 127
148 164
148 325
148 346
148 394
148 438
149 100
149 105
149 110
149 111
149 113
149 115
149 117
149 121
149 126
149 223
149 225
149 227
149 399
149 412
149 460
100 117
100 118
100 119
100 121
100 124
100 125
100 153
100 180
100 371
100 454
101 102
101 104
101 106
101 115
101 116
101 117
101 118
101 152
101 339
101 355
102 103
102 104
102 105
102 107
102 110
102 113
102 117
102 120
102 122
102 125
102 127
102 268
102 485
103 104
103 112
103 113
103 123
103 124
103 125
103 328
103 338
104 105
104 107
104 109
104 110
104 111
104 114
104 119
104 122
104 123
104 124
104 125
104 176
104 221
104 322
104 419
105 111
105 116
105 119
105 152
105 258
105 320
105 430
105 445
106 118
106 119
106 121
106 123
106 125
106 126
106 175
106 332
106 398
106 416
106 454
107 109
107 111
107 115
107 116
107 117
107 123
107 125
107 262
107 337
107 399
107 483
108 111
108 115
108 116
108 120
108 121
108 123
108 125
108 388
109 110
109 111
109 113
109 114
109 120
109 164
109 260
109 272
110 112
110 115
110 118
110 121
110 122
110 124
110 154
110 475
111 120
111 121
111 126
111 416
111 459
111 494
112 121
112 122
112 214
112 463
113 305
113 331
113 461
113 474
114 116
114 120
114 121
114 124
114 185
114 258
114 484
115 118
115 121
115 127
116 118
116 123
116 125
116 126
116 342
116 430
116 436
116 499
117 118
117 120
117 123
117 176
117 193
117 234
117 270
117 294
117 413
117 493
118 119
118 123
118 218
118 381
118 437
118 461
118 481
119 123
119 124
119 125
119 169
119 308
119 311
119 389
119 429
119 491
120 121
120 125
121 125
121 126
121 214
121 355
122 123
122 209
122 287
122 455
122 484
122 496
123 124
123 125
123 167
123 223
123 234
123 254
123 310
123 406
123 430
123 451
124 229
124 269
125 127
125 309
125 320
125 395
125 355
125 444
125 467
126 127
126 349
126 358
126 489
127 166
127 193
127 196
127 230
150 156
150 161
150 166
150 167
150 170
150 171
150 178
150 179
150 188
150 192
150 194
150 199
150 283
150 456
151 152
151 158
151 159
151 161
151 162
151 163
151 164
151 174
151 177
151 178
151 180
151 184
151 185
151 187
151 192
151 196
151 197
151 220
151 388
151 398
151 409
151 479
152 157
152 161
152 164
152 165
152 169
152 172
152 183
152 189
152 191
152 196
152 435
153 154
153 156
153 159
153 160
153 162
153 165
153 169
153 173
153 176
153 179
153 181
153 183
153 188
153 194
153 195
153 197
153 199
153 270
153 282
153 296
153 386
154 155
154 161
154 162
154 163
154 173
154 183
154 185
154 186
154 187
154 194
154 196
154 199
154 474
155 156
155 158
155 160
155 165
155 168
155 174
155 175
155 176
155 179
155 186
155 189
155 199
155 365
155 465
156 167
156 168
156 173
156 174
156 175
156 177
156 182
156 183
156 185
156 186
156 195
156 197
156 234
156 253
156 319
156 368
156 370
156 465
157 158
157 160
157 161
157 162
157 168
157 170
157 174
157 178
157 180
157 187
157 191
157 195
157 198
157 220
157 494
158 159
158 162
158 163
158 165
158 173
158 178
158 179
158 184
158 186
158 189
158 190
158 196
158 215
158 273
158 400
158 462
159 162
159 163
159 164
159 165
159 167
159 173
159 176
159 177
159 178
159 179
159 180
159 182
159 188
159 190
159 196
159 238
159 274
159 302
159 308
159 311
159 396
159 355
159 368
159 427
159 476
160 162
160 167
160 169
160 174
160 176
160 178
160 179
160 184
160 187
160 188
160 196
160 199
160 210
160 216
160 220
160 362
160 487
161 162
161 165
161 168
161 169
161 171
161 172
161 173
161 177
161 180
161 181
161 191
161 196
161 198
161 235
161 287
162 163
162 165
162 167
162 169
162 174
162 176
162 182
162 183
162 184
162 186
162 190
162 193
162 195
162 197
162 199
162 252
162 428
162 430
162 470
163 165
163 169
163 170
163 173
163 178
163 180
163 181
163 184
163 188
163 191
163 192
163 194
163 196
163 198
163 247
163 436
164 166
164 170
164 176
164 178
164 180
164 182
164 184
164 185
164 189
164 191
164 192
164 199
164 433
164 434
164 468
165 166
165 167
165 168
165 169
165 173
165 182
165 188
165 189
165 193
165 197
165 249
165 268
165 449
166 170
166 173
166 174
166 181
166 183
166 187
166 192
166 195
166 440
167 183
167 185
167 190
167 193
167 194
167 199
168 171
168 180
168 190
168 191
168 195
168 197
168 199
168 355
169 177
169 179
169 184
169 185
169 189
169 190
169 191
169 233
169 274
169 425
169 465
170 172
170 177
170 178
170 181
170 188
170 191
170 193
170 197
170 199
170 458
170 469
171 176
171 182
171 185
171 186
171 189
171 368
172 174
172 177
172 180
172 181
172 188
172 194
172 400
173 178
173 180
173 185
173 189
173 194
173 197
173 348
173 491
174 177
174 183
174 184
174 186
174 187
174 188
174 293
174 337
174 412
175 177
175 181
175 182
175 183
175 184
175 197
175 239
175 394
175 372
176 177
176 181
176 188
176 194
176 265
176 266
176 335
176 389
177 179
177 186
177 188
177 189
177 192
177 194
177 266
177 333
177 385
177 402
177 407
178 181
178 190
178 193
178 197
178 292
178 355
178 378
178 440
178 446
179 180
179 181
179 182
179 183
179 188
179 192
179 194
179 195
179 198
179 199
179 209
179 235
179 278
179 363
180 181
180 182
180 184
180 186
180 192
180 194
180 195
180 197
180 199
180 302
180 318
180 417
180 480
181 183
181 184
181 192
181 193
181 196
181 198
181 372
181 477
182 184
182 187
182 192
182 193
182 194
182 195
182 196
182 197
182 199
182 484
183 201
183 321
183 350
183 358
183 373
184 199
184 306
184 389
184 393
185 190
185 191
185 193
185 362
185 374
185 458
186 187
186 188
186 189
186 190
186 192
186 195
186 197
186 311
186 370
186 406
187 188
187 189
187 190
187 195
187 197
187 302
187 437
187 441
188 189
188 190
188 191
188 198
188 199
188 290
188 309
188 376
188 403
189 191
189 193
189 194
189 196
189 270
190 196
190 305
190 429
190 490
191 205
191 432
192 197
192 199
192 206
192 279
192 287
192 321
192 474
193 194
193 195
193 196
193 199
193 289
194 195
194 252
194 328
194 331
195 196
195 214
195 273
195 313
195 398
195 446
195 499
196 198
196 293
196 342
196 436
197 199
197 206
197 246
198 201
198 297
198 386
199 233
199 332
200 201
200 202
200 208
200 210
200 212
200 214
200 217
200 219
200 220
200 223
200 237
200 243
200 245
200 246
200 249
200 455
201 203
201 204
201 205
201 207
201 209
201 217
201 221
201 225
201 228
201 230
201 232
201 235
201 236
201 244
201 246
201 247
201 395
201 379
202 203
202 204
202 205
202 210
202 211
202 218
202 220
202 222
202 223
202 225
202 231
202 235
202 238
202 243
202 246
202 275
203 205
203 212
203 214
203 215
203 227
203 230
203 243
203 263
203 273
203 308
203 315
203 416
203 434
204 207
204 209
204 210
204 212
204 214
204 215
204 225
204 231
204 232
204 233
204 235
204 245
204 303
204 408
205 207
205 208
205 210
205 212
205 213
205 216
205 218
205 219
205 222
205 224
205 226
205 227
205 231
205 234
205 235
205 237
205 238
205 239
205 242
205 267
206 209
206 212
206 213
206 217
206 219
206 222
206 228
206 229
206 233
206 234
206 237
206 238
206 240
206 244
206 246
207 210
207 214
207 216
207 217
207 227
207 232
207 233
207 236
207 237
207 247
207 248
207 256
207 268
207 305
207 471
208 209
208 215
208 218
208 219
208 222
208 223
208 224
208 227
208 230
208 231
208 237
208 241
208 243
208 349
208 358
208 377
208 406
208 436
209 217
209 220
209 228
209 233
209 235
209 236
209 239
209 244
209 247
209 248
209 321
209 395
210 219
210 223
210 228
210 234
210 238
210 242
210 244
210 245
210 246
210 423
211 213
211 214
211 217
211 220
211 232
211 233
211 234
211 236
211 237
211 242
211 243
211 245
211 264
211 333
212 213
212 217
212 223
212 224
212 225
212 226
212 229
212 240
212 245
212 248
212 391
213 214
213 215
213 219
213 220
213 221
213 222
213 225
213 231
213 236
213 238
213 240
213 244
213 245
213 315
213 381
213 462
214 215
214 216
214 217
214 218
214 221
214 222
214 223
214 224
214 226
214 229
214 230
214 231
214 232
214 234
214 235
214 243
214 244
214 247
214 248
214 307
214 417
215 216
215 217
215 219
215 225
215 231
215 233
215 244
215 319
215 326
215 379
215 402
215 499
216 218
216 220
216 221
216 230
216 234
216 235
216 236
216 241
216 249
216 348
216 407
216 489
217 218
217 219
217 229
217 236
217 238
217 239
217 240
217 246
217 390
217 447
218 219
218 221
218 225
218 226
218 227
218 228
218 232
218 239
218 243
218 244
218 246
218 247
218 248
218 345
218 398
219 221
219 226
219 227
219 228
219 236
219 238
219 240
219 243
219 244
219 247
219 277
219 370
219 483
220 222
220 223
220 227
220 231
220 235
220 237
220 238
220 239
220 243
220 244
220 249
220 289
220 364
221 222
221 225
221 227
221 229
221 235
221 244
221 246
221 249
221 286
221 322
221 362
221 436
221 441
221 456
222 225
222 228
222 233
222 235
222 241
222 249
222 291
222 345
222 388
223 224
223 226
223 231
223 232
223 234
223 235
223 236
223 238
223 244
223 247
223 249
223 343
223 384
223 354
224 227
224 228
224 229
224 234
224 240
224 242
224 248
224 334
224 496
225 227
225 230
225 245
225 247
225 263
225 377
225 450
226 238
226 239
226 241
226 249
226 251
227 228
227 232
227 234
227 235
227 239
227 244
227 247
227 265
227 269
227 305
227 339
227 368
227 478
228 229
228 238
228 242
228 246
228 247
228 256
228 286
228 289
228 436
228 437
229 233
229 235
229 240
229 247
229 249
229 465
230 235
230 236
230 239
230 242
230 243
230 247
230 258
231 233
231 236
231 240
231 243
231 244
231 428
232 233
232 235
232 238
232 243
232 244
232 247
232 332
232 396
233 234
233 235
233 238
233 240
233 242
233 245
233 248
233 249
233 285
233 360
233 366
234 242
234 243
234 249
234 453
234 474
235 238
235 239
235 240
235 244
235 249
235 306
235 394
235 429
236 239
236 245
236 246
236 249
236 445
236 486
237 241
237 242
237 277
237 304
237 424
238 245
238 249
238 272
238 299
238 321
238 444
239 240
239 242
239 243
239 244
239 245
239 249
239 333
239 451
239 461
240 364
240 475
240 497
241 248
241 249
241 273
241 356
241 417
242 245
242 249
242 291
242 461
243 246
244 245
244 249
244 250
244 396
245 249
245 284
245 422
245 466
245 484
246 247
246 248
246 345
246 359
246 383
247 248
247 249
247 256
247 260
247 375
247 426
247 433
247 498
248 285
248 398
249 295
249 331
249 432
256 257
256 270
256 275
256 276
256 283
256 288
256 289
256 291
256 292
256 294
256 296
256 250
256 252
256 331
257 258
257 259
257 260
257 261
257 263
257 269
257 270
257 271
257 272
257 273
257 274
257 276
257 278
257 287
257 289
257 290
257 291
257 293
257 295
257 296
257 250
257 251
257 253
257 255
257 385
257 395
258 261
258 263
258 264
258 266
258 267
258 268
258 272
258 274
258 277
258 280
258 281
258 282
258 283
258 292
258 295
258 296
258 299
258 250
258 254
258 469
259 264
259 265
259 269
259 271
259 272
259 274
259 276
259 278
259 286
259 288
259 289
259 294
259 299
259 253
259 254
259 334
259 381
259 412
259 473
260 270
260 272
260 273
260 275
260 277
260 278
260 280
260 283
260 285
260 286
260 291
260 296
260 250
260 252
260 254
260 467
260 488
261 266
261 269
261 286
261 291
261 295
261 296
261 297
261 250
261 253
261 312
261 346
261 426
261 430
262 265
262 266
262 269
262 273
262 279
262 284
262 286
262 292
262 293
262 297
262 298
262 299
262 252
262 466
262 487
262 489
263 264
263 265
263 266
263 267
263 273
263 279
263 281
263 282
263 287
263 293
263 295
263 297
263 299
263 377
263 401
263 403
263 499
264 267
264 275
264 278
264 287
264 288
264 289
264 292
264 294
264 295
264 297
264 299
264 251
264 253
264 331
264 396
264 451
265 267
265 279
265 282
265 285
265 286
265 295
265 297
265 299
265 440
265 484
265 494
266 268
266 269
266 270
266 275
266 277
266 280
266 282
266 288
266 289
266 292
266 293
266 251
266 253
267 268
267 269
267 270
267 276
267 278
267 282
267 288
267 289
267 290
267 293
267 294
267 297
267 250
267 254
268 271
268 273
268 274
268 275
268 279
268 287
268 289
268 291
268 292
268 294
268 298
269 270
269 275
269 279
269 283
269 284
269 291
269 295
269 298
269 251
269 253
269 255
269 393
270 271
270 273
270 276
270 278
270 281
270 288
270 291
270 298
270 251
270 303
270 387
270 350
271 274
271 281
271 284
271 289
271 290
271 292
271 293
271 295
271 298
271 299
271 254
271 449
272 273
272 276
272 277
272 278
272 279
272 282
272 285
272 252
272 254
272 255
273 276
273 282
273 284
273 293
273 294
273 295
273 296
273 297
273 252
273 337
273 456
274 276
274 287
274 288
274 295
274 296
274 299
274 251
274 253
274 254
274 404
274 410
274 471
275 279
275 283
275 284
275 286
275 289
275 292
275 294
275 298
275 250
275 255
275 346
276 278
276 280
276 282
276 286
276 290
276 292
276 295
276 331
276 403
276 490
276 491
277 284
277 287
277 289
277 291
277 295
277 296
277 251
277 380
278 284
278 288
278 289
278 297
278 298
278 299
278 251
278 253
278 463
278 492
279 280
279 282
279 293
279 296
279 298
279 252
279 253
280 286
280 287
280 297
280 250
280 253
280 255
280 328
281 283
281 287
281 296
281 299
281 250
281 252
281 425
281 441
282 284
282 288
282 292
282 297
282 298
282 299
282 255
282 394
282 424
283 293
283 294
283 295
283 299
283 251
283 255
283 311
283 352
283 455
284 286
284 288
284 292
284 294
284 295
284 296
284 254
284 314
284 374
285 289
285 292
285 293
285 294
285 295
285 297
285 298
285 299
285 250
285 253
285 420
285 441
285 442
286 288
286 296
286 298
286 252
286 253
286 418
287 288
287 294
287 295
288 289
288 290
288 253
288 254
288 317
289 293
289 298
289 299
289 250
289 252
289 254
289 357
289 494
290 298
290 251
290 332
291 297
291 299
291 252
291 340
292 294
292 298
292 299
292 250
292 253
292 332
292 340
292 345
292 461
293 294
293 298
293 250
293 254
293 358
293 370
293 469
294 297
294 299
294 251
294 253
294 254
294 316
294 328
294 363
294 403
294 458
295 250
295 251
295 253
295 374
295 429
295 451
296 251
296 332
296 437
296 448
296 482
297 298
297 252
297 401
297 420
297 473
298 251
298 254
298 324
298 360
299 250
250 253
250 254
250 255
250 324
250 478
251 255
251 331
251 460
252 373
252 376
253 254
253 255
253 373
253 436
253 487
254 301
254 322
254 435
255 336
255 495
300 301
300 302
300 311
300 315
300 317
300 328
300 337
300 338
300 344
300 346
300 348
300 392
300 443
300 481
300 484
301 304
301 305
301 314
301 320
301 325
301 327
301 339
301 340
301 342
301 345
301 346
301 349
302 304
302 306
302 307
302 312
302 323
302 326
302 327
302 328
302 336
302 337
302 341
302 342
302 349
302 377
303 304
303 309
303 317
303 318
303 326
303 330
303 332
303 336
303 344
303 345
303 346
303 348
303 367
303 472
304 308
304 310
304 311
304 320
304 324
304 326
304 333
304 334
304 335
304 336
304 337
304 340
304 356
305 307
305 308
305 313
305 317
305 318
305 320
305 321
305 323
305 326
305 327
305 329
305 333
305 334
305 338
305 340
305 345
305 360
306 313
306 316
306 317
306 318
306 322
306 329
306 331
306 333
306 336
306 337
306 338
306 340
306 341
306 346
306 348
306 367
306 371
306 473
307 310
307 321
307 323
307 324
307 327
307 329
307 331
307 333
307 336
307 337
307 338
307 342
307 344
307 346
307 347
307 348
307 461
308 311
308 312
308 313
308 314
308 318
308 322
308 324
308 325
308 333
308 336
308 340
308 341
308 342
308 408
309 312
309 313
309 317
309 319
309 320
309 322
309 324
309 325
309 330
309 331
309 339
309 345
309 346
309 386
309 412
309 423
309 439
310 312
310 322
310 323
310 325
310 331
310 337
310 339
310 342
310 345
310 347
310 354
310 378
311 314
311 316
311 318
311 320
311 322
311 327
311 328
311 331
311 332
311 337
311 342
311 343
311 346
311 348
311 349
311 364
311 404
311 415
311 436
312 315
312 316
312 319
312 324
312 328
312 330
312 340
312 346
313 319
313 323
313 326
313 328
313 330
313 336
313 337
313 338
313 339
313 340
313 342
313 347
314 324
314 325
314 327
314 330
314 332
314 333
314 334
314 337
314 343
314 344
314 346
314 348
314 410
314 423
315 318
315 319
315 323
315 325
315 328
315 330
315 332
315 346
315 349
316 318
316 322
316 328
316 329
316 331
316 332
316 339
316 342
316 347
316 353
316 359
316 443
317 318
317 319
317 328
317 332
317 337
317 339
317 340
317 341
317 342
317 343
317 346
317 347
317 400
317 467
318 319
318 322
318 324
318 325
318 326
318 327
318 333
318 335
318 340
318 341
318 342
318 345
318 346
318 348
318 353
318 461
319 325
319 326
319 327
319 331
319 342
319 349
320 323
320 324
320 328
320 331
320 336
320 345
320 348
320 349
320 436
320 469
321 325
321 329
321 330
321 331
321 333
321 334
321 335
321 337
321 340
321 345
322 323
322 324
322 327
322 329
322 343
322 344
323 330
323 332
323 334
323 335
323 337
323 339
323 340
323 344
323 345
323 347
324 325
324 326
324 327
324 329
324 330
324 331
324 338
324 339
324 346
324 347
324 348
324 420
324 426
324 445
325 327
325 329
325 331
325 332
325 336
325 338
325 340
325 341
325 342
325 345
325 393
325 367
325 370
326 329
326 331
326 333
326 346
326 348
326 349
327 331
327 335
327 336
327 339
327 344
327 346
327 347
327 349
327 371
327 425
327 456
328 332
328 334
328 336
328 342
328 347
328 456
329 330
329 343
329 344
329 346
329 347
329 348
329 431
329 443
330 333
330 338
330 339
330 345
330 347
330 349
330 362
330 471
330 484
331 332
331 334
331 337
331 340
331 341
331 343
331 344
331 347
332 334
332 340
332 342
332 347
332 458
333 336
333 338
333 339
333 344
333 346
333 349
333 445
334 336
334 338
334 345
334 349
334 359
334 378
334 484
335 336
335 341
335 342
335 349
335 426
336 339
336 340
336 341
336 344
336 347
336 348
337 339
337 340
338 339
338 341
338 344
338 345
338 346
338 347
338 446
338 451
338 472
339 344
339 345
339 346
339 348
340 342
340 345
340 346
340 347
340 399
340 352
340 408
341 342
341 345
341 427
341 479
342 346
342 348
342 424
343 346
343 412
344 349
344 427
344 475
344 485
344 496
345 348
345 371
346 348
347 348
347 456
349 464
349 495
384 392
384 398
384 355
384 358
384 371
384 373
384 375
384 376
384 378
384 380
384 381
384 382
385 388
385 389
385 390
385 392
385 396
385 399
385 351
385 352
385 354
385 355
385 362
385 363
385 364
385 365
385 372
385 374
385 377
385 378
385 380
385 382
385 383
385 407
385 418
386 388
386 389
386 391
386 397
386 399
386 350
386 351
386 358
386 366
386 367
386 368
386 372
386 374
386 375
386 376
386 379
386 381
386 383
386 468
386 478
386 480
387 388
387 390
387 397
387 399
387 356
387 357
387 359
387 366
387 367
387 369
387 371
387 372
387 375
387 377
387 378
387 379
387 424
387 453
388 392
388 393
388 394
388 395
388 355
388 357
388 359
388 365
388 376
388 378
388 418
389 390
389 391
389 395
389 396
389 399
389 351
389 353
389 355
389 356
389 358
389 365
389 367
389 368
389 370
389 371
389 373
389 376
389 378
389 380
389 405
389 431
389 480
390 395
390 398
390 350
390 351
390 353
390 360
390 364
390 371
390 372
390 373
390 377
390 380
390 383
390 450
391 397
391 399
391 350
391 352
391 357
391 362
391 369
391 372
391 373
391 374
391 375
391 378
391 381
391 383
392 350
392 351
392 356
392 362
392 363
392 366
392 367
392 372
392 374
392 377
392 378
392 380
392 382
392 431
392 437
393 394
393 397
393 358
393 359
393 360
393 364
393 373
393 375
393 376
393 377
393 380
393 381
393 470
394 355
394 357
394 364
394 379
394 382
394 445
394 471
395 397
395 398
395 399
395 351
395 352
395 353
395 359
395 360
395 363
395 367
395 368
395 370
395 371
395 375
395 380
395 382
395 476
396 398
396 399
396 354
396 362
396 364
396 366
396 368
396 373
396 374
396 378
396 382
396 383
396 444
397 398
397 399
397 351
397 353
397 354
397 358
397 360
397 363
397 365
397 368
397 369
397 373
397 374
397 375
397 376
397 377
397 378
397 380
397 443
398 354
398 359
398 360
398 365
398 366
398 369
398 381
398 480
399 350
399 355
399 360
399 361
399 362
399 363
399 368
399 373
399 374
399 377
399 379
399 381
399 471
399 496
350 361
350 376
350 379
350 381
350 382
350 383
351 352
351 354
351 355
351 358
351 361
351 362
351 363
351 366
351 367
351 368
351 374
351 376
351 381
351 473
352 358
352 360
352 362
352 365
352 373
352 378
352 379
352 382
352 383
352 478
353 360
353 363
353 364
353 367
353 368
353 371
353 372
353 375
353 377
353 379
354 359
354 360
354 361
354 365
354 366
354 368
354 369
354 370
354 371
354 376
354 382
354 402
355 356
355 357
355 359
355 368
355 370
355 373
355 381
356 362
356 363
356 364
356 371
356 375
356 376
356 377
357 358
357 362
357 367
357 368
357 370
357 374
357 378
357 379
357 382
357 383
358 360
358 363
358 367
358 369
358 370
358 371
358 374
358 375
358 381
359 363
359 364
359 367
359 373
359 374
359 377
359 379
359 381
359 484
360 361
360 362
360 363
360 366
360 369
360 373
360 377
360 383
360 498
361 362
361 365
361 370
361 371
361 376
361 380
361 496
362 369
362 370
362 371
362 374
362 461
362 466
363 364
363 365
363 366
363 369
363 373
363 374
363 378
363 380
363 382
363 438
363 481
364 372
364 373
364 378
364 428
364 476
365 366
365 367
365 369
365 370
365 375
365 381
366 367
366 376
366 377
366 378
366 406
366 446
367 373
367 379
367 417
368 370
368 372
368 377
368 379
368 380
369 375
369 381
369 383
370 374
370 377
370 379
370 382
371 372
371 374
371 375
371 377
371 378
371 382
371 413
371 429
371 468
372 375
372 380
373 382
373 424
375 379
375 414
375 424
376 378
376 382
376 383
376 469
376 481
377 379
377 380
377 381
377 382
377 433
377 468
377 473
378 381
378 383
378 428
378 483
379 382
379 472
379 493
380 413
380 456
380 471
381 436
383 421
383 450
383 487
400 406
400 408
400 411
400 412
400 422
400 424
400 444
400 449
401 403
401 406
401 408
401 412
401 413
401 415
401 418
401 421
401 425
401 427
401 428
401 436
401 439
401 440
401 442
401 443
401 448
402 406
402 407
402 415
402 419
402 421
402 422
402 426
402 436
402 439
402 441
402 446
402 448
402 449
402 470
403 406
403 407
403 408
403 409
403 411
403 414
403 415
403 417
403 419
403 420
403 421
403 422
403 423
403 427
403 431
403 433
403 438
403 441
403 443
403 444
403 445
403 447
403 474
404 411
404 414
404 417
404 418
404 423
404 424
404 425
404 428
404 429
404 440
404 441
404 442
404 444
404 445
404 458
404 484
405 412
405 419
405 425
405 426
405 428
405 435
405 439
405 440
405 443
405 444
405 458
406 408
406 409
406 410
406 412
406 413
406 415
406 417
406 419
406 420
406 423
406 427
406 430
406 432
406 435
406 449
406 465
406 485
407 410
407 411
407 414
407 417
407 426
407 428
407 430
407 433
407 434
407 442
407 446
407 447
407 449
407 491
408 409
408 410
408 421
408 422
408 423
408 425
408 426
408 428
408 429
408 430
408 434
408 438
408 441
408 446
408 447
408 450
409 411
409 413
409 414
409 419
409 421
409 422
409 434
409 435
409 438
409 441
409 442
409 444
409 449
409 482
410 416
410 422
410 425
410 429
410 434
410 436
410 437
410 443
410 444
410 445
410 447
410 448
411 412
411 414
411 415
411 423
411 427
411 435
411 439
411 440
411 443
411 444
411 446
411 448
412 415
412 417
412 422
412 424
412 425
412 429
412 430
412 431
412 433
412 437
412 439
412 442
412 445
412 447
412 449
412 463
413 417
413 418
413 424
413 440
413 443
413 444
413 448
413 471
413 484
414 423
414 427
414 428
414 429
414 430
414 431
414 434
414 438
414 440
414 468
415 419
415 420
415 421
415 427
415 434
415 438
415 446
415 447
416 417
416 420
416 424
416 435
416 436
416 437
416 444
417 418
417 419
417 421
417 423
417 424
417 430
417 434
417 435
417 437
417 438
417 446
417 447
417 448
417 449
418 421
418 428
418 431
418 441
418 443
418 445
418 447
418 448
419 421
419 424
419 425
419 429
419 434
419 435
419 437
419 440
419 442
419 447
419 448
420 421
420 422
420 423
420 424
420 425
420 427
420 428
420 430
420 432
420 442
420 443
420 449
421 422
421 424
421 425
421 426
421 431
421 433
421 436
421 441
421 447
421 448
421 449
422 423
422 424
422 425
422 430
422 436
422 437
422 440
422 442
422 443
422 448
423 424
423 427
423 428
423 429
423 431
423 432
423 435
423 437
423 440
423 444
423 446
423 470
424 425
424 427
424 429
424 435
424 436
424 440
424 445
424 448
425 430
425 432
425 436
425 438
425 441
425 442
425 444
425 448
425 473
426 439
426 443
426 445
426 447
426 448
427 430
427 433
427 435
427 437
427 440
427 441
427 442
427 445
427 446
427 447
428 434
428 436
428 441
428 442
428 445
428 447
428 448
428 449
429 434
429 436
429 439
429 441
429 446
430 437
430 481
430 491
431 435
431 436
431 447
431 451
432 442
432 444
432 448
432 465
433 434
433 436
433 439
433 440
433 442
433 448
433 489
434 437
434 438
434 441
434 442
435 442
435 443
435 448
435 449
435 453
435 475
435 487
436 439
436 443
436 446
436 452
436 468
437 445
437 446
437 449
437 462
438 439
438 441
438 443
438 444
438 445
439 449
440 442
440 443
440 445
440 449
441 443
441 446
441 447
441 464
442 448
442 477
442 489
443 445
443 446
443 447
444 448
445 446
445 480
446 448
447 448
447 449
450 453
450 454
450 456
450 457
450 458
450 459
450 460
450 462
450 473
450 479
450 482
450 483
450 486
450 492
450 496
451 453
451 454
451 459
451 460
451 462
451 463
451 464
451 466
451 470
451 478
451 479
451 481
451 486
451 487
451 498
451 499
452 453
452 455
452 456
452 457
452 461
452 464
452 465
452 471
452 472
452 476
452 480
452 485
452 492
452 493
452 497
452 499
453 457
453 458
453 459
453 461
453 467
453 470
453 474
453 476
453 477
453 479
453 486
453 489
453 490
453 494
453 495
453 498
454 456
454 458
454 460
454 464
454 465
454 468
454 469
454 473
454 476
454 481
454 485
454 490
454 492
454 494
454 498
454 499
455 456
455 459
455 460
455 463
455 464
455 466
455 467
455 468
455 475
455 478
455 479
455 480
455 488
455 490
455 491
455 496
455 497
456 458
456 461
456 463
456 464
456 466
456 467
456 468
456 472
456 475
456 477
456 494
456 496
457 463
457 470
457 473
457 474
457 477
457 479
457 482
457 483
457 485
457 488
457 489
457 491
457 492
457 494
457 495
457 499
458 464
458 465
458 474
458 476
458 481
458 484
458 491
458 494
458 497
458 498
459 460
459 462
459 463
459 468
459 470
459 471
459 472
459 473
459 478
459 482
459 484
459 485
459 487
459 489
459 490
459 491
459 495
460 468
460 469
460 471
460 482
460 487
460 489
460 493
460 494
460 495
460 497
461 463
461 467
461 470
461 471
461 477
461 478
461 479
461 481
461 482
461 483
461 484
461 485
461 488
461 494
462 466
462 472
462 473
462 474
462 476
462 478
462 480
462 487
462 494
462 497
463 464
463 465
463 466
463 467
463 470
463 471
463 478
463 483
463 484
463 491
463 493
463 495
463 497
464 468
464 470
464 478
464 487
464 488
464 496
465 466
465 473
465 476
465 477
465 481
465 482
465 494
466 468
466 476
466 486
466 487
466 489
466 490
466 499
467 472
467 475
467 478
467 481
467 486
467 487
467 489
467 493
467 495
467 496
467 498
468 470
468 472
468 474
468 481
468 483
468 484
468 491
468 495
468 499
469 474
469 475
469 476
469 480
469 482
469 489
469 492
469 494
469 496
469 498
470 475
470 476
470 478
470 489
470 490
470 491
470 493
470 495
470 499
471 472
471 473
471 481
471 487
471 489
471 490
471 491
471 497
471 499
472 475
472 478
472 479
472 484
472 490
472 491
472 494
472 497
473 475
473 479
473 480
473 486
473 487
473 490
473 491
473 493
473 497
474 485
474 487
474 491
474 493
474 495
475 496
475 498
476 478
476 480
476 483
476 485
476 488
476 497
476 499
477 483
477 493
477 496
478 492
478 494
478 495
478 497
479 480
479 481
479 485
479 488
479 490
479 492
479 493
479 495
479 497
479 499
480 481
480 487
480 489
480 490
480 491
480 495
480 497
480 498
481 487
481 488
481 489
481 491
481 496
482 483
482 484
482 486
482 489
482 498
482 499
483 490
484 491
484 497
485 488
485 489
485 497
487 488
487 489
487 491
487 492
488 490
488 494
488 495
489 494
489 496
490 491
490 493
490 494
491 495
491 496
491 498
491 499
492 494
492 496
493 499
494 495
494 497
494 498
498 499
