0 7
0 8
0 9
0 11
0 15
0 16
0 23
0 34
0 35
0 36
0 42
0 43
0 46
0 90
0 111
0 120
0 154
0 159
0 176
0 181
0 188
0 223
0 257
0 277
0 290
0 342
0 395
0 362
0 441
0 488
0 489
1 2
1 3
1 5
1 7
1 8
1 10
1 20
1 23
1 24
1 26
1 27
1 34
1 35
1 40
1 41
1 43
1 47
1 51
1 94
1 158
1 196
1 207
1 209
1 214
1 217
1 234
1 259
1 262
1 263
1 285
1 291
1 310
1 326
1 335
1 350
1 356
1 377
1 382
1 424
1 430
1 474
1 493
2 9
2 11
2 15
2 17
2 19
2 20
2 23
2 26
2 27
2 29
2 30
2 31
2 37
2 38
2 39
2 40
2 44
2 81
2 82
2 99
2 182
2 206
2 218
2 230
2 283
2 298
2 303
2 319
2 396
2 397
2 399
2 406
2 421
2 431
2 449
2 451
2 471
3 6
3 7
3 10
3 13
3 14
3 15
3 17
3 25
3 27
3 31
3 33
3 37
3 42
3 47
3 50
3 54
3 62
3 64
3 86
3 93
3 96
3 131
3 137
3 116
3 122
3 180
3 221
3 239
3 245
3 260
3 252
3 329
3 334
3 366
3 410
3 426
3 494
4 7
4 11
4 13
4 14
4 15
4 19
4 20
4 22
4 23
4 30
4 36
4 37
4 40
4 41
4 45
4 46
4 47
4 61
4 82
4 91
4 130
4 145
4 159
4 182
4 185
4 204
4 205
4 240
4 241
4 273
4 275
4 276
4 332
4 341
4 396
4 399
4 350
4 403
4 424
5 9
5 10
5 13
5 14
5 15
5 16
5 19
5 21
5 26
5 27
5 31
5 33
5 36
5 39
5 40
5 43
5 44
5 46
5 48
5 49
5 57
5 70
5 76
5 99
5 129
5 169
5 197
5 262
5 280
5 251
5 346
5 388
5 395
5 399
5 351
5 359
5 362
5 366
5 407
5 410
5 418
5 420
5 423
5 425
5 430
5 437
5 441
5 478
6 8
6 9
6 10
6 13
6 19
6 25
6 26
6 27
6 28
6 34
6 35
6 41
6 45
6 46
6 182
6 192
6 201
6 204
6 222
6 285
6 390
6 399
6 370
6 412
6 433
6 464
7 10
7 11
7 15
7 19
7 21
7 22
7 24
7 28
7 29
7 30
7 46
7 54
7 88
7 134
7 151
7 182
7 227
7 253
7 312
7 313
7 345
7 398
7 366
7 400
7 438
7 448
7 450
8 10
8 19
8 22
8 23
8 26
8 31
8 37
8 42
8 45
8 49
8 56
8 84
8 132
8 133
8 111
8 168
8 175
8 189
8 207
8 239
8 286
8 303
8 395
8 396
8 354
8 403
8 405
8 406
8 439
8 454
8 456
8 466
8 485
8 488
8 493
9 12
9 16
9 24
9 25
9 26
9 34
9 36
9 37
9 40
9 43
9 46
9 49
9 51
9 61
9 66
9 67
9 134
9 146
9 122
9 154
9 187
9 192
9 199
9 212
9 229
9 261
9 283
9 325
9 326
9 339
9 348
9 362
9 374
9 430
9 468
9 471
9 480
9 489
9 492
9 493
10 11
10 17
10 20
10 21
10 23
10 24
10 33
10 37
10 38
10 43
10 44
10 49
10 76
10 89
10 93
10 95
10 146
10 155
10 178
10 185
10 195
10 218
10 228
10 248
10 270
10 272
10 289
10 340
10 391
10 424
10 462
11 14
11 19
11 20
11 21
11 23
11 24
11 27
11 37
11 38
11 40
11 41
11 43
11 44
11 45
11 49
11 54
11 85
11 95
11 147
11 102
11 201
11 207
11 237
11 247
11 275
11 277
11 284
11 295
11 310
11 336
11 353
11 370
11 406
11 426
11 439
11 445
11 447
11 457
11 488
11 496
12 17
12 18
12 19
12 22
12 26
12 28
12 33
12 44
12 46
12 52
12 62
12 64
12 129
12 134
12 112
12 117
12 161
12 203
12 222
12 261
12 318
12 344
12 442
13 28
13 32
13 36
13 37
13 44
13 48
13 103
13 118
13 150
13 166
13 209
13 224
13 242
13 260
13 261
13 281
13 289
13 296
13 353
13 361
13 369
13 410
13 453
13 475
13 479
14 15
14 19
14 22
14 24
14 31
14 32
14 37
14 38
14 44
14 46
14 47
14 53
14 59
14 97
14 113
14 120
14 151
14 158
14 160
14 259
14 278
14 317
14 328
14 390
14 350
14 363
14 370
14 443
14 479
15 17
15 20
15 22
15 24
15 29
15 36
15 39
15 40
15 43
15 46
15 50
15 68
15 74
15 87
15 143
15 149
15 114
15 118
15 127
15 173
15 213
15 246
15 268
15 290
15 291
15 252
15 312
15 355
15 370
15 400
15 415
15 441
15 442
15 465
15 470
15 475
15 483
15 491
16 19
16 20
16 21
16 22
16 26
16 33
16 34
16 36
16 40
16 42
16 44
16 45
16 46
16 71
16 97
16 98
16 148
16 102
16 111
16 121
16 152
16 195
16 215
16 217
16 236
16 237
16 243
16 248
16 249
16 260
16 267
16 272
16 274
16 312
16 331
16 337
16 375
16 427
16 429
16 464
16 468
16 481
17 22
17 27
17 28
17 38
17 40
17 42
17 76
17 79
17 148
17 108
17 188
17 200
17 310
17 375
17 383
17 400
17 406
17 417
17 435
17 451
17 465
17 468
17 493
18 24
18 28
18 30
18 31
18 34
18 35
18 36
18 43
18 44
18 48
18 66
18 87
18 88
18 95
18 128
18 105
18 106
18 107
18 110
18 167
18 188
18 200
18 264
18 284
18 252
18 332
18 397
18 350
18 357
18 362
18 382
18 428
18 440
18 441
18 455
18 461
18 468
18 481
18 489
18 490
19 23
19 27
19 31
19 37
19 38
19 41
19 44
19 46
19 50
19 84
19 130
19 139
19 113
19 117
19 157
19 158
19 182
19 217
19 223
19 225
19 247
19 281
19 283
19 254
19 386
19 397
19 359
19 382
19 428
19 441
19 473
19 489
20 22
20 26
20 27
20 28
20 30
20 31
20 45
20 47
20 48
20 65
20 128
20 131
20 143
20 100
20 102
20 118
20 124
20 162
20 238
20 242
20 243
20 259
20 291
20 349
20 352
20 378
20 383
20 460
20 464
21 23
21 28
21 32
21 34
21 35
21 42
21 43
21 47
21 57
21 64
21 99
21 102
21 126
21 154
21 161
21 171
21 178
21 197
21 208
21 214
21 237
21 274
21 291
21 255
21 308
21 322
21 332
21 344
21 391
21 362
21 373
21 377
21 400
21 475
22 23
22 25
22 38
22 39
22 42
22 44
22 46
22 47
22 49
22 59
22 69
22 134
22 139
22 111
22 116
22 177
22 189
22 193
22 212
22 225
22 229
22 264
22 270
22 282
22 295
22 311
22 324
22 361
22 363
22 436
22 467
23 24
23 26
23 32
23 36
23 37
23 40
23 42
23 43
23 46
23 47
23 111
23 116
23 119
23 124
23 167
23 182
23 204
23 229
23 243
23 309
23 329
23 330
23 340
23 351
23 358
23 377
23 379
23 383
23 407
23 440
23 446
24 26
24 29
24 30
24 31
24 37
24 44
24 45
24 47
24 49
24 56
24 80
24 83
24 92
24 144
24 106
24 183
24 230
24 298
24 250
24 309
24 311
24 329
24 354
24 360
24 382
24 440
24 460
24 488
25 31
25 36
25 37
25 38
25 39
25 40
25 48
25 57
25 69
25 74
25 88
25 140
25 104
25 152
25 156
25 179
25 181
25 184
25 187
25 274
25 286
25 319
25 321
25 330
25 333
25 336
25 344
25 389
25 352
25 404
25 411
25 417
25 436
26 27
26 29
26 33
26 35
26 38
26 39
26 46
26 47
26 48
26 49
26 80
26 81
26 87
26 145
26 101
26 150
26 194
26 205
26 236
26 245
26 258
26 330
26 361
26 407
26 414
26 421
26 424
26 433
26 438
26 443
26 450
26 452
26 465
26 487
27 29
27 30
27 31
27 33
27 34
27 41
27 48
27 73
27 100
27 168
27 175
27 198
27 275
27 277
27 285
27 299
27 336
27 363
27 432
27 435
27 453
27 461
27 479
28 35
28 37
28 38
28 40
28 41
28 44
28 45
28 62
28 153
28 166
28 223
28 266
28 291
28 324
28 328
28 342
28 388
28 414
28 448
28 464
28 467
28 493
29 30
29 35
29 37
29 41
29 58
29 75
29 79
29 80
29 134
29 127
29 200
29 204
29 224
29 275
29 288
29 322
29 326
29 334
29 394
29 446
29 458
29 470
30 34
30 38
30 40
30 41
30 42
30 43
30 49
30 59
30 89
30 149
30 102
30 117
30 176
30 178
30 192
30 197
30 222
30 231
30 272
30 274
30 252
30 339
30 340
30 346
30 385
30 453
30 473
30 480
30 494
31 35
31 36
31 43
31 47
31 48
31 49
31 135
31 107
31 170
31 206
31 214
31 241
31 243
31 262
31 264
31 286
31 349
31 356
31 376
31 410
31 432
31 433
31 434
31 444
31 483
32 37
32 38
32 41
32 42
32 43
32 44
32 48
32 74
32 131
32 140
32 149
32 100
32 107
32 152
32 190
32 238
32 274
32 276
32 295
32 296
32 300
32 333
32 347
32 353
32 369
32 424
32 436
32 448
32 467
32 482
33 34
33 35
33 36
33 42
33 46
33 48
33 140
33 163
33 164
33 173
33 180
33 184
33 207
33 274
33 278
33 281
33 294
33 314
33 346
33 391
33 377
33 427
33 442
33 443
33 448
33 456
33 464
33 474
34 38
34 41
34 42
34 43
34 48
34 66
34 70
34 77
34 87
34 111
34 120
34 122
34 163
34 203
34 212
34 230
34 284
34 306
34 328
34 333
34 341
34 343
34 364
34 443
34 457
34 466
34 473
34 498
35 37
35 38
35 43
35 48
35 50
35 53
35 86
35 172
35 184
35 202
35 217
35 247
35 249
35 285
35 294
35 389
35 394
35 357
35 361
35 402
35 449
35 466
35 470
35 497
36 38
36 42
36 43
36 45
36 46
36 132
36 140
36 109
36 122
36 161
36 164
36 170
36 188
36 225
36 260
36 271
36 294
36 254
36 311
36 333
36 403
36 405
36 444
36 491
36 493
37 39
37 42
37 44
37 45
37 48
37 68
37 79
37 132
37 149
37 105
37 113
37 126
37 156
37 191
37 201
37 228
37 233
37 238
37 242
37 248
37 249
37 260
37 267
37 272
37 288
37 304
37 305
37 327
37 338
37 343
37 349
37 354
37 364
37 418
37 475
37 477
37 489
38 45
38 46
38 84
38 146
38 121
38 185
38 191
38 196
38 221
38 254
38 303
38 329
38 335
38 429
38 439
38 449
38 455
38 459
38 463
38 465
38 487
39 40
39 41
39 42
39 44
39 47
39 48
39 69
39 142
39 101
39 187
39 221
39 223
39 240
39 247
39 277
39 305
39 326
39 377
39 406
39 441
39 468
40 41
40 43
40 44
40 45
40 48
40 66
40 98
40 121
40 182
40 197
40 219
40 220
40 245
40 263
40 269
40 251
40 254
40 307
40 314
40 316
40 321
40 328
40 366
40 372
40 407
40 420
40 456
40 469
41 43
41 44
41 47
41 86
41 94
41 118
41 178
41 217
41 219
41 291
41 293
41 386
41 406
41 410
41 415
41 416
41 470
41 482
42 46
42 48
42 64
42 65
42 79
42 88
42 136
42 108
42 169
42 170
42 187
42 227
42 233
42 240
42 265
42 270
42 292
42 250
42 333
42 396
42 398
42 400
42 427
42 451
42 469
42 470
42 476
43 45
43 67
43 83
43 86
43 128
43 137
43 107
43 127
43 189
43 224
43 226
43 231
43 258
43 268
43 283
43 287
43 298
43 250
43 302
43 304
43 321
43 327
43 338
43 349
43 403
43 434
43 440
43 472
43 474
44 77
44 95
44 136
44 125
44 127
44 154
44 156
44 157
44 162
44 165
44 166
44 177
44 237
44 238
44 240
44 304
44 313
44 322
44 340
44 371
44 380
44 381
44 405
44 408
44 410
44 418
44 423
44 427
44 470
44 471
44 494
45 59
45 67
45 84
45 139
45 100
45 108
45 119
45 178
45 181
45 313
45 389
45 357
45 373
45 375
45 380
45 415
45 465
45 466
45 467
45 495
46 60
46 68
46 76
46 130
46 144
46 148
46 104
46 125
46 160
46 169
46 172
46 175
46 179
46 200
46 216
46 245
46 262
46 281
46 253
46 311
46 345
46 348
46 388
46 428
46 435
46 443
46 450
46 466
46 473
46 491
47 56
47 61
47 76
47 96
47 140
47 100
47 105
47 108
47 156
47 180
47 208
47 212
47 228
47 258
47 279
47 312
47 367
47 416
47 453
47 479
47 488
48 51
48 74
48 85
48 86
48 143
48 192
48 218
48 224
48 329
48 352
48 425
48 430
48 460
48 473
48 487
48 494
49 135
49 120
49 122
49 169
49 190
49 192
49 198
49 200
49 227
49 262
49 266
49 282
49 324
49 339
49 367
49 411
49 434
49 435
49 438
49 445
49 463
49 478
50 51
50 54
50 55
50 60
50 62
50 63
50 65
50 67
50 71
50 73
50 75
50 76
50 78
50 81
50 84
50 86
50 89
50 92
50 96
50 97
50 133
50 144
50 106
50 166
50 175
50 186
50 191
50 197
50 217
50 222
50 223
50 232
50 258
50 270
50 281
50 254
50 337
50 385
50 363
50 406
50 428
50 469
50 475
50 485
51 55
51 58
51 60
51 62
51 67
51 77
51 78
51 83
51 86
51 89
51 91
51 92
51 94
51 96
51 98
51 100
51 122
51 154
51 184
51 265
51 304
51 343
51 385
51 352
51 355
51 412
51 421
51 430
51 439
51 441
51 462
51 478
52 53
52 61
52 64
52 65
52 66
52 71
52 82
52 85
52 90
52 91
52 98
52 130
52 143
52 102
52 186
52 238
52 245
52 248
52 273
52 275
52 288
52 322
52 331
52 338
52 347
52 483
53 59
53 68
53 74
53 75
53 76
53 77
53 79
53 83
53 85
53 90
53 95
53 105
53 164
53 172
53 176
53 184
53 207
53 213
53 224
53 232
53 266
53 342
53 357
53 360
53 378
53 400
53 404
53 414
53 429
53 470
53 485
53 488
54 57
54 60
54 65
54 66
54 68
54 69
54 76
54 77
54 82
54 85
54 94
54 96
54 97
54 98
54 173
54 186
54 199
54 221
54 222
54 234
54 256
54 262
54 274
54 305
54 310
54 326
54 347
54 351
54 373
54 378
54 424
54 440
54 450
54 456
54 470
55 56
55 59
55 61
55 66
55 70
55 74
55 76
55 79
55 81
55 84
55 86
55 91
55 93
55 97
55 98
55 135
55 146
55 106
55 160
55 183
55 184
55 190
55 263
55 266
55 275
55 305
55 310
55 329
55 392
55 397
55 364
55 369
55 374
55 380
55 381
55 414
55 437
55 445
55 449
55 499
56 57
56 58
56 59
56 60
56 64
56 66
56 69
56 70
56 75
56 77
56 81
56 85
56 86
56 87
56 95
56 98
56 148
56 196
56 198
56 199
56 237
56 268
56 295
56 303
56 389
56 364
56 373
56 423
56 461
56 497
57 58
57 60
57 62
57 66
57 72
57 74
57 77
57 79
57 82
57 84
57 86
57 92
57 98
57 131
57 146
57 100
57 103
57 151
57 160
57 173
57 179
57 180
57 202
57 204
57 228
57 237
57 248
57 268
57 270
57 253
57 345
57 346
57 347
57 388
57 395
57 428
57 459
57 475
57 488
58 66
58 68
58 69
58 77
58 80
58 82
58 83
58 84
58 86
58 87
58 88
58 90
58 92
58 93
58 94
58 97
58 98
58 99
58 115
58 178
58 198
58 208
58 222
58 275
58 281
58 291
58 296
58 302
58 361
58 409
58 430
58 434
58 446
58 447
58 457
58 491
59 66
59 67
59 78
59 81
59 82
59 83
59 84
59 91
59 92
59 95
59 96
59 97
59 131
59 149
59 110
59 155
59 244
59 249
59 279
59 295
59 296
59 252
59 314
59 330
59 343
59 374
59 403
59 407
59 441
59 478
60 61
60 62
60 68
60 76
60 77
60 80
60 82
60 83
60 85
60 94
60 95
60 98
60 146
60 149
60 211
60 214
60 223
60 258
60 261
60 280
60 281
60 304
60 334
60 341
60 399
60 400
60 412
60 416
60 435
60 471
60 477
60 480
60 488
61 64
61 65
61 74
61 75
61 77
61 81
61 84
61 86
61 89
61 90
61 93
61 94
61 96
61 135
61 126
61 150
61 182
61 189
61 228
61 236
61 288
61 387
61 393
61 401
61 429
61 436
61 444
61 458
61 465
61 491
62 63
62 64
62 71
62 73
62 75
62 82
62 84
62 88
62 91
62 94
62 102
62 113
62 125
62 153
62 156
62 170
62 173
62 186
62 240
62 303
62 331
62 384
62 424
62 426
62 440
62 462
62 474
63 64
63 65
63 66
63 72
63 74
63 77
63 78
63 79
63 82
63 85
63 86
63 87
63 91
63 92
63 95
63 96
63 139
63 146
63 107
63 127
63 155
63 166
63 182
63 185
63 188
63 207
63 211
63 221
63 239
63 244
63 247
63 290
63 330
63 338
63 393
63 353
63 460
63 462
64 68
64 71
64 72
64 73
64 74
64 79
64 80
64 87
64 89
64 92
64 93
64 97
64 99
64 108
64 109
64 154
64 160
64 177
64 203
64 208
64 212
64 217
64 229
64 240
64 244
64 262
64 301
64 316
64 323
64 329
64 346
64 359
64 405
64 411
64 444
64 448
64 452
64 482
65 67
65 69
65 74
65 76
65 77
65 85
65 95
65 97
65 117
65 125
65 126
65 162
65 163
65 240
65 249
65 261
65 288
65 313
65 373
65 407
65 410
65 430
65 453
66 72
66 74
66 79
66 81
66 84
66 87
66 92
66 98
66 99
66 140
66 141
66 146
66 149
66 107
66 117
66 150
66 172
66 210
66 227
66 242
66 249
66 256
66 277
66 280
66 287
66 311
66 346
66 393
66 366
66 367
66 369
66 373
66 443
66 460
66 462
67 70
67 75
67 77
67 78
67 79
67 87
67 90
67 94
67 98
67 128
67 141
67 123
67 153
67 196
67 216
67 266
67 271
67 285
67 295
67 338
67 347
67 384
67 396
67 351
67 402
67 466
67 495
68 69
68 70
68 71
68 73
68 74
68 77
68 80
68 82
68 84
68 85
68 88
68 91
68 93
68 99
68 122
68 123
68 156
68 203
68 205
68 209
68 223
68 235
68 236
68 261
68 270
68 291
68 254
68 331
68 332
68 393
68 409
68 432
68 435
69 71
69 72
69 73
69 78
69 81
69 84
69 86
69 89
69 94
69 96
69 97
69 139
69 143
69 106
69 109
69 158
69 163
69 171
69 172
69 215
69 216
69 222
69 288
69 294
69 366
69 381
69 407
69 418
69 435
69 479
69 480
69 491
70 74
70 78
70 83
70 84
70 85
70 87
70 89
70 90
70 92
70 94
70 128
70 146
70 100
70 110
70 171
70 182
70 183
70 225
70 259
70 297
70 318
70 337
70 341
70 410
70 418
70 440
70 448
70 459
70 460
70 486
71 75
71 77
71 78
71 83
71 89
71 95
71 96
71 131
71 101
71 122
71 165
71 228
71 263
71 265
71 307
71 315
71 320
71 432
71 458
71 466
71 495
72 75
72 85
72 88
72 89
72 90
72 97
72 152
72 232
72 282
72 324
72 330
72 336
72 337
72 389
72 394
72 427
72 440
72 486
73 75
73 77
73 82
73 83
73 97
73 108
73 165
73 169
73 189
73 217
73 230
73 236
73 308
73 312
73 355
73 364
73 402
73 413
73 420
73 437
73 469
73 499
74 78
74 84
74 88
74 91
74 94
74 136
74 137
74 211
74 221
74 275
74 285
74 323
74 334
74 335
74 352
74 365
74 412
74 420
74 424
74 480
75 76
75 78
75 83
75 86
75 92
75 93
75 95
75 135
75 143
75 103
75 117
75 126
75 173
75 180
75 193
75 195
75 203
75 211
75 223
75 227
75 233
75 235
75 236
75 264
75 291
75 292
75 308
75 355
75 380
75 435
75 485
76 78
76 79
76 82
76 85
76 87
76 92
76 93
76 94
76 97
76 146
76 150
76 168
76 206
76 228
76 237
76 262
76 265
76 277
76 279
76 281
76 283
76 285
76 298
76 320
76 324
76 332
76 337
76 373
76 431
76 439
76 469
76 481
77 78
77 88
77 91
77 92
77 93
77 95
77 96
77 98
77 99
77 140
77 144
77 107
77 117
77 153
77 177
77 204
77 228
77 278
77 286
77 317
77 340
77 360
77 373
77 414
77 430
77 492
78 86
78 90
78 93
78 98
78 128
78 107
78 120
78 174
78 215
78 259
78 279
78 343
78 369
78 379
78 403
78 412
78 421
78 475
78 480
79 82
79 84
79 87
79 92
79 94
79 96
79 136
79 147
79 174
79 190
79 201
79 207
79 224
79 263
79 274
79 284
79 312
79 317
79 318
79 341
79 344
79 345
79 396
79 379
79 427
79 440
79 474
79 475
79 477
79 491
79 496
80 83
80 88
80 90
80 91
80 95
80 130
80 131
80 106
80 156
80 171
80 182
80 201
80 215
80 236
80 258
80 293
80 295
80 324
80 326
80 364
80 406
80 408
80 440
80 446
80 478
81 83
81 85
81 86
81 88
81 90
81 96
81 98
81 123
81 177
81 197
81 198
81 237
81 314
81 359
81 361
81 373
81 438
81 465
81 493
82 90
82 92
82 96
82 133
82 100
82 124
82 164
82 168
82 190
82 220
82 235
82 262
82 291
82 294
82 311
82 333
82 340
82 391
82 417
82 423
82 471
82 476
83 84
83 85
83 86
83 88
83 90
83 92
83 141
83 151
83 154
83 179
83 205
83 216
83 322
83 333
83 345
83 391
83 399
83 350
83 372
83 427
83 430
83 436
83 467
83 476
83 484
84 85
84 90
84 91
84 94
84 95
84 98
84 137
84 155
84 160
84 164
84 211
84 231
84 239
84 245
84 273
84 279
84 280
84 251
84 313
84 364
84 369
84 432
84 468
84 471
84 472
84 494
85 86
85 89
85 90
85 93
85 98
85 148
85 100
85 125
85 155
85 163
85 200
85 216
85 217
85 233
85 241
85 245
85 256
85 253
85 326
85 385
85 373
85 408
85 414
85 440
85 444
85 452
85 481
85 490
86 89
86 90
86 95
86 96
86 99
86 111
86 119
86 120
86 171
86 180
86 188
86 220
86 271
86 281
86 288
86 310
86 321
86 337
86 339
86 387
86 399
86 353
86 420
86 425
86 428
86 478
86 490
86 492
86 496
87 94
87 96
87 98
87 136
87 146
87 148
87 117
87 173
87 233
87 235
87 248
87 266
87 330
87 339
87 347
87 369
87 373
87 382
87 406
87 410
87 411
87 416
87 418
87 424
87 432
87 490
88 92
88 93
88 94
88 95
88 99
88 140
88 147
88 153
88 158
88 193
88 230
88 232
88 241
88 280
88 318
88 331
88 336
88 337
88 387
88 390
88 405
88 412
88 440
89 95
89 96
89 98
89 131
89 142
89 100
89 101
89 107
89 158
89 162
89 177
89 217
89 218
89 292
89 296
89 342
89 389
89 373
89 449
89 453
89 465
89 477
89 494
90 91
90 96
90 97
90 98
90 99
90 168
90 211
90 220
90 238
90 274
90 279
90 291
90 296
90 300
90 306
90 386
90 360
90 431
90 437
90 455
90 462
91 104
91 105
91 114
91 166
91 193
91 202
91 218
91 232
91 237
91 321
91 385
91 356
91 371
91 382
91 447
91 463
92 93
92 94
92 96
92 99
92 140
92 112
92 125
92 126
92 153
92 158
92 163
92 165
92 186
92 208
92 227
92 234
92 290
92 313
92 319
92 347
92 363
92 365
92 407
92 425
93 95
93 97
93 98
93 129
93 101
93 104
93 111
93 113
93 166
93 171
93 227
93 230
93 261
93 278
93 280
93 309
93 360
93 400
93 429
93 438
93 440
93 474
93 479
93 480
93 499
94 138
94 105
94 172
94 173
94 220
94 221
94 260
94 290
94 295
94 317
94 339
94 390
94 391
94 477
94 484
94 490
94 493
95 141
95 146
95 120
95 164
95 187
95 196
95 209
95 212
95 305
95 326
95 385
95 360
95 364
95 428
95 438
95 454
95 475
96 99
96 128
96 133
96 127
96 170
96 226
96 243
96 249
96 266
96 299
96 309
96 311
96 314
96 344
96 349
96 373
96 378
96 379
96 380
96 429
96 433
96 464
96 480
96 498
97 141
97 103
97 204
97 237
97 259
97 301
97 330
97 346
97 387
97 390
97 370
97 416
97 424
97 457
97 463
97 475
97 481
98 99
98 146
98 116
98 126
98 179
98 203
98 265
98 267
98 277
98 253
98 344
98 384
98 409
98 436
98 452
99 128
99 102
99 122
99 204
99 232
99 256
99 262
99 273
99 282
99 301
99 312
99 317
99 327
99 332
99 340
99 351
99 352
99 356
99 414
99 433
99 440
99 454
99 467
99 485
99 490
128 129
128 130
128 136
128 147
128 107
128 120
128 122
128 126
128 195
128 197
128 224
128 230
128 282
128 323
128 326
128 347
128 374
128 380
128 403
128 430
128 440
128 466
128 487
128 499
129 137
129 138
129 142
129 146
129 103
129 104
129 110
129 113
129 116
129 123
129 155
129 174
129 184
129 212
129 216
129 228
129 230
129 233
129 280
129 326
129 340
129 376
129 380
129 405
129 422
129 432
129 448
129 452
129 463
129 466
130 133
130 135
130 136
130 141
130 142
130 143
130 101
130 102
130 104
130 108
130 109
130 110
130 111
130 112
130 116
130 122
130 123
130 124
130 126
130 158
130 169
130 189
130 191
130 214
130 218
130 222
130 225
130 228
130 261
130 266
130 274
130 321
130 324
130 326
130 337
130 341
130 349
130 389
130 391
130 396
130 382
130 497
130 499
131 135
131 137
131 139
131 143
131 144
131 149
131 102
131 105
131 108
131 109
131 110
131 111
131 112
131 117
131 118
131 119
131 157
131 159
131 188
131 199
131 203
131 217
131 232
131 235
131 269
131 280
131 320
131 326
131 330
131 347
131 364
131 365
131 371
131 442
132 139
132 140
132 143
132 145
132 148
132 100
132 108
132 114
132 115
132 116
132 119
132 122
132 161
132 184
132 204
132 207
132 230
132 245
132 269
132 281
132 304
132 315
132 319
132 328
132 361
132 367
132 368
132 400
132 403
132 406
132 423
132 439
132 441
132 464
132 474
133 138
133 147
133 149
133 100
133 101
133 107
133 110
133 113
133 115
133 116
133 117
133 119
133 120
133 124
133 153
133 155
133 169
133 187
133 236
133 268
133 270
133 278
133 387
133 380
133 415
133 417
133 438
133 446
133 451
133 460
133 463
134 137
134 140
134 141
134 148
134 101
134 104
134 106
134 107
134 113
134 120
134 125
134 126
134 127
134 151
134 152
134 159
134 175
134 195
134 258
134 277
134 286
134 298
134 316
134 318
134 396
134 397
134 406
134 427
134 437
134 463
134 468
135 136
135 139
135 141
135 143
135 144
135 148
135 149
135 100
135 101
135 106
135 108
135 118
135 124
135 125
135 170
135 209
135 216
135 235
135 268
135 279
135 291
135 303
135 307
135 310
135 312
135 327
135 355
135 356
135 363
135 365
135 367
135 368
135 411
135 458
135 488
136 145
136 147
136 148
136 101
136 102
136 104
136 109
136 115
136 119
136 122
136 167
136 169
136 202
136 219
136 246
136 258
136 268
136 275
136 285
136 310
136 317
136 389
136 393
136 382
136 417
136 419
136 426
136 446
137 146
137 109
137 116
137 121
137 123
137 124
137 125
137 163
137 212
137 216
137 243
137 258
137 269
137 270
137 273
137 298
137 303
137 319
137 339
137 347
137 394
137 457
137 459
137 460
138 140
138 145
138 100
138 103
138 106
138 107
138 112
138 114
138 116
138 117
138 119
138 125
138 126
138 127
138 156
138 157
138 200
138 209
138 211
138 221
138 225
138 231
138 244
138 259
138 269
138 255
138 341
138 343
138 344
138 366
138 373
138 382
138 410
138 438
139 146
139 102
139 106
139 112
139 120
139 122
139 123
139 127
139 151
139 161
139 195
139 224
139 256
139 284
139 289
139 313
139 332
139 390
139 380
139 408
139 415
139 422
139 431
139 444
139 452
139 470
139 478
139 487
139 493
140 144
140 146
140 148
140 101
140 112
140 115
140 121
140 123
140 124
140 165
140 175
140 284
140 297
140 321
140 323
140 349
140 393
140 395
140 370
140 406
140 413
140 417
140 434
140 450
140 468
140 478
140 491
140 495
141 142
141 146
141 147
141 102
141 106
141 110
141 118
141 119
141 125
141 126
141 127
141 152
141 155
141 184
141 206
141 273
141 285
141 335
141 343
141 352
141 356
141 357
141 371
141 376
141 400
141 404
141 427
141 434
141 455
141 460
141 470
142 143
142 108
142 109
142 110
142 111
142 113
142 117
142 118
142 124
142 230
142 253
142 304
142 309
142 335
142 336
142 337
142 342
142 343
142 344
142 359
142 362
142 367
142 407
142 409
142 411
142 424
142 461
143 103
143 106
143 109
143 113
143 114
143 115
143 117
143 118
143 119
143 120
143 121
143 124
143 125
143 169
143 195
143 199
143 203
143 262
143 272
143 294
143 307
143 318
143 344
143 414
143 420
143 434
143 437
143 493
144 146
144 148
144 149
144 100
144 106
144 108
144 110
144 113
144 121
144 127
144 156
144 160
144 187
144 195
144 205
144 219
144 238
144 275
144 286
144 252
144 325
144 346
144 387
144 394
144 363
144 373
144 377
144 403
144 420
144 427
144 436
144 440
144 441
144 445
144 452
144 490
145 100
145 109
145 117
145 119
145 120
145 121
145 126
145 152
145 194
145 214
145 276
145 285
145 253
145 255
145 328
145 339
145 384
145 431
145 452
145 481
146 147
146 148
146 149
146 103
146 106
146 109
146 118
146 126
146 201
146 206
146 209
146 221
146 240
146 241
146 278
146 286
146 292
146 251
146 303
146 314
146 376
146 400
146 410
146 411
146 413
147 103
147 105
147 112
147 121
147 124
147 126
147 170
147 180
147 189
147 198
147 206
147 260
147 311
147 314
147 387
147 383
147 405
147 420
147 422
147 423
147 450
147 475
148 100
148 102
148 109
148 110
148 111
148 118
148 119
148 121
148 122
148 157
148 193
148 217
148 218
148 219
148 227
148 232
148 236
148 265
148 275
148 281
148 314
148 322
148 325
148 334
148 341
148 346
148 384
148 469
148 474
148 478
149 100
149 102
149 106
149 107
149 111
149 114
149 115
149 119
149 125
149 126
149 166
149 202
149 205
149 211
149 219
149 226
149 286
149 296
149 305
149 309
149 314
149 336
149 339
149 392
149 411
149 416
149 418
149 425
149 428
149 443
149 458
149 467
149 474
149 475
149 483
100 101
100 102
100 103
100 104
100 107
100 111
100 112
100 123
100 126
100 203
100 232
100 310
100 345
100 407
100 429
100 458
100 478
101 105
101 109
101 122
101 151
101 210
101 217
101 223
101 229
101 259
101 261
101 267
101 269
101 307
101 322
101 344
101 363
101 367
101 451
101 462
102 104
102 107
102 113
102 114
102 115
102 116
102 119
102 126
102 127
102 153
102 157
102 175
102 185
102 197
102 210
102 235
102 286
102 291
102 386
102 433
102 451
102 455
102 472
103 107
103 108
103 109
103 113
103 118
103 121
103 122
103 125
103 127
103 157
103 160
103 163
103 176
103 201
103 213
103 230
103 231
103 235
103 238
103 241
103 248
103 272
103 294
103 251
103 390
103 392
103 350
103 354
103 438
103 462
103 474
104 105
104 106
104 111
104 114
104 117
104 126
104 155
104 183
104 189
104 192
104 193
104 201
104 264
104 318
104 334
104 384
104 356
104 453
104 491
104 494
104 497
105 107
105 115
105 116
105 117
105 121
105 127
105 178
105 216
105 223
105 242
105 263
105 269
105 290
105 255
105 307
105 315
105 324
105 326
105 399
105 376
105 380
106 107
106 115
106 116
106 117
106 120
106 122
106 127
106 159
106 218
106 272
106 365
106 367
106 429
106 437
106 453
106 463
107 108
107 113
107 119
107 123
107 125
107 159
107 176
107 194
107 205
107 217
107 275
107 288
107 290
107 313
107 322
107 384
107 388
107 408
107 439
107 463
108 109
108 111
108 113
108 119
108 124
108 157
108 167
108 173
108 176
108 193
108 210
108 213
108 218
108 242
108 288
108 295
108 299
108 250
108 389
108 391
108 357
108 406
108 418
108 452
108 488
108 491
109 111
109 114
109 115
109 118
109 120
109 242
109 248
109 263
109 310
109 317
109 401
109 403
109 411
109 426
109 433
109 442
109 454
110 111
110 112
110 118
110 122
110 123
110 124
110 127
110 194
110 197
110 213
110 225
110 245
110 347
110 381
110 383
110 437
110 470
111 114
111 118
111 122
111 125
111 176
111 180
111 227
111 262
111 280
111 311
111 327
111 333
111 341
111 401
111 433
111 483
111 499
112 118
112 119
112 121
112 180
112 197
112 220
112 225
112 257
112 274
112 286
112 299
112 344
112 351
112 420
112 436
112 474
113 114
113 115
113 127
113 152
113 156
113 247
113 254
113 301
113 307
113 317
113 388
113 363
113 370
113 458
113 468
113 484
114 115
114 117
114 123
114 154
114 155
114 163
114 172
114 179
114 197
114 235
114 248
114 293
114 319
114 349
114 388
114 426
114 475
114 491
115 116
115 118
115 119
115 121
115 123
115 229
115 246
115 289
115 335
115 337
115 338
115 346
115 361
115 364
115 365
115 367
115 463
115 472
116 117
116 118
116 121
116 124
116 126
116 150
116 190
116 215
116 240
116 243
116 246
116 263
116 284
116 307
116 361
116 373
116 413
116 420
116 471
116 480
116 485
117 122
117 169
117 179
117 192
117 208
117 227
117 234
117 249
117 271
117 296
117 304
117 314
117 332
117 394
117 397
117 355
117 406
117 427
117 438
117 463
117 474
117 482
118 124
118 153
118 157
118 174
118 190
118 198
118 225
118 234
118 281
118 294
118 309
118 315
118 331
118 332
118 339
118 384
118 396
118 351
118 363
118 367
118 382
118 430
118 445
118 446
118 448
118 465
118 495
119 122
119 124
119 125
119 152
119 162
119 172
119 199
119 228
119 234
119 259
119 260
119 266
119 268
119 272
119 279
119 300
119 306
119 310
119 321
119 350
119 356
119 359
119 366
119 367
119 420
119 453
119 465
119 469
119 488
120 126
120 164
120 204
120 208
120 211
120 216
120 218
120 247
120 286
120 288
120 297
120 302
120 304
120 327
120 342
120 360
120 369
120 446
120 447
120 466
120 477
120 481
121 124
121 125
121 158
121 169
121 171
121 172
121 205
121 208
121 245
121 263
121 284
121 298
121 310
121 346
121 387
121 353
121 355
121 357
121 360
121 408
121 417
121 421
121 428
121 439
121 443
122 154
122 161
122 172
122 179
122 195
122 204
122 210
122 248
122 274
122 324
122 332
122 337
122 394
122 364
122 373
122 476
122 488
122 494
122 495
123 124
123 125
123 152
123 184
123 208
123 226
123 231
123 241
123 278
123 287
123 289
123 290
123 305
123 339
123 391
123 397
123 350
123 366
123 400
123 423
123 438
123 448
123 465
123 470
123 471
124 125
124 175
124 191
124 217
124 221
124 234
124 238
124 269
124 273
124 326
124 337
124 339
124 358
124 368
124 419
124 488
124 491
124 495
125 127
125 162
125 186
125 218
125 220
125 225
125 233
125 257
125 258
125 264
125 268
125 278
125 303
125 305
125 324
125 334
125 398
125 363
125 370
125 371
125 405
125 435
125 459
125 468
125 483
125 489
125 491
125 496
126 163
126 183
126 215
126 246
126 273
126 290
126 298
126 301
126 305
126 398
126 356
126 357
126 369
126 422
126 423
126 432
126 448
126 463
126 474
126 489
127 156
127 176
127 188
127 232
127 235
127 277
127 285
127 299
127 303
127 332
127 345
127 355
127 415
127 424
127 435
127 448
127 469
127 481
150 155
150 156
150 158
150 159
150 162
150 164
150 165
150 170
150 171
150 173
150 176
150 186
150 189
150 193
150 198
150 203
150 211
150 216
150 218
150 219
150 223
150 263
150 268
150 280
150 284
150 287
150 317
150 347
150 398
150 438
150 452
150 478
150 491
151 154
151 157
151 159
151 161
151 163
151 172
151 173
151 175
151 176
151 178
151 180
151 183
151 184
151 189
151 194
151 195
151 199
151 221
151 246
151 260
151 263
151 265
151 279
151 286
151 254
151 314
151 395
151 378
151 414
151 492
152 153
152 154
152 156
152 157
152 163
152 166
152 173
152 177
152 183
152 186
152 201
152 212
152 226
152 248
152 278
152 291
152 293
152 294
152 255
152 303
152 320
152 391
152 394
152 361
152 379
152 437
152 461
152 497
152 499
153 162
153 167
153 169
153 170
153 173
153 181
153 182
153 186
153 191
153 194
153 196
153 197
153 199
153 215
153 278
153 253
153 305
153 310
153 342
153 392
153 398
153 354
153 400
153 421
153 440
153 452
153 453
153 492
153 498
154 159
154 169
154 180
154 182
154 183
154 187
154 190
154 192
154 195
154 196
154 197
154 201
154 220
154 233
154 267
154 271
154 321
154 330
154 332
154 340
154 351
154 355
154 363
154 364
154 367
154 373
154 447
154 459
154 461
154 481
154 484
154 490
155 160
155 169
155 175
155 191
155 195
155 199
155 247
155 289
155 252
155 343
155 405
155 435
155 482
156 163
156 170
156 173
156 181
156 184
156 190
156 192
156 194
156 233
156 241
156 262
156 275
156 312
156 388
156 360
156 417
156 426
156 433
156 477
157 158
157 159
157 161
157 167
157 172
157 179
157 181
157 183
157 184
157 187
157 193
157 197
157 227
157 231
157 234
157 260
157 273
157 277
157 293
157 306
157 332
157 375
157 381
157 408
157 419
157 428
157 459
157 469
157 497
158 159
158 160
158 162
158 163
158 169
158 171
158 173
158 175
158 177
158 180
158 183
158 185
158 192
158 198
158 228
158 236
158 249
158 276
158 327
158 330
158 362
158 416
158 421
158 423
158 436
158 459
158 464
158 471
158 472
159 173
159 178
159 179
159 183
159 193
159 196
159 197
159 199
159 263
159 272
159 389
159 395
159 365
159 366
159 477
159 480
159 484
159 496
160 168
160 171
160 173
160 175
160 177
160 183
160 185
160 186
160 192
160 197
160 207
160 230
160 231
160 247
160 350
160 360
160 366
160 379
160 441
160 463
160 467
160 498
161 162
161 165
161 167
161 168
161 177
161 179
161 184
161 186
161 191
161 193
161 263
161 253
161 254
161 329
161 367
161 370
161 416
161 453
161 455
161 458
162 163
162 165
162 166
162 167
162 168
162 169
162 170
162 172
162 175
162 178
162 180
162 186
162 194
162 197
162 198
162 205
162 219
162 220
162 251
162 310
162 332
162 386
162 403
162 418
162 424
162 466
162 486
162 489
163 164
163 165
163 166
163 173
163 176
163 177
163 178
163 182
163 188
163 190
163 192
163 195
163 204
163 209
163 221
163 259
163 281
163 296
163 309
163 318
163 391
163 371
163 372
163 422
163 425
163 428
163 455
163 467
163 468
163 470
163 479
164 170
164 178
164 183
164 186
164 190
164 193
164 194
164 195
164 196
164 198
164 228
164 236
164 246
164 260
164 275
164 329
164 387
164 396
164 361
164 372
164 412
164 420
164 429
164 438
164 446
165 166
165 168
165 169
165 172
165 174
165 182
165 189
165 190
165 197
165 242
165 251
165 253
165 300
165 319
165 333
165 335
165 340
165 384
165 385
165 374
165 489
165 498
166 167
166 170
166 174
166 184
166 185
166 186
166 188
166 189
166 190
166 191
166 194
166 196
166 199
166 269
166 293
166 318
166 330
166 335
166 357
166 414
166 475
166 489
166 496
167 175
167 176
167 181
167 183
167 184
167 186
167 190
167 195
167 197
167 198
167 201
167 204
167 224
167 263
167 282
167 293
167 253
167 313
167 340
167 390
167 395
167 360
167 409
167 451
167 453
167 469
167 494
167 498
168 172
168 177
168 180
168 181
168 185
168 187
168 194
168 195
168 198
168 232
168 269
168 253
168 254
168 345
168 347
168 348
168 376
168 383
168 445
168 460
168 476
169 170
169 173
169 175
169 176
169 179
169 182
169 183
169 189
169 190
169 191
169 192
169 193
169 195
169 197
169 200
169 207
169 256
169 253
169 301
169 334
169 402
169 410
169 415
169 424
169 429
169 452
169 475
169 483
170 171
170 172
170 176
170 179
170 181
170 182
170 185
170 187
170 188
170 195
170 196
170 198
170 211
170 212
170 235
170 285
170 288
170 254
170 302
170 310
170 335
170 348
170 385
170 352
170 379
170 413
170 438
170 443
170 444
170 451
170 468
170 484
170 499
171 173
171 174
171 176
171 180
171 182
171 185
171 186
171 188
171 196
171 208
171 212
171 240
171 282
171 301
171 350
171 352
171 368
171 375
171 408
171 409
171 413
171 415
171 422
171 452
171 453
171 464
171 471
171 489
171 495
171 496
171 499
172 174
172 175
172 177
172 178
172 179
172 180
172 184
172 185
172 192
172 193
172 268
172 280
172 390
172 357
172 379
172 404
172 419
172 425
172 428
172 462
173 178
173 179
173 184
173 193
173 194
173 199
173 200
173 204
173 208
173 226
173 227
173 233
173 260
173 281
173 289
173 308
173 310
173 318
173 323
173 397
173 408
173 416
173 419
173 429
173 433
173 435
173 474
173 483
173 490
173 498
174 180
174 185
174 191
174 192
174 195
174 197
174 198
174 203
174 211
174 239
174 269
174 294
174 298
174 363
174 405
175 177
175 182
175 186
175 194
175 195
175 196
175 199
175 243
175 267
175 274
175 295
175 334
175 349
175 391
175 395
175 358
175 362
175 372
175 375
175 453
175 461
175 470
175 481
176 181
176 182
176 186
176 187
176 188
176 190
176 194
176 196
176 215
176 238
176 260
176 315
176 319
176 329
176 347
176 387
176 417
176 432
176 493
176 497
177 178
177 181
177 185
177 188
177 191
177 197
177 223
177 233
177 268
177 319
177 342
177 347
177 385
177 356
177 362
177 375
177 406
177 413
177 475
177 484
177 492
177 495
178 188
178 190
178 192
178 196
178 209
178 216
178 255
178 306
178 314
178 326
178 341
178 395
178 398
178 351
178 371
178 380
178 416
178 423
178 465
178 478
179 182
179 184
179 186
179 189
179 191
179 192
179 197
179 297
179 315
179 328
179 334
179 395
179 351
179 357
179 434
179 457
179 495
179 498
180 181
180 182
180 188
180 191
180 198
180 199
180 267
180 280
180 306
180 361
180 366
180 371
180 383
180 413
180 425
181 195
181 196
181 202
181 215
181 223
181 231
181 249
181 257
181 281
181 292
181 298
181 251
181 255
181 305
181 306
181 347
181 386
181 387
181 362
181 377
181 410
181 423
181 433
181 466
182 188
182 190
182 198
182 199
182 229
182 231
182 242
182 262
182 270
182 286
182 312
182 329
182 358
182 370
182 373
182 418
182 445
182 462
182 464
182 475
182 487
183 187
183 194
183 200
183 215
183 219
183 304
183 309
183 316
183 320
183 342
183 395
183 398
183 360
183 361
183 404
183 421
183 433
183 462
183 468
183 489
184 185
184 193
184 194
184 196
184 204
184 227
184 240
184 248
184 270
184 283
184 332
184 337
184 341
184 386
184 358
184 375
184 401
184 445
184 450
184 467
184 476
185 188
185 191
185 195
185 199
185 209
185 224
185 236
185 238
185 266
185 270
185 287
185 254
185 300
185 320
185 334
185 388
185 350
185 353
185 354
185 358
185 379
185 408
185 425
185 446
185 455
186 187
186 191
186 194
186 199
186 201
186 202
186 220
186 241
186 268
186 274
186 312
186 340
186 388
186 351
186 359
186 366
186 383
186 418
186 462
186 463
186 469
186 477
186 493
186 497
187 188
187 195
187 196
187 198
187 207
187 214
187 225
187 270
187 273
187 276
187 303
187 305
187 333
187 350
187 359
187 360
187 378
187 430
187 445
187 463
187 492
188 190
188 193
188 195
188 244
188 284
188 300
188 308
188 316
188 377
188 453
188 471
188 476
188 492
189 192
189 195
189 197
189 198
189 211
189 213
189 220
189 258
189 280
189 288
189 314
189 347
189 394
189 356
189 378
189 381
189 419
189 458
189 485
189 498
190 191
190 192
190 193
190 199
190 213
190 283
190 292
190 313
190 327
190 346
190 375
190 380
190 458
190 471
191 193
191 195
191 198
191 214
191 243
191 296
191 303
191 308
191 315
191 384
191 371
191 448
191 451
191 467
191 489
191 497
192 193
192 195
192 234
192 236
192 241
192 281
192 285
192 250
192 316
192 331
192 389
192 369
192 380
192 400
192 430
192 458
192 460
192 471
192 482
192 484
192 499
193 194
193 246
193 268
193 308
193 315
193 321
193 335
193 348
193 398
193 430
193 463
193 479
193 480
194 195
194 196
194 198
194 217
194 234
194 261
194 266
194 268
194 315
194 335
194 336
194 353
194 362
194 404
194 410
194 416
194 430
194 449
194 476
195 210
195 228
195 261
195 281
195 285
195 321
195 332
195 399
195 361
195 365
195 383
195 400
195 426
195 447
195 494
196 197
196 203
196 244
196 306
196 308
196 322
196 345
196 350
196 356
196 400
196 413
196 420
196 456
196 475
196 486
196 490
197 198
197 215
197 228
197 237
197 240
197 260
197 276
197 312
197 398
197 381
197 382
197 411
197 439
197 496
198 209
198 268
198 270
198 281
198 299
198 305
198 308
198 313
198 394
198 399
198 351
198 419
198 446
198 455
198 486
199 200
199 241
199 243
199 267
199 270
199 271
199 311
199 326
199 335
199 353
199 354
199 358
199 402
199 408
199 409
199 420
199 464
200 201
200 206
200 209
200 210
200 211
200 215
200 219
200 228
200 230
200 236
200 241
200 245
200 248
200 256
200 270
200 250
200 255
200 305
200 321
200 329
200 342
200 385
200 389
200 391
200 395
200 352
200 354
200 413
201 208
201 211
201 213
201 216
201 225
201 232
201 233
201 240
201 241
201 244
201 246
201 247
201 287
201 319
201 336
201 394
201 353
201 364
201 379
201 432
201 436
201 445
201 458
201 497
202 203
202 205
202 207
202 213
202 216
202 220
202 230
202 233
202 240
202 241
202 244
202 246
202 248
202 249
202 254
202 322
202 327
202 387
202 390
202 364
202 426
202 429
202 476
202 478
203 204
203 207
203 212
203 215
203 217
203 221
203 222
203 227
203 232
203 234
203 235
203 237
203 238
203 247
203 248
203 249
203 261
203 264
203 288
203 250
203 253
203 347
203 391
203 398
203 363
203 411
203 481
204 209
204 210
204 219
204 220
204 224
204 225
204 227
204 231
204 237
204 238
204 239
204 241
204 242
204 262
204 299
204 251
204 320
204 334
204 345
204 348
204 384
204 398
204 413
204 418
204 435
204 441
204 449
204 452
204 457
204 477
204 480
204 485
205 206
205 208
205 209
205 214
205 215
205 216
205 218
205 219
205 224
205 225
205 230
205 237
205 238
205 242
205 243
205 245
205 256
205 258
205 276
205 284
205 392
205 353
205 415
205 457
205 473
205 478
206 207
206 209
206 222
206 224
206 226
206 228
206 230
206 232
206 237
206 239
206 243
206 244
206 245
206 247
206 249
206 271
206 284
206 287
206 296
206 310
206 360
206 375
206 376
206 380
206 418
206 426
206 437
206 438
206 462
207 208
207 210
207 215
207 216
207 226
207 227
207 228
207 236
207 239
207 240
207 247
207 249
207 280
207 310
207 317
207 329
207 343
207 344
207 386
207 393
207 369
207 416
207 436
207 441
207 457
207 465
208 209
208 211
208 212
208 214
208 216
208 221
208 226
208 229
208 230
208 231
208 233
208 236
208 240
208 241
208 243
208 259
208 296
208 250
208 252
208 309
208 314
208 315
208 333
208 345
208 387
208 390
208 352
208 353
208 377
208 401
208 407
208 424
208 442
208 444
208 457
208 479
209 217
209 219
209 220
209 229
209 232
209 237
209 239
209 241
209 243
209 249
209 263
209 282
209 287
209 295
209 320
209 324
209 331
209 393
209 381
209 425
209 445
209 476
210 214
210 215
210 218
210 221
210 222
210 225
210 226
210 228
210 229
210 245
210 246
210 248
210 249
210 259
210 275
210 291
210 251
210 255
210 300
210 302
210 318
210 322
210 331
210 335
210 347
210 353
210 363
210 366
210 378
210 381
210 413
210 443
210 447
210 452
210 460
210 483
210 496
211 215
211 216
211 220
211 223
211 229
211 243
211 244
211 268
211 288
211 298
211 315
211 345
211 353
211 357
211 358
211 360
211 362
211 375
211 403
211 426
211 437
211 457
211 473
212 214
212 217
212 228
212 230
212 233
212 244
212 245
212 247
212 282
212 289
212 293
212 299
212 393
212 411
212 416
212 475
212 490
213 220
213 223
213 226
213 227
213 228
213 231
213 233
213 235
213 241
213 244
213 247
213 249
213 286
213 298
213 318
213 336
213 357
213 364
213 377
213 382
213 407
213 417
213 451
213 490
214 215
214 218
214 219
214 222
214 223
214 225
214 227
214 231
214 234
214 244
214 248
214 261
214 323
214 337
214 401
214 407
214 415
214 432
214 481
215 216
215 218
215 220
215 229
215 238
215 244
215 247
215 249
215 263
215 286
215 308
215 316
215 335
215 337
215 374
215 439
215 446
215 461
215 470
215 472
216 217
216 218
216 222
216 224
216 227
216 228
216 229
216 231
216 233
216 243
216 244
216 247
216 360
216 427
216 432
216 459
216 464
216 478
216 485
217 218
217 219
217 223
217 226
217 227
217 228
217 230
217 231
217 234
217 249
217 275
217 322
217 335
217 366
217 425
217 440
217 450
217 455
217 475
217 481
218 220
218 222
218 223
218 226
218 231
218 233
218 234
218 241
218 242
218 263
218 273
218 275
218 293
218 349
218 389
218 352
218 354
218 362
218 371
218 375
218 417
218 431
218 441
218 472
218 498
219 221
219 227
219 228
219 230
219 233
219 237
219 243
219 244
219 248
219 264
219 266
219 274
219 290
219 309
219 398
219 377
219 407
219 415
219 434
219 439
219 442
219 443
219 452
219 467
219 482
219 484
219 490
219 492
220 222
220 230
220 231
220 233
220 237
220 239
220 241
220 244
220 245
220 247
220 248
220 251
220 305
220 325
220 354
220 368
220 422
220 425
220 450
220 467
220 471
220 483
221 225
221 227
221 232
221 234
221 235
221 236
221 241
221 242
221 247
221 291
221 322
221 324
221 339
221 393
221 372
221 434
222 223
222 230
222 232
222 233
222 235
222 240
222 247
222 249
222 279
222 295
222 309
222 315
222 337
222 344
222 407
222 414
222 455
222 468
223 225
223 227
223 229
223 234
223 238
223 243
223 288
223 250
223 253
223 309
223 332
223 337
223 348
223 398
223 351
223 382
223 405
223 425
223 435
223 470
223 487
223 491
224 228
224 229
224 232
224 236
224 242
224 243
224 244
224 246
224 298
224 251
224 252
224 255
224 303
224 305
224 311
224 325
224 328
224 379
224 381
224 448
224 455
224 488
225 228
225 236
225 240
225 241
225 245
225 247
225 261
225 293
225 305
225 317
225 393
225 350
225 402
225 419
225 427
225 431
225 433
225 461
225 466
226 230
226 233
226 236
226 237
226 239
226 240
226 241
226 244
226 246
226 249
226 256
226 271
226 283
226 336
226 346
226 355
226 359
226 368
226 372
226 380
226 421
226 426
226 430
226 431
226 442
226 468
226 474
226 475
227 231
227 234
227 240
227 241
227 242
227 248
227 249
227 279
227 250
227 255
227 333
227 389
227 354
227 375
227 434
227 453
227 460
227 462
227 482
227 494
228 229
228 230
228 231
228 232
228 234
228 239
228 242
228 243
228 249
228 263
228 272
228 253
228 334
228 349
228 356
228 410
228 443
228 455
228 474
228 483
228 494
229 231
229 237
229 244
229 248
229 296
229 332
229 346
229 349
229 350
229 406
229 411
229 446
229 447
229 451
229 463
229 488
229 489
230 244
230 246
230 247
230 249
230 263
230 294
230 296
230 317
230 349
230 385
230 356
230 373
230 376
230 426
230 434
230 436
230 458
230 464
230 466
230 474
230 478
231 232
231 238
231 239
231 240
231 241
231 243
231 244
231 246
231 248
231 249
231 255
231 304
231 313
231 329
231 382
231 425
231 443
231 445
231 446
231 474
232 234
232 236
232 237
232 238
232 247
232 332
232 369
232 383
232 426
232 433
232 446
232 452
232 471
232 472
232 475
232 489
232 499
233 238
233 239
233 241
233 242
233 245
233 248
233 264
233 276
233 301
233 330
233 340
233 365
233 374
233 376
233 380
233 403
233 410
233 432
233 439
233 471
233 491
234 240
234 241
234 247
234 248
234 259
234 287
234 254
234 255
234 301
234 388
234 360
234 378
234 408
234 438
234 446
234 472
234 485
235 240
235 244
235 264
235 298
235 307
235 335
235 340
235 362
235 423
235 460
235 463
235 473
235 497
236 238
236 243
236 244
236 246
236 248
236 272
236 318
236 324
236 368
236 379
236 381
236 414
236 417
236 461
236 466
236 470
236 498
237 240
237 243
237 245
237 248
237 295
237 348
237 350
237 369
237 382
237 425
237 468
237 482
237 490
238 240
238 242
238 245
238 246
238 277
238 253
238 320
238 331
238 334
238 382
238 430
238 475
238 483
239 243
239 245
239 246
239 303
239 319
239 323
239 334
239 389
239 355
239 374
239 407
239 432
239 433
239 435
239 488
239 490
239 492
240 244
240 246
240 292
240 293
240 301
240 313
240 385
240 352
240 372
240 382
240 435
240 454
240 456
240 486
241 300
241 317
241 324
241 349
241 398
241 375
241 376
241 403
241 407
241 411
241 425
241 484
242 246
242 328
242 359
242 367
242 370
242 378
242 413
242 431
242 441
242 453
242 459
242 485
242 489
242 494
243 246
243 248
243 278
243 253
243 303
243 306
243 336
243 344
243 376
243 421
243 434
243 435
243 444
243 447
244 267
244 250
244 401
244 402
244 403
244 411
244 472
244 473
244 493
245 248
245 258
245 259
245 264
245 274
245 299
245 306
245 373
245 404
245 420
245 421
245 426
245 459
246 248
246 259
246 268
246 272
246 288
246 303
246 398
246 358
246 383
246 406
246 426
246 481
247 257
247 258
247 271
247 295
247 303
247 314
247 342
247 385
247 433
247 495
248 260
248 279
248 250
248 252
248 325
248 343
248 345
248 445
248 451
248 475
249 258
249 294
249 313
249 329
249 392
249 350
249 364
249 408
249 412
249 426
249 427
249 429
249 431
249 438
249 482
249 489
256 258
256 259
256 260
256 262
256 264
256 268
256 278
256 280
256 285
256 287
256 289
256 298
256 252
256 300
256 304
256 386
256 390
256 371
256 402
256 413
256 436
256 439
256 440
257 265
257 275
257 276
257 280
257 283
257 285
257 288
257 290
257 294
257 296
257 250
257 251
257 252
257 320
257 346
257 394
257 434
257 439
257 466
257 468
257 494
258 260
258 263
258 267
258 268
258 273
258 277
258 278
258 279
258 280
258 281
258 283
258 285
258 288
258 291
258 292
258 293
258 296
258 297
258 252
258 253
258 316
258 333
258 374
258 465
258 480
259 266
259 269
259 272
259 280
259 281
259 283
259 287
259 290
259 291
259 293
259 294
259 297
259 299
259 252
259 253
259 307
259 318
259 387
259 399
259 353
259 362
259 419
259 438
259 444
259 467
259 476
259 492
260 262
260 266
260 281
260 282
260 283
260 285
260 289
260 291
260 293
260 294
260 295
260 297
260 251
260 252
260 324
260 329
260 345
260 411
260 417
260 418
260 456
260 459
260 480
260 483
260 486
261 262
261 265
261 267
261 272
261 274
261 280
261 286
261 287
261 290
261 292
261 251
261 252
261 255
261 329
261 346
261 392
261 394
261 369
261 442
261 456
261 457
262 264
262 271
262 275
262 281
262 290
262 294
262 299
262 251
262 317
262 327
262 397
262 410
262 445
262 449
262 490
263 265
263 272
263 274
263 277
263 278
263 279
263 284
263 288
263 289
263 291
263 293
263 296
263 297
263 250
263 254
263 342
263 346
263 389
263 414
263 426
263 432
263 446
263 470
263 489
263 498
264 267
264 268
264 270
264 274
264 277
264 279
264 281
264 286
264 292
264 293
264 295
264 299
264 255
264 345
264 357
264 363
264 377
264 404
264 408
264 432
264 445
264 449
264 483
265 272
265 275
265 279
265 290
265 293
265 295
265 299
265 252
265 253
265 255
265 316
265 386
265 371
265 380
265 406
265 410
265 422
266 269
266 271
266 274
266 290
266 295
266 298
266 299
266 250
266 255
266 308
266 315
266 322
266 331
266 334
266 399
266 365
266 378
266 412
266 448
266 460
267 269
267 270
267 275
267 276
267 277
267 278
267 281
267 282
267 283
267 286
267 290
267 291
267 294
267 296
267 299
267 250
267 322
267 341
267 356
267 363
267 374
267 402
267 430
267 460
267 473
267 486
268 271
268 272
268 275
268 281
268 283
268 288
268 296
268 250
268 252
268 301
268 313
268 346
268 365
268 372
268 376
268 412
268 416
268 424
268 443
268 457
268 485
269 271
269 277
269 278
269 281
269 284
269 285
269 289
269 296
269 297
269 298
269 251
269 254
269 300
269 335
269 344
269 362
269 383
269 400
269 408
269 480
269 483
270 273
270 277
270 285
270 290
270 292
270 252
270 300
270 438
270 448
270 460
270 473
271 272
271 276
271 277
271 278
271 279
271 285
271 289
271 295
271 299
271 252
271 255
271 339
271 344
271 382
271 403
271 409
271 421
271 426
271 435
271 436
271 450
271 472
272 276
272 287
272 289
272 291
272 292
272 295
272 251
272 252
272 253
272 255
272 310
272 317
272 339
272 344
272 346
272 396
272 374
272 416
272 423
272 476
273 281
273 282
273 284
273 288
273 290
273 291
273 295
273 299
273 252
273 255
273 394
273 427
274 275
274 279
274 280
274 292
274 294
274 296
274 298
274 250
274 253
274 301
274 320
274 334
274 340
274 384
274 380
274 422
274 445
274 453
274 469
274 473
274 487
275 277
275 282
275 284
275 287
275 289
275 295
275 298
275 299
275 250
275 251
275 254
275 255
275 317
275 335
275 348
275 384
275 396
275 361
275 365
275 367
275 410
275 466
275 468
275 480
276 277
276 282
276 287
276 290
276 292
276 297
276 251
276 390
276 356
276 362
276 383
276 420
276 453
276 455
276 473
277 281
277 282
277 283
277 291
277 251
277 304
277 305
277 309
277 335
277 368
277 373
277 380
277 475
277 482
277 491
277 493
278 288
278 290
278 292
278 294
278 295
278 298
278 299
278 250
278 251
278 252
278 254
278 306
278 333
278 384
278 416
278 424
278 429
278 435
278 441
278 478
278 489
279 284
279 288
279 291
279 295
279 298
279 251
279 252
279 307
279 318
279 335
279 337
279 396
279 362
279 364
279 366
279 367
279 437
279 441
279 458
279 459
279 462
279 470
280 282
280 283
280 286
280 288
280 290
280 296
280 299
280 251
280 252
280 253
280 301
280 349
280 381
280 441
280 452
280 468
281 283
281 284
281 288
281 293
281 298
281 253
281 318
281 325
281 333
281 394
281 350
281 415
281 419
281 458
281 492
281 499
282 285
282 287
282 288
282 293
282 294
282 298
282 252
282 255
282 317
282 335
282 367
282 429
282 447
283 286
283 287
283 288
283 290
283 291
283 295
283 251
283 252
283 332
283 337
283 352
283 412
283 423
283 474
283 479
283 482
283 489
284 286
284 287
284 293
284 295
284 250
284 255
284 310
284 362
284 421
284 425
284 442
284 498
284 499
285 293
285 294
285 298
285 252
285 254
285 386
285 439
285 441
285 454
285 482
285 493
286 288
286 291
286 292
286 294
286 250
286 255
286 307
286 324
286 327
286 341
286 344
286 348
286 356
286 375
286 416
286 421
286 483
286 494
286 498
287 289
287 294
287 297
287 299
287 251
287 254
287 300
287 315
287 325
287 332
287 334
287 385
287 394
287 370
287 380
287 403
287 432
287 436
287 456
287 468
287 479
288 292
288 293
288 294
288 250
288 252
288 349
288 384
288 391
288 374
288 378
288 383
288 449
288 454
288 470
289 291
289 293
289 296
289 252
289 253
289 254
289 384
289 396
289 354
289 361
289 443
289 450
289 460
289 463
289 482
289 483
290 292
290 294
290 296
290 297
290 299
290 250
290 253
290 315
290 399
290 355
290 383
290 448
290 449
290 486
291 296
291 297
291 299
291 254
291 304
291 311
291 331
291 389
291 399
291 403
291 431
291 433
291 442
291 451
291 462
291 488
291 498
292 293
292 294
292 252
292 253
292 322
292 326
292 389
292 391
292 409
292 414
292 442
292 467
293 296
293 253
293 311
293 315
293 331
293 348
293 357
293 368
293 380
293 401
293 408
293 419
293 437
293 440
293 441
293 450
293 465
293 469
293 481
293 487
294 296
294 298
294 299
294 250
294 252
294 253
294 330
294 333
294 393
294 361
294 442
294 466
294 467
294 495
295 296
295 250
295 252
295 253
295 254
295 345
295 386
295 362
295 365
295 380
295 402
295 404
295 406
295 441
295 454
295 474
295 483
295 491
296 252
296 253
296 255
296 325
296 331
296 337
296 339
296 394
296 361
296 368
296 382
296 412
296 425
296 431
296 433
296 447
297 299
297 250
297 321
297 336
297 396
297 364
297 371
297 404
297 412
297 430
297 499
298 311
298 322
298 324
298 349
298 396
298 356
298 400
298 405
298 447
299 250
299 253
299 304
299 316
299 347
299 399
299 353
299 429
299 431
299 445
299 471
299 491
250 253
250 331
250 348
250 389
250 379
250 409
250 437
250 453
250 476
250 479
250 482
251 254
251 306
251 314
251 324
251 335
251 448
251 483
251 488
252 253
252 254
252 322
252 329
252 340
252 384
252 390
252 391
252 399
252 362
252 369
252 380
252 409
252 418
252 443
252 493
253 255
253 320
253 332
253 359
253 360
253 401
253 405
253 420
253 449
253 476
254 255
254 318
254 341
254 390
254 358
254 412
254 458
254 472
254 479
254 490
255 398
255 352
255 361
255 382
255 402
255 443
255 457
255 483
255 491
300 303
300 308
300 312
300 319
300 322
300 325
300 327
300 331
300 337
300 339
300 343
300 345
300 353
300 370
300 371
300 423
300 433
300 444
300 451
300 464
300 473
301 303
301 305
301 316
301 317
301 325
301 332
301 334
301 338
301 340
301 348
301 385
301 397
301 359
301 366
301 370
301 427
301 472
301 475
301 487
302 303
302 304
302 305
302 308
302 309
302 313
302 322
302 327
302 328
302 332
302 337
302 339
302 340
302 344
302 345
302 346
302 347
302 351
302 369
302 380
302 465
302 476
303 308
303 309
303 313
303 316
303 322
303 328
303 330
303 333
303 334
303 335
303 337
303 339
303 340
303 342
303 345
303 349
303 374
303 380
303 488
303 496
303 497
304 305
304 312
304 313
304 318
304 325
304 337
304 339
304 341
304 344
304 345
304 396
304 411
304 423
304 440
304 457
304 459
304 480
304 481
304 484
305 309
305 318
305 322
305 323
305 328
305 330
305 331
305 337
305 338
305 345
305 346
305 347
305 385
305 388
305 420
305 423
305 450
305 453
305 456
305 498
306 312
306 316
306 317
306 321
306 329
306 330
306 335
306 341
306 342
306 345
306 390
306 355
306 375
306 415
306 417
306 433
306 437
306 449
306 453
306 456
306 471
307 309
307 315
307 316
307 317
307 322
307 326
307 329
307 341
307 342
307 389
307 396
307 379
307 403
307 404
307 414
307 427
307 468
307 471
307 474
307 483
307 487
308 312
308 315
308 317
308 318
308 321
308 323
308 326
308 327
308 332
308 334
308 342
308 344
308 345
308 348
308 351
308 382
308 436
308 463
308 466
308 474
308 488
309 312
309 321
309 327
309 333
309 337
309 339
309 341
309 343
309 344
309 346
309 408
309 424
309 447
309 452
309 471
309 488
309 494
310 311
310 314
310 317
310 321
310 322
310 323
310 334
310 337
310 338
310 346
310 348
310 394
310 350
310 413
310 426
310 462
310 478
310 486
311 312
311 317
311 318
311 320
311 324
311 327
311 328
311 335
311 338
311 342
311 343
311 363
311 369
311 408
311 415
311 417
311 442
311 461
311 476
312 313
312 323
312 324
312 326
312 331
312 332
312 337
312 339
312 340
312 341
312 345
312 349
312 387
312 363
312 364
312 404
312 416
312 450
312 460
312 461
312 467
312 474
312 475
313 315
313 323
313 325
313 326
313 330
313 337
313 340
313 341
313 344
313 389
313 356
313 374
313 412
313 418
313 425
313 445
313 449
313 456
313 476
314 316
314 320
314 322
314 326
314 329
314 331
314 334
314 335
314 336
314 344
314 346
314 393
314 352
314 353
314 373
314 407
314 417
314 419
314 425
314 427
314 429
314 478
314 492
314 499
315 316
315 319
315 321
315 323
315 325
315 326
315 328
315 337
315 338
315 339
315 343
315 346
315 399
315 433
315 434
315 438
315 470
315 477
315 491
316 317
316 318
316 319
316 320
316 321
316 323
316 324
316 325
316 329
316 330
316 333
316 335
316 341
316 343
316 344
316 347
316 389
316 414
316 427
316 440
316 445
316 448
316 456
316 465
317 319
317 320
317 321
317 334
317 335
317 340
317 346
317 385
317 386
317 397
317 357
317 365
317 382
317 417
317 420
317 432
318 325
318 330
318 331
318 334
318 337
318 340
318 344
318 352
318 353
318 414
318 437
318 455
318 463
318 477
318 480
318 484
318 488
319 321
319 323
319 338
319 339
319 342
319 345
319 346
319 347
319 349
319 358
319 364
319 380
319 414
319 423
319 440
319 441
320 321
320 324
320 325
320 345
320 348
320 392
320 361
320 367
320 374
320 383
320 405
320 478
320 493
321 328
321 333
321 336
321 344
321 345
321 357
321 400
321 409
321 427
321 440
321 441
321 461
322 324
322 326
322 330
322 332
322 386
322 363
322 365
322 379
322 443
322 455
322 461
322 463
322 466
322 479
322 495
323 326
323 327
323 333
323 334
323 337
323 338
323 346
323 348
323 349
323 391
323 350
323 353
323 355
323 362
323 376
323 380
323 382
323 410
323 445
323 446
323 473
323 476
323 477
323 478
323 486
323 492
324 327
324 330
324 331
324 337
324 340
324 345
324 347
324 348
324 392
324 396
324 354
324 412
324 423
324 428
324 445
324 483
324 490
324 496
325 337
325 341
325 342
325 346
325 385
325 352
325 365
325 454
325 461
325 464
325 482
325 488
325 490
325 491
326 329
326 331
326 333
326 335
326 337
326 338
326 341
326 342
326 343
326 349
326 391
326 356
326 362
326 378
326 381
326 413
326 449
326 469
326 482
327 328
327 329
327 333
327 345
327 346
327 347
327 396
327 357
327 374
327 400
327 407
327 445
327 478
327 484
328 332
328 334
328 337
328 338
328 342
328 346
328 391
328 417
328 420
328 449
328 489
329 334
329 335
329 338
329 340
329 342
329 348
329 390
329 393
329 355
329 458
329 499
330 331
330 332
330 338
330 342
330 344
330 387
330 397
330 355
330 407
330 412
330 413
330 437
330 453
330 455
330 480
330 488
331 333
331 334
331 339
331 341
331 346
331 349
331 387
331 389
331 390
331 391
331 373
332 347
332 349
332 409
332 438
332 470
332 477
332 489
333 335
333 339
333 345
333 348
333 394
333 351
333 442
333 449
333 454
334 339
334 341
334 358
334 365
334 405
334 442
334 465
335 337
335 338
335 339
335 347
335 393
335 376
335 419
335 430
335 441
335 466
335 468
336 341
336 344
336 345
336 349
336 389
336 394
336 358
336 434
336 437
336 439
336 452
336 487
337 343
337 344
337 348
337 398
337 375
337 382
337 424
337 467
338 342
338 346
338 347
338 348
338 349
338 385
338 392
338 377
338 419
338 433
338 463
338 497
338 498
339 342
339 344
339 347
339 391
339 355
339 364
339 366
339 382
339 400
339 423
339 427
339 431
339 432
339 441
339 472
340 342
340 345
340 346
340 384
340 351
340 372
340 381
340 402
340 433
340 470
340 482
341 344
341 345
341 346
341 349
341 353
341 442
341 450
341 456
341 470
341 492
342 343
342 386
342 387
342 398
342 399
342 360
342 407
342 415
342 420
342 429
342 433
342 448
342 455
342 473
342 475
343 345
343 348
343 388
343 358
343 366
343 381
343 413
343 419
343 425
343 486
344 346
344 348
344 388
344 379
344 420
344 432
344 435
344 452
344 463
344 472
344 476
344 493
345 347
345 348
345 386
345 394
345 352
345 356
345 362
345 381
345 405
345 415
345 417
345 427
345 435
345 454
345 490
346 379
346 404
346 413
346 438
346 465
347 374
347 381
347 412
347 436
347 455
348 393
348 350
348 414
348 415
348 427
348 484
349 387
349 350
349 380
349 445
349 449
349 454
349 481
349 483
349 484
384 389
384 390
384 391
384 393
384 395
384 398
384 399
384 355
384 356
384 357
384 361
384 364
384 369
384 373
384 376
384 382
384 429
384 442
384 446
384 453
384 471
385 387
385 388
385 390
385 395
385 351
385 361
385 364
385 365
385 366
385 368
385 369
385 371
385 374
385 375
385 377
385 378
385 379
385 410
385 452
385 487
386 389
386 394
386 395
386 396
386 354
386 355
386 362
386 365
386 368
386 369
386 371
386 377
386 379
386 463
386 491
387 388
387 393
387 394
387 353
387 354
387 363
387 365
387 373
387 375
387 379
387 401
387 432
387 439
387 461
387 476
387 494
388 389
388 390
388 393
388 398
388 351
388 354
388 356
388 357
388 358
388 363
388 364
388 365
388 372
388 373
388 377
388 400
388 402
388 418
388 453
388 455
388 473
388 475
388 476
388 492
389 390
389 392
389 395
389 396
389 352
389 354
389 359
389 364
389 365
389 367
389 372
389 376
389 380
389 382
389 383
389 409
389 421
389 430
389 438
389 465
389 488
390 397
390 350
390 353
390 354
390 357
390 358
390 361
390 365
390 366
390 367
390 369
390 373
390 378
390 382
390 413
390 478
391 394
391 396
391 398
391 351
391 353
391 354
391 355
391 360
391 361
391 365
391 369
391 373
391 374
391 377
391 380
391 383
391 424
391 426
391 431
391 436
391 449
391 463
391 472
392 393
392 395
392 397
392 350
392 358
392 359
392 361
392 362
392 364
392 368
392 372
392 376
392 377
392 382
392 434
392 470
392 493
393 395
393 398
393 350
393 351
393 352
393 354
393 356
393 359
393 375
393 378
393 381
393 438
393 499
394 399
394 350
394 355
394 357
394 360
394 371
394 373
394 374
394 381
394 442
394 489
395 368
395 369
395 373
395 374
395 424
395 450
396 397
396 398
396 350
396 357
396 359
396 362
396 363
396 364
396 370
396 374
396 376
396 377
396 381
396 382
396 383
396 414
396 429
396 446
396 468
397 350
397 352
397 354
397 359
397 364
397 366
397 375
397 376
397 377
397 378
397 379
397 382
397 383
397 421
397 432
397 443
397 474
397 481
397 499
398 399
398 355
398 356
398 358
398 359
398 365
398 367
398 368
398 370
398 373
398 377
398 378
398 383
398 403
398 404
398 423
398 426
398 440
398 452
398 475
398 483
398 494
399 353
399 358
399 362
399 366
399 368
399 369
399 370
399 375
399 376
399 379
399 381
399 457
399 472
399 475
350 353
350 354
350 362
350 366
350 369
350 370
350 379
350 380
350 383
350 441
350 453
350 468
350 469
350 487
350 489
350 496
350 499
351 353
351 354
351 355
351 357
351 359
351 360
351 361
351 362
351 364
351 366
351 375
351 382
351 413
351 416
351 454
351 457
351 470
351 495
351 499
352 354
352 356
352 357
352 359
352 360
352 365
352 369
352 372
352 377
352 379
352 383
352 414
352 431
352 435
352 459
352 474
352 499
353 354
353 361
353 364
353 371
353 372
353 373
353 379
353 380
353 381
353 425
353 443
353 476
353 495
354 356
354 366
354 368
354 371
354 378
354 381
354 382
354 383
354 404
354 423
354 449
354 455
354 467
354 478
355 357
355 358
355 361
355 363
355 375
355 382
355 420
355 437
355 487
355 491
356 359
356 362
356 374
356 379
356 408
356 419
356 441
356 462
356 466
356 481
357 360
357 362
357 364
357 365
357 369
357 374
357 379
357 380
357 382
357 413
357 444
357 459
357 471
357 480
357 490
358 359
358 360
358 366
358 368
358 369
358 373
358 377
358 378
358 380
358 413
358 465
358 468
358 493
359 360
359 361
359 369
359 373
359 378
359 380
359 382
359 401
359 405
359 425
359 474
359 481
360 365
360 368
360 371
360 372
360 373
360 379
360 380
360 383
360 401
360 414
360 426
360 469
360 478
360 487
361 363
361 365
361 367
361 369
361 379
361 422
361 425
361 444
361 448
361 477
361 482
362 367
362 370
362 371
362 382
362 408
362 409
362 431
362 478
363 366
363 369
363 372
363 379
363 381
363 429
363 458
364 366
364 367
364 370
364 371
364 378
364 379
364 380
364 438
364 440
364 490
364 491
364 494
365 373
365 374
365 377
365 383
365 442
365 460
365 482
366 375
366 379
366 380
366 381
366 383
366 407
366 428
366 445
366 461
367 368
367 371
367 372
367 374
367 377
367 382
367 383
367 408
367 431
367 454
367 466
367 473
367 474
368 369
368 375
368 380
368 435
368 462
368 496
369 370
369 371
369 378
369 411
369 450
369 470
369 479
369 498
370 375
370 405
370 407
370 412
370 428
370 458
370 467
370 481
371 375
371 377
371 420
371 421
372 374
372 378
372 379
372 381
372 403
372 467
372 469
372 478
373 379
373 405
373 445
373 467
374 376
374 379
374 383
374 405
374 428
374 433
374 455
374 465
374 471
374 473
374 485
375 378
375 379
375 383
375 406
375 446
375 447
375 457
375 482
376 408
376 460
376 462
376 473
377 382
377 423
377 432
377 454
377 469
377 484
378 380
378 406
378 449
378 455
378 457
378 483
378 486
379 381
379 383
379 409
379 438
379 444
379 448
379 465
379 480
380 383
380 498
381 448
381 462
381 467
382 401
382 413
382 442
382 449
382 451
382 461
382 463
382 475
382 483
382 497
383 406
383 409
383 413
383 468
383 469
383 491
383 492
383 496
400 404
400 406
400 407
400 411
400 412
400 419
400 424
400 425
400 430
400 434
400 436
400 466
400 482
401 404
401 407
401 409
401 410
401 411
401 412
401 416
401 418
401 419
401 433
401 435
401 437
401 439
401 440
401 442
401 446
402 403
402 409
402 411
402 412
402 413
402 421
402 431
402 432
402 433
402 434
402 435
402 441
402 443
402 446
402 447
402 456
403 406
403 407
403 408
403 410
403 414
403 419
403 423
403 426
403 431
403 432
403 434
403 435
403 440
403 444
404 408
404 416
404 422
404 427
404 429
404 431
404 432
404 436
404 438
404 440
404 444
404 446
404 449
404 461
404 468
405 411
405 420
405 422
405 423
405 425
405 426
405 428
405 429
405 432
405 433
405 435
405 438
405 440
405 442
405 448
405 452
405 474
405 477
405 491
406 413
406 414
406 415
406 423
406 425
406 429
406 434
406 435
406 440
406 450
406 454
406 455
406 476
407 408
407 409
407 411
407 416
407 418
407 422
407 425
407 428
407 429
407 430
407 435
407 436
407 440
407 441
407 443
407 444
407 488
407 495
408 411
408 419
408 426
408 429
408 435
408 436
408 437
408 439
408 447
408 448
408 450
408 459
409 412
409 415
409 418
409 420
409 421
409 423
409 425
409 430
409 436
409 446
409 447
409 470
410 412
410 413
410 418
410 420
410 421
410 429
410 430
410 434
410 436
410 438
410 440
410 441
410 444
410 446
410 448
410 449
410 451
410 452
410 486
411 412
411 417
411 419
411 420
411 424
411 426
411 427
411 430
411 439
411 463
412 415
412 416
412 420
412 423
412 428
412 430
412 431
412 432
412 437
412 439
412 444
412 446
412 467
412 476
412 483
412 484
412 496
413 414
413 418
413 422
413 425
413 426
413 437
413 443
413 446
413 449
413 452
413 453
413 463
413 489
413 492
414 415
414 422
414 423
414 425
414 426
414 430
414 431
414 432
414 435
414 438
414 442
414 447
414 490
415 416
415 418
415 423
415 426
415 427
415 431
415 433
415 436
415 439
415 447
415 448
415 465
415 474
415 482
416 419
416 420
416 421
416 428
416 435
416 442
416 445
416 454
416 455
416 456
416 457
416 473
416 478
416 481
417 423
417 428
417 429
417 431
417 432
417 433
417 439
417 441
417 442
417 474
417 495
418 425
418 429
418 430
418 432
418 435
418 441
418 444
418 449
418 459
419 425
419 427
419 429
419 431
419 433
419 442
419 444
419 445
419 447
419 448
419 449
419 471
419 486
420 430
420 431
420 436
420 440
420 445
420 447
420 449
420 466
420 489
421 426
421 427
421 433
421 437
421 439
421 440
421 441
421 443
421 449
421 483
422 427
422 429
422 433
422 440
422 442
422 443
422 445
422 447
422 484
422 486
422 488
423 424
423 425
423 427
423 436
423 438
423 439
423 440
423 441
423 445
423 447
423 449
423 479
423 481
424 426
424 428
424 429
424 433
424 435
424 436
424 437
424 447
424 448
424 458
424 472
424 477
424 479
424 495
424 497
425 426
425 430
425 431
425 437
425 445
425 446
425 449
425 484
426 429
426 430
426 433
426 435
426 439
426 449
426 489
426 492
427 432
427 436
427 438
427 439
427 442
427 443
427 448
427 449
427 455
427 477
427 478
427 481
428 429
428 431
428 434
428 435
428 440
428 444
428 445
428 454
428 467
428 471
428 497
429 431
429 434
429 442
429 459
430 433
430 435
430 436
430 438
430 443
430 445
430 450
430 451
430 467
430 475
430 476
430 497
431 433
431 435
431 436
431 444
431 447
431 448
431 449
431 464
431 466
431 479
431 499
432 436
432 438
432 443
432 446
432 449
432 485
432 488
432 490
432 495
433 436
433 437
433 440
433 441
433 446
433 447
433 457
433 462
433 472
433 479
434 437
434 443
436 437
436 448
436 476
436 480
436 495
437 441
437 449
437 455
438 448
438 449
438 461
438 483
438 490
439 441
439 451
439 475
439 491
440 448
440 465
440 480
440 481
440 497
441 449
442 443
442 448
442 449
442 472
442 480
442 484
442 497
443 444
443 448
443 472
443 473
443 476
443 491
443 498
444 446
444 449
444 467
445 459
445 492
446 447
446 449
446 474
446 484
446 494
447 449
447 464
448 459
449 454
449 484
450 451
450 452
450 459
450 462
450 463
450 464
450 466
450 474
450 478
450 483
450 485
450 488
450 489
450 497
450 498
451 453
451 464
451 468
451 470
451 472
451 478
451 479
451 481
451 483
451 485
451 486
451 491
451 493
451 494
451 495
452 453
452 455
452 456
452 457
452 459
452 463
452 470
452 471
452 473
452 474
452 475
452 476
452 481
452 485
452 486
452 487
452 488
452 496
452 497
453 458
453 459
453 462
453 469
453 473
453 475
453 479
453 480
453 483
453 484
453 486
453 487
453 497
454 455
454 464
454 467
454 470
454 471
454 475
454 476
454 477
454 479
454 480
454 481
454 482
454 483
454 484
454 488
454 495
454 499
455 456
455 459
455 461
455 468
455 470
455 476
455 482
455 484
455 485
455 486
455 496
455 497
456 459
456 470
456 471
456 474
456 476
456 477
456 478
456 481
456 484
456 485
456 491
456 492
456 493
456 494
456 498
457 465
457 473
457 474
457 476
457 479
457 485
457 486
457 491
457 496
457 497
457 498
457 499
458 466
458 468
458 471
458 473
458 474
458 478
458 479
458 481
458 487
458 491
458 494
458 495
458 498
459 461
459 465
459 470
459 472
459 477
459 480
459 487
459 489
459 492
459 494
459 498
459 499
460 472
460 477
460 480
460 484
460 487
460 491
461 464
461 465
461 468
461 472
461 474
461 476
461 478
461 482
461 483
461 488
461 489
461 493
461 496
462 464
462 466
462 467
462 471
462 473
462 474
462 476
462 479
462 484
462 488
462 489
462 491
462 494
462 496
462 497
463 466
463 467
463 469
463 470
463 475
463 481
463 485
463 486
463 489
463 490
463 494
463 496
463 498
464 469
464 474
464 476
464 477
464 478
464 482
464 484
464 486
464 487
464 490
464 491
464 495
465 472
465 486
465 487
465 488
465 493
465 498
466 469
466 470
466 476
466 477
466 483
466 487
466 490
466 498
466 499
467 468
467 470
467 472
467 474
467 476
467 483
467 484
468 469
468 470
468 471
468 476
468 482
468 484
468 485
468 492
468 494
468 495
469 472
469 473
469 479
469 480
469 481
469 482
469 483
469 484
469 485
469 486
469 487
469 492
469 494
469 498
469 499
470 473
470 475
470 476
470 477
470 478
470 480
470 481
470 488
470 491
470 494
471 473
471 475
471 477
471 478
471 480
471 481
471 488
471 493
471 496
471 497
472 473
472 474
472 475
472 476
472 477
472 479
472 483
472 484
472 488
472 495
472 497
472 499
473 474
473 475
473 480
473 483
473 484
473 487
473 489
473 491
473 497
474 475
474 476
474 477
474 478
474 481
474 482
474 484
474 489
474 490
474 492
474 498
474 499
475 477
475 482
475 485
475 493
475 499
476 480
476 481
476 485
476 486
476 489
476 494
476 496
476 499
477 481
477 484
477 486
477 487
477 492
477 495
477 499
478 489
478 492
479 486
479 495
479 496
479 498
479 499
480 482
480 487
480 489
480 493
481 490
481 492
481 494
482 486
482 488
482 490
482 493
482 495
483 485
483 487
483 488
483 490
483 493
483 496
483 498
484 487
484 490
484 493
484 494
485 492
485 493
485 494
485 495
486 488
486 493
486 496
486 497
486 498
487 492
487 495
487 496
488 489
488 490
488 496
488 497
489 497
489 498
491 495
491 497
491 498
493 499
494 495
494 498
494 499
495 496
495 499
496 497
496 498
496 499
497 499
