0 8
0 12
0 16
0 18
0 23
0 27
0 28
0 29
0 34
0 36
0 46
0 47
0 167
1 3
1 7
1 9
1 19
1 25
1 28
1 33
1 42
1 45
1 48
1 49
1 128
1 135
1 462
2 3
2 4
2 7
2 8
2 19
2 23
2 24
2 25
2 30
2 31
2 33
2 37
2 39
2 41
2 44
2 45
2 151
3 6
3 16
3 19
3 20
3 24
3 28
3 29
3 32
3 36
3 40
3 45
3 46
3 48
3 306
3 315
4 23
4 24
4 25
4 30
4 38
4 40
4 41
4 42
4 45
4 47
4 48
4 49
4 153
4 413
5 6
5 10
5 12
5 13
5 14
5 16
5 20
5 24
5 27
5 32
5 34
5 38
5 40
5 47
5 148
5 163
5 235
6 7
6 12
6 13
6 15
6 18
6 20
6 23
6 26
6 27
6 29
6 30
6 31
6 33
6 34
6 38
6 39
6 42
6 46
6 94
6 480
7 9
7 10
7 11
7 20
7 21
7 27
7 28
7 33
7 36
7 43
7 45
7 331
8 9
8 13
8 15
8 17
8 20
8 21
8 24
8 29
8 30
8 31
8 37
8 40
8 42
8 48
8 119
8 421
8 458
9 11
9 13
9 14
9 19
9 20
9 21
9 26
9 29
9 33
9 39
9 42
9 45
9 49
9 173
9 289
9 325
10 14
10 20
10 21
10 30
10 31
10 33
10 34
10 37
10 38
10 39
10 42
10 44
10 46
10 48
10 83
10 103
10 362
11 12
11 15
11 17
11 18
11 25
11 26
11 30
11 32
11 33
11 37
11 38
11 40
11 41
11 44
11 45
11 157
12 13
12 15
12 24
12 28
12 29
12 31
12 32
12 34
12 37
12 40
12 42
12 46
12 48
12 50
12 91
12 317
12 394
13 19
13 25
13 27
13 30
13 34
13 38
13 40
13 41
13 44
13 72
13 76
14 15
14 16
14 23
14 27
14 30
14 32
14 33
14 35
14 39
14 41
14 46
14 196
14 246
14 257
14 262
14 386
14 412
15 16
15 18
15 21
15 23
15 30
15 33
15 39
15 41
15 44
15 46
15 49
15 58
15 282
15 306
16 23
16 24
16 26
16 31
16 33
16 36
16 41
16 43
16 44
16 45
16 46
16 48
16 264
16 497
17 20
17 23
17 26
17 30
17 32
17 41
17 46
17 49
17 111
17 339
18 24
18 26
18 41
18 42
18 43
18 46
18 48
18 49
18 63
18 195
18 303
18 425
19 20
19 23
19 24
19 28
19 29
19 32
19 36
19 37
19 44
19 264
19 301
20 22
20 29
20 31
20 44
20 47
20 179
20 234
21 31
21 33
21 34
21 36
21 37
21 40
21 46
21 48
21 370
21 471
22 23
22 25
22 28
22 33
22 35
22 38
22 41
22 42
22 47
22 48
22 56
22 204
22 358
22 464
23 24
23 25
23 26
23 27
23 30
23 31
23 32
23 34
23 73
23 101
24 25
24 28
24 41
24 46
24 48
24 95
24 133
24 136
25 26
25 32
25 36
25 37
25 39
25 40
25 41
25 43
25 48
25 49
25 104
25 176
25 273
25 368
25 379
25 429
26 29
26 30
26 32
26 34
26 37
26 39
26 40
26 41
26 46
26 47
26 48
26 176
26 209
26 477
26 498
27 30
27 34
27 37
27 41
27 42
27 44
27 45
27 46
27 47
27 368
28 29
28 31
28 33
28 34
28 47
28 302
28 362
28 412
29 31
29 32
29 34
29 39
29 68
29 197
29 366
29 404
30 32
30 42
30 43
30 45
30 46
30 47
30 158
30 202
30 312
31 34
31 37
31 48
31 49
31 184
31 430
32 34
32 36
32 38
32 41
32 45
32 48
32 49
33 39
33 41
33 47
34 38
34 39
34 40
34 43
34 47
34 49
34 347
35 36
35 37
35 45
35 48
35 252
35 341
36 38
36 39
36 46
36 49
36 314
36 428
37 38
37 39
37 40
37 42
37 45
37 46
37 49
37 376
37 439
37 450
38 40
38 42
38 48
39 41
39 45
39 80
40 46
40 47
40 91
40 210
40 274
41 43
41 44
41 46
41 49
41 83
41 475
42 47
43 45
43 46
43 49
43 96
43 208
44 46
44 142
44 383
44 421
46 332
47 48
48 401
48 403
49 225
49 285
49 347
49 486
50 56
50 62
50 64
50 69
50 80
50 82
50 88
50 90
50 91
50 92
50 98
50 111
50 435
50 471
51 52
51 53
51 56
51 66
51 68
51 74
51 76
51 82
51 86
51 87
51 89
51 91
51 94
51 98
51 227
51 334
52 53
52 54
52 57
52 58
52 61
52 65
52 70
52 74
52 77
52 78
52 84
52 91
52 92
52 94
52 97
52 98
52 133
52 171
52 324
52 340
53 62
53 65
53 67
53 68
53 69
53 77
53 80
53 88
53 93
53 97
54 56
54 58
54 59
54 63
54 75
54 76
54 78
54 79
54 86
54 98
54 99
54 150
54 186
54 283
54 312
55 59
55 69
55 72
55 74
55 77
55 81
55 84
55 85
55 93
55 96
55 97
55 98
55 248
55 273
56 57
56 59
56 61
56 62
56 67
56 73
56 74
56 79
56 83
56 89
56 173
56 293
57 58
57 61
57 65
57 75
57 79
57 80
57 84
57 85
57 90
57 94
57 240
57 421
58 59
58 63
58 64
58 67
58 68
58 71
58 72
58 74
58 77
58 80
58 83
58 84
58 86
58 93
58 95
58 163
58 212
58 321
59 62
59 66
59 68
59 69
59 70
59 75
59 77
59 81
59 83
59 84
59 93
59 95
59 96
59 131
59 214
60 63
60 66
60 71
60 72
60 73
60 79
60 86
60 87
60 88
60 91
60 93
60 94
60 98
60 190
60 394
61 63
61 65
61 66
61 68
61 69
61 70
61 71
61 73
61 77
61 78
61 86
61 88
61 92
61 93
61 372
62 65
62 66
62 69
62 70
62 71
62 73
62 75
62 78
62 80
62 81
62 84
62 90
62 97
62 99
62 320
62 419
63 66
63 67
63 68
63 72
63 74
63 76
63 90
63 92
63 93
63 94
63 145
63 229
63 321
64 69
64 70
64 71
64 72
64 73
64 77
64 78
64 79
64 80
64 81
64 83
64 85
64 94
64 97
64 99
64 128
64 161
64 219
64 321
64 400
64 498
65 73
65 77
65 81
65 82
65 83
65 86
65 88
65 90
65 91
65 94
65 216
65 267
65 314
65 403
65 429
66 77
66 80
66 81
66 82
66 89
66 94
66 97
66 98
66 99
66 114
66 390
67 69
67 74
67 75
67 76
67 77
67 80
67 85
67 89
67 91
67 92
67 93
67 94
67 96
67 99
67 149
67 280
68 73
68 74
68 83
68 87
68 90
68 92
68 96
68 201
69 73
69 74
69 75
69 81
69 82
69 86
69 90
69 94
69 97
69 444
70 78
70 85
70 87
70 89
70 95
71 72
71 75
71 76
71 80
71 82
71 85
71 87
71 88
71 94
71 153
71 387
72 76
72 82
72 93
72 98
73 75
73 85
73 88
73 93
73 95
73 398
74 79
74 84
74 87
74 92
74 489
75 78
75 80
75 81
75 85
75 86
75 87
75 92
75 93
75 94
75 96
75 323
75 455
76 79
76 82
76 83
76 84
76 85
76 86
76 87
76 88
76 91
76 94
76 395
76 375
77 79
77 81
77 84
77 85
77 86
77 89
77 92
77 93
77 355
77 367
78 84
78 85
78 91
78 92
78 97
79 80
79 86
79 91
79 93
80 89
80 322
80 414
80 437
81 84
81 92
81 93
81 95
81 98
81 99
81 484
82 94
82 95
82 97
82 185
82 225
82 305
82 420
82 452
83 88
83 89
83 91
83 92
83 93
83 97
83 98
83 190
83 335
84 86
84 89
84 93
84 99
84 217
84 397
84 360
85 87
85 96
85 99
85 131
85 278
85 331
86 88
86 89
86 90
86 93
86 94
86 95
86 204
86 209
86 424
87 88
87 89
87 91
87 93
87 94
87 208
88 89
88 93
88 94
88 95
88 98
88 189
88 418
88 437
88 474
89 92
89 93
89 96
89 125
89 440
90 95
90 96
90 155
90 327
90 439
91 92
91 96
91 99
91 409
91 485
92 102
92 107
92 278
92 359
93 98
93 231
94 97
94 99
94 456
95 98
95 304
95 449
96 97
96 136
96 414
97 98
97 106
97 181
97 300
98 99
98 212
99 125
99 289
128 129
128 131
128 135
128 146
128 147
128 107
128 114
128 115
128 117
128 120
128 124
128 127
128 225
129 132
129 134
129 139
129 145
129 100
129 101
129 110
129 114
129 120
129 124
129 152
130 137
130 138
130 139
130 143
130 145
130 148
130 102
130 105
130 107
130 111
130 113
130 114
130 117
130 124
130 125
130 325
130 453
131 134
131 147
131 101
131 102
131 105
131 106
131 107
131 110
131 111
131 113
131 114
131 116
131 117
131 123
131 125
131 127
131 266
131 397
131 432
132 134
132 136
132 137
132 140
132 141
132 149
132 101
132 105
132 106
132 107
132 108
132 110
132 114
132 115
132 118
132 126
132 216
133 140
133 141
133 144
133 147
133 148
133 108
133 110
133 115
133 118
133 124
134 136
134 138
134 140
134 147
134 149
134 103
134 104
134 110
134 111
134 112
134 113
134 114
134 120
134 122
134 123
134 258
135 139
135 146
135 100
135 101
135 102
135 103
135 104
135 105
135 106
135 109
135 113
135 117
135 119
135 120
135 121
135 124
135 126
135 127
135 284
135 343
135 484
136 139
136 140
136 144
136 147
136 149
136 103
136 105
136 106
136 107
136 110
136 113
136 118
136 123
136 127
136 323
137 141
137 146
137 102
137 107
137 108
137 113
137 116
137 118
137 120
137 122
137 124
137 317
138 140
138 142
138 143
138 145
138 147
138 148
138 104
138 106
138 110
138 112
138 113
138 114
138 117
138 118
138 122
138 242
138 471
139 140
139 141
139 144
139 146
139 149
139 101
139 104
139 112
139 116
139 118
139 121
139 125
140 142
140 146
140 148
140 149
140 101
140 106
140 107
140 121
141 147
141 102
141 103
141 105
141 106
141 107
141 110
141 113
141 114
141 119
141 120
141 122
142 143
142 147
142 106
142 112
142 114
142 115
142 118
142 120
142 121
142 122
142 124
142 125
142 126
142 257
143 144
143 148
143 101
143 108
143 109
143 111
143 112
143 115
143 117
143 125
143 250
143 472
144 147
144 149
144 100
144 102
144 103
144 107
144 113
144 117
144 118
144 122
144 123
144 125
144 126
144 277
144 340
144 450
145 146
145 147
145 102
145 104
145 114
145 116
145 117
145 121
145 125
145 126
145 269
145 302
145 348
146 105
146 106
146 110
146 113
146 114
146 124
146 125
146 187
147 148
147 102
147 104
147 105
147 110
147 116
147 118
147 119
147 122
147 123
147 126
147 314
147 423
147 456
148 102
148 105
148 109
148 114
148 118
148 119
148 120
148 123
148 445
149 102
149 103
149 104
149 108
149 110
149 111
149 113
149 115
149 118
149 123
149 124
149 311
149 327
100 102
100 103
100 106
100 107
100 108
100 109
100 112
100 117
100 118
100 119
100 124
100 180
100 312
101 105
101 107
101 108
101 110
101 118
101 121
101 122
101 124
101 249
102 104
102 108
102 109
102 110
102 114
102 121
102 305
102 374
102 493
103 104
103 107
103 109
103 110
103 111
103 114
103 116
103 117
103 120
103 123
103 434
104 107
104 109
104 110
104 112
104 115
104 117
104 119
104 120
104 127
104 256
104 333
105 106
105 110
105 111
105 113
105 114
105 117
105 120
105 205
105 241
105 375
106 116
106 120
106 122
106 124
106 125
106 127
106 166
106 197
107 109
107 110
107 113
107 115
107 120
107 124
107 126
107 127
107 166
107 181
108 115
108 116
108 121
108 122
108 123
108 127
108 445
108 495
109 110
109 113
109 116
109 117
109 120
109 122
110 113
110 116
110 118
110 121
110 125
110 348
111 112
111 113
111 114
111 120
111 121
111 124
111 150
112 113
112 114
112 120
112 124
112 412
113 122
113 126
114 115
114 127
114 200
114 384
115 117
115 118
115 121
115 166
115 281
116 118
116 121
116 125
116 127
116 266
116 400
116 442
117 123
117 125
117 127
117 289
117 336
117 419
118 121
118 122
118 125
118 343
118 398
118 482
119 125
119 324
120 121
120 124
120 125
120 127
120 223
121 124
121 233
121 334
122 127
123 124
123 165
123 200
123 250
123 307
124 127
124 403
125 234
126 127
150 154
150 159
150 161
150 165
150 179
150 181
150 193
150 230
150 266
151 152
151 153
151 158
151 161
151 162
151 163
151 164
151 172
151 174
151 181
151 184
151 191
151 214
152 154
152 156
152 158
152 173
152 174
152 186
152 189
152 190
152 192
152 349
152 426
153 154
153 159
153 162
153 164
153 165
153 173
153 178
153 181
153 185
153 187
153 189
153 192
153 193
153 194
153 432
154 159
154 164
154 171
154 173
154 176
154 178
154 181
154 182
154 187
154 189
154 198
154 272
154 311
154 484
155 156
155 157
155 161
155 163
155 166
155 170
155 175
155 177
155 178
155 180
155 186
155 190
155 194
155 196
155 198
155 199
155 390
155 414
155 435
155 443
155 460
155 461
156 157
156 167
156 169
156 172
156 174
156 178
156 179
156 189
156 192
156 195
156 197
156 198
156 199
157 159
157 161
157 164
157 168
157 170
157 174
157 175
157 176
157 177
157 178
157 179
157 184
157 187
157 193
157 198
158 160
158 166
158 169
158 174
158 175
158 176
158 177
158 178
158 179
158 180
158 186
158 191
158 194
158 199
158 375
159 163
159 164
159 166
159 173
159 176
159 181
159 183
159 184
159 189
159 193
159 194
159 197
159 318
159 460
159 462
160 161
160 168
160 180
160 182
160 183
160 187
160 188
160 189
160 191
160 198
160 199
160 229
160 249
160 371
160 441
161 163
161 171
161 172
161 178
161 183
161 184
161 186
161 190
161 192
161 238
161 363
161 434
162 166
162 170
162 177
162 178
162 179
162 180
162 187
162 191
162 193
162 198
162 199
162 326
163 164
163 165
163 167
163 169
163 173
163 178
163 179
163 183
163 187
163 197
163 198
163 341
163 476
164 166
164 167
164 170
164 172
164 174
164 178
164 180
164 183
164 186
164 189
164 190
164 191
164 192
164 196
164 199
164 343
165 167
165 170
165 171
165 181
165 183
165 185
165 188
165 193
165 291
166 167
166 168
166 178
166 179
166 183
166 187
166 191
166 192
166 193
166 194
166 203
166 220
166 243
166 276
166 321
166 338
167 170
167 177
167 178
167 184
167 196
167 197
167 293
168 175
168 176
168 178
168 179
168 180
168 181
168 184
168 190
168 191
168 193
168 195
168 199
168 327
168 329
168 349
168 399
169 173
169 182
169 184
169 185
169 187
169 189
169 333
169 429
170 172
170 173
170 174
170 182
170 183
170 185
170 194
170 198
171 174
171 178
171 179
171 182
171 184
171 186
171 189
171 191
171 194
171 195
171 196
171 252
171 410
172 178
172 181
172 184
172 186
172 188
172 196
172 197
172 445
173 177
173 183
173 184
173 187
173 190
173 194
173 196
173 197
173 198
173 199
174 177
174 181
174 187
174 189
174 192
174 193
174 195
174 197
174 199
174 478
175 176
175 180
175 183
175 191
175 193
175 198
175 199
175 338
175 439
176 178
176 181
176 189
176 191
176 192
176 197
176 399
177 181
177 189
177 192
177 196
177 198
177 199
177 212
177 447
178 179
178 181
178 184
178 187
178 191
178 192
178 195
178 196
178 197
178 366
179 186
179 188
179 199
179 235
180 194
180 199
180 421
180 453
180 496
181 183
181 184
181 188
181 191
181 193
181 195
181 199
182 183
182 185
182 186
182 191
182 248
183 184
183 185
183 196
183 308
184 185
184 195
184 197
184 199
184 324
184 452
185 191
185 192
185 193
185 196
185 198
185 441
186 187
186 191
186 193
186 196
186 197
186 236
186 409
187 188
187 189
188 190
188 425
189 191
189 195
189 199
189 384
190 209
190 378
191 192
191 196
191 198
191 199
191 315
192 193
192 197
192 198
193 195
193 197
193 198
193 207
194 195
194 196
194 197
194 393
195 198
195 199
196 197
196 204
196 242
197 337
198 229
198 346
199 401
199 463
200 201
200 205
200 206
200 210
200 212
200 214
200 221
200 227
200 229
200 232
200 234
200 236
200 244
200 247
200 270
200 361
200 374
201 205
201 206
201 212
201 216
201 221
201 224
201 226
201 230
201 232
201 233
201 236
201 237
201 242
201 244
201 488
202 204
202 208
202 213
202 214
202 215
202 219
202 224
202 225
202 232
202 233
202 235
202 237
202 238
202 242
202 246
202 248
202 249
202 309
202 408
203 206
203 216
203 218
203 220
203 224
203 225
203 227
203 231
203 232
203 233
203 238
203 264
203 410
204 205
204 206
204 207
204 209
204 213
204 217
204 219
204 220
204 226
204 228
204 232
204 242
204 243
204 245
204 247
204 307
204 340
204 425
205 208
205 210
205 211
205 219
205 222
205 226
205 230
205 232
205 233
205 234
205 236
205 237
205 238
205 242
205 244
205 245
205 246
205 424
205 471
206 207
206 216
206 217
206 218
206 224
206 225
206 227
206 228
206 232
206 242
206 246
206 335
206 341
206 387
206 499
207 208
207 212
207 216
207 217
207 223
207 232
207 233
207 234
207 239
207 241
207 242
207 246
207 247
207 259
207 443
208 215
208 217
208 219
208 220
208 224
208 226
208 227
208 230
208 231
208 234
208 236
208 237
208 239
208 241
208 242
208 244
208 318
209 215
209 220
209 221
209 224
209 225
209 227
209 228
209 229
209 230
209 233
209 235
209 236
209 237
209 243
209 247
209 249
209 291
210 213
210 214
210 215
210 219
210 222
210 225
210 228
210 230
210 231
210 237
210 239
210 241
210 245
210 249
210 306
211 213
211 214
211 215
211 216
211 218
211 220
211 230
211 231
211 234
211 236
211 242
211 244
211 248
212 217
212 222
212 223
212 230
212 232
212 243
212 244
212 246
212 341
213 216
213 221
213 222
213 230
213 236
213 237
213 239
213 243
213 246
214 218
214 223
214 224
214 225
214 226
214 227
214 231
214 237
214 238
214 239
214 242
214 243
214 248
214 249
214 334
214 417
215 216
215 218
215 220
215 221
215 222
215 225
215 226
215 230
215 231
215 232
215 234
215 235
215 245
215 248
215 249
216 225
216 236
216 239
216 240
216 242
216 243
216 246
216 247
216 435
216 499
217 220
217 221
217 222
217 224
217 226
217 227
217 230
217 231
217 234
217 241
217 246
217 249
218 222
218 224
218 229
218 239
218 241
218 246
218 248
218 338
219 220
219 228
219 229
219 233
219 236
219 238
219 239
219 240
219 247
219 249
219 313
220 225
220 232
220 240
220 243
220 245
220 246
220 249
220 255
221 235
221 242
221 245
221 246
221 249
221 339
221 417
222 240
222 246
222 247
222 291
222 333
222 407
223 226
223 229
223 230
223 232
223 233
223 240
223 242
223 243
223 244
223 247
223 248
223 251
223 401
224 225
224 227
224 229
224 236
224 237
224 239
224 249
224 430
225 226
225 230
225 232
225 234
225 235
225 238
225 240
225 241
225 411
226 227
226 233
226 237
226 239
226 242
226 243
226 244
226 249
227 229
227 233
227 237
227 242
227 243
227 244
227 248
227 349
228 235
228 236
228 241
228 242
228 243
228 249
228 467
228 495
229 233
229 236
229 246
229 349
230 232
230 234
230 238
230 241
230 244
231 232
231 233
231 239
231 241
231 242
231 243
231 247
231 269
232 234
232 235
232 237
232 239
232 242
232 244
232 291
233 238
233 240
233 242
233 245
233 247
233 248
234 235
234 237
234 238
234 244
234 245
234 249
235 237
235 243
235 245
235 302
235 403
236 238
236 239
236 240
236 245
236 247
236 278
236 321
237 239
237 243
237 245
237 247
237 278
238 240
238 243
238 244
238 247
238 249
238 377
239 240
239 244
239 266
240 244
240 246
240 247
240 248
240 249
240 349
240 478
241 244
241 245
241 246
241 248
241 255
241 363
242 243
242 246
242 274
242 324
242 448
242 472
243 244
243 248
243 275
243 405
244 245
244 247
244 310
244 315
244 404
245 336
245 413
245 474
246 247
246 248
247 248
247 249
247 433
247 435
249 337
249 374
249 418
249 488
256 260
256 262
256 263
256 276
256 277
256 280
256 281
256 284
256 285
256 287
256 291
256 295
256 297
256 298
256 299
256 251
256 252
256 254
256 358
256 471
257 260
257 263
257 266
257 268
257 269
257 270
257 273
257 276
257 278
257 279
257 285
257 294
257 299
257 253
257 485
258 265
258 276
258 277
258 289
258 291
258 292
258 294
258 295
258 298
258 250
258 251
258 255
258 468
259 260
259 263
259 267
259 270
259 271
259 275
259 276
259 281
259 286
259 292
259 294
259 295
259 254
259 255
260 263
260 266
260 271
260 272
260 276
260 278
260 279
260 281
260 282
260 286
260 287
260 288
260 292
260 293
260 294
260 295
260 296
260 297
260 299
260 250
260 253
260 334
260 383
260 461
261 263
261 264
261 269
261 271
261 273
261 274
261 276
261 279
261 284
261 287
261 288
261 293
261 294
261 251
261 253
261 341
261 492
262 263
262 265
262 273
262 275
262 278
262 281
262 282
262 286
262 290
262 291
262 293
262 498
263 264
263 266
263 280
263 287
263 289
263 292
263 293
263 297
263 299
263 253
263 254
264 266
264 269
264 272
264 273
264 274
264 283
264 288
264 291
264 293
264 294
264 295
264 297
264 254
264 489
265 268
265 271
265 272
265 273
265 275
265 276
265 277
265 278
265 279
265 282
265 288
265 293
265 298
265 254
265 255
265 378
266 269
266 273
266 274
266 275
266 278
266 279
266 282
266 283
266 285
266 289
266 294
266 299
266 252
266 253
266 372
267 269
267 270
267 272
267 275
267 276
267 279
267 280
267 286
267 289
267 296
267 297
267 299
267 250
267 251
267 253
267 254
268 271
268 273
268 274
268 277
268 278
268 280
268 285
268 286
268 293
268 295
268 251
268 253
269 271
269 272
269 274
269 275
269 276
269 277
269 278
269 280
269 281
269 284
269 286
269 288
269 290
269 293
269 294
269 251
269 435
270 277
270 279
270 281
270 282
270 283
270 289
270 290
270 293
270 296
270 298
270 251
270 378
270 415
271 274
271 277
271 282
271 285
271 286
271 289
271 290
271 291
271 292
271 250
271 251
271 252
271 253
271 310
271 431
271 479
271 489
272 273
272 274
272 276
272 284
272 288
272 289
272 290
272 293
272 295
272 296
272 297
272 444
273 282
273 288
273 290
273 292
273 299
273 251
273 254
273 255
274 281
274 286
274 288
274 295
274 297
274 298
274 299
274 417
274 497
275 276
275 277
275 279
275 281
275 282
275 283
275 284
275 288
275 291
275 293
275 297
275 299
275 314
275 412
276 279
276 280
276 283
276 288
276 291
276 293
276 294
276 298
276 252
276 255
276 325
277 278
277 287
277 290
277 293
277 298
277 254
277 456
277 490
278 279
278 281
278 284
278 285
278 288
278 295
278 296
278 298
278 250
279 280
279 281
279 282
279 283
279 284
279 288
279 295
279 296
279 251
279 485
280 282
280 283
280 286
280 295
280 297
280 254
281 285
281 289
281 293
281 296
281 297
281 298
282 284
282 296
282 251
282 253
282 254
283 286
283 288
283 297
283 299
283 254
283 474
283 497
284 286
284 287
284 288
284 289
284 291
284 294
284 297
284 252
284 255
284 344
284 434
284 487
285 291
285 292
285 294
285 295
285 296
285 298
285 250
285 251
285 255
285 462
286 288
286 289
286 293
286 294
286 295
286 298
286 299
286 254
286 255
286 479
288 289
288 291
288 292
288 294
288 296
288 298
288 299
288 250
288 254
288 439
289 293
289 294
289 295
289 298
289 252
289 379
290 292
290 294
290 446
291 293
291 294
291 295
291 296
291 250
292 295
292 298
292 250
292 414
293 296
293 297
293 254
293 318
294 296
294 250
294 254
294 255
295 297
295 299
295 254
295 255
296 297
296 251
296 253
296 254
297 385
297 454
298 250
298 252
298 254
299 251
299 255
299 371
299 425
250 252
250 372
250 410
251 252
252 254
252 255
252 301
253 445
254 374
254 404
255 390
300 303
300 307
300 312
300 316
300 317
300 320
300 325
300 327
300 328
300 338
300 341
300 347
300 475
301 305
301 312
301 313
301 314
301 316
301 322
301 325
301 333
301 341
301 346
301 349
301 398
301 431
302 306
302 307
302 309
302 314
302 316
302 319
302 320
302 322
302 325
302 330
302 347
302 349
302 386
302 475
303 306
303 307
303 309
303 315
303 316
303 322
303 325
303 331
303 334
303 338
303 339
303 348
304 308
304 312
304 314
304 316
304 325
304 336
304 337
304 339
304 341
304 343
305 306
305 309
305 311
305 319
305 322
305 323
305 324
305 326
305 329
305 331
305 333
305 334
305 337
305 339
305 341
305 342
305 344
305 348
305 387
305 435
306 307
306 310
306 315
306 316
306 318
306 325
306 330
306 339
306 345
306 349
307 314
307 321
307 323
307 324
307 330
307 339
307 340
308 311
308 314
308 316
308 321
308 323
308 330
308 346
308 437
308 445
309 311
309 312
309 313
309 317
309 321
309 323
309 325
309 327
309 329
309 333
309 335
309 338
309 339
309 341
309 342
309 344
309 347
310 312
310 313
310 315
310 316
310 317
310 321
310 323
310 327
310 328
310 329
310 330
310 334
310 335
310 337
310 342
310 345
310 347
311 316
311 318
311 324
311 327
311 328
311 329
311 334
311 335
311 337
311 345
311 441
312 313
312 315
312 318
312 320
312 321
312 323
312 324
312 326
312 327
312 333
312 336
312 344
312 345
312 375
312 452
313 316
313 317
313 320
313 330
313 332
313 342
313 343
313 499
314 315
314 319
314 323
314 324
314 327
314 328
314 330
314 332
314 335
314 336
314 338
314 340
314 343
314 346
314 349
314 355
315 319
315 324
315 325
315 327
315 332
315 333
315 334
315 335
315 340
315 343
315 349
316 317
316 318
316 319
316 321
316 327
316 337
316 339
316 346
316 347
317 319
317 320
317 326
317 327
317 333
317 336
317 343
317 344
317 345
317 348
317 472
318 319
318 320
318 323
318 333
318 344
318 347
319 323
319 328
319 341
319 347
319 351
320 324
320 327
320 329
320 331
320 333
320 334
320 335
320 336
320 341
320 349
320 434
321 324
321 325
321 328
321 329
321 330
321 332
321 334
321 335
321 336
321 341
321 345
322 326
322 327
322 332
322 336
322 339
322 341
322 347
322 348
322 490
323 324
323 326
323 327
323 332
323 333
323 338
323 340
323 341
323 342
323 407
323 478
324 327
324 328
324 333
324 334
324 335
324 336
324 338
324 339
324 343
324 347
324 348
324 434
325 326
325 335
325 337
325 339
325 342
325 349
325 378
326 327
326 329
326 338
326 341
326 348
326 349
326 419
327 330
327 331
327 334
327 336
327 340
327 341
327 347
327 349
328 329
328 334
328 335
328 336
328 338
328 339
328 342
328 344
329 333
329 334
329 337
330 333
330 334
330 335
330 339
330 345
330 487
331 337
331 338
331 339
331 340
331 344
331 345
331 346
331 347
331 349
332 333
332 334
332 341
332 343
332 349
333 334
333 339
333 400
333 477
334 340
334 347
334 369
335 342
335 348
336 340
336 345
336 396
337 342
337 345
337 346
337 406
338 340
338 341
338 343
338 344
338 345
338 348
338 380
338 464
339 345
339 349
339 425
340 344
340 345
340 347
340 348
340 417
341 342
341 345
342 343
342 348
342 405
343 345
343 361
345 349
346 348
346 378
347 385
347 366
348 491
384 387
384 391
384 392
384 393
384 398
384 355
384 357
384 359
384 362
384 364
384 365
384 367
384 369
384 372
384 376
384 377
384 378
384 380
384 381
384 383
385 387
385 392
385 353
385 354
385 357
385 358
385 359
385 360
385 366
385 370
385 375
385 377
385 378
385 379
385 381
385 383
386 387
386 391
386 397
386 399
386 355
386 356
386 360
386 361
386 365
386 374
386 375
386 379
386 380
386 383
387 389
387 391
387 396
387 361
387 363
387 364
387 366
387 367
387 371
387 373
387 374
388 389
388 393
388 395
388 352
388 353
388 357
388 359
388 360
388 363
388 364
388 365
388 369
388 370
388 372
388 377
388 378
388 382
388 383
388 424
389 391
389 393
389 397
389 350
389 351
389 352
389 353
389 354
389 355
389 356
389 358
389 359
389 360
389 365
389 373
389 374
389 375
389 376
389 377
389 379
390 399
390 361
390 363
390 364
390 371
390 373
390 376
390 465
391 395
391 396
391 397
391 351
391 355
391 362
391 369
391 371
391 372
391 377
391 378
391 381
392 393
392 397
392 398
392 350
392 351
392 355
392 360
392 363
392 366
392 368
392 371
392 373
392 377
392 478
393 398
393 352
393 358
393 359
393 361
393 364
393 365
393 367
393 370
393 377
394 351
394 353
394 354
394 355
394 356
394 357
394 365
394 375
394 376
394 377
394 378
394 382
394 383
394 491
395 397
395 399
395 356
395 360
395 365
395 366
395 371
395 372
395 375
395 380
395 381
395 383
396 350
396 352
396 360
396 362
396 373
396 374
396 380
396 381
396 444
396 464
397 350
397 352
397 354
397 355
397 356
397 357
397 358
397 362
397 370
397 373
397 374
397 377
397 383
398 350
398 353
398 356
398 357
398 359
398 365
398 373
398 380
398 382
399 353
399 359
399 362
399 365
399 367
399 368
399 370
399 375
399 377
399 406
350 351
350 352
350 362
350 363
350 364
350 379
350 381
350 383
351 353
351 356
351 361
351 363
351 364
351 371
351 374
351 375
351 376
351 377
351 378
351 379
351 383
352 361
352 370
352 372
352 373
352 377
352 380
352 383
353 356
353 368
353 370
353 375
353 378
353 381
353 382
354 357
354 359
354 363
354 371
354 373
354 376
354 377
354 378
354 380
354 383
355 356
355 359
355 361
355 363
355 370
355 374
355 375
355 380
355 381
355 382
356 357
356 358
356 362
356 365
356 366
356 369
356 372
356 375
356 376
356 377
356 379
356 485
357 371
357 372
357 410
358 360
358 365
358 367
358 369
358 375
358 381
359 361
359 372
359 376
359 378
359 380
359 382
360 364
360 366
360 367
360 369
360 372
360 377
360 378
360 379
360 455
361 363
361 366
361 369
361 370
361 371
361 372
361 375
361 448
362 366
362 370
362 372
362 373
362 374
362 380
362 427
363 370
363 371
363 374
363 376
364 365
364 373
364 376
364 378
364 381
365 371
365 376
365 381
366 370
366 373
366 375
366 379
366 382
366 491
367 369
367 373
367 380
368 376
368 378
368 383
368 435
369 371
369 373
369 375
369 376
369 377
369 378
369 379
369 381
369 383
369 428
370 373
370 374
370 378
370 379
370 409
371 377
371 380
372 373
373 375
373 378
373 380
373 381
373 383
374 377
374 379
374 413
374 496
375 376
375 378
375 381
377 380
378 381
378 404
379 430
379 451
380 382
381 383
381 499
400 402
400 407
400 408
400 409
400 420
400 432
400 434
400 435
400 436
400 438
400 439
400 440
400 441
400 442
400 446
400 449
401 402
401 410
401 413
401 414
401 420
401 421
401 424
401 426
401 429
401 432
401 433
401 436
401 438
401 441
401 442
401 444
401 448
401 449
402 404
402 408
402 410
402 412
402 416
402 420
402 424
402 425
402 432
402 434
402 435
402 438
402 440
402 442
402 443
402 446
402 447
402 449
403 404
403 406
403 412
403 415
403 422
403 425
403 436
403 439
403 441
403 445
403 447
404 405
404 407
404 409
404 417
404 421
404 422
404 425
404 428
404 429
404 430
404 438
404 440
404 444
404 446
405 410
405 415
405 416
405 418
405 420
405 426
405 431
405 432
405 434
405 435
405 442
406 407
406 408
406 412
406 417
406 420
406 423
406 426
406 430
406 433
406 434
406 435
406 438
406 439
406 444
407 408
407 412
407 414
407 423
407 426
407 433
407 434
407 438
407 440
407 443
408 409
408 410
408 417
408 420
408 424
408 427
408 437
408 438
408 443
408 446
408 449
409 410
409 412
409 415
409 417
409 418
409 419
409 420
409 423
409 425
409 428
409 438
409 440
409 442
409 443
409 447
409 485
410 411
410 416
410 419
410 432
410 434
410 436
410 438
410 443
410 444
410 445
411 412
411 417
411 427
411 432
411 433
411 435
411 439
411 441
411 442
411 449
412 413
412 416
412 422
412 423
412 425
412 430
412 431
412 433
412 439
413 420
413 423
413 428
413 432
413 439
413 444
413 446
413 447
414 424
414 426
414 435
414 440
414 442
414 444
414 445
415 420
415 426
415 427
415 432
415 433
415 435
415 436
415 437
415 440
415 444
415 445
415 447
415 448
416 418
416 420
416 437
416 446
417 423
417 424
417 425
417 428
417 431
417 434
417 437
417 438
417 439
417 440
417 442
417 444
417 445
417 449
418 421
418 424
418 426
418 432
418 434
418 441
418 442
418 444
418 447
419 421
419 426
419 433
419 435
419 439
419 442
419 444
419 446
420 431
420 433
420 437
420 439
420 440
420 443
421 426
421 427
421 428
421 433
421 434
421 435
421 436
421 438
421 439
421 441
421 443
421 444
421 446
421 447
421 448
421 471
422 423
422 425
422 426
422 428
422 430
422 436
422 438
422 439
422 441
422 445
422 448
422 449
423 428
423 429
423 432
423 434
423 435
423 439
424 427
424 428
424 432
424 437
424 440
424 441
424 447
425 427
425 431
425 432
425 438
425 440
425 441
425 443
425 444
425 446
425 447
425 448
425 449
426 429
426 436
426 439
426 440
426 441
426 445
426 447
427 429
427 431
427 433
427 436
427 443
428 429
428 430
428 435
428 437
428 439
428 441
428 455
428 482
429 435
429 438
429 441
429 445
429 446
429 448
430 435
430 443
430 449
430 480
431 433
431 434
431 441
431 442
431 445
431 447
431 449
432 434
432 435
432 438
432 446
432 447
433 436
433 437
433 439
433 440
433 443
433 444
434 437
434 442
434 443
434 445
435 438
435 439
435 441
435 446
435 448
435 451
436 437
436 444
436 449
437 440
437 444
437 449
438 440
439 440
439 444
439 448
440 441
440 444
440 445
440 446
440 449
441 444
441 446
441 449
442 447
443 449
444 445
444 446
444 448
444 449
445 447
446 461
446 485
448 449
450 454
450 461
450 462
450 463
450 464
450 465
450 466
450 470
450 471
450 473
450 476
450 477
450 482
450 485
450 486
450 489
450 490
450 495
450 497
450 498
451 452
451 460
451 465
451 470
451 472
451 473
451 474
451 476
451 478
451 484
451 485
451 487
451 488
451 489
452 454
452 455
452 457
452 459
452 469
452 473
452 476
452 481
452 482
452 484
452 486
452 489
452 493
452 494
452 499
453 458
453 461
453 462
453 463
453 465
453 467
453 469
453 470
453 471
453 472
453 473
453 476
453 477
453 478
453 481
453 487
453 489
453 495
454 457
454 459
454 460
454 461
454 464
454 468
454 471
454 474
454 475
454 476
454 477
454 487
454 488
454 490
454 494
455 467
455 474
455 476
455 477
455 479
455 482
455 484
455 485
455 495
455 496
455 498
455 499
456 460
456 462
456 466
456 467
456 469
456 475
456 483
456 485
456 486
456 487
456 493
456 496
457 459
457 466
457 472
457 473
457 474
457 478
457 484
457 488
457 489
457 490
457 493
457 497
457 498
458 459
458 460
458 465
458 466
458 470
458 472
458 473
458 474
458 475
458 476
458 481
458 482
458 483
458 486
458 491
458 493
458 498
459 462
459 466
459 467
459 472
459 473
459 474
459 475
459 479
459 480
459 481
459 484
459 485
459 489
459 491
459 494
459 498
460 473
460 476
460 478
460 479
460 481
460 482
460 483
460 489
460 492
460 493
461 470
461 473
461 475
461 480
461 489
461 493
461 494
461 496
462 464
462 465
462 473
462 474
462 478
462 482
462 485
462 488
462 489
462 493
462 494
462 496
463 471
463 479
463 483
464 470
464 472
464 477
464 478
464 485
464 491
464 493
464 494
464 496
465 469
465 471
465 479
465 481
465 491
465 493
465 494
465 496
465 498
466 467
466 469
466 470
466 476
466 481
466 483
466 485
466 486
466 491
466 492
466 494
466 495
466 497
467 470
467 472
467 476
467 478
467 479
467 484
467 486
467 487
467 490
467 494
467 495
467 498
467 499
468 476
468 478
468 490
468 492
468 495
468 498
469 470
469 471
469 476
469 484
469 486
469 491
469 494
469 495
469 499
470 471
470 481
470 487
470 492
470 497
471 473
471 484
471 485
471 492
471 493
471 494
471 495
471 498
472 482
472 487
472 491
472 494
472 495
472 496
472 498
473 474
473 479
473 482
473 484
473 486
473 487
473 488
473 491
473 492
473 493
473 499
474 475
474 477
474 479
474 482
474 483
474 485
474 489
474 490
474 491
474 493
474 494
474 498
474 499
475 478
475 480
475 482
475 494
475 496
475 498
476 477
476 483
476 489
476 492
476 495
476 496
476 497
476 498
476 499
477 483
477 485
477 488
477 489
477 490
477 497
478 480
478 482
478 485
479 481
479 482
479 484
479 490
479 491
479 492
479 496
479 499
480 481
480 482
480 483
480 485
480 487
480 490
480 491
480 494
480 495
480 497
481 483
481 485
481 486
481 497
481 498
481 499
482 484
482 485
482 486
482 497
482 498
483 486
483 488
483 489
483 496
483 498
483 499
484 487
484 489
484 491
484 494
484 495
485 491
485 497
485 499
486 493
486 494
487 489
487 492
487 497
487 499
488 489
488 490
488 491
489 497
489 498
490 494
491 497
492 493
492 494
493 495
494 496
494 498
495 496
495 497
496 497
496 499
497 499
