0 1
0 2
0 5
0 16
0 22
0 24
0 33
0 35
0 36
0 37
0 39
0 41
0 43
0 44
1 3
1 7
1 10
1 15
1 16
1 19
1 20
1 24
1 26
1 29
1 33
1 35
1 40
1 43
2 3
2 6
2 7
2 10
2 11
2 15
2 16
2 17
2 18
2 25
2 26
2 31
2 37
2 39
3 16
3 20
3 28
3 31
3 34
3 37
3 40
3 41
3 42
3 44
3 45
3 46
4 16
4 17
4 21
4 28
4 34
4 37
4 40
4 43
4 45
4 46
4 47
4 49
5 7
5 12
5 16
5 18
5 20
5 24
5 25
5 28
5 30
5 31
5 33
5 39
5 47
5 226
6 13
6 14
6 16
6 18
6 20
6 23
6 25
6 26
6 31
6 32
6 34
6 38
6 41
7 8
7 12
7 13
7 15
7 20
7 23
7 26
7 27
7 37
7 41
7 49
7 408
8 9
8 10
8 13
8 17
8 24
8 26
8 27
8 29
8 32
8 39
8 42
8 46
8 48
9 14
9 18
9 20
9 24
9 27
9 32
9 33
9 36
9 37
9 40
9 41
10 12
10 14
10 15
10 19
10 23
10 25
10 27
10 28
10 29
10 33
10 37
10 38
10 41
10 45
11 14
11 16
11 20
11 23
11 25
11 27
11 30
11 32
11 34
11 36
11 38
11 42
12 14
12 17
12 18
12 20
12 22
12 24
12 25
12 26
12 30
12 32
12 37
12 45
12 47
12 49
13 14
13 20
13 27
13 30
13 33
13 37
13 40
13 44
13 367
14 19
14 26
14 28
14 29
14 31
14 42
14 48
14 49
14 101
15 20
15 21
15 23
15 27
15 30
15 33
15 37
15 39
15 41
15 45
16 24
16 25
16 26
16 32
16 37
16 39
16 49
17 22
17 25
17 26
17 34
17 38
17 41
17 44
17 45
17 48
18 19
18 22
18 25
18 26
18 28
18 30
18 32
18 35
18 40
18 47
18 49
18 197
19 24
19 25
19 27
19 30
19 37
19 44
19 47
19 48
19 98
20 21
20 24
20 29
20 31
20 37
20 39
20 41
21 26
21 32
21 33
21 36
21 37
21 41
21 43
21 46
21 47
22 25
22 27
22 28
22 30
22 31
22 33
22 35
22 38
22 40
22 42
22 45
22 49
22 240
23 26
23 31
23 33
23 39
23 43
23 44
23 46
23 49
24 30
24 34
24 37
24 42
24 43
24 44
24 45
24 46
25 28
25 29
25 33
25 36
25 40
25 42
25 47
26 46
26 246
26 318
26 333
27 32
27 33
27 35
27 40
27 41
27 234
28 36
28 37
28 38
28 40
28 42
28 43
28 46
28 47
29 35
29 38
29 39
29 40
29 44
29 46
29 48
30 31
30 34
30 35
30 37
30 40
30 41
31 35
31 36
31 37
31 38
31 42
31 43
31 45
31 46
31 49
31 213
32 33
32 35
32 36
32 37
32 40
32 41
32 46
32 49
32 105
33 34
33 36
33 45
33 59
34 38
34 44
34 45
35 37
35 38
35 39
35 41
35 43
35 44
35 45
35 46
35 316
35 399
36 37
36 40
36 45
36 46
37 38
37 41
37 43
37 333
38 45
38 48
39 40
39 41
39 47
40 42
40 43
40 45
40 49
40 248
41 44
41 47
41 49
42 43
43 45
43 48
44 45
44 47
44 284
45 48
46 47
47 48
50 53
50 55
50 58
50 59
50 60
50 62
50 67
50 78
50 82
50 89
50 92
50 93
50 94
50 97
50 98
51 54
51 57
51 59
51 60
51 63
51 67
51 70
51 72
51 79
51 80
51 85
51 86
51 87
51 89
51 91
51 208
52 54
52 55
52 56
52 58
52 59
52 61
52 62
52 66
52 68
52 73
52 74
52 75
52 77
52 80
52 82
52 86
52 90
52 93
52 96
52 98
52 273
53 54
53 61
53 62
53 66
53 67
53 70
53 71
53 75
53 79
53 83
53 84
53 86
53 91
53 92
53 93
53 97
54 57
54 65
54 67
54 70
54 71
54 78
54 80
54 82
54 90
54 92
55 56
55 58
55 60
55 65
55 72
55 73
55 74
55 76
55 80
55 81
55 83
55 85
55 93
55 94
55 97
55 99
56 63
56 67
56 69
56 73
56 77
56 85
56 87
56 91
56 92
56 93
56 96
57 58
57 60
57 68
57 71
57 73
57 75
57 78
57 80
57 83
57 90
57 99
58 60
58 66
58 70
58 72
58 73
58 75
58 77
58 80
58 85
58 87
58 88
58 90
58 92
58 98
59 64
59 66
59 69
59 70
59 80
59 83
59 88
59 97
60 63
60 69
60 71
60 82
60 83
60 86
60 92
60 97
60 194
60 199
60 200
61 62
61 65
61 71
61 73
61 80
61 85
61 87
61 88
61 89
61 90
61 94
61 95
62 76
62 80
62 81
62 82
62 95
62 323
63 64
63 68
63 70
63 73
63 74
63 77
63 80
63 81
63 82
63 85
63 87
63 90
63 91
63 94
63 96
63 97
64 68
64 71
64 77
64 86
64 87
64 93
64 95
64 96
64 99
65 69
65 72
65 74
65 77
65 79
65 80
65 83
65 86
65 90
65 93
65 94
65 96
65 97
66 70
66 75
66 76
66 80
66 81
66 83
66 86
66 91
66 92
66 93
66 94
66 99
67 68
67 70
67 71
67 72
67 74
67 84
67 97
67 98
68 69
68 73
68 77
68 78
68 79
68 80
68 81
68 87
68 88
68 89
68 90
68 91
68 93
69 71
69 72
69 76
69 80
69 83
69 94
69 96
69 97
69 264
69 369
70 74
70 77
70 78
70 80
70 81
70 83
70 85
70 88
70 91
70 92
70 99
71 73
71 74
71 78
71 79
71 80
71 81
71 83
71 94
71 98
71 417
72 73
72 76
72 83
72 84
72 86
72 89
72 95
72 97
72 99
73 74
73 75
73 76
73 79
73 96
73 97
74 81
74 83
74 86
74 87
74 88
74 89
74 91
74 93
74 94
75 77
75 78
75 79
75 83
75 91
75 94
75 97
75 117
76 77
76 79
76 85
76 88
76 90
76 93
76 94
76 95
76 99
77 83
77 84
77 87
77 91
77 92
77 93
77 95
78 81
78 82
78 83
78 86
78 88
78 89
78 94
78 97
79 80
79 83
79 84
79 85
79 86
79 91
79 96
80 83
80 84
80 88
80 89
80 90
80 95
81 82
81 84
81 92
81 93
81 96
81 492
82 88
82 92
82 94
82 96
82 98
82 137
82 416
83 116
84 86
84 90
84 91
84 93
84 94
84 96
84 98
84 99
84 374
85 87
85 88
85 92
86 87
86 90
86 96
87 89
87 92
88 89
88 90
88 96
88 97
88 98
89 90
89 92
89 94
89 95
89 97
89 292
90 93
90 95
90 96
90 97
90 99
90 191
90 437
92 93
92 98
92 470
93 95
93 98
94 95
94 97
94 98
96 98
97 99
99 471
128 140
128 142
128 149
128 101
128 103
128 105
128 108
128 110
128 111
128 119
128 122
128 126
128 127
128 329
129 133
129 138
129 139
129 140
129 148
129 103
129 109
129 110
129 116
129 124
130 138
130 139
130 141
130 142
130 146
130 147
130 148
130 149
130 102
130 103
130 104
130 107
130 112
130 113
130 116
130 123
130 126
131 132
131 133
131 145
131 147
131 100
131 101
131 109
131 112
131 113
131 114
131 117
131 123
132 137
132 138
132 101
132 103
132 108
132 111
132 114
132 117
132 118
132 119
132 120
132 122
133 134
133 135
133 138
133 105
133 107
133 108
133 110
133 113
133 115
133 119
133 122
133 124
133 405
134 138
134 140
134 143
134 100
134 102
134 104
134 105
134 106
134 111
134 112
134 113
134 119
134 121
134 122
134 127
135 137
135 141
135 101
135 102
135 104
135 105
135 112
135 114
135 115
135 120
135 122
135 123
135 126
136 139
136 144
136 146
136 148
136 100
136 102
136 104
136 109
136 110
136 111
136 119
136 121
136 123
136 124
137 142
137 143
137 144
137 147
137 105
137 110
137 112
137 118
137 119
137 121
137 126
137 267
137 374
138 140
138 141
138 143
138 144
138 146
138 148
138 149
138 105
138 106
138 107
138 109
138 112
138 114
138 115
138 116
138 117
138 118
138 122
138 125
139 140
139 141
139 146
139 105
139 107
139 108
139 112
139 113
139 115
139 117
139 125
139 126
140 142
140 143
140 146
140 149
140 100
140 101
140 105
140 109
140 117
140 118
140 119
140 120
140 122
141 142
141 147
141 148
141 149
141 100
141 110
141 116
141 118
141 120
141 123
141 126
142 143
142 103
142 107
142 109
142 121
142 124
142 125
142 126
143 148
143 101
143 104
143 106
143 108
143 110
143 114
143 119
143 122
144 101
144 102
144 103
144 105
144 107
144 112
144 115
144 118
144 121
144 125
144 299
145 148
145 100
145 103
145 105
145 108
145 109
145 111
145 113
145 116
145 120
145 127
145 226
146 148
146 149
146 100
146 101
146 109
146 112
146 113
146 115
146 118
146 119
146 125
146 126
147 101
147 103
147 108
147 117
147 125
147 334
148 149
148 100
148 102
148 103
148 104
148 105
148 109
148 112
148 118
148 121
149 102
149 108
149 110
149 111
149 114
149 117
149 118
149 119
149 121
149 124
149 125
149 186
100 101
100 110
100 111
100 114
100 115
100 121
100 124
101 107
101 108
101 109
101 113
101 115
101 122
101 123
101 127
102 105
102 108
102 109
102 111
102 112
102 114
102 118
102 119
102 121
102 126
103 104
103 105
103 107
103 112
103 116
103 119
103 120
103 126
104 110
104 112
104 114
104 115
104 119
104 120
105 108
105 109
105 112
105 113
105 114
105 117
105 120
105 122
105 123
106 110
106 115
106 117
106 118
106 119
106 123
106 124
106 126
106 229
107 108
107 112
107 113
107 122
107 124
107 126
108 110
108 113
108 115
108 117
108 120
108 121
108 127
108 466
109 111
109 115
109 122
109 124
109 125
109 416
110 111
110 112
110 114
110 117
110 118
110 119
110 122
111 116
111 121
111 124
111 126
112 117
112 118
112 119
112 122
112 125
112 126
113 122
113 123
113 124
114 120
114 123
114 125
115 117
115 118
115 119
115 120
115 121
115 125
116 127
117 121
117 123
117 127
118 120
118 124
118 126
119 121
119 123
119 124
119 126
119 417
120 125
121 122
121 124
121 126
121 127
122 125
122 126
122 127
123 125
124 210
126 127
150 151
150 158
150 163
150 167
150 168
150 172
150 176
150 180
150 182
150 185
150 186
150 189
150 190
150 320
151 153
151 156
151 160
151 162
151 163
151 164
151 172
151 174
151 178
151 187
151 189
151 199
152 155
152 157
152 158
152 159
152 164
152 165
152 174
152 181
152 182
152 184
152 188
152 192
152 193
152 199
152 248
152 307
153 158
153 159
153 161
153 164
153 166
153 169
153 170
153 175
153 177
153 179
153 183
153 184
153 185
153 188
153 190
153 191
153 192
153 193
153 195
153 197
154 155
154 158
154 159
154 160
154 162
154 170
154 173
154 174
154 179
154 182
155 157
155 159
155 184
155 186
155 189
155 191
155 196
156 158
156 160
156 165
156 169
156 177
156 178
156 179
156 181
156 184
156 188
156 189
156 190
156 192
156 195
157 158
157 162
157 165
157 172
157 175
157 178
157 179
157 180
157 181
157 182
157 183
157 184
157 185
157 186
157 188
157 189
157 197
157 198
157 199
158 163
158 166
158 169
158 170
158 173
158 176
158 179
158 180
158 184
158 194
158 197
158 198
158 388
159 163
159 169
159 178
159 186
159 192
159 194
159 195
159 199
160 161
160 163
160 165
160 167
160 168
160 170
160 175
160 178
160 196
160 197
160 198
161 166
161 167
161 173
161 174
161 176
161 178
161 186
161 188
161 191
161 192
161 193
162 164
162 171
162 172
162 173
162 179
162 182
162 185
162 193
162 198
163 164
163 165
163 169
163 172
163 180
163 182
163 192
164 167
164 168
164 172
164 174
164 177
164 188
164 189
164 191
164 195
164 198
164 199
165 167
165 171
165 179
165 185
165 188
165 196
165 197
165 199
166 183
166 195
166 196
166 199
167 174
167 175
167 177
167 181
167 192
168 172
168 178
168 180
168 186
168 188
168 190
168 192
168 193
168 194
168 196
169 170
169 177
169 178
169 183
169 186
169 195
169 199
170 174
170 179
170 181
170 186
170 189
170 191
170 195
170 427
171 178
171 181
171 182
171 183
171 187
172 175
172 178
172 179
172 180
172 181
172 182
172 189
172 191
172 193
172 456
173 177
173 184
173 186
173 194
173 195
173 196
174 176
174 181
174 183
174 189
174 194
174 197
175 184
175 188
175 191
175 196
175 197
176 179
176 183
176 187
176 188
176 463
177 183
177 184
177 187
177 188
177 189
177 190
177 193
177 194
178 184
178 186
178 189
178 197
178 198
178 199
178 200
178 419
179 183
179 193
179 197
180 183
180 184
180 186
180 189
180 191
180 192
180 195
180 196
181 189
181 196
181 198
181 199
182 184
182 190
182 191
182 192
182 199
182 472
183 186
183 190
183 191
183 193
183 194
183 196
183 197
183 199
184 185
184 193
184 195
184 196
184 199
185 188
185 193
185 194
185 195
185 199
186 190
186 197
186 199
187 188
187 192
187 194
187 196
187 199
188 189
188 192
188 194
188 196
188 256
188 337
189 190
189 196
189 198
189 199
189 239
190 194
190 199
191 193
191 194
191 199
192 194
192 195
192 199
192 264
193 197
194 195
194 198
195 196
196 197
196 199
197 261
197 372
200 202
200 205
200 212
200 215
200 216
200 220
200 221
200 223
200 225
200 226
200 227
200 230
200 231
200 236
200 246
201 202
201 204
201 205
201 206
201 211
201 215
201 221
201 238
201 246
201 248
201 471
202 203
202 207
202 211
202 215
202 216
202 221
202 232
202 238
202 240
202 242
202 243
202 246
202 249
202 255
203 205
203 206
203 208
203 209
203 214
203 218
203 220
203 222
203 223
203 224
203 235
203 236
203 239
203 240
203 243
203 248
203 249
204 207
204 208
204 211
204 215
204 216
204 218
204 227
204 232
204 233
204 234
204 235
204 244
205 206
205 213
205 216
205 217
205 219
205 221
205 223
205 227
205 231
205 232
205 234
205 236
205 237
205 240
205 243
205 245
205 462
206 210
206 212
206 214
206 215
206 222
206 224
206 225
206 226
206 227
206 231
206 233
206 237
206 247
207 210
207 211
207 212
207 217
207 219
207 220
207 224
207 228
207 229
207 230
207 232
207 236
207 244
207 247
207 248
208 212
208 213
208 214
208 216
208 218
208 220
208 221
208 223
208 224
208 225
208 228
208 233
208 237
208 238
208 239
208 242
208 249
209 213
209 216
209 217
209 220
209 222
209 225
209 227
209 228
209 229
209 230
209 247
209 249
210 211
210 214
210 215
210 221
210 224
210 225
210 226
210 230
210 239
210 248
210 249
211 213
211 216
211 222
211 224
211 227
211 232
211 234
211 237
211 238
211 243
212 215
212 217
212 225
212 237
212 245
213 214
213 219
213 223
213 225
213 229
213 230
213 231
213 234
213 242
213 245
213 247
213 347
214 218
214 222
214 226
214 228
214 229
214 244
214 248
214 249
215 223
215 225
215 226
215 229
215 236
215 242
215 246
215 247
215 248
216 217
216 218
216 221
216 224
216 225
216 228
216 232
216 236
216 237
216 239
216 243
216 244
216 266
217 219
217 220
217 221
217 223
217 225
217 227
217 228
217 229
217 230
217 231
217 234
217 238
217 239
217 241
217 242
217 246
217 247
218 219
218 228
218 232
218 237
218 243
218 246
219 220
219 225
219 227
219 228
219 235
219 238
219 239
219 240
219 244
219 245
220 226
220 227
220 229
220 230
220 231
220 232
220 233
220 235
220 237
220 238
220 249
221 224
221 226
221 229
221 230
221 236
221 241
221 244
221 246
221 247
221 248
221 249
221 254
222 230
222 233
222 242
222 249
223 238
224 230
224 231
224 235
224 238
224 244
224 245
224 246
224 247
225 228
225 230
225 231
225 232
225 233
225 234
225 237
225 239
225 240
225 245
225 258
226 236
226 237
226 239
226 240
226 248
227 231
227 232
227 234
227 245
227 246
227 248
227 401
228 232
228 234
228 238
228 242
228 246
229 230
229 233
229 234
229 242
229 248
230 232
230 234
230 236
230 242
230 243
231 233
231 235
231 239
231 241
231 242
231 243
231 244
231 246
232 234
232 235
232 244
233 235
233 239
233 243
233 246
233 247
234 236
234 241
234 248
234 249
235 238
235 241
235 245
235 246
236 237
236 238
236 246
236 248
237 240
237 241
237 242
237 243
237 247
238 243
238 249
239 241
239 246
239 247
239 248
240 244
240 246
240 248
240 249
241 242
241 243
241 247
241 248
242 243
243 245
244 246
244 247
245 248
245 434
246 247
246 249
247 248
247 290
256 264
256 265
256 267
256 268
256 269
256 273
256 278
256 279
256 283
256 290
256 297
256 298
256 250
256 253
257 261
257 266
257 267
257 268
257 269
257 271
257 274
257 275
257 277
257 278
257 286
257 288
257 291
257 294
257 295
257 297
257 250
257 340
258 259
258 260
258 263
258 266
258 275
258 276
258 277
258 279
258 282
258 283
258 284
258 290
258 292
258 293
258 298
258 251
258 252
258 253
259 260
259 263
259 266
259 268
259 271
259 277
259 280
259 282
259 284
259 289
259 290
259 293
259 295
259 297
259 298
259 252
259 255
259 363
260 266
260 273
260 278
260 279
260 280
260 282
260 287
260 288
260 293
260 295
260 299
260 253
260 254
260 255
261 263
261 268
261 274
261 276
261 278
261 279
261 280
261 284
261 293
261 295
261 298
261 253
261 254
262 266
262 268
262 269
262 270
262 272
262 281
262 285
262 292
262 293
262 297
262 251
262 253
263 266
263 267
263 271
263 274
263 281
263 284
263 286
263 290
263 291
263 294
263 297
263 254
264 265
264 269
264 272
264 274
264 275
264 278
264 279
264 285
264 286
264 291
264 293
264 296
264 297
264 329
265 266
265 269
265 271
265 278
265 279
265 282
265 295
265 296
265 297
265 252
265 254
265 255
266 268
266 269
266 271
266 272
266 275
266 276
266 279
266 280
266 285
266 288
266 293
266 295
266 296
266 297
266 250
267 269
267 270
267 274
267 280
267 250
267 316
268 271
268 281
268 282
268 290
268 291
268 292
268 297
268 250
268 251
268 252
268 253
269 270
269 273
269 277
269 286
269 289
269 290
269 291
269 294
269 295
269 296
269 252
270 275
270 277
270 280
270 284
270 285
270 287
270 293
270 299
270 254
271 272
271 273
271 274
271 278
271 281
271 283
271 287
271 291
271 296
271 297
271 251
271 254
271 255
272 275
272 277
272 279
272 280
272 281
272 285
272 289
272 295
272 253
272 254
272 255
273 275
273 276
273 298
273 253
273 255
274 276
274 279
274 283
274 286
274 290
274 291
274 292
274 293
274 296
274 251
274 254
275 278
275 293
275 295
275 298
275 299
275 250
276 279
276 285
276 287
276 296
276 250
276 251
276 255
276 328
277 278
277 281
277 287
277 289
277 291
277 292
277 295
277 253
278 280
278 283
278 285
278 289
278 292
278 254
278 255
278 477
279 280
279 284
279 293
279 295
279 298
279 299
279 255
280 283
280 284
280 287
280 253
280 255
281 287
281 288
281 293
281 294
281 253
281 254
281 255
281 383
282 284
282 291
282 295
282 298
282 299
282 250
282 254
283 284
283 287
283 294
283 296
283 297
283 298
283 252
283 253
283 254
283 409
284 290
284 292
284 298
284 252
284 255
285 295
286 287
286 290
286 292
286 294
286 297
286 253
286 255
287 289
287 290
287 291
287 253
288 290
288 293
288 299
289 290
289 294
289 297
289 250
289 251
290 299
290 250
290 253
290 255
291 293
291 297
291 299
291 253
291 254
291 483
292 293
292 295
292 298
293 297
293 251
293 253
293 254
294 295
294 298
294 253
295 298
295 250
296 252
297 250
298 252
298 255
299 250
299 252
250 254
250 405
251 353
252 253
253 254
254 255
255 313
255 480
300 302
300 303
300 310
300 311
300 312
300 318
300 321
300 322
300 326
300 328
300 329
300 330
300 333
300 335
300 341
300 343
300 345
300 346
301 304
301 308
301 313
301 314
301 316
301 317
301 323
301 326
301 327
301 333
301 336
301 340
301 344
301 346
301 347
301 348
301 349
302 310
302 311
302 312
302 316
302 322
302 323
302 328
302 332
302 336
302 341
302 344
302 349
303 308
303 314
303 315
303 316
303 317
303 319
303 323
303 325
303 327
303 332
303 336
303 343
303 344
303 346
303 347
303 453
304 309
304 313
304 318
304 319
304 322
304 327
304 331
304 332
304 336
304 338
304 339
305 307
305 310
305 313
305 325
305 329
305 331
305 333
305 340
305 342
305 345
305 346
305 348
305 496
306 310
306 311
306 312
306 313
306 314
306 320
306 323
306 332
306 336
306 339
306 340
306 341
306 349
307 312
307 313
307 325
307 330
307 331
307 334
307 335
307 337
307 338
307 339
307 341
308 315
308 317
308 318
308 321
308 322
308 329
308 330
308 331
308 332
308 336
308 340
308 344
309 311
309 312
309 316
309 317
309 318
309 320
309 325
309 330
309 331
309 332
309 337
309 340
309 341
309 342
309 343
309 346
309 348
310 313
310 315
310 317
310 318
310 319
310 325
310 333
310 338
310 339
310 340
310 341
310 342
310 349
311 316
311 319
311 326
311 327
311 331
311 332
311 334
311 341
311 349
312 313
312 318
312 319
312 323
312 329
312 331
312 336
312 337
312 341
312 342
313 317
313 319
313 324
313 326
313 327
313 329
313 330
313 342
313 343
313 344
313 345
313 347
314 324
314 325
314 336
314 338
314 340
314 341
314 344
314 345
314 349
315 317
315 324
315 335
315 337
315 339
315 343
315 345
315 347
315 348
316 320
316 327
316 330
316 333
316 337
316 341
316 344
316 347
317 321
317 326
317 327
317 328
317 331
317 335
317 336
317 338
317 340
317 343
317 345
318 319
318 320
318 324
318 325
318 329
318 331
318 333
318 334
318 335
318 339
318 343
319 322
319 327
319 329
319 330
319 331
319 332
319 339
319 340
319 341
319 347
319 348
320 323
320 327
320 330
320 331
320 332
320 333
320 338
320 340
320 342
320 343
320 348
320 349
321 322
321 323
321 324
321 328
321 330
321 332
321 334
321 338
321 345
321 347
321 349
321 379
322 327
322 335
322 337
322 343
322 344
322 347
323 325
323 326
323 330
323 340
323 342
323 344
323 349
324 326
324 327
324 328
324 337
324 339
324 345
324 347
324 348
324 349
325 333
325 336
325 341
325 342
325 345
325 346
326 327
326 331
326 338
326 339
326 342
326 343
326 344
326 345
326 347
327 334
327 335
327 337
327 341
327 343
327 346
327 347
328 335
328 337
328 338
328 339
328 340
328 341
328 345
328 347
329 335
329 336
329 343
329 344
329 345
329 347
329 349
330 335
330 340
330 345
330 347
331 332
331 338
331 339
331 347
332 333
332 335
332 337
332 338
332 339
332 343
332 345
332 348
333 338
333 344
333 345
334 335
334 336
334 340
334 345
334 346
334 347
334 348
335 339
335 343
335 344
335 349
336 340
336 341
336 342
336 345
336 348
336 349
336 465
337 340
337 342
337 343
337 347
337 348
338 345
338 347
340 343
340 345
340 347
341 345
341 380
342 344
342 346
342 347
343 344
343 346
344 346
345 347
345 348
347 348
384 387
384 392
384 397
384 351
384 353
384 355
384 360
384 367
384 373
384 377
384 382
385 387
385 394
385 395
385 399
385 350
385 352
385 356
385 357
385 358
385 361
385 364
385 366
385 371
385 372
385 374
385 379
385 381
386 388
386 392
386 399
386 358
386 359
386 362
386 375
386 377
386 379
387 389
387 396
387 397
387 352
387 354
387 357
387 361
387 364
387 365
387 371
387 374
387 376
388 390
388 395
388 350
388 353
388 363
388 368
388 370
388 371
388 378
388 382
389 390
389 392
389 397
389 398
389 350
389 351
389 353
389 355
389 357
389 359
389 360
389 366
389 367
389 369
389 382
390 396
390 397
390 350
390 354
390 355
390 356
390 357
390 372
390 379
390 380
390 381
391 392
391 393
391 352
391 357
391 365
391 370
391 371
391 373
391 374
391 376
391 380
392 396
392 352
392 353
392 356
392 357
392 358
392 360
392 364
392 372
392 373
392 382
393 395
393 396
393 398
393 399
393 351
393 352
393 353
393 361
393 364
393 367
393 375
393 378
393 379
393 382
394 395
394 350
394 352
394 355
394 360
394 361
394 367
394 368
394 369
394 370
394 379
394 380
394 381
395 397
395 399
395 351
395 352
395 359
395 360
395 361
395 363
395 364
395 366
395 377
395 378
395 379
395 380
395 381
395 382
396 397
396 398
396 351
396 352
396 360
396 366
396 368
396 369
396 377
396 378
397 399
397 350
397 352
397 353
397 356
397 360
397 363
397 367
397 371
397 375
398 399
398 352
398 357
398 361
398 363
398 365
398 366
398 367
398 372
399 353
399 364
399 368
399 372
399 377
350 359
350 360
350 362
350 363
350 367
350 368
350 373
350 375
350 376
351 354
351 357
351 360
351 365
351 366
351 367
351 371
351 375
351 383
352 357
352 358
352 361
352 362
352 363
352 367
352 370
352 372
352 374
352 376
352 377
352 383
353 355
353 358
353 361
353 364
353 366
353 369
353 370
353 375
353 381
353 383
354 357
354 362
354 373
354 374
354 380
354 381
355 358
355 359
355 361
355 363
355 366
355 367
355 373
355 374
355 380
356 364
356 370
356 372
356 377
357 359
357 366
357 375
357 379
358 363
358 366
358 373
358 376
358 377
358 380
359 361
359 365
359 366
359 372
359 374
359 375
359 378
359 380
360 368
360 369
360 373
360 374
360 375
361 362
361 366
361 376
361 377
361 380
361 382
362 367
362 368
362 373
363 365
363 366
363 367
363 373
363 380
363 381
364 365
364 366
364 376
365 366
365 368
365 371
365 374
365 381
365 382
365 383
366 369
366 375
366 377
366 379
366 383
367 376
367 381
367 382
368 373
368 378
368 383
369 375
369 377
369 378
370 374
370 376
370 377
370 380
370 381
370 382
371 374
371 376
371 380
371 437
372 373
372 374
372 376
372 382
373 375
373 379
374 375
374 377
375 377
375 382
375 383
376 382
377 380
378 379
382 383
400 407
400 410
400 411
400 417
400 419
400 420
400 423
400 424
400 431
400 433
400 435
400 439
400 447
401 405
401 406
401 407
401 416
401 422
401 431
401 437
401 438
401 442
401 444
401 445
401 447
401 448
402 403
402 405
402 406
402 407
402 413
402 414
402 415
402 416
402 419
402 429
402 430
402 432
402 435
402 436
402 439
402 440
402 443
402 447
402 484
403 404
403 412
403 413
403 419
403 420
403 422
403 425
403 427
403 431
403 438
403 441
403 443
404 406
404 409
404 415
404 421
404 424
404 429
404 430
404 435
404 439
404 442
404 444
404 448
404 449
405 410
405 414
405 415
405 417
405 420
405 427
405 428
405 429
405 431
405 435
405 438
405 439
405 448
405 449
406 409
406 418
406 421
406 423
406 424
406 426
406 427
406 430
406 431
406 433
406 436
406 437
406 443
406 445
406 448
407 409
407 411
407 413
407 420
407 423
407 427
407 443
407 446
408 416
408 417
408 418
408 421
408 425
408 428
408 441
408 448
408 449
409 413
409 416
409 417
409 418
409 420
409 425
409 426
409 428
409 433
409 440
409 441
409 442
409 448
410 412
410 416
410 421
410 442
411 414
411 415
411 416
411 419
411 421
411 423
411 432
411 434
411 436
411 465
412 415
412 418
412 420
412 421
412 425
412 433
412 439
412 443
412 444
412 445
412 446
412 448
413 416
413 421
413 430
413 431
413 434
413 435
413 439
413 440
413 444
413 446
413 448
414 415
414 419
414 420
414 423
414 431
414 432
414 435
414 436
414 437
414 438
414 439
414 441
414 443
414 445
414 447
415 425
415 427
415 428
415 429
415 431
415 437
415 442
415 443
415 445
416 426
416 427
416 429
416 430
416 432
416 436
416 437
416 442
416 447
417 418
417 419
417 420
417 424
417 426
417 428
417 430
417 432
417 434
417 438
417 444
417 446
417 449
418 419
418 420
418 424
418 427
418 436
418 438
418 442
418 444
418 448
419 429
419 430
419 432
419 437
419 438
419 440
419 443
419 447
419 449
420 422
420 425
420 429
420 431
420 434
420 438
420 441
420 443
420 448
421 423
421 424
421 428
421 430
421 431
421 432
421 433
421 434
421 436
421 439
421 440
421 442
421 443
421 446
422 429
422 431
422 435
422 438
423 424
423 426
423 430
423 431
423 432
423 443
424 427
424 431
424 432
424 433
424 434
424 440
424 441
424 449
425 426
425 427
425 433
425 438
425 443
425 448
425 449
426 433
426 437
426 446
426 449
427 429
427 432
427 435
427 440
427 445
427 447
427 448
428 429
428 434
428 439
429 430
429 431
429 436
429 437
429 438
429 441
429 443
429 447
429 448
430 433
430 435
430 437
430 440
430 444
431 436
431 437
431 438
431 442
431 446
431 447
432 433
432 448
433 434
433 440
433 443
433 445
433 446
433 449
434 438
434 443
434 447
435 443
435 446
435 448
435 449
436 439
436 441
436 446
437 439
437 443
437 445
437 449
438 439
438 444
438 446
438 447
438 448
439 440
439 448
440 443
440 444
441 442
441 446
441 449
442 444
443 444
443 445
444 449
445 448
446 447
446 448
450 454
450 457
450 463
450 470
450 472
450 473
450 474
450 478
450 479
450 484
450 486
450 487
450 489
450 492
450 493
451 452
451 454
451 456
451 461
451 473
451 481
451 483
451 486
451 488
451 491
451 498
451 499
452 455
452 460
452 465
452 467
452 468
452 473
452 475
452 476
452 477
452 479
452 483
452 488
452 493
452 494
452 497
453 464
453 473
453 481
453 490
453 492
453 493
453 496
453 499
454 457
454 459
454 460
454 462
454 465
454 466
454 467
454 469
454 483
454 485
454 488
454 490
454 491
454 495
454 496
454 499
455 460
455 461
455 462
455 469
455 470
455 471
455 474
455 475
455 479
455 485
455 488
455 491
455 493
455 497
456 457
456 458
456 459
456 464
456 468
456 475
456 477
456 482
456 486
456 488
456 492
456 499
457 461
457 466
457 470
457 473
457 484
457 486
457 488
457 499
458 460
458 461
458 462
458 463
458 464
458 466
458 472
458 475
458 476
458 481
458 482
458 486
458 487
458 489
458 491
458 494
458 496
458 498
459 460
459 465
459 466
459 473
459 478
459 481
459 484
459 489
459 492
459 493
459 495
459 496
459 497
460 463
460 466
460 471
460 477
460 478
460 483
460 489
460 493
460 494
460 496
461 465
461 473
461 475
461 476
461 481
461 482
461 484
461 485
461 491
461 492
461 493
461 494
461 497
462 463
462 464
462 465
462 466
462 467
462 473
462 477
462 480
462 481
462 485
462 488
462 490
462 494
462 495
462 497
463 470
463 474
463 475
463 477
463 479
463 480
463 482
463 484
463 485
463 488
463 492
463 494
464 474
464 475
464 479
464 481
464 483
464 487
464 491
464 492
464 495
465 467
465 468
465 472
465 473
465 475
465 483
465 494
465 499
466 468
466 471
466 472
466 473
466 474
466 478
466 481
466 485
466 486
466 488
466 489
466 493
466 495
466 496
466 499
467 470
467 471
467 477
467 479
467 482
467 491
467 493
468 470
468 472
468 480
468 481
468 488
468 489
468 494
468 499
469 471
469 472
469 479
469 481
469 485
469 490
469 497
470 475
470 477
470 479
470 480
470 481
470 487
470 490
470 493
470 497
470 499
471 480
471 482
471 484
471 488
471 490
471 494
471 495
471 496
472 473
472 474
472 476
472 478
472 482
472 487
472 489
472 490
472 492
472 494
472 495
472 498
472 499
473 485
473 496
474 476
474 479
474 483
474 484
474 486
474 487
474 491
474 492
474 496
475 476
475 481
475 483
475 488
475 489
475 492
475 493
475 494
475 495
475 497
476 477
476 479
476 480
476 487
476 493
476 496
477 480
477 484
477 486
477 487
477 489
477 494
477 496
477 497
477 498
478 480
478 483
478 488
478 496
479 481
479 487
479 489
480 483
480 486
480 488
480 493
481 483
481 486
481 488
481 490
481 493
481 494
481 495
481 496
482 485
482 488
482 494
482 495
482 497
483 484
483 485
483 489
483 493
483 496
483 497
484 487
484 495
484 499
485 492
485 495
485 497
486 489
486 491
486 492
486 494
486 499
487 488
487 489
487 491
487 495
487 497
487 499
488 489
488 497
488 498
489 490
489 493
489 494
489 496
489 497
490 491
490 495
490 496
491 494
491 497
492 497
493 496
493 498
494 495
496 498
497 498
497 499
