0 4
0 6
0 8
0 9
0 13
0 14
0 16
0 17
0 18
0 20
0 21
0 23
0 26
0 28
0 29
0 36
0 38
0 42
0 46
0 47
0 154
0 181
0 237
0 245
0 320
0 390
0 412
0 421
1 4
1 6
1 16
1 18
1 19
1 21
1 22
1 25
1 30
1 32
1 34
1 35
1 43
1 45
1 47
1 143
1 100
1 122
1 428
2 6
2 8
2 9
2 15
2 18
2 19
2 21
2 22
2 23
2 25
2 26
2 29
2 30
2 31
2 34
2 35
2 36
2 37
2 40
2 43
2 44
2 48
2 67
2 74
2 155
3 4
3 15
3 18
3 20
3 24
3 25
3 32
3 36
3 37
3 38
3 41
3 43
3 45
3 46
3 48
3 49
3 70
3 105
3 154
3 281
3 252
3 333
3 379
4 5
4 6
4 8
4 12
4 14
4 15
4 21
4 28
4 30
4 32
4 33
4 34
4 37
4 41
4 42
4 43
4 44
4 45
4 46
4 47
4 105
4 178
4 179
4 319
5 9
5 10
5 14
5 18
5 19
5 23
5 24
5 26
5 29
5 30
5 31
5 34
5 39
5 40
5 41
5 42
5 44
5 45
5 46
5 176
5 217
5 357
5 471
6 18
6 19
6 20
6 22
6 24
6 25
6 29
6 34
6 36
6 38
6 39
6 42
6 44
6 46
6 292
6 352
6 426
6 486
7 10
7 13
7 18
7 20
7 24
7 28
7 31
7 36
7 37
7 38
7 40
7 41
7 42
7 43
7 154
7 225
7 287
7 343
7 349
7 407
8 10
8 12
8 13
8 16
8 17
8 19
8 23
8 28
8 31
8 32
8 33
8 38
8 39
8 46
8 48
8 170
8 245
8 316
8 338
9 10
9 16
9 18
9 22
9 25
9 29
9 30
9 32
9 35
9 36
9 39
9 40
9 42
9 43
9 46
9 249
9 283
9 441
10 12
10 14
10 15
10 16
10 17
10 19
10 20
10 21
10 22
10 29
10 30
10 32
10 34
10 35
10 40
10 45
10 49
10 233
10 382
11 13
11 15
11 17
11 18
11 19
11 22
11 27
11 29
11 30
11 31
11 32
11 35
11 38
11 39
11 40
11 42
11 45
11 47
11 49
12 16
12 19
12 21
12 27
12 32
12 33
12 35
12 40
12 42
12 43
12 79
12 377
13 16
13 17
13 19
13 21
13 25
13 27
13 30
13 31
13 33
13 34
13 40
13 42
13 44
13 228
13 272
13 391
13 449
13 489
14 20
14 21
14 26
14 27
14 31
14 33
14 36
14 43
14 45
14 47
14 257
14 371
14 434
14 459
14 466
14 476
15 16
15 22
15 25
15 30
15 31
15 35
15 36
15 38
15 41
15 42
15 44
15 45
15 48
15 49
15 221
15 299
16 17
16 18
16 19
16 20
16 22
16 25
16 27
16 30
16 31
16 32
16 34
16 39
16 41
16 44
16 45
16 49
16 145
16 162
16 201
16 443
16 479
17 18
17 19
17 20
17 22
17 25
17 29
17 30
17 31
17 32
17 33
17 35
17 44
17 47
17 48
17 49
17 339
18 22
18 33
18 34
18 38
18 43
18 45
18 221
18 363
19 20
19 21
19 22
19 23
19 30
19 32
19 34
19 35
19 36
19 43
19 44
19 46
19 74
19 114
19 165
19 168
19 296
19 252
20 21
20 23
20 24
20 25
20 26
20 28
20 31
20 32
20 33
20 35
20 37
20 39
20 40
20 41
20 42
20 43
20 47
20 48
20 89
20 285
20 335
21 22
21 23
21 24
21 26
21 28
21 37
21 39
21 40
21 41
21 43
21 44
21 46
21 47
21 48
21 58
21 136
21 246
21 377
21 466
22 26
22 27
22 28
22 29
22 30
22 31
22 33
22 36
22 38
22 39
22 40
22 42
22 43
22 44
22 45
22 46
22 67
22 92
22 240
22 267
22 289
22 291
22 254
23 24
23 29
23 30
23 31
23 33
23 35
23 36
23 38
23 40
23 41
23 43
23 44
23 47
23 55
23 108
23 125
23 289
23 294
23 336
23 392
24 27
24 29
24 34
24 40
24 41
24 44
24 47
24 141
24 175
24 226
24 303
24 317
24 336
24 377
24 411
24 481
25 31
25 33
25 41
25 42
25 44
25 46
25 49
25 79
25 118
25 264
25 292
25 298
25 352
25 498
26 27
26 29
26 31
26 32
26 33
26 39
26 42
26 44
26 47
26 49
26 86
26 182
26 195
27 28
27 29
27 30
27 31
27 37
27 41
27 44
27 47
27 136
27 147
27 223
27 233
27 273
28 29
28 30
28 42
28 43
28 46
28 159
28 364
29 30
29 31
29 34
29 37
29 38
29 39
29 46
29 99
29 418
29 425
30 32
30 34
30 37
30 39
30 43
30 106
30 349
31 35
31 37
31 39
31 41
31 42
31 44
31 45
31 46
31 115
31 191
31 313
31 336
31 447
31 448
31 491
32 34
32 36
32 39
32 40
32 41
32 43
32 44
32 45
32 46
32 48
32 497
33 35
33 36
33 41
33 44
33 178
33 190
33 262
33 313
33 489
34 35
34 43
34 48
34 452
35 37
35 44
35 45
35 46
35 47
35 48
35 129
35 127
35 152
35 171
35 268
35 285
35 311
35 402
35 490
36 41
36 43
36 412
37 39
37 40
37 46
37 137
37 188
37 266
37 334
38 39
38 41
38 43
38 47
38 49
38 270
38 450
39 40
39 43
39 44
39 46
39 47
39 147
39 102
39 313
40 41
40 42
40 43
40 175
40 193
40 209
40 397
41 43
41 46
41 48
41 49
41 68
41 246
41 268
41 294
41 429
41 444
41 462
42 44
42 47
42 153
42 281
42 292
42 392
42 395
43 45
43 48
43 49
43 230
43 241
43 397
43 422
44 52
44 118
44 195
44 315
44 440
45 46
45 47
45 102
45 156
45 157
45 390
45 362
45 374
45 420
45 427
45 487
46 47
46 48
46 49
46 127
46 377
46 483
47 73
47 138
47 188
47 287
47 381
47 382
47 423
48 125
48 267
48 334
48 469
49 62
49 63
49 199
49 230
49 263
49 282
49 287
49 384
49 382
50 57
50 58
50 62
50 65
50 69
50 70
50 72
50 73
50 77
50 78
50 79
50 83
50 87
50 90
50 91
50 96
50 129
50 119
50 258
50 392
50 475
51 52
51 54
51 61
51 63
51 75
51 76
51 77
51 79
51 80
51 82
51 84
51 88
51 93
51 96
51 99
51 172
51 264
51 298
51 481
52 58
52 66
52 67
52 72
52 77
52 78
52 79
52 81
52 83
52 85
52 91
52 94
52 96
52 98
52 166
52 174
52 414
52 472
53 58
53 60
53 63
53 65
53 66
53 68
53 73
53 74
53 76
53 79
53 80
53 81
53 82
53 86
53 87
53 92
53 97
53 99
53 188
53 198
53 224
53 250
53 301
54 56
54 57
54 58
54 60
54 69
54 72
54 75
54 80
54 81
54 82
54 83
54 86
54 88
54 89
54 90
54 91
54 92
54 93
54 95
54 222
54 449
54 451
54 475
55 57
55 59
55 62
55 63
55 64
55 65
55 74
55 84
55 86
55 87
55 92
55 94
55 96
55 99
55 276
55 320
55 335
55 376
56 57
56 60
56 62
56 66
56 67
56 69
56 70
56 71
56 72
56 78
56 79
56 80
56 83
56 86
56 87
56 90
56 92
56 95
56 96
56 131
56 342
56 362
57 58
57 60
57 62
57 64
57 65
57 68
57 79
57 80
57 81
57 83
57 85
57 86
57 87
57 90
57 92
57 94
57 95
57 98
57 150
57 261
57 273
57 251
57 398
58 60
58 62
58 63
58 64
58 68
58 69
58 75
58 77
58 78
58 79
58 80
58 82
58 83
58 86
58 89
58 91
58 92
58 93
58 96
58 98
58 107
58 154
58 180
58 326
58 484
59 63
59 64
59 65
59 69
59 70
59 71
59 78
59 79
59 80
59 82
59 83
59 84
59 89
59 90
59 91
59 93
59 94
59 98
59 99
59 258
59 397
59 464
60 61
60 62
60 63
60 64
60 69
60 78
60 81
60 82
60 88
60 92
60 93
60 96
60 98
60 403
60 442
61 63
61 68
61 69
61 72
61 73
61 74
61 75
61 76
61 78
61 79
61 80
61 81
61 82
61 84
61 90
61 92
61 95
61 96
61 126
61 224
61 232
61 286
61 453
61 463
62 63
62 65
62 66
62 70
62 72
62 76
62 77
62 79
62 85
62 88
62 95
62 96
62 97
62 98
62 99
62 180
62 204
62 242
62 286
62 254
62 413
62 448
63 65
63 67
63 68
63 75
63 78
63 80
63 81
63 83
63 86
63 89
63 91
63 95
63 97
63 98
63 117
63 218
63 362
63 425
63 432
64 67
64 68
64 71
64 77
64 78
64 82
64 88
64 89
64 91
64 94
64 95
64 97
64 113
64 256
64 304
64 392
64 370
65 67
65 68
65 77
65 79
65 82
65 83
65 86
65 87
65 91
65 92
65 95
65 96
65 99
65 198
65 262
65 265
65 398
66 67
66 69
66 72
66 74
66 75
66 81
66 82
66 83
66 84
66 87
66 90
66 91
66 93
66 94
66 99
66 399
67 70
67 72
67 73
67 75
67 76
67 81
67 82
67 83
67 84
67 85
67 89
67 91
67 93
67 94
67 95
67 99
67 123
67 395
67 475
67 480
68 69
68 70
68 72
68 74
68 78
68 83
68 84
68 86
68 90
68 91
68 94
68 97
68 348
68 469
68 497
69 72
69 73
69 76
69 79
69 80
69 82
69 87
69 91
69 96
69 99
69 272
69 334
69 455
69 485
69 486
70 71
70 73
70 74
70 75
70 76
70 77
70 78
70 80
70 84
70 91
70 93
70 97
70 99
70 247
70 484
71 73
71 74
71 75
71 76
71 79
71 80
71 83
71 85
71 88
71 89
71 91
71 92
71 95
71 96
71 225
71 228
71 239
71 249
71 452
71 466
72 76
72 78
72 85
72 86
72 87
72 88
72 89
72 90
72 97
72 448
73 77
73 78
73 79
73 80
73 82
73 84
73 86
73 87
73 89
73 92
73 94
73 95
73 96
73 98
73 149
73 272
73 370
74 83
74 86
74 97
74 98
74 443
74 495
75 78
75 80
75 81
75 87
75 88
75 92
75 93
75 94
75 98
75 201
75 312
76 77
76 78
76 79
76 80
76 84
76 87
76 88
76 89
76 91
76 92
76 96
76 97
76 172
76 364
77 78
77 79
77 82
77 85
77 87
77 90
77 91
77 94
77 98
77 99
77 143
77 204
77 375
77 455
77 463
77 487
78 79
78 84
78 85
78 92
78 93
78 94
78 182
78 226
78 424
78 428
78 450
79 80
79 81
79 85
79 87
79 88
79 89
79 90
79 91
79 92
79 93
79 94
79 96
79 97
79 99
79 285
79 302
79 364
80 81
80 82
80 83
80 84
80 88
80 90
80 91
80 93
80 94
80 96
80 99
80 281
80 470
81 85
81 86
81 93
81 94
81 99
81 136
81 175
81 239
81 301
81 348
81 413
81 473
82 83
82 84
82 85
82 86
82 87
82 88
82 90
82 91
82 95
82 173
82 356
82 363
83 84
83 87
83 88
83 89
83 90
83 93
83 94
83 95
83 96
83 97
83 141
83 194
83 229
83 280
83 281
83 314
83 354
83 447
84 86
84 89
84 93
84 94
84 202
84 302
84 305
84 339
84 399
85 88
85 89
85 92
85 93
85 98
85 157
85 226
85 334
85 475
86 88
86 92
86 95
86 96
86 97
86 327
86 412
86 494
87 90
87 92
87 93
87 94
87 95
87 96
87 143
87 218
87 293
87 295
87 326
87 421
88 91
88 94
88 95
88 98
88 186
89 90
89 91
89 92
89 93
89 94
89 95
89 96
89 97
89 291
89 344
89 375
89 457
90 91
90 92
90 153
90 261
90 456
91 98
91 99
91 175
91 218
91 220
91 461
92 93
92 94
92 152
92 385
92 366
92 483
93 96
93 97
93 98
93 99
93 254
93 310
94 95
94 96
94 99
94 144
94 104
94 207
94 311
94 339
94 415
94 431
94 452
95 99
95 324
96 97
96 98
96 214
96 233
97 99
97 238
97 377
97 488
98 413
99 132
99 150
99 186
99 233
99 370
99 485
128 129
128 130
128 134
128 137
128 138
128 139
128 141
128 143
128 148
128 149
128 103
128 106
128 109
128 110
128 111
128 112
128 114
128 116
128 117
128 118
128 120
128 122
128 124
128 127
128 164
128 181
128 248
128 396
128 375
129 131
129 133
129 134
129 138
129 141
129 142
129 144
129 146
129 147
129 102
129 103
129 105
129 107
129 115
129 116
129 119
129 120
129 121
129 123
129 238
129 318
129 432
130 132
130 133
130 135
130 136
130 137
130 138
130 139
130 142
130 145
130 101
130 105
130 111
130 113
130 115
130 117
130 118
130 123
130 125
130 374
130 436
131 134
131 138
131 139
131 140
131 141
131 143
131 144
131 145
131 148
131 149
131 101
131 105
131 106
131 108
131 109
131 110
131 112
131 115
131 117
131 119
131 121
131 123
131 125
131 127
131 220
131 426
131 458
131 488
132 135
132 136
132 140
132 142
132 146
132 100
132 102
132 104
132 105
132 106
132 107
132 115
132 116
132 121
132 122
132 124
132 125
132 126
132 127
132 312
132 324
132 331
132 403
132 438
133 134
133 136
133 138
133 140
133 141
133 143
133 144
133 145
133 146
133 101
133 102
133 104
133 105
133 107
133 108
133 109
133 113
133 114
133 119
133 125
133 266
133 374
133 431
134 136
134 138
134 140
134 144
134 147
134 149
134 101
134 105
134 110
134 111
134 114
134 115
134 119
134 120
134 124
134 311
135 139
135 140
135 145
135 146
135 148
135 100
135 101
135 102
135 107
135 111
135 112
135 116
135 117
135 119
135 120
135 121
135 122
135 123
135 124
135 282
135 344
135 434
136 141
136 143
136 146
136 149
136 100
136 101
136 103
136 106
136 107
136 109
136 110
136 111
136 113
136 120
136 122
136 124
136 153
136 319
136 358
136 459
137 145
137 146
137 149
137 101
137 102
137 111
137 112
137 115
137 121
137 124
137 126
137 172
137 283
137 337
137 401
137 427
137 455
137 497
138 142
138 148
138 149
138 102
138 105
138 111
138 113
138 114
138 115
138 117
138 119
138 120
138 121
138 123
138 126
139 140
139 143
139 146
139 147
139 149
139 102
139 106
139 111
139 112
139 115
139 117
139 119
139 122
139 123
139 124
139 125
139 126
139 127
139 228
139 287
139 418
139 426
140 143
140 145
140 146
140 147
140 102
140 105
140 107
140 108
140 109
140 111
140 114
140 117
140 121
140 124
140 304
140 471
141 145
141 103
141 104
141 105
141 107
141 112
141 113
141 115
141 116
141 118
141 121
141 122
141 125
141 339
141 347
142 144
142 149
142 100
142 106
142 110
142 111
142 113
142 114
142 117
142 120
142 121
142 125
142 159
142 210
142 283
142 404
142 428
142 435
142 437
142 486
143 146
143 147
143 101
143 103
143 104
143 105
143 106
143 107
143 111
143 115
143 119
143 122
143 124
143 126
143 127
143 159
143 168
143 324
144 145
144 146
144 147
144 148
144 149
144 103
144 104
144 106
144 109
144 113
144 114
144 120
144 122
144 123
144 124
144 125
144 179
144 215
144 406
144 416
144 451
145 149
145 104
145 108
145 112
145 113
145 115
145 121
145 125
145 126
145 275
145 423
146 101
146 102
146 103
146 104
146 106
146 107
146 109
146 111
146 113
146 117
146 119
146 121
146 125
146 263
146 489
147 148
147 100
147 101
147 102
147 103
147 108
147 110
147 113
147 115
147 120
147 121
147 174
148 105
148 106
148 110
148 113
148 114
148 116
148 117
148 119
148 120
148 123
148 124
148 126
148 127
148 278
148 442
149 100
149 105
149 107
149 108
149 116
149 117
149 124
149 188
149 473
100 104
100 106
100 107
100 108
100 109
100 114
100 117
100 126
100 414
100 464
101 102
101 103
101 105
101 106
101 108
101 111
101 112
101 113
101 115
101 116
101 118
101 127
101 337
101 338
101 409
102 103
102 107
102 109
102 110
102 112
102 113
102 114
102 115
102 121
102 122
102 127
102 166
102 249
102 347
102 360
103 107
103 109
103 110
103 114
103 115
103 120
103 123
103 163
103 374
104 106
104 108
104 109
104 111
104 113
104 114
104 118
104 119
104 120
104 123
104 124
104 125
104 178
104 301
105 106
105 110
105 112
105 116
105 118
105 119
105 121
105 122
105 125
105 127
105 197
105 411
106 108
106 109
106 111
106 113
106 114
106 116
106 117
106 119
106 126
106 201
106 296
106 369
107 109
107 111
107 120
107 121
107 122
107 323
108 113
108 118
108 122
108 124
108 125
108 229
108 244
108 303
108 306
108 326
108 438
108 465
108 493
109 110
109 112
109 115
109 117
109 119
109 122
109 124
109 127
109 168
109 171
109 204
109 315
109 377
110 111
110 113
110 114
110 118
110 122
110 123
110 124
110 126
110 283
110 288
110 325
110 356
110 481
111 112
111 113
111 119
111 121
111 124
111 125
111 127
111 177
111 384
111 396
111 454
111 458
111 460
111 464
112 113
112 116
112 117
112 119
112 120
112 121
112 122
112 123
112 125
112 216
112 229
112 247
112 266
112 304
113 114
113 117
113 118
113 120
113 121
113 122
113 124
113 125
113 127
113 187
113 208
113 280
113 298
113 325
113 426
113 462
114 116
114 120
114 121
114 122
114 124
114 127
114 162
114 183
114 197
115 118
115 119
115 120
115 121
115 123
115 124
115 125
115 250
116 122
116 123
116 125
116 126
116 127
116 156
116 160
116 320
116 447
117 120
117 124
117 125
117 126
117 127
117 338
117 401
117 497
118 120
118 121
118 122
118 123
118 126
118 229
118 291
118 471
118 491
119 120
119 122
119 123
119 124
119 170
119 335
119 410
119 458
120 121
120 122
120 123
120 125
120 127
120 331
120 354
120 364
120 406
120 425
120 453
121 122
121 127
121 282
121 409
122 124
122 125
122 127
122 164
122 261
122 294
122 357
123 125
123 127
123 150
123 206
123 238
124 126
124 156
124 235
125 127
125 231
125 279
125 410
125 486
126 447
127 182
127 493
150 153
150 155
150 157
150 161
150 163
150 164
150 166
150 167
150 178
150 181
150 183
150 186
150 189
150 192
150 198
150 199
150 259
150 366
151 153
151 154
151 157
151 162
151 163
151 172
151 179
151 180
151 184
151 188
151 189
151 195
151 196
151 199
151 213
151 226
151 253
151 400
151 423
151 478
152 153
152 162
152 166
152 169
152 170
152 175
152 177
152 181
152 182
152 188
152 189
152 190
152 194
152 195
152 488
153 154
153 155
153 156
153 157
153 158
153 159
153 160
153 161
153 165
153 167
153 169
153 170
153 172
153 173
153 174
153 175
153 177
153 178
153 180
153 184
153 191
153 194
153 197
153 198
153 256
153 406
154 155
154 161
154 166
154 167
154 169
154 173
154 174
154 175
154 178
154 184
154 186
154 188
154 192
154 195
154 196
154 197
154 207
154 315
154 446
154 496
155 156
155 157
155 166
155 169
155 175
155 176
155 180
155 181
155 190
155 196
155 199
155 201
155 252
155 318
155 347
155 360
155 382
155 429
156 164
156 173
156 175
156 176
156 177
156 183
156 184
156 187
156 192
156 197
156 199
156 302
156 486
156 488
157 160
157 165
157 167
157 168
157 173
157 174
157 178
157 181
157 182
157 185
157 186
157 188
157 189
157 190
157 193
157 194
157 195
157 197
157 198
157 297
157 306
157 321
157 345
158 161
158 163
158 164
158 165
158 166
158 169
158 170
158 175
158 179
158 182
158 185
158 187
158 192
158 193
158 195
158 196
158 199
159 160
159 161
159 164
159 165
159 167
159 168
159 176
159 178
159 179
159 180
159 182
159 184
159 187
159 189
159 190
159 195
159 198
160 162
160 163
160 164
160 170
160 173
160 177
160 179
160 181
160 182
160 185
160 186
160 187
160 188
160 190
160 192
160 195
160 199
160 206
160 498
161 163
161 164
161 165
161 167
161 169
161 170
161 173
161 176
161 177
161 183
161 185
161 188
161 190
161 191
161 193
161 197
162 164
162 165
162 167
162 169
162 175
162 176
162 181
162 184
162 186
162 187
162 191
162 193
162 195
162 198
162 227
162 275
162 310
162 394
162 372
162 490
163 164
163 165
163 166
163 168
163 170
163 174
163 175
163 179
163 189
163 192
163 199
163 384
163 447
164 166
164 168
164 169
164 172
164 176
164 177
164 178
164 179
164 180
164 181
164 182
164 185
164 186
164 187
164 189
164 190
164 192
164 194
164 195
164 206
164 253
165 170
165 172
165 173
165 174
165 180
165 181
165 182
165 183
165 185
165 188
165 193
165 198
165 199
165 225
165 404
165 484
166 169
166 172
166 174
166 177
166 178
166 182
166 184
166 190
166 192
166 194
166 195
166 196
166 197
166 382
166 441
166 458
167 170
167 173
167 176
167 177
167 179
167 180
167 184
167 185
167 186
167 197
167 198
167 199
167 265
167 293
167 404
167 423
168 171
168 178
168 180
168 182
168 183
168 190
168 193
168 194
168 196
168 199
168 204
169 173
169 176
169 177
169 182
169 184
169 186
169 188
169 189
169 193
169 198
169 214
169 475
169 480
170 172
170 176
170 177
170 178
170 183
170 186
170 189
170 192
170 193
170 194
170 196
170 227
170 389
170 435
171 173
171 176
171 177
171 178
171 179
171 181
171 182
171 183
171 184
171 185
171 186
171 187
171 188
171 192
171 194
171 195
171 197
171 199
172 174
172 178
172 179
172 180
172 181
172 182
172 184
172 188
172 191
172 192
172 194
172 195
172 198
172 397
173 174
173 177
173 181
173 187
173 191
173 193
173 194
173 196
173 197
173 198
173 327
173 363
173 381
173 416
174 175
174 176
174 184
174 185
174 187
174 189
174 191
174 193
174 195
174 207
174 222
174 282
174 309
174 472
175 178
175 180
175 185
175 187
175 190
175 191
175 192
175 196
175 198
175 455
176 177
176 180
176 182
176 185
176 186
176 192
176 193
176 196
176 198
176 199
176 403
176 468
177 179
177 180
177 182
177 186
177 187
177 188
177 189
177 190
177 191
177 195
177 204
177 205
177 426
178 180
178 182
178 185
178 186
178 187
178 188
178 192
178 194
178 196
178 197
178 198
178 257
178 384
178 494
179 181
179 182
179 184
179 186
179 187
179 197
179 199
179 217
179 265
179 271
179 372
179 489
179 494
180 183
180 187
180 188
180 189
180 191
180 194
180 195
180 303
180 326
180 375
180 413
181 182
181 183
181 186
181 187
181 192
181 193
181 197
181 199
181 235
182 183
182 186
182 188
182 189
182 190
182 193
182 196
182 198
182 199
182 336
183 185
183 186
183 191
183 193
183 196
183 300
183 332
183 492
183 497
184 186
184 187
184 188
184 190
184 196
184 198
184 267
184 352
184 443
184 470
185 189
185 191
185 195
185 199
185 220
185 312
185 460
186 193
186 197
186 198
186 267
186 250
186 331
186 339
187 189
187 190
187 192
187 196
187 197
187 198
187 243
187 403
188 190
188 192
188 193
188 195
188 196
188 198
188 224
188 248
188 284
188 289
188 292
188 323
188 431
189 190
189 193
189 195
189 196
189 198
189 199
189 246
189 298
189 369
189 422
190 192
190 198
190 290
190 332
190 366
190 437
191 197
191 198
191 247
191 269
191 395
191 397
191 440
191 445
192 194
192 492
193 195
193 196
193 198
193 199
193 210
193 276
193 292
193 252
194 197
194 198
194 199
194 284
194 289
194 430
195 196
195 197
195 342
196 197
196 199
196 361
196 471
196 499
197 199
197 239
197 314
197 425
198 260
198 299
198 324
198 393
198 399
198 442
199 392
199 371
199 497
200 202
200 205
200 206
200 209
200 210
200 211
200 212
200 213
200 214
200 215
200 217
200 219
200 220
200 223
200 225
200 226
200 229
200 231
200 233
200 235
200 239
200 240
200 244
200 249
200 289
200 453
200 466
201 210
201 212
201 213
201 214
201 215
201 216
201 217
201 223
201 224
201 225
201 227
201 229
201 231
201 233
201 235
201 245
201 249
201 260
201 339
201 392
201 362
202 209
202 210
202 214
202 215
202 218
202 221
202 227
202 228
202 232
202 234
202 238
202 242
202 243
202 244
202 245
202 249
202 274
202 425
203 204
203 205
203 208
203 211
203 212
203 213
203 218
203 220
203 222
203 223
203 224
203 227
203 228
203 231
203 233
203 244
203 249
204 221
204 225
204 228
204 229
204 235
204 236
204 237
204 239
204 241
204 242
204 245
204 246
204 248
204 249
204 292
204 253
204 425
204 481
205 208
205 209
205 215
205 217
205 220
205 221
205 223
205 228
205 229
205 230
205 231
205 232
205 234
205 239
205 244
205 245
205 247
205 368
205 401
205 475
206 209
206 218
206 220
206 221
206 222
206 223
206 225
206 227
206 229
206 231
206 233
206 235
206 236
206 243
206 244
206 323
207 209
207 211
207 215
207 217
207 221
207 222
207 223
207 225
207 227
207 229
207 231
207 233
207 237
207 240
207 241
207 242
207 246
207 249
208 210
208 212
208 213
208 216
208 218
208 220
208 221
208 222
208 224
208 225
208 230
208 236
208 237
208 243
208 244
208 245
208 249
208 324
208 447
209 210
209 213
209 215
209 216
209 217
209 222
209 223
209 224
209 226
209 229
209 231
209 232
209 233
209 234
209 238
209 239
209 242
209 244
209 256
209 399
210 211
210 214
210 215
210 219
210 220
210 222
210 227
210 229
210 230
210 231
210 233
210 235
210 240
210 241
210 244
210 246
210 247
210 249
210 318
210 452
211 212
211 213
211 217
211 220
211 221
211 223
211 225
211 227
211 228
211 229
211 232
211 235
211 237
211 239
211 242
211 243
211 246
211 248
211 464
212 213
212 214
212 215
212 217
212 221
212 227
212 233
212 235
212 236
212 238
212 241
212 242
212 245
212 248
212 328
212 343
212 450
213 215
213 220
213 226
213 228
213 233
213 236
213 237
213 239
213 243
213 244
213 245
213 246
213 273
213 396
214 215
214 220
214 222
214 224
214 225
214 226
214 227
214 229
214 230
214 231
214 232
214 233
214 237
214 238
214 240
214 246
214 392
215 216
215 218
215 222
215 223
215 226
215 227
215 229
215 230
215 232
215 234
215 236
215 241
215 242
215 246
215 248
215 271
215 293
215 315
215 431
215 455
215 457
215 471
216 219
216 220
216 222
216 226
216 229
216 232
216 234
216 235
216 236
216 241
216 242
216 243
216 244
216 246
216 248
216 249
216 461
217 219
217 220
217 221
217 222
217 225
217 232
217 233
217 235
217 241
217 242
217 243
217 248
217 281
218 219
218 220
218 224
218 225
218 226
218 227
218 230
218 231
218 232
218 234
218 235
218 238
218 243
218 244
218 247
218 248
218 249
218 468
218 492
219 221
219 224
219 231
219 233
219 235
219 239
219 240
219 241
219 242
219 243
219 246
219 249
219 398
219 401
220 221
220 225
220 226
220 231
220 234
220 235
220 236
220 238
220 247
220 248
220 307
220 447
221 223
221 225
221 231
221 234
221 235
221 238
221 240
221 241
221 242
221 243
221 247
221 322
221 398
222 224
222 225
222 226
222 228
222 229
222 231
222 240
222 242
222 246
222 249
222 398
222 424
222 438
222 448
223 227
223 228
223 229
223 234
223 241
223 243
223 245
223 247
223 248
223 249
224 227
224 229
224 230
224 237
224 238
224 242
224 246
224 247
224 254
224 255
225 230
225 231
225 237
225 240
225 245
225 246
225 247
225 249
225 285
225 350
225 424
225 430
225 435
226 228
226 230
226 231
226 232
226 245
226 247
226 334
227 228
227 230
227 232
227 235
227 236
227 240
227 245
227 461
228 232
228 234
228 235
228 237
228 239
228 241
228 242
228 243
228 245
228 249
228 321
228 322
228 351
228 452
229 230
229 232
229 233
229 234
229 240
229 241
229 243
229 244
229 246
229 481
230 231
230 232
230 235
230 236
230 237
230 241
230 243
230 361
230 424
230 444
231 232
231 233
231 237
231 238
231 239
231 242
231 245
231 248
231 249
231 354
232 235
232 236
232 242
232 244
232 246
232 248
232 251
232 346
233 236
233 238
233 244
233 247
233 248
233 366
234 235
234 237
234 240
234 249
234 377
234 481
235 236
235 237
235 241
235 242
235 245
235 246
235 425
235 431
236 238
236 242
236 246
236 247
236 248
236 249
236 303
236 398
236 418
237 240
237 241
237 242
237 243
237 245
237 246
237 247
237 249
237 322
238 244
238 246
238 248
238 296
238 251
239 240
239 244
239 247
239 249
239 330
240 242
240 244
240 245
240 320
240 361
240 365
240 469
241 243
241 245
241 246
242 243
242 244
242 245
242 246
242 249
242 265
242 308
242 345
242 347
242 497
243 244
243 247
243 463
244 275
244 252
244 468
244 486
245 247
245 324
245 495
246 248
246 291
246 298
247 272
247 276
247 361
248 249
248 476
249 378
249 432
256 262
256 265
256 268
256 270
256 273
256 278
256 281
256 284
256 285
256 287
256 295
256 298
256 250
256 251
256 253
256 300
256 473
257 268
257 269
257 271
257 272
257 275
257 277
257 281
257 287
257 289
257 293
257 294
257 297
257 298
257 251
257 255
257 444
258 260
258 261
258 262
258 263
258 267
258 273
258 275
258 276
258 278
258 279
258 281
258 282
258 283
258 285
258 286
258 287
258 288
258 292
258 250
258 252
258 410
258 414
258 487
259 261
259 265
259 266
259 269
259 271
259 276
259 282
259 286
259 295
259 296
259 298
259 252
259 255
259 360
259 366
260 262
260 265
260 271
260 274
260 275
260 280
260 281
260 282
260 283
260 286
260 288
260 250
260 251
260 252
261 265
261 266
261 267
261 268
261 269
261 272
261 274
261 278
261 279
261 281
261 282
261 283
261 285
261 290
261 291
261 292
261 295
261 297
261 298
261 250
261 251
261 253
261 457
261 485
262 263
262 269
262 270
262 276
262 278
262 279
262 280
262 282
262 284
262 286
262 287
262 288
262 291
262 293
262 294
262 297
262 369
262 452
262 457
263 267
263 268
263 272
263 277
263 280
263 282
263 283
263 286
263 287
263 290
263 296
263 251
263 254
263 309
263 344
264 271
264 273
264 275
264 282
264 285
264 287
264 288
264 290
264 291
264 292
264 293
264 294
264 295
264 296
264 298
264 299
264 250
264 252
264 254
264 255
264 303
264 428
265 267
265 269
265 271
265 272
265 273
265 279
265 281
265 286
265 291
265 294
265 297
265 298
265 250
265 252
265 255
265 408
266 270
266 271
266 274
266 277
266 279
266 281
266 284
266 285
266 287
266 293
266 294
266 295
266 297
266 298
266 250
266 253
266 326
266 334
266 386
266 395
266 357
266 406
266 450
266 492
266 494
267 268
267 276
267 280
267 284
267 285
267 288
267 291
267 294
267 295
267 250
267 254
267 255
267 432
268 269
268 270
268 271
268 272
268 275
268 280
268 282
268 285
268 291
268 292
268 297
268 299
268 252
268 402
269 270
269 272
269 275
269 277
269 278
269 280
269 284
269 286
269 288
269 289
269 290
269 291
269 292
269 294
269 295
269 250
269 251
269 252
269 255
269 414
269 492
270 271
270 274
270 277
270 282
270 283
270 286
270 288
270 289
270 291
270 292
270 294
270 297
270 298
270 251
270 392
270 372
270 412
271 273
271 274
271 276
271 277
271 281
271 284
271 291
271 292
271 293
271 299
271 250
271 251
271 254
271 255
271 389
271 483
272 279
272 281
272 283
272 284
272 285
272 286
272 292
272 294
272 250
272 251
272 252
272 253
272 387
273 274
273 275
273 277
273 278
273 279
273 281
273 282
273 283
273 287
273 289
273 290
273 293
273 295
273 250
273 252
273 254
273 255
273 337
273 362
273 431
273 468
274 277
274 278
274 279
274 280
274 286
274 290
274 291
274 298
274 250
274 253
274 254
274 255
275 280
275 284
275 291
275 292
275 293
275 295
275 297
275 252
275 254
275 255
275 312
276 277
276 279
276 281
276 284
276 285
276 286
276 287
276 288
276 289
276 290
276 291
276 293
276 296
276 297
276 250
276 251
276 252
276 253
276 351
276 375
276 479
277 278
277 279
277 280
277 282
277 288
277 291
277 292
277 294
277 295
277 297
277 250
277 251
277 253
277 255
278 280
278 286
278 288
278 289
278 291
278 292
278 297
278 299
278 250
278 254
278 255
278 342
278 444
279 282
279 283
279 288
279 293
279 295
279 296
279 297
279 250
279 251
279 255
279 380
279 459
280 281
280 283
280 284
280 287
280 288
280 290
280 291
280 293
280 250
280 254
280 255
280 305
280 402
280 416
281 282
281 283
281 284
281 285
281 287
281 294
281 295
281 251
281 252
281 255
281 325
282 283
282 284
282 285
282 286
282 287
282 290
282 291
282 298
282 250
282 253
282 254
282 305
282 309
282 312
282 323
282 333
283 284
283 286
283 287
283 293
283 294
283 295
283 297
283 299
283 251
283 252
283 254
284 285
284 291
284 293
284 295
284 296
284 298
284 299
284 250
284 251
284 252
284 253
285 286
285 292
285 295
285 297
285 298
285 251
285 252
285 254
285 255
285 321
286 288
286 292
286 294
286 295
286 296
286 251
286 252
286 253
286 254
286 331
286 414
287 288
287 291
287 293
287 295
287 296
287 250
287 253
288 291
288 292
288 293
288 298
288 252
288 253
288 304
288 430
288 431
288 459
289 291
289 294
289 296
289 299
289 252
289 317
289 367
289 477
290 292
290 293
290 296
290 298
290 299
290 251
290 254
291 292
291 294
291 295
291 296
291 297
291 251
291 252
291 253
291 255
291 442
291 459
292 297
292 251
292 254
292 255
293 252
293 253
293 304
294 297
294 298
294 250
294 251
294 253
294 414
294 437
295 297
295 309
295 332
295 462
296 298
296 251
296 252
296 254
297 298
297 252
297 255
297 421
297 460
298 250
298 252
298 253
298 254
298 255
298 355
298 418
298 442
298 462
299 250
299 252
299 254
299 370
299 464
299 470
250 251
250 254
250 358
251 254
251 255
251 451
251 455
252 253
253 254
253 313
253 342
253 391
253 361
253 433
254 388
255 306
255 310
255 409
300 308
300 309
300 310
300 312
300 315
300 317
300 318
300 322
300 323
300 324
300 326
300 328
300 330
300 332
300 334
300 340
300 343
300 345
300 348
300 349
300 413
301 302
301 305
301 310
301 311
301 312
301 313
301 314
301 322
301 323
301 324
301 325
301 326
301 328
301 331
301 337
301 339
301 347
301 348
301 349
302 303
302 310
302 313
302 315
302 317
302 319
302 320
302 321
302 326
302 327
302 328
302 331
302 332
302 335
302 336
302 339
302 344
302 347
302 349
302 378
303 304
303 306
303 311
303 312
303 314
303 319
303 320
303 321
303 322
303 325
303 326
303 327
303 332
303 335
303 339
303 341
303 343
303 346
303 348
304 307
304 312
304 313
304 316
304 320
304 321
304 324
304 326
304 329
304 330
304 331
304 332
304 338
304 340
304 341
304 342
304 347
304 405
304 456
305 310
305 311
305 314
305 318
305 321
305 322
305 323
305 327
305 328
305 333
305 336
305 338
305 339
305 340
305 343
305 344
305 417
305 428
306 309
306 314
306 317
306 320
306 322
306 323
306 326
306 328
306 329
306 332
306 333
306 334
306 336
306 338
306 341
306 343
306 346
306 349
306 368
306 491
307 310
307 312
307 315
307 319
307 320
307 322
307 324
307 325
307 326
307 331
307 332
307 334
307 342
307 344
307 347
308 309
308 310
308 311
308 313
308 314
308 316
308 321
308 322
308 323
308 325
308 328
308 330
308 331
308 335
308 337
308 338
308 340
308 342
308 343
308 344
308 345
308 346
308 413
309 310
309 311
309 313
309 317
309 319
309 320
309 321
309 324
309 333
309 334
309 335
309 337
309 340
309 347
309 355
310 317
310 321
310 326
310 327
310 328
310 332
310 334
310 337
310 340
310 341
310 343
310 346
310 347
310 353
310 364
311 312
311 314
311 317
311 319
311 321
311 323
311 324
311 325
311 326
311 330
311 332
311 333
311 334
311 337
311 338
311 344
311 347
311 348
311 410
311 486
312 313
312 314
312 316
312 321
312 324
312 325
312 328
312 330
312 331
312 333
312 336
312 338
312 339
312 340
312 342
312 346
312 347
312 348
313 316
313 320
313 326
313 327
313 328
313 330
313 333
313 339
313 340
313 343
313 344
313 346
313 347
313 348
313 396
313 350
313 362
313 383
313 409
314 316
314 319
314 320
314 323
314 324
314 325
314 327
314 328
314 337
314 342
314 343
314 345
314 346
314 464
315 317
315 322
315 327
315 330
315 333
315 334
315 342
315 345
315 347
315 348
315 349
315 397
315 443
316 320
316 326
316 327
316 328
316 331
316 336
316 337
316 340
316 341
316 346
316 347
316 348
316 349
316 438
317 321
317 323
317 324
317 326
317 327
317 329
317 331
317 333
317 339
317 341
317 347
317 348
318 320
318 322
318 326
318 331
318 334
318 335
318 339
318 342
318 345
318 346
318 349
318 384
318 438
319 320
319 322
319 323
319 329
319 330
319 333
319 334
319 337
319 338
319 346
319 347
319 349
319 391
320 323
320 325
320 326
320 328
320 331
320 332
320 333
320 337
320 339
320 341
320 342
320 343
320 344
320 345
321 324
321 327
321 328
321 331
321 332
321 333
321 335
321 336
321 337
321 338
321 344
321 345
321 346
321 347
321 349
322 323
322 327
322 333
322 334
322 335
322 338
322 340
322 343
322 345
322 370
322 445
322 448
323 324
323 326
323 330
323 331
323 332
323 334
323 337
323 339
323 342
323 343
323 345
323 348
323 362
323 368
324 326
324 328
324 330
324 332
324 336
324 340
324 341
324 342
324 344
324 345
324 346
324 347
324 402
324 418
324 487
324 491
325 327
325 331
325 333
325 339
325 340
325 342
325 343
325 345
325 346
325 349
325 447
326 330
326 333
326 336
326 340
326 342
326 343
326 344
326 347
326 349
327 328
327 331
327 332
327 333
327 334
327 335
327 340
327 341
327 342
327 347
327 370
328 333
328 334
328 335
328 337
328 340
328 342
328 343
328 347
328 348
329 330
329 331
329 332
329 334
329 335
329 336
329 338
329 339
329 341
329 347
329 348
329 392
329 378
330 331
330 333
330 334
330 337
330 338
330 339
330 340
330 342
330 343
330 344
330 346
330 348
331 337
331 338
331 339
331 340
331 355
331 449
332 334
332 335
332 341
332 345
332 378
333 335
333 337
333 338
333 340
333 344
333 347
333 348
333 349
333 375
334 340
334 346
334 349
335 339
335 342
335 345
335 348
335 373
335 475
335 492
336 341
336 342
336 343
336 344
336 346
336 347
336 348
336 408
336 432
337 338
337 340
337 342
337 346
337 348
338 341
338 343
338 344
338 346
338 347
338 349
338 408
339 340
339 344
339 346
339 435
339 443
340 342
340 343
340 345
340 346
340 347
340 349
340 365
340 375
341 343
341 345
341 346
341 347
342 344
342 349
342 473
343 344
343 345
343 346
343 347
343 349
343 443
344 348
344 349
344 350
344 451
344 464
345 348
345 349
345 418
345 421
345 447
346 348
346 349
347 438
348 349
348 385
349 476
384 386
384 387
384 389
384 392
384 393
384 394
384 395
384 398
384 399
384 350
384 351
384 356
384 361
384 366
384 367
384 368
384 369
384 371
384 372
384 373
384 376
384 377
384 379
384 382
385 388
385 391
385 393
385 394
385 395
385 352
385 353
385 355
385 363
385 367
385 368
385 370
385 371
385 372
385 375
385 376
385 378
385 380
385 383
385 484
386 387
386 388
386 393
386 394
386 395
386 396
386 399
386 350
386 353
386 354
386 359
386 365
386 368
386 369
386 374
386 375
386 381
386 445
387 391
387 394
387 395
387 399
387 350
387 351
387 354
387 356
387 357
387 359
387 361
387 364
387 365
387 366
387 370
387 371
387 372
387 374
387 377
387 382
388 394
388 395
388 398
388 399
388 351
388 355
388 358
388 361
388 368
388 370
388 375
388 381
388 488
388 495
389 392
389 394
389 395
389 398
389 399
389 353
389 354
389 357
389 358
389 359
389 363
389 365
389 367
389 372
389 373
389 374
389 379
389 382
390 392
390 397
390 398
390 350
390 351
390 352
390 353
390 355
390 357
390 358
390 362
390 364
390 368
390 374
390 375
390 377
390 381
390 382
390 444
391 394
391 396
391 397
391 398
391 350
391 354
391 356
391 357
391 360
391 361
391 362
391 364
391 365
391 366
391 369
391 372
391 374
391 376
391 378
391 380
391 422
391 459
392 393
392 397
392 399
392 351
392 352
392 353
392 354
392 360
392 361
392 367
392 380
392 381
392 382
392 383
392 495
393 395
393 399
393 352
393 354
393 356
393 366
393 369
393 371
393 372
393 376
393 380
393 495
394 397
394 351
394 353
394 355
394 356
394 359
394 362
394 364
394 365
394 367
394 368
394 370
394 371
394 372
394 374
394 378
394 379
394 380
394 411
395 396
395 399
395 351
395 352
395 354
395 357
395 358
395 363
395 365
395 366
395 367
395 373
395 374
395 378
395 379
395 381
395 383
395 426
396 398
396 359
396 362
396 366
396 368
396 373
396 374
396 375
396 376
396 377
396 381
396 382
397 399
397 350
397 352
397 353
397 356
397 358
397 361
397 362
397 363
397 366
397 368
397 369
397 370
397 374
397 375
397 377
397 378
397 379
397 381
397 383
398 350
398 354
398 357
398 358
398 359
398 361
398 364
398 366
398 369
398 376
398 377
398 378
398 380
398 381
398 383
398 436
398 452
399 350
399 351
399 353
399 356
399 358
399 359
399 363
399 364
399 367
399 368
399 370
399 371
399 372
399 377
399 378
399 382
350 352
350 355
350 357
350 362
350 367
350 368
350 369
350 371
350 373
350 374
350 378
350 380
350 381
350 382
350 419
350 485
351 355
351 357
351 358
351 360
351 361
351 363
351 366
351 367
351 368
351 370
351 373
351 374
351 378
351 381
351 383
351 427
351 436
352 354
352 357
352 360
352 361
352 364
352 365
352 366
352 369
352 370
352 371
352 374
352 375
352 376
352 378
352 381
352 460
352 474
353 356
353 357
353 360
353 361
353 363
353 365
353 367
353 368
353 369
353 370
353 371
353 374
353 378
353 381
353 382
353 439
354 355
354 357
354 358
354 359
354 361
354 366
354 369
354 370
354 372
354 375
354 376
354 377
354 378
354 381
354 464
355 358
355 359
355 360
355 361
355 363
355 364
355 367
355 369
355 371
355 376
355 377
355 378
355 379
355 381
355 383
355 404
356 359
356 363
356 366
356 367
356 368
356 375
356 378
356 379
356 382
357 358
357 363
357 364
357 365
357 366
357 370
357 373
357 375
357 379
357 381
357 382
358 361
358 362
358 364
358 367
358 368
358 372
358 377
358 378
358 381
358 383
358 468
359 361
359 363
359 364
359 368
359 371
359 373
359 375
359 376
359 381
359 383
359 406
359 482
360 362
360 363
360 365
360 367
360 368
360 372
360 373
360 377
360 379
360 381
360 382
360 383
361 362
361 368
361 370
361 371
361 375
361 377
361 378
361 379
361 380
362 364
362 365
362 366
362 370
362 371
362 372
362 373
362 375
362 376
362 377
362 381
362 383
362 414
362 492
363 367
363 369
363 370
363 374
363 378
363 379
363 383
363 495
364 368
364 369
364 371
364 372
364 374
364 376
364 378
364 379
364 383
364 410
364 417
364 487
365 367
365 368
365 369
365 372
365 381
365 383
365 403
366 373
366 374
366 376
366 378
366 382
366 490
367 368
367 376
367 382
367 442
368 373
368 381
368 383
368 401
369 374
369 375
369 382
369 383
369 493
370 371
370 375
370 376
370 377
370 381
370 383
370 411
370 459
371 372
371 375
371 376
371 377
371 378
371 380
371 381
372 374
372 375
372 377
372 378
372 383
372 402
372 436
373 376
373 378
373 381
373 383
375 376
375 379
375 382
376 377
376 378
376 379
376 381
377 379
377 380
377 381
377 469
378 381
378 382
378 383
379 380
379 382
379 414
381 418
382 431
382 438
382 491
400 405
400 407
400 408
400 409
400 412
400 413
400 416
400 419
400 424
400 428
400 429
400 430
400 432
400 433
400 435
400 436
400 438
400 440
400 442
400 447
400 448
401 402
401 403
401 406
401 409
401 412
401 413
401 416
401 417
401 418
401 419
401 421
401 431
401 432
401 435
401 444
401 446
401 447
401 448
402 405
402 409
402 410
402 416
402 421
402 426
402 432
402 442
402 444
402 446
402 449
402 463
403 404
403 405
403 407
403 412
403 413
403 415
403 416
403 420
403 427
403 430
403 431
403 433
403 436
403 441
403 445
403 449
404 407
404 408
404 410
404 411
404 417
404 418
404 419
404 422
404 423
404 429
404 437
404 439
404 440
404 443
404 444
404 445
404 446
404 448
405 410
405 411
405 413
405 415
405 416
405 420
405 422
405 423
405 425
405 432
405 434
405 438
405 439
405 440
405 441
405 442
405 447
405 448
406 407
406 409
406 412
406 413
406 421
406 423
406 425
406 427
406 428
406 430
406 431
406 436
406 438
406 441
406 445
406 446
406 449
407 409
407 412
407 418
407 420
407 422
407 423
407 426
407 427
407 429
407 431
407 437
407 439
407 440
407 443
407 444
407 445
407 447
407 448
408 409
408 410
408 419
408 421
408 424
408 426
408 428
408 431
408 434
408 435
408 436
408 438
408 440
408 447
408 449
408 480
409 411
409 412
409 415
409 419
409 422
409 425
409 426
409 427
409 428
409 433
409 435
409 437
409 439
409 440
409 441
409 443
409 446
409 447
409 459
410 411
410 412
410 424
410 430
410 438
410 445
410 446
410 448
410 449
411 413
411 418
411 421
411 422
411 423
411 426
411 427
411 428
411 433
411 436
411 439
411 443
411 444
411 448
412 413
412 414
412 415
412 417
412 421
412 422
412 425
412 426
412 427
412 428
412 430
412 431
412 436
412 441
412 442
412 444
412 446
412 448
412 491
413 414
413 416
413 419
413 423
413 425
413 426
413 430
413 431
413 432
413 436
413 442
413 443
413 446
413 447
413 449
413 467
414 417
414 419
414 424
414 426
414 429
414 430
414 436
414 439
414 441
414 443
414 446
414 449
415 417
415 418
415 422
415 427
415 429
415 430
415 432
415 433
415 436
415 438
415 440
415 441
415 442
415 444
415 447
415 448
416 417
416 418
416 422
416 425
416 426
416 428
416 432
416 435
416 441
416 444
416 445
416 447
416 448
417 418
417 420
417 421
417 428
417 429
417 435
417 436
417 437
417 438
417 440
417 441
417 445
417 448
417 449
417 482
418 421
418 422
418 424
418 429
418 432
418 437
418 438
418 439
418 441
418 442
418 443
418 447
418 452
419 421
419 422
419 425
419 429
419 430
419 433
419 438
419 440
419 441
419 442
420 422
420 423
420 426
420 427
420 431
420 439
420 440
420 444
420 447
420 449
421 422
421 423
421 425
421 426
421 427
421 429
421 430
421 431
421 434
421 435
421 436
421 439
421 441
421 442
421 443
421 446
421 447
421 448
422 424
422 428
422 433
422 435
422 438
422 440
422 445
422 448
422 449
422 481
423 425
423 426
423 427
423 430
423 431
423 434
423 438
423 439
423 441
423 443
423 444
423 446
423 449
424 426
424 427
424 431
424 433
424 436
424 446
424 449
424 496
425 427
425 429
425 433
425 436
425 437
425 438
425 439
425 441
425 442
425 443
425 448
425 489
426 427
426 430
426 437
426 439
426 440
426 444
426 445
426 447
426 448
426 449
426 471
427 429
427 434
427 435
427 438
427 440
427 441
427 442
427 444
427 445
427 447
428 430
428 432
428 433
428 434
428 435
428 437
428 438
428 439
428 440
428 441
428 444
428 447
428 448
428 449
428 492
429 430
429 431
429 433
429 434
429 436
429 438
429 439
429 444
429 446
429 448
430 432
430 436
430 440
430 442
430 443
430 444
430 445
430 447
431 432
431 437
431 438
431 440
431 441
431 442
431 444
431 446
431 499
432 433
432 435
432 439
432 441
432 445
432 446
432 447
432 448
432 449
432 474
432 487
433 434
433 440
433 442
433 445
433 446
433 447
433 448
433 450
434 437
434 439
434 443
434 444
434 446
434 447
434 448
434 462
435 436
435 438
435 441
435 445
435 449
436 440
436 441
436 442
436 444
436 448
436 449
437 438
437 439
437 440
437 442
437 443
437 444
437 446
437 447
437 448
437 464
437 495
438 445
438 446
438 448
438 449
439 445
439 446
439 447
440 446
440 448
441 445
441 448
441 449
442 444
442 445
442 446
442 447
442 448
442 449
442 475
443 445
443 446
443 448
443 474
444 446
444 448
445 446
446 448
447 449
449 461
450 454
450 456
450 457
450 458
450 459
450 461
450 462
450 464
450 466
450 468
450 473
450 479
450 480
450 482
450 485
450 486
450 487
450 490
450 491
450 498
451 452
451 453
451 455
451 459
451 463
451 467
451 469
451 472
451 476
451 477
451 478
451 484
451 490
451 495
451 498
451 499
452 453
452 455
452 458
452 460
452 461
452 462
452 464
452 471
452 474
452 475
452 476
452 479
452 482
452 491
452 496
452 498
453 460
453 462
453 468
453 473
453 476
453 477
453 480
453 481
453 492
453 493
453 494
453 495
453 496
453 498
453 499
454 457
454 459
454 460
454 461
454 462
454 463
454 466
454 473
454 474
454 475
454 479
454 483
454 484
454 486
454 489
454 491
454 492
454 496
454 497
454 498
455 456
455 457
455 460
455 461
455 463
455 464
455 465
455 479
455 482
455 484
455 485
455 488
455 493
455 494
455 497
456 457
456 459
456 462
456 464
456 473
456 474
456 476
456 477
456 483
456 486
456 487
456 490
456 491
456 492
456 494
456 495
456 496
456 497
456 499
457 458
457 462
457 471
457 472
457 474
457 475
457 481
457 482
457 483
457 485
457 489
457 490
457 493
457 495
457 498
458 460
458 464
458 466
458 469
458 471
458 473
458 478
458 483
458 487
458 488
458 490
458 493
458 498
458 499
459 460
459 463
459 465
459 471
459 473
459 474
459 476
459 478
459 482
459 486
459 491
459 492
459 494
459 496
459 497
459 498
460 463
460 465
460 467
460 468
460 469
460 475
460 478
460 480
460 484
460 485
460 490
460 492
460 494
460 499
461 466
461 469
461 470
461 474
461 475
461 476
461 477
461 478
461 482
461 484
461 485
461 486
461 489
461 490
461 492
461 494
461 498
461 499
462 467
462 468
462 472
462 473
462 475
462 478
462 479
462 486
462 487
462 488
462 493
462 496
462 499
463 470
463 475
463 477
463 478
463 481
463 482
463 485
463 488
463 489
463 490
463 491
463 495
463 496
463 499
464 465
464 467
464 469
464 474
464 475
464 477
464 478
464 480
464 482
464 486
464 488
464 490
464 491
464 494
464 495
464 496
464 497
464 499
465 466
465 470
465 473
465 477
465 483
465 486
465 489
465 490
465 494
466 467
466 476
466 479
466 484
466 490
466 492
466 496
466 498
466 499
467 469
467 470
467 471
467 472
467 475
467 476
467 478
467 482
467 483
467 484
467 486
467 487
467 488
467 489
467 493
467 494
468 471
468 478
468 480
468 481
468 482
468 484
468 486
468 487
468 488
468 489
468 490
468 492
468 494
468 496
468 499
469 477
469 485
469 486
469 488
469 498
470 471
470 472
470 473
470 474
470 479
470 480
470 488
470 491
470 493
470 496
471 473
471 476
471 478
471 483
471 484
471 486
471 487
471 496
472 477
472 480
472 483
472 485
472 486
472 487
472 488
472 492
472 494
472 495
472 496
472 499
473 477
473 481
473 484
473 487
473 489
473 490
473 493
473 494
473 495
473 498
473 499
474 475
474 476
474 481
474 485
474 489
474 490
474 491
474 492
474 493
474 496
474 497
475 476
475 478
475 481
475 486
475 487
475 488
475 489
475 492
475 494
475 498
475 499
476 478
476 483
476 484
476 486
476 488
476 491
476 493
476 495
476 496
476 499
477 479
477 480
477 481
477 489
477 490
477 491
477 495
477 499
478 483
478 484
478 487
478 489
478 490
478 492
478 493
478 494
478 495
478 497
478 498
479 481
479 484
479 486
479 488
479 489
479 490
479 491
480 481
480 483
480 484
480 485
480 487
480 490
480 493
480 495
480 497
481 482
481 483
481 486
481 487
481 491
481 494
481 495
481 499
482 485
482 486
482 487
482 489
482 492
482 493
482 494
482 496
482 497
483 485
483 491
483 492
483 494
483 495
483 497
484 493
484 495
485 486
485 488
485 496
486 487
486 488
486 490
486 491
486 493
486 496
486 497
486 498
486 499
487 488
487 493
487 495
487 497
487 498
487 499
488 490
488 492
488 494
488 498
489 490
489 491
489 493
489 498
490 491
490 493
490 494
490 495
490 496
490 497
490 498
490 499
491 492
491 493
491 496
491 498
491 499
492 493
492 494
492 495
492 497
492 498
493 495
493 497
494 496
494 497
494 499
495 498
495 499
496 497
496 499
497 498
497 499
