0 2
0 8
0 11
0 18
0 19
0 21
0 24
0 27
0 29
0 30
0 35
0 36
0 38
0 40
0 42
0 43
0 45
0 47
0 49
0 95
0 130
0 149
0 107
0 115
0 169
0 213
0 225
0 228
0 255
0 308
0 321
0 329
0 339
0 348
0 387
0 358
0 372
0 432
0 463
0 472
0 484
0 490
1 3
1 4
1 5
1 6
1 9
1 13
1 15
1 18
1 19
1 22
1 23
1 25
1 26
1 29
1 31
1 34
1 38
1 39
1 47
1 48
1 49
1 61
1 91
1 99
1 105
1 115
1 181
1 186
1 228
1 230
1 279
1 292
1 312
1 386
1 392
1 409
1 432
1 433
1 440
1 454
1 458
1 471
1 480
2 5
2 8
2 11
2 12
2 16
2 17
2 19
2 24
2 25
2 26
2 27
2 32
2 34
2 35
2 37
2 39
2 41
2 42
2 43
2 44
2 45
2 50
2 57
2 97
2 105
2 109
2 155
2 176
2 180
2 196
2 259
2 288
2 303
2 323
2 324
2 341
2 386
2 359
2 419
2 432
2 447
2 451
2 463
3 8
3 11
3 14
3 16
3 18
3 20
3 21
3 22
3 29
3 33
3 34
3 35
3 37
3 39
3 40
3 43
3 61
3 72
3 141
3 146
3 117
3 119
3 163
3 195
3 197
3 218
3 224
3 241
3 314
3 322
3 327
3 336
3 343
3 385
3 357
3 365
3 401
3 451
3 452
3 473
4 10
4 11
4 13
4 17
4 19
4 23
4 24
4 25
4 28
4 29
4 30
4 31
4 34
4 44
4 48
4 143
4 149
4 109
4 152
4 166
4 171
4 196
4 228
4 238
4 264
4 271
4 281
4 293
4 254
4 310
4 318
4 366
4 383
4 407
4 439
4 455
4 457
4 484
4 486
5 7
5 9
5 10
5 11
5 14
5 18
5 21
5 26
5 28
5 29
5 32
5 34
5 35
5 39
5 42
5 46
5 72
5 108
5 126
5 185
5 204
5 233
5 270
5 279
5 284
5 308
5 317
5 397
5 368
5 405
5 409
5 420
5 439
5 458
5 481
5 482
5 488
6 7
6 8
6 11
6 13
6 19
6 22
6 24
6 26
6 27
6 31
6 34
6 37
6 38
6 40
6 46
6 66
6 70
6 147
6 108
6 111
6 154
6 167
6 210
6 222
6 259
6 273
6 281
6 250
6 306
6 386
6 360
6 363
6 411
6 433
6 484
6 493
7 8
7 9
7 12
7 13
7 15
7 16
7 19
7 20
7 21
7 22
7 23
7 24
7 29
7 34
7 38
7 40
7 43
7 49
7 76
7 87
7 128
7 101
7 107
7 117
7 118
7 164
7 190
7 247
7 249
7 258
7 277
7 306
7 308
7 316
7 324
7 327
7 396
7 356
7 359
7 361
7 364
7 372
7 404
7 430
8 9
8 10
8 11
8 14
8 15
8 17
8 20
8 24
8 27
8 28
8 32
8 34
8 37
8 38
8 40
8 45
8 48
8 55
8 56
8 58
8 75
8 94
8 112
8 165
8 177
8 231
8 242
8 248
8 270
8 271
8 281
8 286
8 310
8 330
8 399
8 479
9 12
9 14
9 17
9 19
9 20
9 21
9 22
9 23
9 26
9 27
9 30
9 31
9 32
9 36
9 37
9 39
9 40
9 42
9 43
9 50
9 56
9 81
9 86
9 89
9 98
9 129
9 102
9 125
9 127
9 153
9 160
9 180
9 190
9 206
9 210
9 224
9 294
9 250
9 305
9 310
9 320
9 365
9 373
9 382
9 427
9 489
10 13
10 15
10 16
10 17
10 20
10 26
10 27
10 29
10 31
10 32
10 34
10 36
10 37
10 38
10 74
10 81
10 148
10 114
10 157
10 158
10 188
10 216
10 224
10 262
10 271
10 285
10 250
10 253
10 255
10 309
10 335
10 342
10 346
10 391
10 363
10 366
10 404
10 427
10 432
10 447
10 493
11 14
11 19
11 24
11 25
11 26
11 30
11 31
11 32
11 36
11 37
11 41
11 46
11 48
11 86
11 92
11 96
11 144
11 104
11 115
11 117
11 191
11 204
11 224
11 242
11 258
11 251
11 301
11 362
11 432
11 441
11 484
12 13
12 15
12 17
12 20
12 22
12 23
12 26
12 28
12 30
12 31
12 32
12 34
12 36
12 39
12 40
12 42
12 48
12 49
12 53
12 58
12 93
12 137
12 141
12 103
12 107
12 172
12 185
12 237
12 239
12 263
12 276
12 305
12 318
12 323
12 325
12 341
12 345
12 362
12 372
12 422
12 424
12 457
12 468
12 475
12 496
13 17
13 21
13 22
13 24
13 25
13 26
13 27
13 28
13 32
13 33
13 34
13 36
13 37
13 40
13 43
13 47
13 48
13 60
13 107
13 120
13 156
13 174
13 209
13 228
13 239
13 261
13 271
13 277
13 279
13 312
13 322
13 361
13 365
13 372
13 424
13 464
13 499
14 16
14 17
14 22
14 24
14 25
14 34
14 38
14 39
14 42
14 45
14 139
14 106
14 110
14 153
14 178
14 247
14 249
14 257
14 313
14 324
14 390
14 375
14 411
14 412
14 420
14 422
14 431
14 433
14 447
14 457
15 17
15 18
15 21
15 22
15 23
15 28
15 31
15 35
15 38
15 42
15 43
15 45
15 49
15 130
15 140
15 148
15 112
15 168
15 206
15 221
15 262
15 291
15 297
15 255
15 311
15 330
15 389
15 392
15 402
15 417
15 419
15 421
15 438
16 17
16 18
16 19
16 20
16 22
16 23
16 25
16 28
16 35
16 36
16 38
16 40
16 46
16 48
16 49
16 68
16 91
16 161
16 180
16 183
16 195
16 213
16 246
16 265
16 268
16 284
16 303
16 338
16 393
16 397
16 361
16 376
16 379
16 445
16 447
16 466
16 484
17 19
17 20
17 22
17 25
17 26
17 27
17 29
17 30
17 31
17 35
17 36
17 39
17 44
17 45
17 47
17 48
17 132
17 113
17 116
17 155
17 157
17 165
17 166
17 168
17 173
17 184
17 211
17 224
17 229
17 230
17 265
17 267
17 285
17 296
17 312
17 334
17 361
17 403
17 434
17 448
17 453
17 458
17 476
17 479
17 490
18 20
18 22
18 25
18 28
18 36
18 37
18 38
18 39
18 41
18 44
18 48
18 49
18 82
18 145
18 154
18 160
18 170
18 192
18 211
18 232
18 234
18 270
18 275
18 333
18 356
18 360
18 366
18 383
18 400
18 402
18 423
18 440
18 460
18 476
19 20
19 27
19 28
19 29
19 31
19 34
19 35
19 37
19 44
19 45
19 46
19 47
19 51
19 54
19 64
19 86
19 129
19 107
19 127
19 151
19 159
19 203
19 237
19 248
19 354
19 358
19 367
19 377
19 408
19 413
19 431
19 482
19 493
19 497
20 25
20 34
20 37
20 40
20 42
20 49
20 169
20 181
20 200
20 232
20 236
20 252
20 306
20 309
20 313
20 387
20 355
20 422
20 441
20 482
21 22
21 26
21 28
21 30
21 33
21 34
21 37
21 38
21 39
21 40
21 43
21 46
21 48
21 50
21 60
21 139
21 140
21 148
21 120
21 123
21 182
21 249
21 271
21 303
21 328
21 345
21 346
21 395
21 380
21 439
21 468
21 494
22 25
22 31
22 32
22 33
22 34
22 37
22 42
22 46
22 47
22 60
22 72
22 89
22 99
22 124
22 204
22 205
22 207
22 221
22 238
22 260
22 277
22 282
22 290
22 301
22 318
22 335
22 397
22 375
22 423
22 436
22 456
22 462
22 470
22 478
22 481
22 486
23 24
23 32
23 34
23 35
23 38
23 40
23 41
23 44
23 48
23 81
23 88
23 105
23 107
23 117
23 151
23 152
23 163
23 164
23 178
23 189
23 200
23 237
23 278
23 287
23 295
23 254
23 316
23 320
23 335
23 391
23 358
23 372
23 381
23 405
23 436
23 441
23 460
23 497
24 25
24 29
24 30
24 31
24 32
24 35
24 36
24 39
24 40
24 41
24 42
24 46
24 47
24 48
24 52
24 54
24 71
24 87
24 98
24 129
24 113
24 116
24 163
24 184
24 187
24 197
24 217
24 228
24 238
24 295
24 335
24 368
24 375
24 377
24 380
24 402
24 410
24 418
24 436
24 439
24 457
25 27
25 33
25 39
25 40
25 42
25 43
25 44
25 47
25 55
25 58
25 86
25 128
25 144
25 108
25 121
25 166
25 192
25 234
25 237
25 296
25 253
25 304
25 309
25 334
25 382
25 406
25 409
25 414
25 470
25 476
25 489
25 497
26 31
26 40
26 43
26 46
26 48
26 97
26 134
26 147
26 123
26 159
26 217
26 221
26 236
26 278
26 280
26 306
26 316
26 365
26 401
26 421
26 424
26 466
26 488
27 33
27 37
27 38
27 40
27 43
27 46
27 48
27 85
27 128
27 122
27 167
27 178
27 204
27 236
27 248
27 273
27 293
27 250
27 307
27 308
27 317
27 324
27 351
27 366
27 381
27 404
27 409
27 410
27 412
27 416
27 418
27 437
27 440
27 444
27 451
27 459
27 466
27 472
27 475
28 32
28 34
28 35
28 36
28 37
28 39
28 43
28 44
28 48
28 57
28 77
28 78
28 144
28 146
28 148
28 104
28 188
28 198
28 233
28 236
28 277
28 384
28 357
28 363
28 369
28 377
28 419
28 446
28 461
28 498
29 31
29 32
29 34
29 37
29 43
29 44
29 45
29 46
29 48
29 49
29 79
29 135
29 155
29 196
29 229
29 269
29 275
29 347
29 371
29 408
29 426
29 444
29 459
29 474
30 35
30 40
30 41
30 42
30 43
30 44
30 66
30 80
30 94
30 98
30 144
30 146
30 169
30 184
30 185
30 188
30 205
30 212
30 241
30 265
30 360
30 407
30 435
30 453
30 482
30 490
31 33
31 34
31 37
31 46
31 50
31 115
31 168
31 180
31 187
31 211
31 225
31 258
31 275
31 276
31 281
31 296
31 314
31 316
31 325
31 392
31 382
31 383
31 468
31 485
32 37
32 47
32 114
32 169
32 174
32 203
32 222
32 237
32 257
32 258
32 275
32 276
32 311
32 319
32 324
32 342
32 344
32 395
32 352
32 436
32 445
32 491
33 35
33 42
33 44
33 48
33 49
33 56
33 57
33 65
33 76
33 97
33 134
33 148
33 106
33 114
33 157
33 186
33 191
33 235
33 257
33 262
33 269
33 275
33 284
33 293
33 335
33 393
33 353
33 382
33 404
33 440
34 35
34 36
34 40
34 44
34 46
34 52
34 65
34 68
34 74
34 96
34 99
34 162
34 204
34 281
34 282
34 294
34 250
34 301
34 304
34 308
34 310
34 344
34 362
34 364
34 404
34 413
34 414
34 419
34 439
34 440
35 36
35 37
35 40
35 41
35 43
35 46
35 47
35 50
35 53
35 76
35 98
35 123
35 163
35 183
35 199
35 234
35 238
35 239
35 275
35 314
35 339
35 348
35 362
35 372
35 374
35 440
35 450
35 488
36 37
36 38
36 40
36 42
36 43
36 45
36 46
36 82
36 96
36 128
36 138
36 143
36 147
36 174
36 179
36 193
36 203
36 237
36 261
36 264
36 300
36 304
36 353
36 361
36 362
36 416
36 418
36 419
36 438
36 451
36 485
36 487
36 491
37 42
37 43
37 47
37 48
37 74
37 87
37 131
37 133
37 125
37 167
37 174
37 179
37 221
37 241
37 258
37 273
37 290
37 299
37 308
37 346
37 347
37 397
37 357
37 378
37 401
37 418
37 420
37 431
37 453
37 467
37 487
37 498
38 40
38 45
38 46
38 80
38 86
38 98
38 145
38 104
38 111
38 117
38 126
38 162
38 169
38 179
38 197
38 199
38 209
38 217
38 336
38 388
38 396
38 363
38 369
38 407
38 422
38 445
38 465
38 477
38 484
38 486
39 41
39 46
39 60
39 63
39 70
39 140
39 112
39 164
39 196
39 203
39 207
39 219
39 260
39 264
39 292
39 302
39 308
39 328
39 358
39 377
39 421
39 425
39 460
39 468
39 493
40 41
40 42
40 43
40 45
40 46
40 60
40 76
40 87
40 98
40 142
40 173
40 177
40 193
40 228
40 240
40 333
40 342
40 387
40 381
40 434
40 485
40 488
41 43
41 45
41 48
41 49
41 64
41 88
41 148
41 156
41 193
41 201
41 215
41 217
41 229
41 240
41 266
41 289
41 251
41 300
41 314
41 332
41 335
41 349
41 396
41 397
41 354
41 375
41 426
41 430
41 465
41 475
41 485
42 46
42 49
42 57
42 137
42 141
42 123
42 169
42 170
42 204
42 211
42 239
42 305
42 332
42 334
42 335
42 336
42 347
42 389
42 393
42 358
42 403
42 404
42 421
42 431
42 448
42 449
42 456
42 457
42 487
43 97
43 138
43 114
43 123
43 126
43 156
43 163
43 168
43 191
43 234
43 246
43 339
43 349
43 431
43 436
43 437
43 455
43 464
43 467
43 472
43 482
43 487
44 47
44 74
44 76
44 128
44 133
44 143
44 120
44 196
44 219
44 230
44 244
44 276
44 281
44 308
44 341
44 361
44 370
44 409
44 442
44 450
44 452
44 470
45 52
45 71
45 138
45 101
45 164
45 190
45 207
45 211
45 230
45 245
45 248
45 276
45 301
45 330
45 333
45 348
45 379
45 421
45 426
45 448
45 464
45 469
45 489
45 497
46 48
46 141
46 148
46 104
46 126
46 190
46 196
46 198
46 222
46 270
46 286
46 289
46 296
46 336
46 431
46 453
46 458
46 475
46 479
46 483
46 487
46 499
47 65
47 93
47 134
47 151
47 158
47 159
47 161
47 170
47 192
47 196
47 203
47 204
47 205
47 209
47 228
47 264
47 267
47 268
47 277
47 290
47 313
47 325
47 332
47 354
47 357
47 366
47 370
47 403
47 475
47 478
48 58
48 68
48 72
48 120
48 164
48 297
48 312
48 317
48 323
48 365
48 415
48 437
48 457
48 497
49 56
49 137
49 155
49 289
49 311
49 339
49 348
49 416
49 450
49 465
49 472
50 55
50 59
50 60
50 66
50 71
50 72
50 76
50 81
50 83
50 84
50 85
50 87
50 88
50 90
50 93
50 94
50 98
50 136
50 137
50 145
50 147
50 117
50 161
50 182
50 183
50 192
50 204
50 226
50 281
50 366
50 373
50 377
50 417
50 459
51 54
51 55
51 58
51 60
51 61
51 62
51 63
51 64
51 66
51 68
51 69
51 70
51 71
51 78
51 80
51 81
51 82
51 84
51 86
51 87
51 88
51 93
51 170
51 240
51 278
51 284
51 286
51 316
51 323
51 352
51 418
51 423
51 433
51 450
51 466
51 480
51 483
52 55
52 58
52 60
52 63
52 71
52 72
52 74
52 75
52 79
52 86
52 136
52 141
52 142
52 173
52 206
52 227
52 231
52 282
52 316
52 341
52 389
52 391
52 350
52 352
52 360
52 377
52 406
52 409
52 416
52 418
52 459
52 465
52 475
53 58
53 60
53 61
53 62
53 64
53 65
53 71
53 72
53 74
53 75
53 77
53 81
53 83
53 84
53 86
53 87
53 88
53 89
53 90
53 93
53 99
53 135
53 140
53 163
53 165
53 185
53 192
53 223
53 287
53 297
53 328
53 337
53 339
53 405
53 424
53 442
53 451
53 480
53 481
53 486
54 55
54 61
54 65
54 69
54 70
54 74
54 75
54 77
54 78
54 87
54 90
54 92
54 94
54 95
54 98
54 99
54 139
54 112
54 122
54 123
54 124
54 151
54 167
54 169
54 177
54 186
54 194
54 228
54 236
54 239
54 261
54 304
54 316
54 331
54 384
54 386
54 353
54 363
54 417
54 481
55 57
55 59
55 69
55 71
55 72
55 79
55 83
55 87
55 88
55 90
55 91
55 93
55 97
55 145
55 152
55 172
55 179
55 194
55 218
55 282
55 318
55 341
55 370
55 371
55 432
55 487
55 492
56 59
56 60
56 61
56 67
56 81
56 83
56 84
56 85
56 87
56 91
56 94
56 97
56 98
56 99
56 110
56 154
56 157
56 167
56 194
56 199
56 206
56 207
56 226
56 227
56 289
56 291
56 299
56 255
56 321
56 326
56 342
56 385
56 389
56 395
56 404
56 406
56 430
56 453
57 58
57 62
57 65
57 67
57 68
57 69
57 70
57 73
57 75
57 76
57 77
57 79
57 80
57 81
57 83
57 88
57 89
57 93
57 96
57 97
57 99
57 111
57 152
57 165
57 247
57 276
57 287
57 296
57 326
57 387
57 381
57 401
57 411
57 435
57 457
57 482
58 62
58 63
58 65
58 70
58 73
58 74
58 75
58 80
58 86
58 88
58 95
58 99
58 120
58 163
58 168
58 173
58 181
58 232
58 272
58 253
58 304
58 316
58 324
58 343
58 349
58 369
58 401
58 417
58 423
58 428
58 437
58 439
58 464
58 476
58 483
58 488
59 63
59 64
59 65
59 66
59 69
59 71
59 73
59 76
59 77
59 80
59 82
59 83
59 84
59 86
59 87
59 92
59 93
59 94
59 95
59 96
59 98
59 109
59 110
59 170
59 178
59 199
59 202
59 270
59 290
59 250
59 321
59 340
59 412
59 415
59 430
59 431
59 490
60 61
60 65
60 66
60 68
60 69
60 72
60 73
60 74
60 82
60 83
60 88
60 89
60 90
60 94
60 99
60 137
60 104
60 109
60 183
60 188
60 207
60 214
60 221
60 222
60 249
60 294
60 255
60 323
60 325
60 326
60 333
60 340
60 350
60 351
60 354
60 373
60 406
60 407
60 419
60 431
60 466
60 483
61 63
61 64
61 67
61 68
61 69
61 73
61 74
61 75
61 76
61 77
61 78
61 82
61 86
61 87
61 88
61 89
61 90
61 95
61 96
61 97
61 140
61 105
61 214
61 232
61 262
61 282
61 285
61 294
61 302
61 320
61 396
61 369
61 420
61 446
61 455
62 64
62 66
62 73
62 74
62 75
62 77
62 80
62 83
62 88
62 89
62 90
62 96
62 218
62 264
62 265
62 295
62 304
62 386
62 387
62 383
62 412
62 431
62 434
62 440
62 442
62 471
62 499
63 64
63 65
63 66
63 67
63 71
63 77
63 80
63 83
63 92
63 93
63 94
63 95
63 96
63 99
63 160
63 201
63 230
63 240
63 267
63 269
63 279
63 283
63 321
63 337
63 386
63 351
63 357
63 379
63 403
63 415
63 418
63 434
63 447
63 461
63 471
63 481
63 486
63 492
63 493
63 494
64 65
64 66
64 67
64 68
64 70
64 74
64 77
64 82
64 84
64 87
64 88
64 95
64 139
64 140
64 145
64 155
64 156
64 169
64 189
64 221
64 242
64 257
64 293
64 316
64 389
64 358
64 362
64 363
64 495
65 67
65 68
65 71
65 72
65 74
65 75
65 76
65 78
65 81
65 86
65 89
65 90
65 93
65 96
65 99
65 140
65 143
65 148
65 117
65 184
65 186
65 225
65 234
65 291
65 310
65 342
65 364
65 422
65 432
65 459
65 467
65 468
66 71
66 74
66 80
66 82
66 84
66 91
66 94
66 128
66 143
66 111
66 112
66 178
66 183
66 211
66 213
66 229
66 239
66 268
66 253
66 300
66 316
66 329
66 332
66 391
66 350
66 360
66 374
66 427
66 443
66 447
66 451
66 453
66 459
66 479
67 69
67 70
67 75
67 77
67 79
67 81
67 83
67 88
67 89
67 92
67 93
67 98
67 133
67 153
67 157
67 176
67 206
67 263
67 283
67 285
67 253
67 302
67 348
67 399
67 359
67 380
67 452
67 480
67 496
68 70
68 72
68 73
68 76
68 81
68 82
68 83
68 87
68 88
68 91
68 93
68 96
68 97
68 98
68 111
68 156
68 159
68 166
68 185
68 215
68 298
68 254
68 349
68 396
68 419
68 429
68 438
68 456
68 480
68 481
69 73
69 78
69 80
69 81
69 83
69 85
69 89
69 91
69 92
69 93
69 98
69 130
69 102
69 116
69 187
69 198
69 206
69 242
69 301
69 319
69 325
69 345
69 386
69 411
69 462
69 495
70 76
70 79
70 80
70 86
70 87
70 92
70 94
70 97
70 99
70 130
70 104
70 125
70 162
70 176
70 202
70 215
70 221
70 294
70 311
70 315
70 322
70 344
70 407
70 415
70 421
70 424
70 448
70 455
71 72
71 77
71 79
71 83
71 87
71 88
71 91
71 95
71 97
71 132
71 115
71 153
71 189
71 192
71 200
71 202
71 209
71 234
71 237
71 293
71 317
71 327
71 339
71 350
71 364
71 377
71 383
71 449
71 481
71 489
72 74
72 76
72 77
72 78
72 79
72 82
72 85
72 86
72 88
72 90
72 94
72 96
72 128
72 145
72 110
72 154
72 155
72 177
72 207
72 237
72 274
72 315
72 323
72 397
72 373
72 430
72 471
72 492
72 493
73 75
73 77
73 81
73 82
73 85
73 86
73 92
73 93
73 94
73 96
73 149
73 110
73 124
73 162
73 168
73 233
73 290
73 385
73 362
73 368
73 415
73 484
73 499
74 76
74 79
74 80
74 81
74 83
74 87
74 88
74 90
74 92
74 93
74 98
74 135
74 146
74 112
74 120
74 163
74 164
74 292
74 318
74 329
74 332
74 354
74 440
74 456
74 457
74 462
74 495
74 498
75 79
75 81
75 82
75 83
75 85
75 88
75 89
75 90
75 91
75 94
75 99
75 148
75 124
75 164
75 247
75 268
75 270
75 285
75 292
75 297
75 301
75 320
75 322
75 352
75 356
75 365
75 422
75 426
75 444
75 468
76 78
76 79
76 80
76 85
76 87
76 88
76 91
76 92
76 93
76 94
76 96
76 97
76 98
76 99
76 126
76 160
76 181
76 194
76 201
76 214
76 226
76 247
76 281
76 288
76 295
76 310
76 311
76 319
76 359
76 412
76 418
76 423
76 439
76 443
76 458
76 460
76 475
76 494
76 495
77 80
77 84
77 86
77 89
77 92
77 93
77 94
77 95
77 96
77 98
77 141
77 145
77 126
77 162
77 170
77 176
77 189
77 269
77 286
77 252
77 305
77 317
77 362
77 365
77 374
77 402
77 438
77 441
77 475
77 478
77 488
77 493
78 81
78 82
78 83
78 86
78 88
78 89
78 90
78 94
78 132
78 133
78 156
78 209
78 227
78 260
78 276
78 288
78 291
78 325
78 331
78 387
78 395
78 397
78 400
78 420
78 433
78 442
78 471
78 491
78 492
79 83
79 84
79 85
79 89
79 91
79 94
79 95
79 97
79 98
79 99
79 134
79 101
79 116
79 123
79 156
79 174
79 176
79 183
79 214
79 218
79 220
79 227
79 245
79 249
79 265
79 272
79 294
79 298
79 304
79 322
79 332
79 345
79 366
79 456
79 463
79 470
79 476
80 81
80 85
80 86
80 88
80 89
80 90
80 91
80 93
80 94
80 95
80 96
80 97
80 99
80 130
80 163
80 165
80 184
80 212
80 218
80 249
80 261
80 292
80 308
80 313
80 341
80 344
80 397
80 380
80 451
80 482
80 490
81 82
81 84
81 86
81 89
81 91
81 96
81 140
81 146
81 114
81 118
81 166
81 185
81 193
81 195
81 208
81 221
81 229
81 243
81 247
81 277
81 292
81 297
81 253
81 319
81 384
81 396
81 458
81 459
81 495
82 85
82 86
82 89
82 90
82 152
82 168
82 181
82 234
82 258
82 261
82 270
82 278
82 315
82 334
82 393
82 363
82 367
82 400
82 404
82 409
82 455
82 462
82 482
83 84
83 88
83 89
83 90
83 91
83 93
83 97
83 130
83 139
83 157
83 191
83 207
83 249
83 261
83 272
83 274
83 282
83 254
83 302
83 316
83 322
83 350
83 357
83 369
83 400
83 414
83 456
83 493
84 85
84 86
84 87
84 93
84 97
84 98
84 99
84 132
84 149
84 163
84 182
84 204
84 213
84 232
84 268
84 283
84 354
84 359
84 380
84 460
84 472
84 490
84 493
85 88
85 90
85 92
85 93
85 94
85 95
85 96
85 97
85 98
85 136
85 125
85 164
85 169
85 193
85 204
85 231
85 257
85 268
85 307
85 316
85 319
85 324
85 440
85 445
85 453
85 461
85 477
85 495
86 92
86 94
86 98
86 138
86 127
86 150
86 167
86 195
86 220
86 271
86 279
86 289
86 389
86 395
86 355
86 375
86 381
86 418
86 458
86 460
87 88
87 89
87 92
87 95
87 98
87 99
87 136
87 140
87 114
87 161
87 169
87 192
87 196
87 211
87 247
87 265
87 280
87 318
87 353
87 364
87 369
87 412
87 433
87 441
87 474
88 90
88 91
88 93
88 96
88 98
88 112
88 175
88 180
88 184
88 194
88 212
88 219
88 228
88 230
88 275
88 280
88 312
88 389
88 393
88 371
88 383
88 414
88 439
88 442
88 453
88 478
88 495
89 90
89 94
89 186
89 221
89 247
89 270
89 285
89 253
89 314
89 329
89 331
89 386
89 391
89 350
89 364
89 417
89 418
89 482
89 483
89 485
89 491
90 95
90 96
90 97
90 131
90 170
90 187
90 188
90 241
90 284
90 291
90 331
90 334
90 392
90 432
90 433
90 450
90 481
90 492
91 92
91 132
91 100
91 104
91 195
91 196
91 228
91 244
91 261
91 286
91 287
91 303
91 326
91 334
91 354
91 363
91 370
91 380
91 428
91 454
91 462
91 488
92 93
92 99
92 110
92 115
92 161
92 187
92 201
92 208
92 212
92 218
92 266
92 269
92 283
92 252
92 304
92 347
92 384
92 394
92 398
92 365
92 412
92 434
92 457
92 459
92 470
92 483
92 486
92 489
93 96
93 97
93 99
93 137
93 140
93 122
93 187
93 213
93 258
93 315
93 384
93 357
93 365
93 377
93 404
94 95
94 96
94 99
94 134
94 137
94 115
94 117
94 194
94 213
94 216
94 257
94 258
94 262
94 252
94 309
94 321
94 334
94 346
94 380
94 411
94 465
94 482
94 486
95 99
95 149
95 102
95 158
95 169
95 173
95 181
95 233
95 246
95 277
95 302
95 314
95 318
95 330
95 392
95 371
95 380
95 414
95 428
95 445
95 453
95 492
95 493
95 496
96 98
96 99
96 146
96 103
96 111
96 124
96 158
96 166
96 210
96 212
96 230
96 291
96 303
96 314
96 334
96 346
96 395
96 369
96 373
96 431
96 461
96 490
96 494
97 123
97 164
97 183
97 214
97 242
97 245
97 264
97 267
97 270
97 325
97 328
97 329
97 339
97 341
97 372
97 420
97 423
97 434
97 447
97 450
97 460
97 468
97 475
98 114
98 115
98 119
98 201
98 209
98 242
98 244
98 245
98 269
98 317
98 331
98 336
98 394
98 410
98 419
98 467
98 484
98 496
98 499
99 144
99 145
99 101
99 112
99 158
99 184
99 295
99 317
99 326
99 329
99 385
99 356
99 367
99 417
99 431
99 480
128 129
128 131
128 133
128 135
128 137
128 139
128 143
128 144
128 147
128 101
128 104
128 106
128 108
128 112
128 116
128 118
128 120
128 121
128 122
128 124
128 125
128 126
128 127
128 158
128 203
128 205
128 270
128 275
128 276
128 289
128 250
128 252
128 307
128 327
128 394
128 355
128 366
128 379
128 406
128 431
128 463
128 466
128 481
129 130
129 131
129 135
129 141
129 144
129 145
129 148
129 149
129 100
129 101
129 107
129 110
129 112
129 113
129 114
129 118
129 122
129 124
129 126
129 167
129 191
129 224
129 231
129 234
129 237
129 256
129 272
129 251
129 335
129 338
129 347
129 350
129 357
129 409
129 421
129 424
129 439
129 467
130 132
130 136
130 138
130 140
130 142
130 143
130 145
130 147
130 148
130 149
130 100
130 102
130 105
130 108
130 109
130 111
130 113
130 115
130 123
130 125
130 126
130 127
130 195
130 237
130 258
130 274
130 330
130 396
130 397
130 380
130 402
130 406
130 407
130 421
130 431
130 440
130 458
130 467
130 491
131 133
131 135
131 138
131 142
131 144
131 145
131 101
131 103
131 109
131 110
131 111
131 115
131 124
131 127
131 220
131 260
131 337
131 344
131 386
131 382
131 450
132 133
132 135
132 137
132 140
132 141
132 146
132 147
132 148
132 149
132 101
132 105
132 108
132 114
132 115
132 117
132 119
132 124
132 125
132 157
132 167
132 187
132 194
132 208
132 215
132 229
132 256
132 286
132 312
132 339
132 344
132 388
132 370
132 376
132 416
132 422
132 434
132 438
132 457
133 134
133 135
133 139
133 102
133 103
133 106
133 110
133 111
133 114
133 115
133 116
133 117
133 120
133 124
133 127
133 150
133 172
133 183
133 189
133 262
133 272
133 386
133 387
133 357
133 405
133 422
134 135
134 136
134 142
134 143
134 144
134 149
134 100
134 101
134 103
134 104
134 105
134 106
134 107
134 110
134 111
134 113
134 115
134 119
134 120
134 121
134 122
134 123
134 124
134 126
134 177
134 187
134 208
134 219
134 243
134 259
134 265
134 292
134 303
134 341
134 349
134 390
134 361
134 415
134 449
135 137
135 141
135 145
135 146
135 100
135 101
135 102
135 103
135 112
135 113
135 116
135 118
135 121
135 125
135 171
135 193
135 205
135 316
135 328
135 340
135 345
135 386
135 361
135 383
135 404
135 442
135 454
135 466
135 484
135 498
136 137
136 139
136 140
136 142
136 145
136 146
136 102
136 111
136 112
136 113
136 114
136 115
136 116
136 118
136 119
136 124
136 154
136 164
136 201
136 202
136 206
136 215
136 239
136 258
136 336
136 347
136 392
136 394
136 374
136 380
136 381
136 456
136 479
137 138
137 139
137 140
137 141
137 146
137 147
137 102
137 106
137 107
137 108
137 113
137 119
137 120
137 121
137 122
137 123
137 124
137 126
137 151
137 175
137 218
137 245
137 259
137 282
137 287
137 306
137 347
137 366
137 400
137 460
137 473
137 498
138 143
138 146
138 104
138 106
138 107
138 108
138 110
138 111
138 115
138 118
138 119
138 121
138 123
138 152
138 206
138 241
138 249
138 257
138 321
138 389
138 398
138 379
138 382
138 405
138 406
138 430
138 441
138 486
139 142
139 144
139 145
139 148
139 149
139 101
139 105
139 106
139 109
139 110
139 111
139 114
139 115
139 117
139 119
139 120
139 124
139 152
139 162
139 178
139 187
139 188
139 209
139 234
139 296
139 306
139 311
139 326
139 329
139 342
139 353
139 358
139 362
139 496
140 141
140 143
140 146
140 149
140 102
140 104
140 105
140 106
140 107
140 109
140 111
140 112
140 113
140 116
140 118
140 120
140 121
140 122
140 123
140 125
140 160
140 216
140 220
140 221
140 269
140 287
140 324
140 393
140 397
140 358
140 361
140 406
140 431
140 433
140 470
140 496
141 142
141 145
141 148
141 103
141 107
141 108
141 112
141 113
141 116
141 121
141 122
141 123
141 125
141 127
141 154
141 160
141 161
141 168
141 188
141 206
141 214
141 249
141 261
141 287
141 292
141 296
141 304
141 315
141 319
141 326
141 332
141 384
141 386
141 357
141 404
141 432
141 445
141 447
141 452
141 466
142 148
142 149
142 103
142 106
142 107
142 108
142 115
142 116
142 117
142 120
142 121
142 123
142 160
142 240
142 302
142 349
142 391
142 369
142 408
142 422
142 461
142 475
142 488
143 144
143 145
143 147
143 101
143 103
143 105
143 108
143 111
143 115
143 116
143 117
143 118
143 122
143 125
143 157
143 170
143 208
143 213
143 225
143 234
143 235
143 242
143 260
143 280
143 299
143 328
143 330
143 362
143 370
143 409
143 411
143 420
143 436
143 443
143 451
143 459
144 148
144 149
144 100
144 101
144 103
144 104
144 105
144 110
144 112
144 113
144 116
144 118
144 119
144 122
144 123
144 127
144 176
144 192
144 203
144 214
144 222
144 224
144 227
144 230
144 267
144 270
144 291
144 297
144 306
144 315
144 334
144 384
144 385
144 388
144 393
144 399
144 366
144 373
144 430
144 481
144 489
145 146
145 101
145 103
145 107
145 110
145 117
145 118
145 119
145 121
145 123
145 153
145 181
145 190
145 191
145 210
145 258
145 284
145 286
145 332
145 335
145 336
145 395
145 408
145 409
145 433
145 449
145 454
145 459
145 463
145 465
145 468
145 471
146 148
146 103
146 105
146 107
146 108
146 109
146 110
146 111
146 113
146 114
146 115
146 116
146 120
146 125
146 126
146 152
146 191
146 194
146 202
146 204
146 233
146 235
146 247
146 260
146 275
146 276
146 277
146 289
146 320
146 324
146 327
146 328
146 334
146 337
146 345
146 346
146 397
146 377
146 434
146 452
146 462
146 467
147 103
147 105
147 106
147 107
147 108
147 109
147 113
147 114
147 115
147 116
147 117
147 120
147 122
147 125
147 127
147 150
147 200
147 227
147 256
147 293
147 325
147 327
147 328
147 340
147 345
147 381
147 382
147 434
147 449
147 470
147 486
148 149
148 100
148 105
148 106
148 108
148 109
148 111
148 113
148 114
148 116
148 117
148 121
148 122
148 124
148 180
148 190
148 228
148 240
148 265
148 312
148 314
148 387
148 354
148 367
148 369
148 379
148 413
148 438
148 455
148 475
149 104
149 105
149 106
149 107
149 108
149 109
149 110
149 113
149 115
149 117
149 118
149 119
149 121
149 123
149 125
149 158
149 160
149 163
149 247
149 258
149 259
149 268
149 309
149 324
149 327
149 330
149 389
149 352
149 371
149 379
149 381
149 402
149 470
149 489
149 495
100 102
100 104
100 106
100 112
100 115
100 117
100 119
100 121
100 122
100 123
100 124
100 125
100 127
100 159
100 191
100 197
100 223
100 224
100 256
100 302
100 387
100 359
100 421
100 424
100 428
100 450
100 475
100 483
101 102
101 105
101 107
101 117
101 118
101 120
101 121
101 122
101 157
101 160
101 165
101 174
101 185
101 193
101 224
101 231
101 254
101 307
101 316
101 324
101 346
101 384
101 391
101 356
101 358
101 381
101 408
101 411
101 459
101 462
101 470
101 496
102 104
102 105
102 109
102 110
102 111
102 112
102 114
102 115
102 116
102 121
102 124
102 196
102 211
102 219
102 238
102 246
102 289
102 318
102 387
102 393
102 350
102 369
102 410
102 414
102 429
102 433
102 436
102 489
103 106
103 107
103 108
103 111
103 115
103 119
103 122
103 123
103 124
103 126
103 154
103 184
103 211
103 214
103 215
103 271
103 286
103 294
103 298
103 302
103 317
103 341
103 392
103 352
103 400
103 403
103 409
103 416
103 487
103 493
104 106
104 107
104 111
104 112
104 114
104 115
104 116
104 117
104 118
104 119
104 120
104 122
104 126
104 160
104 170
104 190
104 203
104 222
104 229
104 230
104 232
104 308
104 316
104 398
104 377
104 403
104 404
104 410
104 424
104 452
104 454
104 464
104 469
104 476
105 106
105 108
105 110
105 112
105 113
105 115
105 117
105 118
105 119
105 120
105 121
105 126
105 184
105 189
105 206
105 219
105 220
105 226
105 233
105 254
105 305
105 308
105 312
105 334
105 340
105 345
105 394
105 364
105 375
105 439
105 462
105 468
105 469
106 109
106 110
106 112
106 117
106 118
106 119
106 123
106 125
106 126
106 154
106 165
106 185
106 193
106 210
106 240
106 259
106 283
106 299
106 312
106 316
106 390
106 371
106 382
106 411
106 425
106 477
106 491
106 496
107 108
107 109
107 110
107 115
107 117
107 119
107 121
107 122
107 126
107 127
107 154
107 190
107 227
107 242
107 258
107 273
107 276
107 300
107 330
107 401
107 407
107 427
107 464
108 109
108 117
108 119
108 120
108 121
108 122
108 123
108 164
108 244
108 286
108 320
108 331
108 340
108 385
108 399
108 367
108 368
108 382
108 410
108 479
108 481
108 489
109 115
109 117
109 122
109 123
109 127
109 152
109 171
109 177
109 186
109 188
109 205
109 211
109 212
109 220
109 227
109 230
109 236
109 386
109 392
109 412
109 415
109 442
109 483
110 112
110 117
110 121
110 122
110 124
110 125
110 151
110 169
110 178
110 192
110 217
110 231
110 236
110 237
110 259
110 309
110 310
110 322
110 323
110 333
110 336
110 337
110 339
110 398
110 352
110 366
110 378
110 402
110 417
110 429
110 431
110 472
110 494
111 116
111 119
111 122
111 123
111 126
111 160
111 167
111 180
111 203
111 248
111 288
111 296
111 300
111 389
111 396
111 404
111 456
112 113
112 114
112 117
112 118
112 120
112 121
112 122
112 123
112 125
112 150
112 160
112 199
112 224
112 246
112 265
112 284
112 254
112 300
112 304
112 308
112 336
112 352
112 374
112 401
112 403
112 412
112 427
112 434
112 494
113 115
113 122
113 123
113 126
113 163
113 183
113 194
113 217
113 229
113 291
113 349
113 391
113 358
113 365
113 366
113 403
113 408
113 419
113 428
113 446
113 460
113 465
114 118
114 121
114 123
114 124
114 126
114 127
114 225
114 244
114 282
114 285
114 311
114 327
114 371
114 377
114 381
114 428
114 434
114 446
114 453
114 460
114 491
115 120
115 121
115 122
115 126
115 172
115 184
115 186
115 218
115 281
115 285
115 311
115 342
115 360
115 368
115 374
115 383
115 435
115 442
115 445
115 458
115 494
116 117
116 119
116 120
116 122
116 125
116 126
116 161
116 192
116 206
116 211
116 247
116 268
116 295
116 298
116 309
116 353
116 417
116 429
116 443
116 474
116 499
117 118
117 122
117 123
117 125
117 186
117 189
117 200
117 210
117 232
117 267
117 275
117 250
117 255
117 303
117 308
117 329
117 343
117 349
117 384
117 354
117 371
117 382
117 436
117 446
117 447
117 485
118 120
118 122
118 123
118 124
118 127
118 154
118 175
118 198
118 220
118 263
118 267
118 270
118 298
118 325
118 345
118 377
118 438
118 466
119 121
119 124
119 125
119 127
119 157
119 158
119 164
119 174
119 231
119 265
119 272
119 251
119 390
119 392
119 399
119 355
119 406
119 436
119 445
119 460
119 490
120 121
120 125
120 169
120 191
120 202
120 206
120 220
120 222
120 247
120 248
120 274
120 276
120 250
120 324
120 325
120 331
120 384
120 355
120 428
120 436
121 123
121 124
121 125
121 126
121 127
121 154
121 155
121 170
121 206
121 234
121 279
121 290
121 293
121 316
121 346
121 347
121 349
121 388
121 358
121 362
121 373
121 374
121 382
121 405
121 410
121 419
121 438
121 452
121 474
122 125
122 127
122 201
122 204
122 227
122 289
122 250
122 300
122 311
122 320
122 396
122 350
122 370
122 374
122 416
122 420
122 436
122 453
122 461
122 481
123 125
123 127
123 225
123 228
123 234
123 241
123 276
123 294
123 254
123 331
123 336
123 387
123 415
123 419
123 447
123 473
123 491
124 126
124 127
124 178
124 241
124 272
124 254
124 324
124 327
124 334
124 337
124 348
124 396
124 373
124 403
124 407
124 410
124 413
124 419
124 434
124 466
124 473
124 481
124 484
125 126
125 153
125 179
125 239
125 242
125 288
125 314
125 398
125 354
125 365
125 461
126 179
126 186
126 216
126 220
126 224
126 233
126 234
126 237
126 242
126 266
126 322
126 341
126 392
126 399
126 367
126 407
126 466
126 484
126 485
126 491
127 152
127 172
127 175
127 178
127 195
127 196
127 203
127 223
127 224
127 278
127 293
127 299
127 308
127 318
127 343
127 349
127 396
127 362
127 400
127 403
127 429
127 456
127 473
127 477
127 497
150 152
150 153
150 154
150 156
150 157
150 159
150 161
150 162
150 164
150 167
150 169
150 174
150 177
150 178
150 179
150 181
150 182
150 183
150 186
150 190
150 191
150 192
150 193
150 195
150 198
150 199
150 206
150 221
150 233
150 237
150 239
150 246
150 267
150 269
150 284
150 292
150 294
150 303
150 325
150 326
150 337
150 341
150 344
150 349
150 391
150 364
150 376
150 379
150 408
150 413
150 415
150 457
150 468
150 471
151 154
151 155
151 156
151 158
151 159
151 162
151 164
151 168
151 169
151 170
151 175
151 176
151 177
151 178
151 182
151 183
151 184
151 189
151 191
151 195
151 196
151 197
151 236
151 296
151 326
151 393
151 355
151 372
151 445
152 155
152 158
152 159
152 163
152 164
152 168
152 170
152 174
152 176
152 183
152 185
152 188
152 189
152 190
152 193
152 195
152 197
152 198
152 218
152 261
152 278
152 291
152 255
152 375
152 380
152 431
152 435
152 441
152 465
152 468
152 469
153 155
153 158
153 161
153 166
153 167
153 175
153 176
153 178
153 179
153 182
153 187
153 189
153 190
153 192
153 193
153 206
153 213
153 218
153 225
153 228
153 243
153 258
153 267
153 273
153 323
153 331
153 390
153 399
153 419
153 440
153 448
153 476
153 479
153 487
153 493
154 155
154 156
154 157
154 159
154 164
154 168
154 169
154 173
154 175
154 176
154 177
154 180
154 184
154 186
154 191
154 196
154 198
154 213
154 264
154 300
154 306
154 308
154 312
154 320
154 332
154 337
154 340
154 350
154 352
154 353
154 356
154 373
154 410
154 416
154 453
154 483
155 156
155 159
155 161
155 163
155 165
155 167
155 173
155 175
155 176
155 179
155 182
155 187
155 188
155 189
155 195
155 196
155 197
155 199
155 211
155 226
155 288
155 251
155 317
155 363
155 422
155 435
155 438
155 445
155 458
155 476
156 161
156 163
156 167
156 168
156 169
156 174
156 178
156 181
156 183
156 188
156 190
156 191
156 193
156 195
156 197
156 199
156 212
156 227
156 233
156 266
156 272
156 287
156 288
156 297
156 324
156 385
156 353
156 368
156 380
156 423
156 455
157 159
157 164
157 166
157 168
157 174
157 175
157 181
157 184
157 187
157 188
157 196
157 197
157 234
157 283
157 251
157 326
157 332
157 339
157 388
157 394
157 354
157 372
157 379
157 474
157 498
158 160
158 162
158 165
158 171
158 174
158 177
158 179
158 181
158 183
158 184
158 185
158 187
158 190
158 191
158 192
158 193
158 199
158 206
158 207
158 209
158 212
158 233
158 271
158 283
158 285
158 296
158 305
158 325
158 349
158 356
158 373
158 374
158 378
158 380
158 426
158 472
158 477
158 481
158 489
158 498
159 160
159 161
159 164
159 165
159 172
159 174
159 176
159 177
159 179
159 180
159 182
159 184
159 186
159 188
159 193
159 194
159 196
159 198
159 199
159 200
159 206
159 215
159 239
159 292
159 253
159 255
159 312
159 314
159 340
159 346
159 374
159 417
159 422
159 436
159 465
159 477
160 164
160 167
160 168
160 170
160 171
160 172
160 173
160 174
160 176
160 177
160 178
160 180
160 183
160 184
160 191
160 192
160 194
160 196
160 197
160 198
160 199
160 222
160 265
160 269
160 317
160 323
160 388
160 366
160 406
160 422
160 471
161 166
161 169
161 170
161 171
161 173
161 175
161 178
161 180
161 186
161 192
161 196
161 199
161 227
161 237
161 249
161 257
161 264
161 274
161 299
161 342
161 384
161 392
161 354
161 383
161 432
161 438
161 443
161 468
162 164
162 167
162 168
162 170
162 175
162 176
162 180
162 181
162 182
162 185
162 186
162 187
162 188
162 191
162 192
162 193
162 203
162 219
162 225
162 236
162 240
162 248
162 278
162 301
162 320
162 328
162 332
162 354
162 382
162 463
162 467
162 480
162 494
163 164
163 166
163 167
163 171
163 173
163 174
163 176
163 179
163 188
163 192
163 193
163 194
163 197
163 199
163 244
163 262
163 268
163 277
163 340
163 395
163 418
163 429
163 497
164 167
164 172
164 176
164 181
164 183
164 184
164 191
164 194
164 198
164 199
164 204
164 248
164 256
164 267
164 275
164 255
164 304
164 332
164 353
164 355
164 428
164 432
164 441
164 455
164 483
164 486
165 167
165 170
165 171
165 173
165 174
165 178
165 182
165 186
165 188
165 192
165 193
165 194
165 195
165 198
165 202
165 241
165 271
165 288
165 289
165 252
165 303
165 323
165 342
165 349
165 389
165 355
165 423
165 436
165 438
166 167
166 170
166 171
166 176
166 177
166 179
166 184
166 186
166 188
166 191
166 192
166 195
166 199
166 209
166 235
166 237
166 239
166 249
166 260
166 294
166 250
166 323
166 328
166 331
166 394
166 357
166 358
166 365
166 383
166 411
166 479
166 490
167 171
167 173
167 174
167 175
167 179
167 181
167 182
167 187
167 191
167 192
167 193
167 194
167 196
167 199
167 222
167 245
167 260
167 251
167 309
167 339
167 394
167 358
167 408
167 412
167 414
167 436
167 483
167 491
167 493
168 169
168 170
168 172
168 177
168 180
168 181
168 182
168 187
168 188
168 189
168 192
168 196
168 197
168 199
168 252
168 332
168 388
168 360
168 365
168 377
168 382
168 421
168 429
168 484
169 170
169 172
169 173
169 175
169 176
169 177
169 178
169 179
169 180
169 181
169 182
169 185
169 186
169 190
169 191
169 193
169 196
169 199
169 235
169 281
169 310
169 327
169 341
169 351
169 361
169 368
169 369
169 379
169 414
169 422
169 431
169 442
169 449
169 486
169 497
170 174
170 176
170 181
170 190
170 191
170 194
170 195
170 199
170 210
170 220
170 225
170 232
170 264
170 269
170 252
170 301
170 302
170 318
170 330
170 349
170 356
170 381
170 417
170 428
170 433
170 435
170 479
170 484
171 174
171 178
171 179
171 181
171 182
171 184
171 186
171 189
171 192
171 194
171 211
171 261
171 268
171 283
171 330
171 364
171 403
171 405
171 421
172 173
172 175
172 177
172 179
172 180
172 183
172 184
172 189
172 191
172 192
172 199
172 219
172 239
172 243
172 246
172 248
172 278
172 286
172 288
172 291
172 254
172 300
172 310
172 319
172 326
172 333
172 348
172 354
172 379
172 453
172 457
172 472
173 180
173 181
173 184
173 187
173 188
173 195
173 196
173 198
173 200
173 205
173 229
173 232
173 237
173 256
173 266
173 269
173 253
173 317
173 331
173 335
173 397
173 357
173 368
173 372
173 380
173 418
173 427
173 467
173 494
174 175
174 176
174 177
174 178
174 179
174 183
174 187
174 188
174 194
174 198
174 221
174 241
174 248
174 260
174 287
174 311
174 324
174 331
174 381
174 408
174 479
174 491
175 181
175 191
175 192
175 194
175 195
175 197
175 198
175 202
175 207
175 291
175 323
175 341
175 359
175 381
175 449
175 457
175 473
176 178
176 181
176 182
176 190
176 193
176 194
176 196
176 197
176 198
176 227
176 260
176 269
176 454
177 178
177 179
177 183
177 187
177 188
177 189
177 190
177 191
177 192
177 193
177 196
177 197
177 198
177 218
177 220
177 223
177 228
177 292
177 297
177 334
177 338
177 399
177 375
177 401
177 404
177 440
177 443
177 453
177 490
178 179
178 180
178 182
178 185
178 187
178 190
178 198
178 199
178 224
178 249
178 259
178 270
178 290
178 304
178 313
178 360
178 400
178 403
178 420
178 432
178 450
178 463
178 466
178 492
179 182
179 185
179 186
179 188
179 190
179 193
179 197
179 198
179 199
179 240
179 241
179 247
179 275
179 318
179 339
179 346
179 399
179 363
179 365
179 407
179 480
179 482
180 183
180 186
180 188
180 189
180 192
180 194
180 197
180 229
180 243
180 284
180 287
180 314
180 351
180 357
180 359
180 375
180 408
180 436
180 465
180 493
181 182
181 184
181 189
181 190
181 193
181 194
181 195
181 197
181 198
181 213
181 233
181 234
181 235
181 237
181 248
181 276
181 294
181 304
181 325
181 339
181 345
181 394
181 355
182 183
182 184
182 186
182 187
182 192
182 193
182 194
182 195
182 198
182 199
182 209
182 231
182 274
182 284
182 287
182 301
182 320
182 387
182 391
182 374
182 375
182 400
182 406
182 424
182 447
182 456
182 462
182 464
182 466
182 476
183 184
183 189
183 191
183 192
183 194
183 195
183 198
183 200
183 202
183 210
183 268
183 295
183 305
183 314
183 325
183 328
183 346
183 361
183 403
183 407
183 415
183 417
183 492
184 188
184 190
184 192
184 195
184 196
184 217
184 219
184 240
184 245
184 267
184 273
184 251
184 328
184 375
184 415
184 437
184 444
184 458
184 460
184 470
184 490
184 493
185 187
185 189
185 190
185 191
185 196
185 198
185 199
185 229
185 262
185 279
185 289
185 315
185 345
185 354
185 358
185 372
185 379
185 380
185 419
185 438
185 449
185 461
185 466
185 481
185 494
186 194
186 195
186 206
186 212
186 230
186 273
186 310
186 329
186 331
186 333
186 389
186 391
186 353
186 364
186 472
187 188
187 192
187 193
187 195
187 198
187 218
187 230
187 260
187 267
187 295
187 310
187 336
187 346
187 391
187 382
187 461
187 466
187 476
188 190
188 196
188 198
188 203
188 209
188 232
188 256
188 263
188 291
188 303
188 305
188 328
188 389
188 350
188 401
188 464
188 476
188 487
189 190
189 195
189 196
189 198
189 200
189 226
189 228
189 268
189 272
189 323
189 325
189 327
189 347
189 350
189 450
189 452
189 462
190 191
190 194
190 195
190 196
190 199
190 204
190 230
190 232
190 240
190 287
190 294
190 295
190 371
190 374
190 378
190 383
190 418
190 422
190 424
190 425
190 441
190 460
191 193
191 195
191 196
191 198
191 199
191 211
191 222
191 237
191 262
191 267
191 275
191 283
191 286
191 294
191 327
191 431
191 471
192 193
192 199
192 211
192 212
192 221
192 295
192 301
192 340
192 384
192 357
192 382
192 404
192 444
192 464
192 469
192 477
192 481
192 498
193 293
193 252
193 306
193 317
193 340
193 403
193 411
193 416
193 432
193 440
193 464
193 475
194 195
194 197
194 233
194 262
194 285
194 294
194 304
194 315
194 340
194 341
194 410
195 199
195 202
195 263
195 282
195 250
195 314
195 321
195 376
195 401
195 405
195 406
195 422
195 470
195 487
195 491
196 197
196 198
196 206
196 209
196 217
196 228
196 237
196 248
196 286
196 304
196 343
196 387
196 376
196 402
196 418
196 457
196 484
197 198
197 257
197 265
197 313
197 315
197 327
197 333
197 345
197 349
197 387
197 398
197 358
197 362
197 363
197 442
197 444
197 450
197 455
197 471
197 472
197 484
198 199
198 230
198 235
198 285
198 288
198 298
198 254
198 333
198 341
198 375
198 439
198 450
199 206
199 213
199 246
199 268
199 389
199 398
199 355
199 417
199 458
199 461
199 499
200 201
200 204
200 207
200 208
200 209
200 211
200 215
200 218
200 219
200 220
200 221
200 223
200 224
200 225
200 229
200 231
200 233
200 237
200 241
200 245
200 247
200 249
200 283
200 313
200 314
200 322
200 325
200 334
200 391
200 371
200 413
200 423
200 427
200 431
200 458
200 466
200 484
201 204
201 207
201 208
201 209
201 211
201 218
201 219
201 223
201 224
201 225
201 230
201 231
201 235
201 239
201 240
201 243
201 244
201 246
201 248
201 293
201 303
201 391
201 362
201 453
201 457
201 488
201 499
202 213
202 215
202 216
202 226
202 231
202 234
202 236
202 237
202 238
202 240
202 241
202 242
202 247
202 291
202 294
202 297
202 253
202 317
202 322
202 327
202 338
202 342
202 346
202 358
202 375
202 376
202 405
202 488
202 494
203 207
203 208
203 213
203 217
203 218
203 220
203 221
203 224
203 225
203 228
203 230
203 235
203 238
203 240
203 242
203 245
203 246
203 249
203 263
203 270
203 273
203 322
203 360
203 414
203 421
203 422
203 435
203 480
204 205
204 207
204 210
204 211
204 212
204 214
204 216
204 217
204 219
204 225
204 226
204 229
204 232
204 233
204 235
204 239
204 241
204 242
204 243
204 244
204 247
204 301
204 304
204 319
204 344
204 371
204 400
204 456
204 476
205 206
205 209
205 213
205 215
205 224
205 231
205 232
205 233
205 235
205 236
205 240
205 244
205 248
205 256
205 269
205 292
205 251
205 253
205 255
205 395
205 361
205 375
205 419
205 433
205 450
205 452
205 454
205 460
205 465
206 208
206 209
206 210
206 213
206 214
206 215
206 217
206 219
206 220
206 221
206 225
206 226
206 233
206 235
206 240
206 242
206 244
206 245
206 246
206 306
206 322
206 331
206 335
206 348
206 409
206 418
206 426
206 452
206 453
207 208
207 209
207 212
207 213
207 215
207 217
207 219
207 220
207 222
207 227
207 235
207 237
207 239
207 241
207 242
207 244
207 245
207 246
207 248
207 249
207 263
207 284
207 286
207 341
207 395
207 355
207 402
207 491
208 209
208 215
208 216
208 219
208 220
208 221
208 225
208 228
208 231
208 233
208 235
208 236
208 240
208 241
208 244
208 246
208 247
208 249
208 261
208 275
208 293
208 250
208 252
208 313
208 317
208 360
208 361
208 375
208 402
208 447
208 450
208 460
208 482
209 215
209 218
209 219
209 220
209 221
209 224
209 228
209 229
209 230
209 232
209 233
209 237
209 238
209 240
209 246
209 247
209 262
209 263
209 277
209 320
209 390
209 372
209 373
209 438
209 454
209 467
209 492
210 211
210 212
210 213
210 217
210 218
210 220
210 225
210 229
210 230
210 231
210 232
210 233
210 234
210 237
210 238
210 239
210 242
210 245
210 258
210 264
210 299
210 253
210 254
210 315
210 348
210 423
210 429
210 431
210 433
210 461
211 212
211 214
211 219
211 221
211 224
211 225
211 226
211 227
211 229
211 231
211 235
211 237
211 239
211 240
211 241
211 243
211 244
211 245
211 246
211 248
211 249
211 276
211 295
211 296
211 309
211 312
211 326
211 390
211 353
211 382
211 416
211 424
211 430
211 436
212 214
212 216
212 217
212 219
212 221
212 223
212 224
212 226
212 231
212 233
212 235
212 236
212 238
212 239
212 240
212 244
212 247
212 266
212 267
212 285
212 253
212 303
212 366
212 414
212 453
212 454
212 475
212 477
212 498
213 215
213 218
213 220
213 221
213 227
213 231
213 232
213 233
213 234
213 236
213 237
213 242
213 243
213 246
213 247
213 267
213 269
213 272
213 278
213 283
213 303
213 345
213 392
213 396
213 355
213 365
213 372
213 456
213 483
213 485
214 217
214 221
214 222
214 227
214 228
214 231
214 232
214 234
214 235
214 237
214 242
214 243
214 248
214 287
214 297
214 253
214 344
214 370
214 382
214 420
215 217
215 220
215 225
215 226
215 227
215 229
215 234
215 236
215 237
215 240
215 241
215 243
215 244
215 246
215 248
215 265
215 286
215 287
215 313
215 324
215 391
215 357
215 363
215 377
215 423
215 491
216 225
216 230
216 234
216 235
216 239
216 244
216 246
216 248
216 256
216 272
216 255
216 313
216 325
216 331
216 349
216 396
216 379
216 410
216 430
216 445
216 471
216 473
217 218
217 220
217 221
217 222
217 223
217 224
217 225
217 226
217 232
217 235
217 236
217 237
217 241
217 242
217 245
217 249
217 285
217 319
217 321
217 328
217 343
217 355
217 374
217 416
217 423
217 426
217 441
217 446
217 482
218 222
218 226
218 228
218 229
218 233
218 235
218 238
218 240
218 241
218 246
218 248
218 249
218 288
218 296
218 317
218 332
218 333
218 346
218 383
218 410
218 427
218 434
218 466
218 483
218 485
218 487
218 497
219 222
219 224
219 226
219 228
219 229
219 231
219 233
219 235
219 236
219 238
219 240
219 244
219 246
219 265
219 299
219 361
219 409
219 425
219 441
219 457
219 469
219 481
220 223
220 224
220 225
220 226
220 227
220 228
220 229
220 233
220 237
220 242
220 257
220 258
220 277
220 278
220 300
220 340
220 342
220 384
220 396
220 399
220 424
220 490
221 222
221 224
221 225
221 229
221 231
221 232
221 233
221 237
221 239
221 241
221 244
221 247
221 279
221 322
221 355
221 376
221 403
221 411
221 437
221 446
221 461
221 485
222 224
222 227
222 228
222 231
222 232
222 233
222 234
222 237
222 238
222 239
222 241
222 242
222 244
222 245
222 248
222 249
222 256
222 280
222 320
222 346
222 378
222 380
222 401
222 420
222 457
222 468
222 495
223 227
223 228
223 231
223 232
223 233
223 237
223 243
223 249
223 257
223 264
223 292
223 253
223 306
223 334
223 340
223 363
223 371
223 444
223 456
223 486
224 229
224 231
224 233
224 236
224 239
224 240
224 245
224 248
224 290
224 408
224 416
224 424
224 484
224 487
225 226
225 227
225 229
225 230
225 231
225 232
225 237
225 241
225 243
225 245
225 246
225 258
225 325
225 330
225 399
225 354
225 378
225 382
225 383
225 408
225 433
225 443
225 464
225 481
226 227
226 231
226 236
226 237
226 239
226 241
226 242
226 244
226 247
226 248
226 249
226 261
226 300
226 331
226 384
226 396
226 353
226 366
226 369
226 380
226 433
226 475
227 230
227 236
227 237
227 243
227 246
227 249
227 289
227 298
227 303
227 326
227 395
227 362
227 404
227 465
227 466
227 468
227 486
228 234
228 235
228 236
228 237
228 238
228 246
228 248
228 261
228 287
228 253
228 306
228 423
228 443
228 460
228 464
228 483
228 485
229 230
229 231
229 234
229 235
229 238
229 241
229 242
229 247
229 248
229 286
229 307
229 312
229 315
229 340
229 395
229 350
229 370
229 405
229 430
229 445
229 479
229 491
230 232
230 234
230 235
230 238
230 240
230 246
230 248
230 266
230 287
230 295
230 312
230 325
230 399
230 355
230 366
230 383
230 425
230 428
230 430
230 467
230 498
231 233
231 235
231 236
231 238
231 239
231 244
231 247
231 249
231 301
231 310
231 390
231 367
231 434
231 459
231 481
232 234
232 238
232 240
232 242
232 245
232 246
232 249
232 259
232 281
232 303
232 332
232 341
232 345
232 387
232 361
232 405
232 407
232 417
232 426
232 458
232 495
233 236
233 240
233 242
233 244
233 247
233 267
233 275
233 287
233 291
233 327
233 343
233 364
233 373
233 383
233 404
233 431
233 440
233 485
234 239
234 242
234 243
234 244
234 245
234 274
234 310
234 397
234 350
234 374
234 377
234 383
234 414
234 417
234 420
234 427
234 431
234 437
234 452
234 476
235 239
235 240
235 242
235 246
235 247
235 248
235 264
235 285
235 287
235 302
235 327
235 338
235 347
235 355
235 356
235 363
235 381
235 432
235 443
235 450
235 467
235 468
235 482
236 239
236 241
236 243
236 248
236 255
236 388
236 355
236 359
236 400
236 410
236 412
236 444
236 475
236 498
237 239
237 240
237 241
237 246
237 248
237 341
237 396
237 351
237 414
237 416
237 417
237 455
237 459
237 479
237 495
238 242
238 249
238 303
238 305
238 328
238 355
238 377
238 422
238 439
238 468
238 486
239 244
239 249
239 285
239 294
239 296
239 250
239 310
239 352
239 370
239 412
239 425
239 446
239 463
239 470
239 486
240 242
240 243
240 244
240 245
240 247
240 248
240 249
240 266
240 289
240 297
240 298
240 299
240 301
240 315
240 348
240 377
240 403
240 409
240 441
240 460
240 480
241 242
241 249
241 257
241 295
241 251
241 328
241 333
241 338
241 346
241 384
241 393
241 355
241 377
241 412
241 423
241 425
241 464
241 495
242 244
242 249
242 277
242 298
242 322
242 324
242 326
242 355
242 357
242 421
242 422
242 425
242 435
242 445
242 464
242 479
242 481
242 484
243 244
243 245
243 246
243 249
243 263
243 290
243 309
243 317
243 321
243 322
243 336
243 342
243 344
243 372
243 373
243 375
243 439
243 453
243 467
243 498
244 247
244 249
244 260
244 261
244 262
244 279
244 288
244 296
244 396
244 399
244 362
244 410
244 425
244 494
245 267
245 299
245 338
245 387
245 446
245 477
245 479
245 492
246 247
246 249
246 272
246 309
246 316
246 348
246 390
246 358
246 361
246 416
246 428
246 458
246 469
247 279
247 288
247 289
247 303
247 329
247 330
247 335
247 390
247 355
247 363
247 421
247 427
247 440
247 463
247 489
248 257
248 255
248 326
248 352
248 362
248 378
248 466
249 297
249 251
249 317
249 396
249 353
249 429
249 443
249 444
249 450
249 467
256 259
256 262
256 263
256 264
256 265
256 266
256 267
256 270
256 275
256 281
256 282
256 285
256 286
256 287
256 289
256 293
256 295
256 297
256 251
256 252
256 253
256 254
256 302
256 354
256 371
256 379
256 401
256 406
256 411
256 453
256 476
256 490
256 492
256 495
257 258
257 259
257 260
257 264
257 267
257 269
257 271
257 274
257 275
257 279
257 281
257 285
257 287
257 289
257 291
257 293
257 294
257 295
257 297
257 253
257 255
257 302
257 312
257 368
257 372
257 383
257 416
257 427
257 444
257 450
257 468
258 259
258 260
258 262
258 266
258 268
258 270
258 271
258 276
258 277
258 281
258 282
258 283
258 287
258 290
258 293
258 296
258 251
258 252
258 301
258 345
258 415
258 417
258 423
258 437
258 448
258 468
258 470
259 264
259 266
259 270
259 276
259 277
259 278
259 285
259 290
259 295
259 296
259 297
259 299
259 250
259 251
259 255
259 340
259 346
259 368
259 373
259 380
259 402
259 404
259 431
259 448
259 489
259 495
260 262
260 263
260 264
260 266
260 267
260 268
260 269
260 271
260 272
260 273
260 275
260 276
260 278
260 280
260 283
260 284
260 288
260 292
260 293
260 294
260 296
260 297
260 251
260 253
260 255
260 327
260 336
260 389
260 370
260 403
260 474
260 477
260 497
261 263
261 264
261 265
261 266
261 268
261 269
261 270
261 272
261 275
261 277
261 278
261 280
261 281
261 282
261 286
261 287
261 288
261 289
261 290
261 295
261 297
261 298
261 250
261 251
261 253
261 331
261 334
261 387
261 396
261 352
261 415
261 442
261 455
261 478
261 479
262 268
262 269
262 271
262 272
262 275
262 276
262 277
262 279
262 280
262 283
262 288
262 290
262 291
262 292
262 294
262 296
262 297
262 298
262 250
262 251
262 254
262 255
262 313
262 315
262 397
262 362
262 415
262 421
262 424
262 437
262 439
262 440
262 471
263 267
263 270
263 271
263 272
263 276
263 279
263 280
263 284
263 285
263 286
263 287
263 289
263 290
263 295
263 298
263 252
263 255
263 304
263 305
263 322
263 323
263 394
263 355
263 361
263 380
263 414
263 439
263 444
263 451
263 468
263 470
263 480
263 491
264 266
264 267
264 269
264 271
264 272
264 275
264 276
264 277
264 280
264 282
264 284
264 285
264 286
264 290
264 293
264 294
264 250
264 303
264 326
264 329
264 388
264 396
264 375
264 381
264 413
264 423
265 266
265 270
265 271
265 276
265 277
265 284
265 285
265 290
265 294
265 295
265 251
265 253
265 254
265 255
265 356
265 363
265 374
265 404
265 409
265 449
265 460
265 488
265 492
266 267
266 273
266 281
266 285
266 287
266 288
266 291
266 292
266 293
266 294
266 298
266 299
266 253
266 255
266 338
266 394
266 370
266 371
266 373
266 378
266 417
266 493
267 268
267 270
267 273
267 276
267 278
267 279
267 280
267 282
267 283
267 284
267 286
267 287
267 291
267 292
267 293
267 294
267 295
267 298
267 250
267 252
267 255
267 306
267 311
267 344
267 353
267 377
267 407
267 410
267 426
267 433
267 471
267 479
267 481
267 489
268 271
268 272
268 274
268 279
268 282
268 287
268 288
268 289
268 292
268 293
268 296
268 297
268 298
268 299
268 250
268 252
268 319
268 332
268 345
268 352
268 353
268 354
268 366
268 370
268 412
268 430
268 467
268 477
268 493
268 495
269 272
269 274
269 276
269 277
269 278
269 279
269 281
269 286
269 288
269 290
269 291
269 295
269 297
269 298
269 251
269 253
269 254
269 255
269 302
269 363
269 370
269 407
269 409
269 412
269 415
269 417
269 491
269 494
270 271
270 277
270 280
270 281
270 285
270 287
270 288
270 290
270 295
270 296
270 250
270 254
270 312
270 316
270 386
270 351
270 357
270 416
270 425
270 428
270 455
270 465
271 272
271 273
271 274
271 275
271 277
271 278
271 282
271 286
271 290
271 294
271 341
271 345
271 356
271 365
271 402
271 410
271 413
271 455
271 483
272 273
272 276
272 277
272 279
272 280
272 292
272 294
272 298
272 299
272 250
272 251
272 255
272 332
272 361
272 363
272 413
272 454
272 473
272 485
273 279
273 281
273 284
273 285
273 288
273 292
273 294
273 295
273 298
273 299
273 251
273 255
273 352
273 357
273 362
273 369
273 381
273 418
273 430
273 464
273 478
273 481
273 483
274 278
274 281
274 282
274 288
274 289
274 299
274 252
274 255
274 306
274 338
274 341
274 374
274 421
274 447
274 464
275 276
275 277
275 282
275 284
275 286
275 287
275 289
275 290
275 295
275 296
275 297
275 252
275 254
275 304
275 308
275 317
275 348
275 386
275 387
275 398
275 359
275 371
275 377
275 411
275 424
275 436
275 437
275 486
275 491
276 277
276 278
276 279
276 280
276 281
276 290
276 293
276 298
276 250
276 251
276 252
276 253
276 321
276 402
276 408
276 445
276 457
277 278
277 280
277 282
277 288
277 289
277 290
277 293
277 295
277 296
277 299
277 252
277 314
277 329
277 388
277 398
277 351
277 353
277 379
277 426
277 442
277 455
277 471
277 489
278 279
278 280
278 281
278 282
278 283
278 284
278 286
278 288
278 289
278 292
278 293
278 295
278 296
278 297
278 251
278 253
278 314
278 350
278 352
278 354
278 355
278 364
278 383
278 414
278 454
278 460
278 461
278 486
279 283
279 284
279 295
279 250
279 252
279 254
279 255
279 332
279 340
279 434
279 470
279 471
279 483
279 489
280 281
280 282
280 288
280 289
280 291
280 293
280 294
280 297
280 299
280 250
280 252
280 253
280 254
280 255
280 321
280 335
280 355
280 373
280 376
280 377
280 412
280 438
280 442
281 282
281 283
281 284
281 286
281 287
281 288
281 291
281 292
281 293
281 298
281 299
281 250
281 252
281 254
281 301
281 323
281 325
281 338
281 404
281 406
281 409
281 421
281 423
281 458
281 469
281 480
281 492
282 283
282 286
282 288
282 289
282 290
282 291
282 292
282 296
282 253
282 309
282 313
282 390
282 406
282 444
282 479
282 491
283 285
283 288
283 289
283 290
283 294
283 296
283 297
283 298
283 250
283 251
283 255
283 301
283 336
283 345
283 347
283 349
283 399
283 358
283 419
283 424
283 432
283 434
283 458
283 461
283 468
283 495
284 285
284 288
284 289
284 296
284 299
284 252
284 253
284 306
284 338
284 346
284 367
284 369
284 428
284 430
284 460
284 483
285 286
285 289
285 292
285 294
285 299
285 250
285 252
285 253
285 254
285 255
285 306
285 318
285 325
285 335
285 336
285 345
285 359
285 363
285 416
285 448
285 458
285 459
285 467
285 489
286 288
286 291
286 292
286 293
286 294
286 297
286 251
286 303
286 315
286 319
286 322
286 324
286 389
286 372
286 382
286 415
286 422
286 425
286 449
286 474
287 288
287 289
287 291
287 292
287 293
287 294
287 295
287 298
287 303
287 308
287 309
287 328
287 380
287 382
287 409
287 421
287 449
287 473
288 289
288 291
288 292
288 294
288 295
288 252
288 254
288 337
288 339
288 416
288 423
288 447
288 455
288 475
288 498
289 290
289 291
289 292
289 299
289 250
289 251
289 255
289 305
289 337
289 388
289 397
289 358
289 364
289 381
289 383
289 431
289 450
289 472
290 291
290 293
290 251
290 252
290 326
290 331
290 338
290 394
290 398
290 350
290 354
290 370
290 375
290 404
290 420
290 434
290 443
290 475
290 492
290 494
291 294
291 297
291 299
291 253
291 322
291 323
291 332
291 343
291 388
291 373
291 375
291 486
292 293
292 294
292 295
292 298
292 299
292 306
292 308
292 316
292 323
292 337
292 386
292 352
292 414
292 419
292 421
292 434
292 454
292 466
293 295
293 297
293 251
293 253
293 254
293 310
293 339
293 388
293 364
293 365
293 401
293 451
293 469
293 470
293 487
293 492
294 299
294 250
294 254
294 309
294 314
294 321
294 322
294 331
294 399
294 362
294 404
294 442
294 448
294 454
294 461
294 466
294 471
294 494
295 298
295 299
295 253
295 307
295 352
295 370
295 415
295 431
295 491
295 493
296 299
296 250
296 251
296 252
296 319
296 341
296 347
296 399
296 434
296 440
296 447
296 450
296 465
296 468
297 298
297 251
297 252
297 253
297 336
297 354
297 368
297 375
297 420
297 427
297 435
297 437
297 445
297 465
297 496
298 251
298 252
298 255
298 305
298 318
298 349
298 398
298 399
298 357
298 361
298 379
298 400
298 420
298 429
298 434
299 251
299 252
299 306
299 348
299 359
299 383
299 405
299 437
299 461
299 471
250 252
250 253
250 255
250 391
250 392
250 402
250 413
250 417
250 487
251 255
251 316
251 317
251 341
251 343
251 416
251 467
251 472
252 311
252 313
252 369
252 402
252 416
252 439
252 465
253 254
253 329
253 365
253 379
253 409
253 462
254 303
254 314
254 346
254 394
254 408
254 428
254 463
254 472
254 479
254 482
254 489
254 494
255 308
255 358
255 411
255 412
255 422
255 425
255 431
255 436
255 442
255 454
300 304
300 305
300 306
300 312
300 313
300 318
300 321
300 323
300 325
300 328
300 329
300 330
300 331
300 333
300 335
300 337
300 339
300 342
300 343
300 345
300 347
300 373
300 474
301 304
301 305
301 307
301 309
301 313
301 315
301 317
301 322
301 325
301 330
301 334
301 336
301 340
301 341
301 343
301 346
301 347
301 397
301 359
301 419
301 437
301 442
301 473
301 491
302 304
302 305
302 306
302 310
302 311
302 312
302 313
302 314
302 317
302 319
302 321
302 323
302 324
302 328
302 330
302 332
302 334
302 338
302 341
302 345
302 347
302 348
302 349
302 384
302 415
302 444
302 466
302 467
302 493
302 494
303 307
303 308
303 315
303 317
303 319
303 320
303 322
303 323
303 324
303 325
303 326
303 327
303 328
303 329
303 331
303 332
303 339
303 342
303 345
303 346
303 348
303 356
303 364
303 418
303 436
303 440
303 475
303 478
303 486
303 495
304 305
304 308
304 312
304 314
304 316
304 319
304 320
304 325
304 326
304 329
304 330
304 333
304 341
304 345
304 346
304 348
304 393
304 373
304 469
305 308
305 315
305 316
305 319
305 321
305 322
305 323
305 326
305 327
305 332
305 337
305 341
305 347
305 392
305 350
305 364
305 375
305 404
305 422
305 434
305 451
305 453
305 475
305 487
306 307
306 309
306 314
306 315
306 318
306 320
306 321
306 325
306 326
306 328
306 332
306 336
306 339
306 340
306 341
306 346
306 357
306 362
306 364
306 369
306 412
306 422
306 451
306 455
306 461
307 309
307 310
307 313
307 314
307 316
307 319
307 322
307 324
307 326
307 329
307 332
307 333
307 336
307 338
307 374
307 413
307 438
307 442
307 443
307 445
307 446
307 487
307 496
308 309
308 310
308 313
308 314
308 320
308 321
308 323
308 325
308 329
308 330
308 341
308 343
308 344
308 347
308 348
308 349
308 406
308 429
308 446
308 447
308 451
308 458
308 461
308 479
308 492
309 311
309 312
309 314
309 319
309 320
309 325
309 326
309 327
309 328
309 335
309 339
309 342
309 343
309 359
309 380
309 402
309 431
309 436
309 461
309 476
309 494
310 311
310 314
310 317
310 319
310 321
310 323
310 325
310 326
310 328
310 331
310 332
310 334
310 337
310 342
310 343
310 344
310 347
310 348
310 349
310 392
310 358
310 360
310 369
310 400
310 431
310 436
310 478
310 482
310 493
311 313
311 315
311 316
311 318
311 320
311 321
311 326
311 327
311 329
311 331
311 336
311 339
311 342
311 343
311 346
311 347
311 349
311 390
311 354
311 462
312 313
312 320
312 327
312 331
312 332
312 334
312 336
312 337
312 338
312 339
312 340
312 343
312 346
312 347
312 348
312 349
312 384
312 391
312 350
312 374
312 405
312 449
312 456
312 464
312 492
313 321
313 322
313 323
313 324
313 325
313 326
313 328
313 330
313 331
313 336
313 337
313 338
313 339
313 341
313 343
313 349
313 386
313 401
313 404
313 419
313 421
313 423
313 477
314 317
314 318
314 320
314 323
314 327
314 330
314 331
314 334
314 335
314 340
314 348
314 388
314 396
314 368
314 370
314 375
314 404
314 442
314 469
314 478
315 317
315 326
315 335
315 336
315 338
315 341
315 343
315 344
315 346
315 348
315 360
315 378
315 436
315 451
315 455
316 320
316 321
316 322
316 324
316 327
316 328
316 329
316 331
316 332
316 335
316 338
316 341
316 342
316 348
316 349
316 366
316 404
316 461
316 467
317 319
317 330
317 334
317 335
317 336
317 343
317 344
317 347
317 348
317 377
317 426
317 454
317 473
317 476
317 480
318 319
318 321
318 327
318 330
318 331
318 335
318 339
318 340
318 343
318 344
318 347
318 348
318 387
318 356
318 414
318 471
318 472
318 476
318 484
319 323
319 325
319 331
319 333
319 334
319 335
319 336
319 338
319 339
319 340
319 344
319 399
319 358
319 359
319 366
319 412
319 415
319 421
319 434
319 479
319 480
319 490
319 495
320 322
320 323
320 324
320 330
320 331
320 332
320 336
320 340
320 341
320 342
320 343
320 344
320 345
320 386
320 364
320 465
320 482
321 327
321 330
321 335
321 340
321 341
321 343
321 344
321 345
321 346
321 347
321 384
321 438
321 446
321 456
321 487
322 330
322 333
322 339
322 344
322 345
322 353
322 378
322 412
322 426
322 434
322 438
322 441
322 499
323 324
323 325
323 326
323 328
323 335
323 336
323 340
323 348
323 349
323 393
323 398
323 359
323 368
323 369
323 378
323 405
323 472
324 325
324 326
324 329
324 330
324 332
324 333
324 336
324 338
324 341
324 342
324 345
324 347
324 348
324 389
324 356
324 369
324 380
324 439
324 447
324 491
324 496
325 328
325 330
325 331
325 335
325 337
325 339
325 340
325 341
325 345
325 346
325 348
325 358
325 373
325 404
325 415
325 426
325 441
325 466
325 484
326 327
326 328
326 331
326 332
326 334
326 336
326 337
326 339
326 341
326 342
326 343
326 344
326 347
326 348
326 399
326 361
326 413
326 414
326 434
326 446
326 457
326 459
326 467
326 488
326 493
327 330
327 333
327 334
327 336
327 339
327 343
327 346
327 347
327 349
327 389
327 360
327 378
327 436
327 452
327 453
327 460
327 463
327 473
327 483
327 484
327 486
328 329
328 330
328 332
328 338
328 339
328 342
328 344
328 347
328 370
328 375
328 383
328 400
328 406
328 417
328 424
328 434
328 482
328 494
328 495
328 497
329 330
329 333
329 335
329 338
329 341
329 344
329 380
329 421
329 425
329 452
329 490
330 334
330 335
330 337
330 341
330 344
330 345
330 349
330 396
330 379
330 382
330 426
330 439
330 479
330 485
330 488
331 335
331 336
331 337
331 338
331 339
331 344
331 347
331 386
331 353
331 354
331 362
331 438
331 461
331 474
331 480
331 483
331 489
331 493
332 335
332 336
332 337
332 340
332 341
332 342
332 343
332 344
332 346
332 348
332 397
332 368
332 414
332 416
332 424
332 436
332 453
332 467
332 477
333 335
333 338
333 339
333 340
333 342
333 343
333 347
333 348
333 352
333 378
333 400
333 430
333 439
333 491
334 336
334 337
334 338
334 340
334 342
334 343
334 346
334 396
334 352
334 370
334 418
334 430
334 456
334 474
334 476
334 480
334 487
335 336
335 337
335 341
335 344
335 348
335 349
335 386
335 396
335 403
335 438
335 471
335 496
336 337
336 342
336 344
336 345
336 347
336 349
336 444
336 457
336 477
336 483
337 342
337 345
337 346
337 347
337 349
337 354
337 383
337 422
337 423
337 433
337 437
337 452
337 455
337 460
337 488
338 340
338 342
338 343
338 345
338 349
338 384
338 389
338 393
338 363
338 368
338 383
338 403
338 454
339 340
339 341
339 342
339 344
339 349
339 386
339 372
339 406
339 423
339 443
339 482
340 342
340 343
340 349
340 368
340 370
340 404
340 443
340 469
340 470
341 342
341 343
341 347
341 349
341 394
341 398
341 363
341 369
341 404
341 414
341 429
342 344
342 357
342 416
342 438
342 441
342 447
342 492
342 496
342 498
343 345
343 358
343 373
343 383
343 415
343 422
343 427
343 451
343 452
343 466
343 468
343 472
343 484
343 485
343 493
344 396
344 368
344 383
344 407
344 452
344 457
344 458
344 473
344 496
344 498
345 346
345 347
345 348
345 349
345 377
345 430
345 455
345 463
345 467
346 347
346 348
346 385
346 375
346 428
346 429
346 431
346 443
346 455
346 475
346 478
347 349
347 385
347 397
347 362
347 468
347 477
347 496
348 385
348 391
348 394
348 398
348 373
348 434
348 440
349 361
349 416
349 432
349 443
349 447
349 484
384 386
384 387
384 388
384 390
384 393
384 394
384 396
384 398
384 353
384 354
384 357
384 359
384 361
384 364
384 366
384 368
384 372
384 373
384 374
384 375
384 378
384 380
384 383
384 410
384 427
384 477
384 479
384 481
385 387
385 390
385 393
385 398
385 355
385 356
385 357
385 358
385 359
385 361
385 364
385 368
385 370
385 372
385 373
385 374
385 377
385 379
385 382
385 383
385 434
385 444
385 448
385 466
385 487
386 399
386 351
386 353
386 354
386 356
386 357
386 358
386 360
386 362
386 368
386 369
386 370
386 377
386 381
386 382
386 383
386 433
386 439
386 460
386 467
386 470
387 388
387 389
387 390
387 395
387 398
387 350
387 352
387 353
387 354
387 355
387 358
387 360
387 361
387 362
387 363
387 370
387 373
387 378
387 383
387 415
387 417
387 421
387 462
387 467
388 392
388 394
388 396
388 397
388 352
388 353
388 356
388 357
388 358
388 360
388 366
388 367
388 369
388 375
388 377
388 379
388 435
388 449
388 455
388 497
389 390
389 391
389 392
389 395
389 397
389 399
389 350
389 352
389 353
389 358
389 362
389 364
389 366
389 367
389 371
389 372
389 375
389 380
389 401
389 416
389 424
389 474
389 477
389 482
390 392
390 395
390 397
390 398
390 350
390 352
390 355
390 356
390 358
390 359
390 360
390 365
390 369
390 372
390 374
390 376
390 377
390 379
390 380
390 416
390 423
390 453
390 499
391 392
391 397
391 398
391 350
391 352
391 354
391 356
391 358
391 359
391 366
391 370
391 372
391 373
391 375
391 377
391 381
391 408
391 413
391 426
391 431
391 441
391 496
392 398
392 399
392 350
392 355
392 356
392 361
392 363
392 365
392 366
392 367
392 368
392 370
392 374
392 375
392 376
392 377
392 378
392 379
392 380
392 381
392 409
392 415
392 417
392 419
392 431
392 452
392 453
392 471
392 485
392 486
392 493
393 395
393 398
393 353
393 363
393 365
393 369
393 370
393 371
393 372
393 375
393 381
393 382
393 411
393 429
393 456
393 474
393 485
394 351
394 352
394 353
394 354
394 355
394 356
394 357
394 358
394 360
394 361
394 362
394 364
394 367
394 369
394 373
394 374
394 379
394 380
394 381
394 413
394 415
394 441
394 467
394 486
395 396
395 397
395 399
395 350
395 355
395 357
395 358
395 361
395 364
395 367
395 368
395 372
395 376
395 379
395 381
395 382
395 383
395 416
395 451
395 489
396 397
396 351
396 352
396 355
396 356
396 359
396 360
396 361
396 364
396 368
396 370
396 371
396 372
396 373
396 375
396 376
396 377
396 381
396 382
396 383
396 407
396 411
396 415
396 417
396 431
396 436
396 444
396 453
396 496
397 355
397 356
397 357
397 359
397 363
397 372
397 373
397 374
397 377
397 379
397 381
397 383
397 401
397 445
397 474
397 499
398 399
398 350
398 352
398 353
398 354
398 355
398 356
398 361
398 364
398 365
398 367
398 371
398 372
398 373
398 374
398 375
398 377
398 380
398 381
398 445
398 462
398 463
398 464
398 474
398 484
398 491
399 351
399 358
399 362
399 363
399 366
399 368
399 371
399 372
399 376
399 378
399 379
399 381
399 382
399 383
399 418
399 426
399 473
399 483
399 489
350 351
350 352
350 357
350 358
350 360
350 361
350 364
350 366
350 367
350 368
350 373
350 374
350 375
350 376
350 380
350 405
350 428
350 441
350 444
350 446
350 474
351 354
351 357
351 359
351 362
351 368
351 370
351 373
351 375
351 377
351 378
351 380
351 383
351 433
351 436
351 455
351 465
352 358
352 364
352 366
352 367
352 369
352 371
352 374
352 376
352 378
352 381
352 383
352 417
352 421
352 424
352 452
352 455
352 456
352 470
353 354
353 363
353 374
353 375
353 376
353 378
353 380
353 409
353 428
353 456
353 484
353 489
353 497
354 360
354 362
354 368
354 372
354 375
354 377
354 378
354 380
354 382
354 461
354 463
354 464
354 469
354 487
354 488
355 356
355 361
355 363
355 365
355 366
355 375
355 377
355 382
355 383
355 438
355 468
356 360
356 366
356 367
356 368
356 370
356 371
356 376
356 378
356 379
356 380
356 381
356 382
356 406
356 419
356 428
356 440
357 360
357 361
357 363
357 364
357 365
357 366
357 369
357 370
357 401
357 402
357 426
357 429
357 451
357 481
357 498
358 359
358 361
358 366
358 367
358 370
358 373
358 378
358 381
358 382
358 383
358 407
358 408
358 430
358 436
358 441
358 449
358 480
358 481
358 491
359 360
359 365
359 366
359 367
359 369
359 370
359 372
359 375
359 376
359 379
359 380
359 382
359 416
359 417
360 362
360 363
360 366
360 368
360 369
360 371
360 372
360 375
360 377
360 382
360 383
360 446
361 363
361 365
361 366
361 371
361 373
361 377
361 378
361 466
361 481
362 366
362 370
362 372
362 375
362 379
362 380
362 381
362 406
362 418
362 437
362 453
362 465
362 472
362 485
363 364
363 365
363 367
363 368
363 369
363 371
363 374
363 378
363 381
363 383
363 415
363 441
363 447
363 448
363 462
364 367
364 368
364 372
364 373
364 375
364 376
364 377
364 382
364 407
364 414
364 419
364 421
364 426
364 456
364 459
364 484
365 367
365 370
365 372
365 373
365 376
365 379
365 381
365 403
365 410
365 432
365 450
365 481
365 498
366 369
366 370
366 371
366 373
366 374
366 375
366 379
366 382
366 383
366 401
366 440
366 446
366 471
366 499
367 368
367 369
367 370
367 371
367 373
367 375
367 377
367 379
367 382
367 401
367 405
367 438
367 440
367 441
367 454
367 461
368 371
368 373
368 376
368 412
368 489
368 492
369 370
369 372
369 373
369 377
369 378
369 379
369 381
369 382
369 383
369 401
369 403
369 421
369 450
369 469
369 476
369 497
370 371
370 373
370 378
370 380
370 382
370 383
370 431
370 482
371 372
371 375
371 376
371 377
371 379
371 381
371 383
371 442
371 451
371 470
371 480
371 481
371 496
371 498
372 374
372 375
372 379
372 381
372 382
372 383
372 414
372 436
372 464
372 470
372 492
373 374
373 376
373 377
373 379
373 381
373 382
373 415
373 453
373 469
373 474
374 375
374 376
374 378
374 379
374 422
374 431
374 458
374 475
374 479
374 483
374 487
375 379
375 381
375 383
375 459
375 472
375 489
375 498
376 377
376 380
376 381
376 406
376 413
376 425
376 454
376 475
376 489
376 492
377 381
377 383
377 420
377 425
377 447
377 476
377 482
377 491
378 381
378 434
378 447
378 463
379 382
379 425
379 443
379 471
379 486
379 499
380 381
380 382
380 439
380 451
380 470
380 478
380 489
380 497
381 414
381 419
381 420
381 428
381 489
381 498
382 383
382 406
382 428
382 433
382 437
383 407
383 428
383 430
383 447
383 470
400 401
400 402
400 403
400 404
400 408
400 410
400 411
400 416
400 419
400 420
400 424
400 425
400 427
400 428
400 430
400 435
400 436
400 439
400 446
400 447
400 479
401 406
401 411
401 416
401 418
401 419
401 420
401 423
401 427
401 429
401 430
401 433
401 438
401 439
401 441
401 442
401 447
401 462
401 469
402 407
402 408
402 412
402 416
402 419
402 420
402 423
402 424
402 425
402 430
402 433
402 434
402 445
402 449
403 408
403 411
403 412
403 418
403 419
403 422
403 423
403 425
403 426
403 428
403 429
403 432
403 435
403 436
403 438
403 439
403 440
403 441
403 449
403 462
403 493
404 408
404 409
404 410
404 419
404 420
404 421
404 424
404 425
404 428
404 429
404 431
404 432
404 433
404 434
404 435
404 438
404 439
404 440
404 441
404 442
404 444
404 448
404 449
404 460
404 467
404 468
404 484
405 408
405 410
405 412
405 413
405 414
405 417
405 419
405 421
405 424
405 428
405 433
405 438
405 440
405 442
405 443
405 445
405 446
405 449
405 459
405 463
405 490
406 408
406 411
406 412
406 413
406 415
406 417
406 422
406 423
406 424
406 425
406 426
406 428
406 431
406 434
406 438
406 439
406 440
406 441
406 446
406 448
406 449
406 452
406 499
407 413
407 414
407 417
407 418
407 419
407 420
407 422
407 426
407 430
407 432
407 436
407 437
407 439
407 443
407 444
407 445
407 448
407 453
407 482
407 493
407 498
408 411
408 413
408 415
408 416
408 420
408 422
408 423
408 426
408 429
408 430
408 431
408 434
408 435
408 437
408 446
408 447
408 448
408 465
408 482
408 489
408 495
409 411
409 416
409 417
409 418
409 419
409 423
409 425
409 427
409 428
409 431
409 433
409 439
409 444
409 447
409 448
409 449
409 470
409 481
410 417
410 418
410 422
410 426
410 428
410 431
410 434
410 435
410 437
410 439
410 440
410 444
410 445
410 448
410 449
410 454
410 476
410 479
410 497
411 415
411 418
411 420
411 422
411 429
411 435
411 436
411 437
411 438
411 441
411 444
411 446
411 447
411 448
411 449
411 467
411 476
411 491
412 414
412 418
412 419
412 420
412 421
412 424
412 428
412 430
412 432
412 434
412 435
412 440
412 441
412 442
412 443
412 447
412 448
412 467
412 480
413 414
413 415
413 416
413 417
413 418
413 419
413 422
413 423
413 427
413 429
413 431
413 433
413 434
413 436
413 438
413 440
413 444
413 445
413 448
413 499
414 417
414 419
414 420
414 422
414 428
414 429
414 433
414 434
414 435
414 436
414 437
414 438
414 442
414 449
414 471
415 419
415 420
415 422
415 424
415 427
415 428
415 429
415 431
415 432
415 440
415 444
415 447
415 449
415 451
415 472
415 479
415 482
416 419
416 420
416 421
416 423
416 424
416 425
416 427
416 430
416 432
416 434
416 435
416 438
416 440
416 445
416 446
416 474
416 476
417 424
417 428
417 432
417 435
417 436
417 438
417 439
417 440
417 447
417 448
417 451
417 474
418 419
418 420
418 423
418 425
418 426
418 428
418 429
418 432
418 434
418 436
418 437
418 438
418 439
418 440
418 441
418 446
418 447
418 449
418 473
418 474
419 420
419 421
419 424
419 425
419 426
419 427
419 428
419 430
419 431
419 432
419 435
419 438
419 439
419 440
419 441
419 450
419 484
420 422
420 423
420 424
420 427
420 430
420 433
420 437
420 440
420 441
420 447
420 448
420 463
420 482
421 427
421 438
421 440
421 441
421 444
421 445
421 455
421 461
421 479
421 498
422 425
422 432
422 433
422 434
422 441
422 446
422 448
422 461
422 463
423 430
423 433
423 435
423 437
423 438
423 440
423 441
423 446
423 453
423 457
423 469
423 499
424 426
424 428
424 429
424 436
424 437
424 445
424 449
424 452
424 478
425 427
425 428
425 434
425 436
425 440
425 441
425 443
425 445
425 449
426 427
426 428
426 430
426 436
426 437
426 439
426 440
426 441
426 444
426 448
426 455
426 479
427 428
427 429
427 434
427 436
427 441
427 443
427 445
427 446
427 447
427 454
427 474
427 485
428 429
428 432
428 433
428 435
428 438
428 439
428 441
428 442
428 443
428 447
429 436
429 437
429 438
429 440
429 441
429 445
429 446
429 447
429 448
429 450
429 453
429 469
429 470
429 481
429 483
430 433
430 435
430 440
430 442
430 444
430 448
430 464
430 471
430 487
430 491
430 492
431 432
431 437
431 438
431 439
431 445
431 447
431 448
431 450
431 454
431 487
432 433
432 434
432 435
432 438
432 440
432 441
432 443
432 445
432 446
432 482
432 494
432 495
433 438
433 439
433 440
433 441
433 444
433 446
433 447
433 448
433 452
433 475
433 487
434 436
434 446
434 447
434 448
434 459
435 436
435 439
435 442
435 443
435 444
435 445
435 447
436 437
436 438
436 442
436 443
436 445
436 447
436 449
436 463
436 475
436 489
437 439
437 443
437 444
437 445
437 446
437 447
437 450
437 475
438 441
438 442
438 449
438 454
438 457
438 465
438 473
438 480
438 481
438 485
438 486
439 440
439 441
439 444
439 445
439 446
439 447
439 448
439 464
439 467
439 474
439 495
439 497
440 443
440 444
440 445
440 447
440 448
440 449
440 465
440 478
441 442
441 444
441 446
441 449
441 451
441 482
441 488
442 444
442 445
442 446
442 447
442 448
442 455
442 471
442 490
443 444
443 445
443 447
443 448
443 449
443 452
443 466
444 447
444 449
444 452
445 448
445 449
445 451
446 448
446 449
446 456
447 462
448 473
448 480
448 481
449 485
450 452
450 455
450 457
450 459
450 461
450 464
450 467
450 468
450 471
450 474
450 477
450 478
450 479
450 480
450 482
450 483
450 484
450 487
450 488
450 494
450 495
450 496
450 499
451 452
451 453
451 457
451 461
451 463
451 466
451 467
451 468
451 469
451 471
451 473
451 474
451 476
451 477
451 480
451 481
451 483
451 485
451 486
451 487
451 488
451 489
452 454
452 457
452 459
452 466
452 467
452 469
452 470
452 471
452 472
452 475
452 476
452 478
452 482
452 483
452 485
452 486
452 489
452 490
452 491
452 494
452 498
453 455
453 456
453 457
453 459
453 460
453 461
453 467
453 468
453 469
453 470
453 471
453 473
453 475
453 477
453 478
453 481
453 486
453 488
453 489
453 491
453 492
453 493
453 496
453 497
453 498
454 456
454 458
454 459
454 462
454 463
454 464
454 469
454 470
454 472
454 473
454 474
454 475
454 479
454 480
454 482
454 487
454 488
454 489
454 490
454 494
454 499
455 458
455 459
455 461
455 463
455 464
455 465
455 472
455 476
455 478
455 479
455 481
455 483
455 487
455 488
455 489
455 490
455 491
455 493
455 495
455 496
455 497
455 498
456 457
456 460
456 461
456 462
456 463
456 469
456 470
456 472
456 474
456 479
456 480
456 483
456 486
456 489
456 491
456 493
456 495
456 496
456 498
456 499
457 459
457 462
457 463
457 467
457 468
457 471
457 473
457 474
457 475
457 477
457 480
457 487
457 492
457 493
457 494
457 496
457 497
457 499
458 461
458 462
458 463
458 464
458 465
458 466
458 468
458 471
458 474
458 475
458 480
458 481
458 482
458 483
458 488
458 492
458 493
458 495
458 497
459 470
459 472
459 473
459 474
459 475
459 476
459 477
459 478
459 480
459 481
459 483
459 487
459 492
459 495
460 463
460 469
460 470
460 472
460 473
460 475
460 476
460 478
460 479
460 480
460 483
460 484
460 488
460 489
460 491
460 494
461 462
461 463
461 470
461 473
461 477
461 480
461 482
461 483
461 488
461 493
461 495
462 463
462 465
462 469
462 472
462 477
462 478
462 481
462 484
462 485
462 486
462 488
462 489
462 492
462 493
462 495
463 467
463 469
463 470
463 472
463 474
463 478
463 480
463 483
463 484
463 486
463 489
463 490
463 492
463 493
463 495
463 497
464 465
464 466
464 467
464 468
464 470
464 474
464 475
464 476
464 477
464 478
464 481
464 485
464 486
464 488
464 490
464 492
464 493
464 494
464 495
464 496
465 467
465 471
465 472
465 476
465 480
465 485
465 486
465 488
465 491
465 497
465 499
466 469
466 471
466 472
466 475
466 477
466 480
466 481
466 482
466 491
466 495
466 496
467 468
467 473
467 474
467 476
467 479
467 483
467 486
467 492
467 496
467 498
468 470
468 471
468 472
468 474
468 475
468 476
468 478
468 480
468 481
468 486
468 491
468 494
468 499
469 472
469 474
469 475
469 477
469 478
469 480
469 481
469 482
469 485
469 488
469 489
469 490
469 491
469 494
470 471
470 472
470 474
470 475
470 476
470 490
470 498
470 499
471 474
471 478
471 481
471 484
471 491
471 493
471 494
471 495
471 497
472 473
472 475
472 479
472 480
472 483
472 484
472 485
472 486
472 496
472 497
472 499
473 474
473 475
473 482
473 483
473 484
473 486
473 491
473 492
474 476
474 477
474 481
474 482
474 483
474 484
474 490
474 491
474 496
474 497
475 476
475 479
475 482
475 483
475 484
475 487
475 489
475 493
475 495
475 498
475 499
476 478
476 480
476 483
476 485
476 486
476 487
476 492
476 494
476 497
476 498
476 499
477 478
477 481
477 482
477 484
477 485
477 486
477 487
477 489
477 491
477 493
477 497
477 498
478 479
478 480
478 482
478 485
478 487
478 488
478 489
478 490
478 491
478 494
478 496
478 497
479 480
479 481
479 482
479 483
479 484
479 486
479 490
479 491
479 492
479 497
479 498
480 481
480 486
480 487
480 489
480 490
480 492
480 495
480 499
481 483
481 489
481 492
481 494
481 496
481 497
482 483
482 485
482 490
483 485
483 487
483 488
483 489
483 490
483 494
483 496
483 498
484 488
484 489
484 491
484 494
484 495
484 499
485 487
485 489
485 491
486 489
486 490
486 495
487 490
487 492
487 496
488 492
488 494
488 495
488 498
488 499
489 491
489 496
489 498
490 492
490 494
490 495
490 496
491 493
491 494
492 496
492 497
492 498
493 499
494 495
494 499
495 497
496 498
496 499
498 499
