0 4
0 6
0 8
0 10
0 14
0 15
0 17
0 19
0 23
0 24
0 25
0 28
0 31
0 35
0 36
0 38
0 40
0 44
0 46
0 223
0 245
0 494
1 2
1 4
1 7
1 8
1 9
1 12
1 16
1 17
1 19
1 21
1 23
1 25
1 27
1 30
1 35
1 42
1 45
1 46
1 48
1 240
2 4
2 6
2 8
2 12
2 14
2 15
2 21
2 23
2 24
2 25
2 26
2 27
2 30
2 32
2 35
2 36
2 38
2 39
2 45
2 46
2 337
2 477
2 485
3 4
3 5
3 6
3 8
3 10
3 11
3 12
3 13
3 14
3 15
3 16
3 19
3 25
3 26
3 28
3 31
3 33
3 39
3 41
3 42
3 43
4 6
4 8
4 9
4 12
4 15
4 28
4 29
4 32
4 37
4 39
4 45
4 46
4 47
4 48
4 298
4 302
4 334
5 10
5 11
5 12
5 15
5 16
5 17
5 18
5 19
5 20
5 23
5 26
5 27
5 29
5 34
5 35
5 38
5 44
5 45
5 48
5 196
6 7
6 13
6 16
6 24
6 25
6 29
6 31
6 34
6 35
6 39
6 40
6 41
6 42
6 47
6 49
6 96
6 99
6 262
6 488
7 8
7 10
7 11
7 13
7 15
7 17
7 19
7 21
7 26
7 27
7 35
7 37
7 43
7 44
7 45
7 48
7 49
7 113
7 349
7 417
8 9
8 13
8 14
8 17
8 19
8 22
8 24
8 28
8 29
8 30
8 35
8 45
8 46
8 48
8 49
8 70
8 268
8 400
9 10
9 11
9 12
9 15
9 16
9 17
9 20
9 22
9 23
9 24
9 25
9 26
9 28
9 37
9 38
9 43
9 48
9 232
9 243
9 462
10 12
10 13
10 15
10 16
10 17
10 23
10 24
10 25
10 26
10 31
10 33
10 34
10 35
10 42
10 44
10 49
10 89
10 117
10 222
10 288
11 15
11 21
11 23
11 26
11 33
11 35
11 39
11 42
11 45
11 46
11 48
11 49
11 340
12 13
12 15
12 18
12 19
12 20
12 22
12 25
12 28
12 32
12 34
12 37
12 44
12 47
12 121
12 201
12 315
12 334
12 386
13 19
13 23
13 24
13 26
13 27
13 29
13 31
13 32
13 38
13 43
13 44
13 47
14 17
14 22
14 24
14 28
14 29
14 37
14 41
14 42
14 45
14 46
14 49
14 136
14 318
14 366
14 400
14 476
14 481
15 21
15 22
15 23
15 24
15 25
15 28
15 33
15 38
15 40
15 41
15 42
15 46
15 290
15 312
16 20
16 27
16 29
16 30
16 32
16 35
16 38
16 42
16 44
16 47
16 49
16 72
16 206
16 308
16 413
17 20
17 23
17 26
17 32
17 35
17 38
17 39
17 41
17 42
17 45
17 46
17 47
17 48
17 59
17 196
18 21
18 24
18 27
18 32
18 35
18 37
18 38
18 39
18 41
18 42
18 43
18 45
18 46
18 49
18 128
18 381
19 21
19 22
19 23
19 24
19 33
19 34
19 36
19 38
19 40
19 41
19 42
19 43
19 45
19 46
19 273
19 311
20 25
20 30
20 31
20 32
20 33
20 40
20 47
20 344
20 371
20 436
20 444
21 23
21 27
21 29
21 32
21 36
21 37
21 40
21 41
21 42
21 43
21 45
21 47
21 49
21 497
22 26
22 27
22 28
22 30
22 33
22 40
22 43
22 45
22 46
22 47
22 48
22 49
22 364
22 367
22 370
23 24
23 25
23 30
23 31
23 32
23 33
23 34
23 36
23 38
23 45
24 25
24 29
24 33
24 38
24 39
24 41
24 42
24 43
24 46
24 48
24 392
24 426
25 26
25 30
25 33
25 36
25 37
25 42
25 43
25 49
25 148
25 198
25 380
26 27
26 28
26 33
26 34
26 37
26 38
26 40
26 44
26 45
26 47
27 28
27 29
27 37
27 38
27 42
27 43
27 44
27 45
27 46
27 49
28 29
28 31
28 32
28 33
28 37
28 38
28 40
28 42
28 43
28 45
28 46
28 105
28 157
28 290
28 388
29 30
29 31
29 32
29 33
29 35
29 38
29 40
29 47
29 48
29 49
29 52
29 75
30 31
30 35
30 37
30 38
30 41
30 42
30 43
30 44
30 45
30 46
30 49
30 187
31 32
31 33
31 36
31 38
31 40
31 42
31 47
31 48
31 49
31 108
31 166
31 389
31 380
32 33
32 38
32 40
32 42
32 151
32 329
33 37
33 38
33 40
33 42
33 47
33 191
33 242
34 38
34 41
34 43
34 44
34 45
34 47
34 48
34 251
34 337
34 451
35 36
35 38
35 40
35 42
35 47
35 48
35 49
35 54
35 155
35 394
36 38
36 40
36 45
36 46
36 47
36 49
36 72
36 472
37 39
37 45
37 46
37 48
37 94
37 341
38 39
38 40
38 41
38 44
38 47
38 48
38 49
38 139
38 234
38 360
38 417
38 443
38 464
39 41
39 42
39 43
39 44
39 45
39 46
39 48
39 49
39 63
39 318
39 454
40 42
40 43
40 46
40 47
40 49
40 57
41 47
41 48
41 49
41 156
41 286
42 44
42 45
42 47
42 48
42 49
42 86
42 462
43 44
43 47
43 48
43 49
43 133
43 188
43 194
44 46
44 49
44 119
44 251
44 488
45 46
46 48
46 303
46 455
46 466
46 492
47 48
47 450
48 439
49 332
49 425
50 51
50 55
50 57
50 66
50 69
50 71
50 72
50 74
50 75
50 77
50 78
50 80
50 85
50 86
50 87
50 88
50 89
50 94
50 96
50 98
50 149
50 369
51 55
51 56
51 57
51 58
51 61
51 62
51 65
51 67
51 72
51 73
51 75
51 85
51 86
51 87
51 95
51 97
51 98
51 99
51 398
52 56
52 61
52 65
52 71
52 75
52 79
52 80
52 82
52 83
52 85
52 87
52 88
52 90
52 94
52 96
52 97
52 380
53 55
53 56
53 60
53 61
53 62
53 64
53 65
53 66
53 68
53 78
53 79
53 80
53 81
53 86
53 87
53 89
53 91
53 98
53 99
53 105
53 210
53 299
54 57
54 59
54 60
54 63
54 65
54 74
54 76
54 82
54 84
54 86
54 87
54 92
54 96
54 99
54 177
54 217
55 56
55 57
55 59
55 61
55 63
55 64
55 68
55 76
55 80
55 84
55 87
55 88
55 90
55 94
55 95
55 96
55 97
55 150
55 201
55 343
55 458
56 57
56 58
56 61
56 62
56 69
56 86
56 87
56 88
56 91
56 92
56 95
56 97
56 98
56 474
57 62
57 63
57 66
57 69
57 74
57 77
57 78
57 79
57 82
57 84
57 86
57 87
57 88
57 89
57 90
57 94
57 95
57 96
57 97
57 237
57 309
57 319
57 479
57 497
58 60
58 61
58 62
58 66
58 68
58 72
58 73
58 74
58 76
58 79
58 82
58 83
58 85
58 89
58 90
58 93
58 97
59 60
59 61
59 68
59 72
59 74
59 75
59 83
59 84
59 91
59 93
59 94
59 95
59 97
59 99
59 162
59 261
60 61
60 62
60 63
60 64
60 68
60 76
60 81
60 82
60 84
60 85
60 88
60 89
60 91
60 94
60 95
60 98
61 62
61 67
61 71
61 73
61 74
61 75
61 77
61 80
61 82
61 85
61 89
61 92
61 93
61 94
61 97
61 161
61 190
61 211
61 238
61 409
62 66
62 69
62 72
62 73
62 83
62 86
62 87
62 88
62 89
62 93
62 94
62 98
62 99
62 116
63 66
63 69
63 70
63 72
63 74
63 75
63 76
63 78
63 80
63 81
63 84
63 86
63 96
63 99
63 199
64 66
64 67
64 71
64 73
64 75
64 76
64 77
64 78
64 80
64 81
64 82
64 84
64 86
64 87
64 97
65 68
65 69
65 72
65 73
65 74
65 76
65 79
65 80
65 81
65 85
65 88
65 89
65 92
65 97
65 98
65 99
65 239
66 67
66 68
66 70
66 74
66 77
66 78
66 79
66 80
66 86
66 88
66 91
66 95
66 97
66 99
66 190
66 235
66 251
66 381
67 71
67 72
67 78
67 79
67 81
67 87
67 90
67 93
67 97
67 98
67 99
67 415
67 495
68 70
68 71
68 74
68 75
68 79
68 80
68 81
68 84
68 86
68 90
68 93
68 98
68 99
69 70
69 71
69 72
69 78
69 79
69 80
69 83
69 84
69 85
69 86
69 90
69 92
69 95
69 98
70 73
70 74
70 80
70 84
70 85
70 86
70 88
70 89
70 93
70 95
70 96
70 98
70 149
70 204
70 213
71 73
71 75
71 80
71 83
71 90
71 92
71 93
71 97
71 98
71 99
71 320
72 75
72 76
72 78
72 82
72 84
72 86
72 89
72 91
72 98
72 99
72 459
73 74
73 75
73 78
73 80
73 83
73 84
73 85
73 86
73 89
73 91
73 92
73 94
73 95
73 182
73 260
74 76
74 84
74 86
74 87
74 88
74 91
74 92
74 94
74 95
74 97
74 98
74 148
74 244
74 285
74 453
75 77
75 78
75 80
75 82
75 85
75 86
75 87
75 88
75 90
75 92
75 156
75 282
76 78
76 80
76 81
76 85
76 90
76 91
76 92
76 93
76 95
76 96
76 286
76 287
77 78
77 80
77 82
77 83
77 84
77 86
77 95
77 96
77 97
77 99
77 328
78 83
78 84
78 86
78 90
78 91
78 94
78 98
78 99
78 307
79 81
79 85
79 86
79 87
79 88
79 92
79 99
79 188
79 335
80 84
80 86
80 90
80 92
80 95
80 96
80 97
80 98
80 173
80 375
80 436
80 480
81 87
81 88
81 90
81 95
81 97
81 179
81 255
81 443
82 84
82 85
82 86
82 87
82 89
82 92
82 93
82 95
82 96
82 97
82 362
82 408
83 84
83 85
83 88
83 89
83 90
83 92
83 93
83 94
83 95
83 97
84 87
84 88
84 89
84 90
84 95
84 98
84 448
85 86
85 87
85 88
85 89
85 94
85 95
85 97
85 181
86 88
86 89
86 96
86 97
86 102
86 159
86 410
87 88
87 91
87 92
87 97
87 99
87 130
87 376
88 90
88 92
88 93
88 95
88 96
88 98
88 99
88 298
88 389
88 452
89 90
89 91
89 94
89 96
89 97
89 337
89 420
89 461
89 467
90 91
90 92
90 95
90 99
90 165
90 169
90 341
90 476
91 93
91 110
91 209
91 358
91 458
91 475
92 93
92 94
92 97
92 249
92 338
93 96
93 97
93 159
93 480
94 98
94 99
94 142
94 444
95 96
95 367
95 371
95 425
96 180
96 287
96 481
97 98
97 149
97 199
97 286
97 306
97 416
98 99
98 418
98 488
99 107
99 271
128 130
128 132
128 136
128 138
128 140
128 146
128 148
128 149
128 101
128 103
128 108
128 109
128 110
128 111
128 112
128 117
128 125
128 126
128 314
128 466
128 475
129 131
129 133
129 134
129 135
129 140
129 141
129 145
129 100
129 102
129 107
129 109
129 111
129 113
129 115
129 121
129 127
129 221
129 325
129 370
129 482
130 132
130 134
130 137
130 148
130 149
130 100
130 104
130 105
130 110
130 116
130 118
130 120
130 122
130 124
130 125
130 126
130 127
130 154
130 278
130 292
130 369
130 493
131 135
131 136
131 148
131 149
131 100
131 101
131 102
131 103
131 109
131 110
131 112
131 116
131 120
131 122
131 123
131 124
131 125
131 126
131 291
132 133
132 134
132 135
132 138
132 146
132 147
132 100
132 101
132 102
132 103
132 108
132 109
132 111
132 112
132 115
132 117
132 118
132 122
132 123
132 126
132 431
133 140
133 141
133 145
133 146
133 147
133 148
133 149
133 105
133 106
133 107
133 108
133 114
133 118
133 119
133 121
133 122
133 127
133 291
133 362
134 136
134 137
134 138
134 140
134 144
134 145
134 103
134 105
134 107
134 111
134 117
134 118
134 119
134 123
134 125
135 136
135 137
135 138
135 143
135 144
135 148
135 149
135 100
135 102
135 104
135 111
135 112
135 113
135 114
135 119
135 120
135 122
135 124
136 137
136 140
136 141
136 144
136 145
136 147
136 149
136 106
136 112
136 115
136 118
136 120
136 121
137 138
137 140
137 141
137 144
137 146
137 148
137 149
137 100
137 107
137 116
137 120
137 125
137 127
137 321
137 403
137 486
138 139
138 142
138 147
138 148
138 149
138 100
138 103
138 104
138 107
138 108
138 113
138 121
138 125
138 126
138 127
138 272
139 140
139 146
139 147
139 104
139 107
139 108
139 109
139 111
139 115
139 116
139 119
139 120
139 121
139 124
139 125
139 154
139 189
139 476
140 142
140 143
140 147
140 101
140 104
140 108
140 110
140 111
140 112
140 117
140 118
140 119
140 120
140 122
140 123
140 124
140 194
140 208
140 304
141 142
141 148
141 100
141 103
141 108
141 109
141 114
141 116
141 120
141 122
141 123
141 124
141 126
141 195
142 146
142 104
142 105
142 107
142 109
142 110
142 111
142 112
142 123
142 124
142 126
142 127
142 442
142 474
143 147
143 148
143 101
143 104
143 105
143 108
143 110
143 112
143 121
143 122
143 123
143 125
143 216
144 145
144 100
144 101
144 103
144 106
144 107
144 108
144 110
144 111
144 112
144 113
144 114
144 116
144 119
144 121
144 127
144 226
144 288
144 464
145 146
145 147
145 103
145 105
145 107
145 108
145 110
145 114
145 117
145 122
145 123
145 443
146 147
146 149
146 104
146 108
146 111
146 113
146 115
146 121
146 122
146 123
146 126
146 265
146 379
147 148
147 103
147 107
147 108
147 111
147 112
147 114
147 115
147 117
147 118
147 120
147 123
147 239
147 317
147 483
148 100
148 101
148 102
148 108
148 109
148 115
148 117
148 119
148 120
148 121
148 122
148 125
148 126
148 302
148 383
149 100
149 104
149 107
149 108
149 109
149 110
149 112
149 114
149 115
149 120
149 121
149 127
149 376
100 101
100 118
100 127
101 103
101 104
101 105
101 107
101 108
101 111
101 116
101 117
101 121
101 122
101 124
101 125
101 126
101 127
101 211
101 236
101 277
101 401
101 486
102 103
102 105
102 106
102 115
102 116
102 120
102 123
102 200
102 342
103 105
103 106
103 107
103 108
103 113
103 114
103 115
103 117
103 118
103 121
103 122
103 123
103 124
103 127
103 240
103 284
103 431
104 106
104 114
104 115
104 116
104 119
104 123
104 124
105 106
105 107
105 108
105 110
105 111
105 115
105 117
105 118
105 119
105 124
105 126
105 249
105 259
105 295
106 107
106 110
106 111
106 112
106 114
106 118
106 120
106 121
106 125
106 292
107 108
107 111
107 113
107 115
107 126
107 127
107 480
108 109
108 112
108 118
108 122
109 113
109 119
109 120
109 121
109 122
109 123
109 124
109 126
109 254
109 329
109 356
109 432
110 111
110 114
110 116
110 120
110 121
110 124
110 127
111 112
111 118
111 119
111 122
111 124
111 486
112 117
112 118
112 121
112 280
113 114
113 116
113 117
113 119
113 120
113 121
113 123
113 126
113 338
113 348
113 457
114 116
114 118
114 126
114 339
114 399
114 473
114 491
115 116
115 119
115 120
115 121
115 124
115 125
115 126
116 117
116 121
116 122
116 124
116 186
116 490
117 122
117 125
117 468
118 119
118 122
118 123
118 124
118 126
118 127
118 470
119 122
119 123
119 124
119 126
119 250
119 429
119 488
120 124
120 311
121 122
121 126
121 127
121 296
121 301
122 125
122 289
123 124
123 413
124 126
124 242
124 281
124 395
125 213
126 157
126 291
126 324
126 455
127 172
127 224
150 151
150 152
150 153
150 155
150 156
150 157
150 159
150 163
150 165
150 168
150 169
150 170
150 171
150 174
150 175
150 176
150 178
150 184
150 187
150 190
150 191
150 192
150 193
150 196
150 197
150 198
150 416
151 152
151 155
151 157
151 160
151 161
151 164
151 168
151 170
151 172
151 176
151 177
151 179
151 181
151 182
151 183
151 184
151 185
151 186
151 188
151 189
151 193
151 195
151 198
152 154
152 155
152 157
152 158
152 159
152 160
152 165
152 168
152 169
152 173
152 174
152 179
152 186
152 193
152 198
152 236
152 280
152 410
153 154
153 157
153 158
153 161
153 162
153 164
153 171
153 174
153 175
153 177
153 178
153 182
153 183
153 186
153 189
153 190
153 194
153 196
153 197
153 199
153 461
153 476
154 155
154 156
154 158
154 163
154 165
154 178
154 179
154 180
154 182
154 184
154 186
154 190
154 197
154 212
154 441
155 158
155 159
155 162
155 163
155 167
155 168
155 170
155 172
155 173
155 175
155 178
155 181
155 186
155 187
155 190
155 192
155 195
155 196
155 197
155 199
155 219
155 223
155 452
156 157
156 160
156 162
156 164
156 166
156 175
156 176
156 177
156 179
156 180
156 181
156 191
156 199
156 377
157 163
157 170
157 171
157 177
157 178
157 180
157 182
157 184
157 185
157 191
157 192
157 196
157 197
157 252
157 392
157 405
157 477
158 159
158 160
158 161
158 162
158 165
158 167
158 172
158 173
158 174
158 178
158 180
158 185
158 190
158 191
158 192
158 193
158 194
158 195
158 196
158 197
158 199
158 442
159 160
159 161
159 162
159 163
159 167
159 169
159 171
159 172
159 175
159 179
159 181
159 197
159 198
160 161
160 165
160 169
160 172
160 173
160 175
160 177
160 180
160 182
160 183
160 186
160 187
160 190
160 197
160 198
160 199
160 223
161 162
161 165
161 167
161 170
161 171
161 172
161 183
161 187
161 189
161 191
161 192
161 196
161 197
161 198
162 167
162 168
162 169
162 170
162 171
162 172
162 173
162 178
162 182
162 184
162 191
162 193
162 194
162 415
163 165
163 166
163 168
163 169
163 174
163 178
163 179
163 180
163 181
163 186
163 190
163 191
163 192
163 193
163 194
163 195
163 198
163 255
163 324
163 357
163 363
164 166
164 170
164 173
164 174
164 176
164 179
164 180
164 182
164 186
164 188
164 189
164 190
164 193
164 196
164 197
164 198
164 317
164 466
165 170
165 174
165 175
165 176
165 177
165 179
165 180
165 185
165 187
165 188
165 190
165 191
165 193
165 194
165 195
165 196
165 197
165 198
165 199
165 291
166 173
166 183
166 186
166 187
166 190
166 195
166 199
166 365
167 168
167 169
167 171
167 176
167 179
167 180
167 182
167 183
167 184
167 185
167 187
167 406
167 473
168 169
168 170
168 172
168 175
168 176
168 177
168 180
168 183
168 186
168 195
168 197
168 199
168 232
168 322
168 433
169 172
169 173
169 178
169 181
169 182
169 185
169 186
169 187
169 190
169 193
169 194
169 198
169 214
169 232
169 249
169 410
170 173
170 174
170 175
170 176
170 177
170 179
170 180
170 181
170 184
170 191
170 192
170 196
170 197
170 199
171 172
171 175
171 180
171 183
171 185
171 186
171 193
171 194
171 195
171 378
172 174
172 175
172 177
172 181
172 184
172 185
172 187
172 191
172 192
172 197
172 199
173 176
173 178
173 181
173 182
173 183
173 188
173 193
173 194
173 198
173 291
174 176
174 182
174 183
174 184
174 189
174 190
174 193
174 194
174 197
174 440
175 177
175 180
175 181
175 188
175 194
175 196
176 177
176 181
176 185
176 187
176 190
176 192
176 193
176 194
176 199
177 179
177 192
177 193
177 197
177 198
178 180
178 183
178 185
178 187
178 188
178 192
178 196
178 219
178 469
179 184
179 185
179 188
179 189
179 192
179 193
179 199
179 296
179 367
180 187
180 189
180 195
180 198
180 199
180 428
181 182
181 185
181 187
181 188
181 190
181 194
181 196
181 449
182 183
182 184
182 187
182 190
182 195
182 197
182 198
182 214
182 340
182 444
182 480
183 184
183 189
183 190
183 191
183 192
183 197
184 190
184 193
184 194
184 222
184 481
185 186
185 189
185 190
185 191
185 192
185 194
185 196
185 198
185 199
185 272
186 190
186 191
186 193
186 195
186 282
186 288
187 194
187 199
187 357
188 193
188 194
188 196
188 198
188 240
189 190
189 191
189 192
189 196
189 198
189 199
189 482
190 192
190 193
190 194
190 195
190 196
190 198
190 348
190 380
191 193
192 197
192 272
193 194
193 195
194 318
194 380
194 467
195 198
195 312
196 199
196 370
197 198
197 199
197 364
197 431
199 236
200 201
200 203
200 205
200 207
200 211
200 215
200 216
200 217
200 221
200 222
200 224
200 225
200 226
200 227
200 231
200 232
200 233
200 235
200 247
200 249
200 397
200 453
201 202
201 208
201 213
201 220
201 224
201 228
201 231
201 236
201 238
201 239
201 241
201 244
201 246
201 248
201 249
202 203
202 204
202 212
202 214
202 216
202 219
202 220
202 221
202 223
202 226
202 233
202 234
202 235
202 237
202 241
202 243
202 246
202 247
202 248
202 249
203 206
203 207
203 211
203 212
203 213
203 215
203 219
203 223
203 225
203 228
203 229
203 230
203 233
203 236
203 237
203 238
203 239
203 240
203 241
203 242
203 244
203 245
203 248
203 249
203 357
203 368
203 458
204 205
204 207
204 212
204 213
204 214
204 216
204 217
204 219
204 223
204 225
204 229
204 231
204 232
204 233
204 237
204 238
204 239
204 242
204 244
204 249
204 304
204 377
204 481
205 206
205 210
205 220
205 228
205 235
205 237
205 239
205 243
205 247
205 303
206 207
206 208
206 210
206 212
206 217
206 218
206 221
206 225
206 228
206 229
206 232
206 238
206 239
206 241
206 242
206 243
206 245
206 248
206 343
207 208
207 211
207 212
207 214
207 216
207 218
207 224
207 226
207 227
207 230
207 235
207 236
207 237
207 238
207 240
207 242
207 245
207 246
207 249
207 334
208 209
208 212
208 217
208 218
208 219
208 221
208 223
208 225
208 226
208 227
208 229
208 231
208 235
208 238
208 239
208 240
208 241
208 245
208 449
209 211
209 212
209 214
209 218
209 220
209 223
209 227
209 228
209 231
209 234
209 235
209 236
209 237
209 241
209 242
209 243
209 244
209 246
209 247
209 248
210 215
210 217
210 220
210 221
210 222
210 224
210 225
210 226
210 227
210 229
210 230
210 231
210 233
210 234
210 235
210 237
210 238
210 240
210 241
210 245
210 248
210 249
210 276
210 367
211 213
211 218
211 221
211 225
211 226
211 229
211 230
211 231
211 234
211 236
211 237
211 238
211 242
211 245
211 248
212 215
212 216
212 219
212 225
212 227
212 228
212 229
212 230
212 233
212 234
212 235
212 237
212 238
212 239
212 240
212 244
212 245
212 247
212 492
213 215
213 221
213 223
213 224
213 227
213 228
213 231
213 234
213 237
213 238
213 240
213 242
213 244
213 249
213 401
214 215
214 216
214 218
214 222
214 227
214 228
214 232
214 233
214 234
214 238
214 239
214 240
214 241
214 243
214 441
215 216
215 218
215 219
215 228
215 236
215 238
215 239
215 241
215 242
215 243
215 244
215 247
215 248
215 249
215 379
216 217
216 218
216 220
216 223
216 225
216 226
216 227
216 231
216 232
216 233
216 234
216 236
216 237
216 238
216 240
216 241
216 242
216 246
216 247
216 479
217 218
217 221
217 222
217 231
217 232
217 233
217 235
217 237
217 239
217 242
217 244
217 247
218 224
218 225
218 227
218 228
218 229
218 230
218 231
218 232
218 233
218 234
218 235
218 237
218 238
218 239
218 243
218 244
218 246
218 249
218 470
219 220
219 222
219 227
219 229
219 230
219 232
219 233
219 234
219 238
219 241
219 245
219 247
219 248
219 249
219 427
219 455
220 222
220 223
220 224
220 225
220 227
220 229
220 232
220 234
220 243
220 244
220 245
220 246
220 249
221 227
221 232
221 236
221 243
221 245
221 246
221 247
221 249
222 223
222 224
222 228
222 229
222 232
222 241
222 243
222 244
222 246
223 226
223 227
223 228
223 235
223 237
223 238
223 243
223 245
223 246
223 266
224 226
224 228
224 229
224 232
224 233
224 236
224 237
224 240
224 241
224 243
224 247
224 440
224 449
225 226
225 229
225 231
225 234
225 237
225 240
225 241
225 242
225 243
225 244
225 245
225 246
225 247
225 248
225 333
225 412
226 227
226 230
226 232
226 234
226 236
226 237
226 239
226 240
226 241
226 242
226 243
226 246
226 249
227 229
227 231
227 232
227 233
227 235
227 241
227 248
227 249
227 251
227 331
227 366
228 231
228 236
228 240
228 241
228 244
228 245
228 249
228 387
229 230
229 235
229 236
229 237
229 238
229 239
229 240
229 244
229 245
229 247
230 231
230 233
230 234
230 235
230 236
230 238
230 242
230 243
230 244
230 246
230 248
230 302
230 343
230 393
230 457
231 233
231 234
231 238
231 239
231 241
231 242
231 243
231 246
231 248
231 316
231 404
232 233
232 236
232 242
232 244
232 246
232 247
232 248
232 249
232 408
232 482
233 235
233 237
233 238
233 239
233 246
234 236
234 238
234 244
234 247
234 248
234 261
235 240
235 242
235 243
235 247
235 248
235 477
236 238
236 246
236 248
236 365
237 240
237 243
237 244
237 245
237 248
237 249
238 239
238 240
238 244
238 245
238 248
239 241
239 242
239 243
239 244
239 247
239 248
239 446
240 243
240 244
240 247
240 248
241 244
241 245
241 497
242 245
242 246
242 464
242 485
243 246
243 247
243 248
243 249
243 452
244 247
244 248
244 249
244 324
244 331
245 248
245 249
245 393
246 247
246 248
246 249
246 359
247 248
247 452
248 249
249 284
249 350
256 260
256 261
256 263
256 267
256 273
256 274
256 277
256 278
256 280
256 282
256 285
256 288
256 291
256 292
256 296
256 298
256 254
257 261
257 263
257 269
257 270
257 272
257 274
257 277
257 278
257 279
257 281
257 283
257 285
257 288
257 289
257 290
257 296
257 299
257 250
257 251
257 253
257 254
257 255
257 484
258 265
258 267
258 274
258 275
258 276
258 279
258 282
258 285
258 288
258 290
258 291
258 292
258 293
258 251
258 252
258 253
259 260
259 262
259 263
259 264
259 265
259 266
259 272
259 274
259 275
259 278
259 279
259 280
259 282
259 285
259 288
259 289
259 291
259 294
259 296
259 297
259 299
259 250
259 251
259 254
259 316
259 418
260 261
260 265
260 269
260 270
260 271
260 275
260 277
260 279
260 280
260 287
260 289
260 293
260 294
260 298
260 251
260 252
260 253
260 255
261 262
261 265
261 269
261 271
261 273
261 276
261 277
261 280
261 283
261 284
261 285
261 288
261 289
261 290
261 293
261 294
261 298
261 250
261 251
262 264
262 266
262 267
262 269
262 271
262 275
262 278
262 281
262 284
262 285
262 286
262 287
262 289
262 293
262 295
262 296
262 298
262 252
262 254
262 255
262 312
262 439
263 265
263 268
263 269
263 270
263 273
263 277
263 280
263 290
263 298
263 250
263 251
264 265
264 266
264 268
264 270
264 272
264 274
264 285
264 289
264 290
264 293
264 296
264 297
264 299
264 250
264 255
264 317
264 388
265 266
265 268
265 269
265 270
265 274
265 275
265 276
265 278
265 280
265 283
265 286
265 290
265 293
265 295
265 299
265 250
265 252
265 253
265 254
266 268
266 270
266 271
266 272
266 274
266 277
266 279
266 280
266 281
266 283
266 284
266 285
266 286
266 290
266 294
266 295
266 297
266 250
267 271
267 272
267 274
267 276
267 278
267 279
267 281
267 282
267 283
267 284
267 291
267 292
267 293
267 295
267 297
267 298
267 299
267 250
267 252
267 434
268 271
268 273
268 274
268 277
268 279
268 281
268 283
268 285
268 286
268 288
268 290
268 291
268 292
268 294
268 296
268 255
269 270
269 273
269 274
269 277
269 278
269 280
269 287
269 288
269 291
269 292
269 296
269 298
269 250
269 251
269 252
269 255
269 313
270 271
270 272
270 276
270 282
270 285
270 289
270 294
270 295
270 296
270 251
270 252
270 476
270 492
271 272
271 273
271 274
271 276
271 280
271 283
271 284
271 285
271 295
271 296
271 297
271 299
271 255
271 494
272 274
272 275
272 279
272 280
272 287
272 288
272 289
272 291
272 293
272 298
272 251
273 275
273 276
273 278
273 281
273 282
273 285
273 286
273 288
273 289
273 290
273 292
273 295
273 296
273 299
273 250
273 254
273 434
274 282
274 287
274 291
274 294
274 296
274 299
274 251
274 254
274 309
275 276
275 277
275 278
275 281
275 285
275 289
275 290
275 293
275 294
275 295
275 296
275 297
275 298
275 250
275 253
275 309
275 464
276 279
276 281
276 283
276 285
276 286
276 290
276 291
276 298
276 250
276 251
276 253
276 254
277 282
277 283
277 284
277 285
277 286
277 290
277 293
277 298
277 253
277 254
277 358
278 281
278 284
278 285
278 286
278 289
278 290
278 293
278 298
278 299
278 250
278 251
278 253
278 255
278 432
278 439
279 285
279 288
279 291
279 294
279 296
279 298
279 299
279 253
280 281
280 283
280 286
280 287
280 289
280 295
280 250
280 252
280 253
280 390
280 442
280 475
281 283
281 284
281 286
281 288
281 290
281 292
281 294
281 295
281 297
281 299
281 250
281 251
281 253
281 254
281 255
281 334
281 395
282 283
282 286
282 290
282 292
282 293
282 295
282 296
282 298
282 250
282 253
283 285
283 290
283 292
283 298
283 299
283 250
283 253
283 255
284 285
284 287
284 289
284 290
284 297
284 250
284 251
284 255
284 325
284 348
285 287
285 291
285 292
285 293
285 295
285 296
285 297
285 298
285 252
285 496
286 290
286 291
286 294
286 295
286 296
286 297
286 251
286 252
286 254
286 327
286 462
287 290
287 291
287 296
287 298
287 253
287 255
288 290
288 295
288 297
288 298
288 250
288 252
288 254
289 290
289 291
289 292
289 296
289 298
289 250
289 254
289 374
289 415
289 471
290 291
290 296
290 297
290 253
290 254
291 292
291 294
291 297
291 298
291 250
291 251
291 253
291 254
291 255
291 380
291 429
292 293
292 294
292 250
292 341
292 465
292 494
293 296
293 297
293 298
293 299
293 252
294 295
294 296
294 298
294 251
294 255
294 338
294 354
295 298
295 299
295 250
295 251
295 253
295 255
296 297
296 299
296 253
296 255
296 343
297 298
297 299
297 250
297 251
297 254
298 299
298 250
298 251
298 252
298 254
298 255
299 253
299 254
250 254
251 254
251 255
252 255
253 254
253 312
253 363
253 374
254 255
254 423
254 441
255 306
255 361
300 305
300 307
300 311
300 312
300 313
300 314
300 315
300 319
300 322
300 324
300 325
300 326
300 327
300 329
300 330
300 331
300 333
300 338
300 340
300 346
300 349
300 496
301 307
301 309
301 311
301 316
301 320
301 323
301 329
301 330
301 331
301 332
301 335
301 337
301 338
301 339
301 340
301 342
301 344
301 348
301 349
301 365
302 308
302 313
302 317
302 318
302 322
302 324
302 330
302 331
302 336
302 345
302 346
302 347
302 348
302 349
302 412
303 304
303 309
303 314
303 315
303 316
303 318
303 319
303 321
303 323
303 325
303 332
303 333
303 335
303 336
303 339
303 342
303 343
303 347
304 309
304 310
304 312
304 313
304 316
304 320
304 325
304 329
304 331
304 335
304 336
304 337
304 338
304 340
304 341
304 343
304 344
304 345
304 346
304 347
305 308
305 312
305 313
305 317
305 319
305 320
305 325
305 329
305 330
305 331
305 337
305 340
305 341
305 342
305 345
305 349
305 499
306 307
306 310
306 313
306 314
306 318
306 319
306 321
306 323
306 331
306 333
306 335
306 337
306 338
306 341
306 342
306 344
306 345
306 348
306 349
307 308
307 309
307 310
307 314
307 316
307 317
307 322
307 329
307 334
307 336
307 337
307 340
307 342
307 343
307 348
308 311
308 314
308 315
308 316
308 317
308 322
308 323
308 324
308 326
308 333
308 334
308 335
308 338
308 340
308 342
308 343
308 345
308 347
308 348
308 349
308 398
309 311
309 312
309 318
309 319
309 322
309 324
309 328
309 329
309 331
309 333
309 334
309 342
309 343
309 344
309 345
309 346
309 348
309 349
310 312
310 313
310 325
310 329
310 330
310 331
310 332
310 334
310 335
310 336
310 339
310 340
310 348
310 349
311 313
311 315
311 316
311 321
311 326
311 329
311 332
311 333
311 336
311 341
311 344
311 345
311 381
312 314
312 323
312 324
312 325
312 326
312 327
312 338
312 339
312 341
312 342
312 343
312 344
313 322
313 325
313 327
313 329
313 330
313 336
313 338
313 339
313 340
313 341
313 342
313 345
313 349
313 363
313 471
314 317
314 321
314 322
314 323
314 324
314 326
314 327
314 329
314 332
314 333
314 335
314 336
314 337
314 343
314 346
314 347
314 348
314 349
315 317
315 318
315 319
315 320
315 324
315 329
315 332
315 334
315 335
315 336
315 339
315 343
315 344
315 345
315 347
315 349
316 318
316 323
316 324
316 331
316 333
316 334
316 337
316 339
316 340
316 347
316 349
317 318
317 322
317 323
317 328
317 331
317 332
317 334
317 335
317 336
317 340
317 343
317 345
317 346
318 319
318 323
318 324
318 325
318 327
318 328
318 331
318 332
318 338
318 339
318 340
318 349
319 325
319 326
319 328
319 329
319 332
319 334
319 336
319 337
319 341
319 346
319 392
320 322
320 323
320 328
320 331
320 332
320 335
320 336
320 337
320 339
320 342
320 343
320 356
321 322
321 323
321 328
321 331
321 338
321 339
321 340
321 342
321 343
321 348
321 349
321 451
322 329
322 335
322 336
322 339
322 342
322 344
322 349
323 327
323 329
323 330
323 332
323 336
323 341
323 343
323 349
323 495
324 325
324 327
324 331
324 333
324 335
324 338
324 339
324 340
324 343
324 345
324 346
324 347
324 348
325 326
325 328
325 333
325 334
325 337
325 339
325 342
325 344
325 346
326 327
326 329
326 330
326 333
326 339
326 340
326 342
326 343
326 347
326 349
326 467
327 329
327 330
327 331
327 332
327 333
327 334
327 339
327 342
327 344
327 348
328 332
328 333
328 334
328 336
328 338
328 344
328 347
328 348
329 332
329 333
329 335
329 343
329 344
329 345
329 347
329 348
330 331
330 333
330 334
330 336
330 337
330 340
330 343
330 348
330 480
331 334
331 336
331 340
331 341
331 343
331 345
331 347
331 349
331 428
332 336
332 340
332 343
332 348
332 349
333 334
333 340
333 341
333 342
333 345
333 348
333 349
334 335
334 343
334 344
334 356
334 487
335 336
335 340
335 344
335 345
335 346
335 347
335 349
335 474
336 338
336 341
336 342
336 343
336 348
336 349
337 340
337 341
337 346
337 347
337 348
337 349
338 343
338 464
339 344
339 345
339 349
339 497
340 344
340 347
340 348
341 342
341 344
341 346
342 344
342 348
343 344
343 345
343 349
344 346
344 348
344 349
344 404
344 439
344 487
345 346
345 402
345 432
346 347
347 390
347 450
347 475
347 485
348 425
348 427
349 359
349 473
384 385
384 386
384 389
384 390
384 391
384 393
384 394
384 395
384 399
384 350
384 351
384 352
384 353
384 354
384 355
384 357
384 359
384 362
384 364
384 366
384 371
384 375
384 377
384 378
384 379
384 381
384 383
384 472
385 388
385 390
385 391
385 392
385 393
385 397
385 398
385 350
385 352
385 353
385 354
385 356
385 358
385 361
385 364
385 367
385 372
385 376
385 383
385 415
386 392
386 393
386 397
386 399
386 350
386 351
386 355
386 360
386 361
386 362
386 364
386 365
386 368
386 370
386 372
386 373
386 377
386 380
386 381
386 382
387 388
387 390
387 394
387 395
387 397
387 398
387 399
387 350
387 351
387 353
387 357
387 369
387 370
387 371
387 372
387 373
387 375
387 381
387 383
388 389
388 390
388 391
388 392
388 351
388 353
388 354
388 356
388 358
388 359
388 360
388 361
388 365
388 366
388 367
388 370
388 371
388 372
388 373
388 374
388 375
388 376
388 377
388 381
389 393
389 399
389 350
389 351
389 352
389 356
389 360
389 361
389 363
389 366
389 367
389 368
389 370
389 374
389 375
389 376
389 377
389 378
389 379
389 381
389 383
390 393
390 394
390 395
390 396
390 397
390 398
390 399
390 351
390 352
390 353
390 354
390 358
390 361
390 364
390 366
390 367
390 368
390 369
390 376
390 377
390 378
390 379
390 380
391 393
391 396
391 397
391 399
391 350
391 352
391 353
391 354
391 358
391 359
391 360
391 362
391 364
391 367
391 370
391 372
391 373
391 374
391 375
391 376
391 379
391 381
391 432
392 393
392 394
392 396
392 350
392 351
392 352
392 353
392 357
392 358
392 361
392 363
392 364
392 367
392 371
392 372
392 373
392 375
392 376
392 377
392 380
392 382
392 456
393 394
393 396
393 397
393 398
393 354
393 356
393 357
393 358
393 359
393 360
393 361
393 362
393 367
393 368
393 369
393 372
393 375
393 376
393 377
393 426
394 350
394 351
394 352
394 356
394 357
394 358
394 359
394 360
394 363
394 365
394 368
394 369
394 370
394 372
394 373
394 377
394 381
395 397
395 398
395 399
395 350
395 353
395 354
395 356
395 358
395 359
395 360
395 362
395 363
395 364
395 370
395 373
395 374
395 382
396 398
396 353
396 357
396 369
396 374
396 377
396 381
396 382
396 383
397 350
397 352
397 353
397 358
397 364
397 366
397 367
397 369
397 374
397 377
397 379
397 380
398 350
398 351
398 352
398 354
398 355
398 356
398 357
398 360
398 361
398 364
398 365
398 366
398 368
398 373
398 374
399 350
399 354
399 355
399 357
399 361
399 362
399 365
399 366
399 368
399 370
399 371
399 376
399 378
399 380
399 382
399 383
350 351
350 357
350 358
350 359
350 361
350 364
350 365
350 366
350 368
350 369
350 373
350 375
350 379
350 381
351 354
351 356
351 361
351 362
351 363
351 364
351 372
351 374
351 376
351 380
351 381
351 382
351 383
352 355
352 357
352 358
352 360
352 361
352 363
352 364
352 365
352 366
352 377
352 379
352 381
352 383
353 354
353 356
353 359
353 362
353 365
353 369
353 370
353 374
353 376
353 379
353 380
353 381
353 383
354 358
354 360
354 362
354 364
354 366
354 368
354 371
354 372
354 374
354 376
354 378
354 380
354 383
355 356
355 357
355 363
355 369
355 370
355 371
355 376
355 377
355 379
355 383
356 357
356 361
356 362
356 368
356 369
356 378
356 381
356 382
356 467
357 358
357 360
357 361
357 362
357 364
357 366
357 367
357 369
357 373
357 374
357 375
357 377
357 378
357 379
357 382
358 359
358 360
358 364
358 368
358 371
358 372
358 375
358 382
358 383
358 403
358 440
359 362
359 365
359 367
359 368
359 369
359 371
359 375
359 376
359 377
359 442
360 362
360 364
360 367
360 368
360 371
360 373
360 374
360 378
360 381
360 382
360 383
361 362
361 366
361 368
361 369
361 370
361 378
361 379
361 381
361 382
362 363
362 364
362 366
362 368
362 370
362 371
362 372
362 373
362 375
362 380
362 381
363 364
363 366
363 367
363 368
363 370
363 372
363 376
363 378
363 379
363 381
363 475
363 493
364 365
364 368
364 370
364 372
364 373
364 374
364 376
364 378
364 382
364 383
365 366
365 368
365 369
365 370
365 371
365 374
365 377
365 378
365 381
365 382
365 383
366 367
366 368
366 369
366 372
366 376
366 380
366 381
366 382
367 368
367 372
367 374
367 376
367 377
367 380
367 383
368 369
368 370
368 372
368 376
368 380
368 381
368 382
369 374
369 380
369 450
369 484
370 371
370 376
370 378
370 379
370 380
370 448
371 372
371 375
371 376
371 382
371 383
371 470
372 373
372 377
372 378
372 379
373 374
373 375
373 376
373 377
374 377
374 380
374 382
375 376
375 378
375 380
375 381
375 383
376 380
377 466
378 381
378 382
379 382
379 432
379 456
380 381
380 382
382 383
383 416
400 402
400 405
400 408
400 414
400 415
400 418
400 421
400 426
400 428
400 431
400 435
400 441
400 442
400 443
400 444
400 445
400 447
400 449
401 402
401 403
401 406
401 407
401 409
401 411
401 413
401 415
401 420
401 423
401 424
401 427
401 430
401 431
401 432
401 437
401 440
401 441
401 442
401 448
402 405
402 406
402 408
402 410
402 412
402 414
402 416
402 423
402 427
402 429
402 432
402 434
402 437
402 441
402 444
402 445
402 449
403 404
403 407
403 409
403 410
403 413
403 415
403 421
403 422
403 425
403 429
403 433
403 434
403 437
403 439
403 442
403 445
403 447
403 448
403 449
404 406
404 407
404 408
404 416
404 419
404 422
404 424
404 428
404 430
404 431
404 434
404 437
404 445
404 446
404 447
404 448
404 449
405 408
405 410
405 411
405 414
405 416
405 419
405 421
405 426
405 434
405 435
405 437
405 438
405 441
405 442
405 445
405 446
405 447
405 449
406 409
406 410
406 411
406 413
406 416
406 418
406 422
406 424
406 428
406 429
406 431
406 432
406 435
406 438
406 439
406 440
406 442
406 445
406 447
407 410
407 414
407 415
407 416
407 420
407 421
407 422
407 424
407 425
407 427
407 429
407 431
407 432
407 433
407 436
407 437
407 444
408 410
408 413
408 414
408 419
408 420
408 421
408 423
408 426
408 427
408 430
408 431
408 438
408 439
408 440
408 441
409 414
409 419
409 421
409 422
409 424
409 430
409 433
409 435
409 439
409 440
409 441
409 445
409 449
409 492
410 411
410 413
410 419
410 420
410 426
410 427
410 431
410 432
410 435
410 436
410 440
410 441
410 446
410 449
411 416
411 420
411 425
411 426
411 433
411 438
411 440
411 441
411 442
411 445
411 449
412 418
412 424
412 426
412 428
412 433
412 438
412 443
412 444
412 446
413 414
413 415
413 416
413 418
413 420
413 422
413 426
413 427
413 429
413 430
413 432
413 433
413 434
413 436
413 437
413 441
413 442
413 444
413 449
413 487
414 415
414 419
414 423
414 424
414 426
414 427
414 433
414 436
414 437
414 438
414 441
414 448
415 416
415 417
415 420
415 421
415 422
415 423
415 425
415 430
415 431
415 432
415 433
415 440
415 443
415 445
416 417
416 418
416 419
416 420
416 424
416 427
416 431
416 434
416 435
416 437
416 440
416 441
416 443
416 445
416 446
416 449
417 419
417 420
417 429
417 432
417 434
417 435
417 436
417 437
417 443
417 446
417 449
418 419
418 421
418 422
418 424
418 426
418 427
418 433
418 445
418 446
418 448
418 449
419 420
419 421
419 427
419 428
419 429
419 433
419 435
419 436
419 437
419 441
419 442
419 445
419 447
419 449
419 496
420 423
420 427
420 430
420 433
420 434
420 436
420 437
420 440
420 449
421 422
421 423
421 428
421 429
421 431
421 437
421 440
421 442
421 445
421 446
421 447
422 423
422 424
422 426
422 427
422 431
422 435
422 440
422 445
422 447
423 424
423 425
423 427
423 430
423 431
423 440
423 442
423 443
423 444
423 447
423 448
423 451
424 426
424 428
424 429
424 431
424 434
424 435
424 436
424 438
424 439
424 440
424 441
424 442
424 443
424 445
424 448
424 449
425 434
425 435
425 436
425 437
425 440
425 444
425 447
425 449
426 427
426 429
426 431
426 435
426 437
426 438
426 439
426 441
426 442
426 444
427 429
427 430
427 432
427 434
427 435
427 439
427 440
427 441
427 447
427 448
428 438
428 439
428 442
428 443
428 444
428 445
428 447
428 449
429 434
429 437
429 439
429 440
429 441
429 442
429 449
430 432
430 434
430 435
430 437
430 438
430 447
431 433
431 434
431 436
431 438
431 439
431 440
431 442
431 443
431 444
431 449
432 433
432 434
432 435
432 436
432 437
432 440
432 443
432 444
432 445
432 446
432 447
432 449
433 434
433 436
433 440
433 443
433 444
433 447
433 448
433 492
434 436
434 440
434 441
434 445
434 446
434 449
435 436
435 441
435 442
435 443
435 444
435 445
436 438
436 440
436 442
436 444
436 446
436 449
437 438
437 439
437 440
437 442
437 444
437 446
437 447
437 448
438 444
438 445
438 446
438 449
439 443
439 444
439 445
439 447
440 443
440 444
440 447
440 448
440 449
441 444
442 444
442 447
442 448
442 457
442 498
443 444
443 445
443 448
443 455
444 446
444 448
444 449
445 447
445 448
447 448
448 463
450 454
450 455
450 456
450 457
450 458
450 459
450 460
450 464
450 472
450 474
450 477
450 478
450 480
450 482
450 484
450 486
450 488
450 489
450 495
450 498
451 455
451 456
451 464
451 466
451 467
451 468
451 469
451 470
451 471
451 472
451 476
451 477
451 479
451 480
451 481
451 482
451 484
451 485
451 488
451 491
451 492
451 497
451 499
452 454
452 455
452 457
452 458
452 461
452 464
452 467
452 470
452 471
452 472
452 475
452 478
452 480
452 483
452 489
452 490
452 491
452 493
452 494
452 495
452 496
452 499
453 455
453 456
453 460
453 462
453 466
453 467
453 468
453 469
453 471
453 472
453 478
453 479
453 480
453 481
453 482
453 483
453 484
453 486
453 488
453 489
453 490
453 493
453 494
453 496
453 497
453 498
454 456
454 459
454 460
454 461
454 465
454 466
454 468
454 469
454 470
454 474
454 476
454 479
454 480
454 484
454 485
454 486
454 489
454 490
454 492
454 496
454 497
454 498
454 499
455 457
455 460
455 462
455 468
455 470
455 472
455 473
455 476
455 479
455 480
455 482
455 484
455 486
455 489
455 490
455 491
455 492
455 493
455 498
456 457
456 458
456 461
456 462
456 463
456 465
456 469
456 472
456 473
456 475
456 478
456 479
456 480
456 481
456 483
456 487
456 493
456 494
456 496
456 498
457 458
457 460
457 461
457 463
457 464
457 467
457 468
457 471
457 472
457 482
457 483
457 485
457 486
457 489
457 491
457 499
458 467
458 468
458 469
458 475
458 480
458 481
458 483
458 487
458 488
458 498
459 463
459 465
459 468
459 470
459 471
459 473
459 475
459 477
459 478
459 480
459 486
459 488
459 497
459 498
459 499
460 461
460 463
460 468
460 469
460 472
460 474
460 475
460 477
460 478
460 479
460 481
460 482
460 483
460 486
460 492
460 495
461 465
461 474
461 475
461 477
461 480
461 486
461 489
461 493
462 468
462 471
462 472
462 478
462 479
462 480
462 481
462 483
462 485
462 486
462 491
462 493
462 494
463 466
463 467
463 470
463 471
463 474
463 476
463 479
463 480
463 481
463 483
463 485
463 486
463 488
463 498
463 499
464 466
464 470
464 471
464 472
464 474
464 479
464 480
464 481
464 487
464 488
464 490
464 492
464 493
464 494
464 496
464 497
464 499
465 468
465 469
465 470
465 471
465 474
465 476
465 477
465 479
465 481
465 482
465 483
465 485
465 489
465 490
465 497
466 468
466 469
466 471
466 472
466 473
466 475
466 484
466 486
466 487
466 492
466 495
466 496
466 497
467 468
467 469
467 472
467 475
467 478
467 480
467 481
467 483
467 485
467 486
467 488
467 490
467 494
467 496
467 497
467 498
468 469
468 470
468 471
468 478
468 481
468 483
468 484
468 488
468 494
468 496
468 497
469 472
469 473
469 474
469 475
469 482
469 485
469 488
469 490
469 497
469 499
470 471
470 472
470 473
470 478
470 480
470 485
470 486
470 492
470 494
470 499
471 472
471 474
471 476
471 478
471 479
471 482
471 483
471 485
471 488
471 489
471 492
471 493
471 494
471 499
472 473
472 474
472 475
472 476
472 478
472 479
472 481
472 482
472 483
472 484
472 487
472 490
472 491
472 492
472 497
473 475
473 476
473 477
473 478
473 479
473 483
473 484
473 486
473 487
473 488
473 489
473 491
473 494
473 495
473 497
474 482
474 484
474 491
474 493
474 499
475 476
475 480
475 482
475 483
475 489
475 490
475 491
475 492
475 493
475 495
475 496
475 497
476 477
476 478
476 479
476 481
476 483
476 487
476 494
476 496
476 498
477 481
477 482
477 486
477 487
477 488
477 493
477 499
478 479
478 481
478 483
478 487
478 489
478 490
478 491
478 497
479 481
479 484
479 485
479 491
479 493
479 495
479 497
479 498
480 483
480 484
480 485
480 486
480 489
480 490
480 491
480 492
480 493
480 495
480 496
480 498
480 499
481 482
481 485
481 486
481 488
481 493
481 494
481 497
482 483
482 495
482 498
483 485
483 488
483 489
483 496
483 497
483 499
484 486
484 487
484 488
484 489
484 490
484 491
484 493
484 495
484 496
484 498
485 488
485 497
486 487
486 490
486 491
486 493
486 495
486 496
486 499
487 489
487 490
487 491
487 492
487 493
487 495
487 497
488 489
488 490
488 496
488 498
488 499
489 490
489 491
489 492
489 494
489 496
490 491
490 492
490 497
490 498
490 499
491 494
492 493
492 494
492 496
493 495
493 496
493 497
493 499
495 497
495 498
497 498
497 499
