0 7
0 8
0 13
0 18
0 22
0 27
0 29
0 31
0 32
0 33
0 38
0 44
0 344
1 3
1 5
1 6
1 7
1 12
1 14
1 15
1 18
1 19
1 21
1 23
1 24
1 25
1 26
1 28
1 29
1 30
1 31
1 32
1 33
1 35
1 37
1 41
1 45
1 48
1 49
2 7
2 11
2 15
2 20
2 21
2 22
2 25
2 27
2 30
2 31
2 36
2 38
2 40
2 43
2 44
2 45
2 48
2 269
2 417
3 4
3 8
3 9
3 14
3 16
3 18
3 19
3 20
3 21
3 23
3 24
3 25
3 26
3 29
3 32
3 34
3 36
3 40
3 42
3 45
3 46
3 232
4 5
4 6
4 7
4 8
4 11
4 12
4 14
4 17
4 18
4 19
4 26
4 28
4 29
4 30
4 31
4 33
4 35
4 36
4 38
4 39
4 40
4 49
5 8
5 9
5 11
5 13
5 17
5 18
5 20
5 24
5 25
5 28
5 30
5 32
5 33
5 34
5 36
5 37
5 40
5 41
6 14
6 17
6 18
6 20
6 22
6 23
6 26
6 27
6 28
6 31
6 32
6 34
6 36
6 38
6 39
6 40
6 41
6 46
6 49
7 9
7 13
7 15
7 18
7 19
7 20
7 21
7 25
7 26
7 27
7 30
7 33
7 40
7 41
7 44
7 48
8 11
8 12
8 13
8 15
8 19
8 20
8 25
8 30
8 32
8 33
8 34
8 35
8 38
8 41
8 49
8 242
9 11
9 23
9 25
9 26
9 27
9 29
9 34
9 35
9 37
9 38
9 42
9 43
9 46
9 48
9 49
10 16
10 18
10 19
10 20
10 24
10 25
10 26
10 35
10 36
10 39
10 40
10 44
10 46
10 48
10 301
11 14
11 15
11 22
11 23
11 25
11 30
11 31
11 35
11 39
11 42
11 44
11 46
12 16
12 18
12 21
12 22
12 24
12 27
12 29
12 30
12 31
12 33
12 34
12 36
12 37
12 38
12 39
12 43
12 49
12 74
13 19
13 22
13 27
13 30
13 34
13 35
13 36
13 37
13 42
13 43
13 44
13 48
13 49
14 18
14 20
14 21
14 22
14 24
14 25
14 30
14 31
14 33
14 34
14 36
14 37
14 44
14 47
14 48
14 307
14 432
14 456
15 19
15 21
15 22
15 27
15 28
15 31
15 32
15 33
15 35
15 36
15 39
15 40
15 42
15 43
15 44
15 386
15 419
16 17
16 18
16 19
16 24
16 25
16 29
16 32
16 34
16 35
16 36
16 38
16 46
16 47
16 48
16 49
17 21
17 25
17 31
17 35
17 37
17 41
17 42
17 43
17 44
17 45
17 48
18 19
18 24
18 28
18 30
18 31
18 37
18 43
18 45
18 48
18 49
19 20
19 21
19 23
19 24
19 25
19 26
19 30
19 32
19 33
19 34
19 38
19 40
19 43
19 45
19 47
19 49
20 21
20 22
20 24
20 26
20 28
20 31
20 33
20 35
20 39
20 40
20 41
20 43
20 46
20 47
20 48
20 49
20 112
20 394
21 22
21 25
21 27
21 29
21 31
21 36
21 39
21 40
21 42
21 43
21 46
21 49
22 23
22 24
22 26
22 27
22 28
22 29
22 32
22 35
22 38
22 39
22 40
22 43
22 45
22 48
22 49
22 494
23 24
23 25
23 27
23 30
23 33
23 34
23 35
23 36
23 37
23 41
23 43
23 46
24 28
24 29
24 32
24 36
24 40
24 44
25 29
25 31
25 34
25 35
25 39
25 41
25 42
25 44
25 45
25 411
25 444
26 33
26 34
26 36
26 39
26 44
26 47
26 48
26 115
26 321
27 30
27 31
27 36
27 38
27 40
27 43
27 45
27 46
27 49
28 30
28 34
28 41
28 42
29 30
29 35
29 41
29 43
29 46
29 249
29 370
30 33
30 35
30 37
30 38
30 45
30 48
31 32
31 33
31 39
31 40
31 45
31 46
31 47
31 49
32 36
32 38
32 42
32 44
32 45
32 47
32 48
32 49
32 308
32 437
33 34
33 35
33 36
33 37
33 40
33 41
33 43
33 44
33 47
33 49
34 37
34 38
34 39
34 40
34 49
35 36
35 41
35 42
35 44
35 45
35 46
35 47
35 48
35 169
35 366
36 39
36 41
36 43
36 44
36 47
36 302
37 42
37 47
37 49
38 39
38 41
38 49
38 486
39 43
39 44
39 46
39 48
40 42
40 43
40 47
40 48
40 49
41 43
41 49
41 74
42 44
42 45
42 48
42 110
43 44
43 45
43 46
43 47
43 49
44 45
44 46
44 48
44 49
44 272
45 47
45 443
46 221
47 48
47 49
47 184
49 327
50 51
50 54
50 55
50 56
50 68
50 70
50 72
50 73
50 76
50 78
50 79
50 81
50 82
50 83
50 86
50 87
50 90
50 91
50 99
51 52
51 53
51 54
51 56
51 63
51 66
51 70
51 71
51 73
51 75
51 86
51 87
51 92
51 95
51 98
52 56
52 57
52 62
52 63
52 64
52 66
52 67
52 68
52 70
52 71
52 73
52 74
52 75
52 76
52 78
52 79
52 81
52 82
52 83
52 84
52 85
52 87
52 89
52 90
52 93
52 359
53 54
53 56
53 57
53 58
53 59
53 60
53 61
53 63
53 67
53 68
53 69
53 72
53 79
53 80
53 83
53 84
53 88
53 91
53 92
53 94
53 95
53 99
54 57
54 58
54 64
54 65
54 71
54 75
54 78
54 80
54 81
54 84
54 85
54 86
54 89
54 90
54 92
54 95
54 96
54 98
55 56
55 59
55 61
55 62
55 65
55 73
55 75
55 80
55 83
55 89
55 92
55 93
55 95
55 98
56 61
56 62
56 64
56 65
56 71
56 72
56 74
56 75
56 78
56 79
56 80
56 82
56 86
56 87
56 88
56 94
56 95
56 96
56 98
57 62
57 65
57 69
57 72
57 73
57 74
57 79
57 83
57 86
57 91
57 92
57 93
57 95
58 59
58 61
58 63
58 64
58 67
58 71
58 75
58 77
58 80
58 81
58 84
58 85
58 87
58 90
58 92
58 94
58 98
59 61
59 62
59 63
59 67
59 68
59 71
59 82
59 85
59 86
59 88
59 89
59 92
59 94
59 95
60 66
60 67
60 70
60 75
60 83
60 84
60 85
60 92
60 93
60 177
61 63
61 69
61 70
61 73
61 74
61 76
61 77
61 78
61 79
61 89
61 90
61 94
61 95
61 96
61 97
62 65
62 70
62 72
62 74
62 76
62 78
62 82
62 83
62 86
62 87
62 89
62 91
62 92
62 98
63 64
63 65
63 66
63 82
63 86
63 87
63 88
63 91
63 95
63 96
63 97
63 98
63 99
64 65
64 67
64 69
64 71
64 73
64 74
64 77
64 78
64 79
64 80
64 81
64 82
64 85
64 88
64 89
64 91
64 93
64 96
64 98
64 398
65 67
65 68
65 72
65 77
65 79
65 81
65 82
65 86
65 87
65 88
65 90
65 95
65 96
65 98
65 99
66 69
66 74
66 76
66 80
66 83
66 84
66 91
66 94
66 96
66 97
66 98
66 112
66 200
67 68
67 69
67 72
67 73
67 75
67 78
67 79
67 80
67 82
67 83
67 85
67 87
67 91
67 95
67 96
68 69
68 72
68 76
68 77
68 82
68 88
68 89
68 91
68 94
68 97
69 72
69 77
69 78
69 79
69 81
69 83
69 86
69 88
69 90
69 96
69 97
69 99
70 72
70 73
70 79
70 84
70 86
70 97
70 354
71 73
71 74
71 78
71 81
71 82
71 85
71 92
71 93
71 95
71 98
71 110
71 254
71 417
72 79
72 82
72 84
72 85
72 86
72 88
72 89
72 91
72 92
72 97
72 98
72 261
72 304
73 79
73 80
73 83
73 84
73 89
73 94
74 76
74 78
74 79
74 81
74 82
74 84
74 88
74 89
74 92
74 94
74 95
74 96
74 97
74 350
75 77
75 79
75 80
75 81
75 87
75 89
75 90
75 93
75 95
76 80
76 87
76 89
76 93
76 95
76 96
76 98
76 99
77 78
77 80
77 84
77 86
77 88
77 89
77 90
77 92
77 93
77 94
77 96
77 97
77 98
77 207
78 79
78 88
78 92
78 94
78 98
78 99
79 81
79 82
79 86
79 87
79 88
79 89
79 90
79 92
79 96
79 99
80 83
80 84
80 87
80 88
80 90
81 83
81 84
81 86
81 87
81 90
81 94
81 97
81 99
82 84
82 86
82 87
82 88
82 89
82 92
82 93
82 94
82 99
83 84
83 85
83 91
83 93
84 86
84 87
84 96
84 99
84 208
85 86
85 89
85 90
85 95
85 97
85 98
85 236
86 87
86 91
86 93
86 95
86 149
87 89
87 90
87 96
87 480
88 90
88 98
89 91
89 92
89 94
89 95
89 97
89 99
90 95
90 96
90 99
91 93
91 95
91 97
91 98
92 98
93 95
93 97
94 96
94 98
95 97
95 249
96 98
97 228
98 99
128 133
128 135
128 140
128 142
128 143
128 147
128 148
128 149
128 102
128 104
128 112
128 113
128 115
128 116
128 121
128 124
129 132
129 133
129 140
129 148
129 149
129 100
129 102
129 105
129 107
129 108
129 109
129 111
129 113
129 117
129 118
129 124
129 125
130 132
130 140
130 142
130 148
130 149
130 100
130 101
130 102
130 105
130 106
130 115
130 116
130 124
130 125
130 126
131 132
131 133
131 134
131 142
131 143
131 104
131 107
131 108
131 109
131 110
131 113
131 119
131 120
131 123
131 124
131 127
131 204
131 281
132 135
132 136
132 138
132 148
132 149
132 107
132 108
132 110
132 116
132 119
132 122
132 123
132 409
133 134
133 135
133 136
133 141
133 142
133 145
133 146
133 147
133 149
133 102
133 108
133 109
133 111
133 113
133 118
133 127
133 315
134 137
134 138
134 139
134 143
134 144
134 146
134 148
134 149
134 105
134 106
134 109
134 113
134 114
134 117
134 119
134 122
134 123
134 124
135 136
135 138
135 145
135 146
135 147
135 100
135 107
135 113
135 114
135 117
135 118
135 120
135 126
136 142
136 101
136 102
136 103
136 104
136 105
136 109
136 110
136 111
136 114
136 115
136 116
136 118
136 122
136 127
137 139
137 140
137 142
137 143
137 144
137 106
137 111
137 112
137 121
137 124
137 125
137 126
137 127
138 139
138 140
138 105
138 106
138 108
138 110
138 111
138 112
138 113
138 114
138 118
138 122
138 123
138 124
138 125
139 140
139 141
139 142
139 143
139 144
139 145
139 149
139 103
139 104
139 107
139 123
139 125
139 300
140 143
140 102
140 105
140 106
140 107
140 108
140 112
140 113
140 117
140 120
140 127
141 142
141 103
141 109
141 110
141 115
141 116
141 119
141 121
141 123
141 125
141 127
141 212
142 145
142 147
142 104
142 106
142 107
142 109
142 112
142 113
142 115
142 116
142 124
143 100
143 105
143 106
143 107
143 108
143 112
143 117
143 123
143 124
143 125
143 127
144 145
144 146
144 147
144 149
144 103
144 104
144 105
144 106
144 107
144 110
144 112
144 116
144 117
144 120
144 123
144 198
145 147
145 105
145 106
145 108
145 109
145 111
145 112
145 113
145 115
145 116
145 119
145 121
146 147
146 149
146 101
146 102
146 107
146 109
146 111
146 113
146 117
146 118
146 120
146 123
146 477
147 149
147 105
147 106
147 108
147 110
147 112
147 116
147 118
147 124
147 125
147 372
147 407
148 149
148 101
148 102
148 105
148 106
148 108
148 109
148 111
148 113
148 114
148 117
148 118
148 119
148 123
148 124
148 126
148 127
149 101
149 104
149 107
149 109
149 112
149 113
149 117
149 120
149 121
149 124
149 126
149 127
100 101
100 111
100 112
100 118
100 120
100 122
100 123
100 124
100 125
101 102
101 103
101 104
101 106
101 109
101 111
101 112
101 116
101 118
101 122
101 123
101 125
102 103
102 105
102 107
102 112
102 113
102 114
102 117
102 118
102 119
102 121
102 123
102 124
102 127
102 399
103 104
103 106
103 108
103 112
103 113
103 115
103 117
103 119
103 120
103 122
103 123
104 105
104 108
104 109
104 110
104 111
104 112
104 118
104 119
104 120
104 122
104 125
104 126
104 329
105 106
105 107
105 109
105 110
105 112
105 115
105 117
105 118
105 122
105 124
105 125
106 107
106 108
106 116
106 123
106 124
106 127
107 108
107 109
107 117
107 118
107 120
107 121
107 124
107 126
108 116
108 118
108 119
108 120
108 483
109 110
109 112
109 113
109 114
109 119
109 121
109 122
109 125
110 111
110 118
110 120
110 122
111 113
111 118
111 119
111 120
111 122
111 125
111 127
112 118
112 119
112 122
112 123
113 114
113 116
113 118
113 120
113 121
113 122
113 123
113 125
113 126
114 115
114 118
114 123
114 124
115 127
115 173
116 118
116 120
116 121
116 122
116 124
117 122
117 123
117 124
117 125
117 126
117 472
118 120
118 121
118 123
118 124
118 326
119 124
119 125
119 126
119 127
120 124
120 125
120 127
120 342
121 123
121 125
121 127
121 157
122 124
123 126
123 127
125 126
125 127
126 493
150 151
150 153
150 158
150 159
150 164
150 166
150 167
150 171
150 175
150 176
150 181
150 186
150 187
150 190
150 191
150 192
150 193
150 199
151 154
151 156
151 161
151 162
151 165
151 167
151 168
151 169
151 172
151 173
151 175
151 178
151 179
151 180
151 188
151 191
151 194
151 195
151 196
151 297
152 154
152 157
152 160
152 162
152 165
152 169
152 172
152 173
152 177
152 178
152 180
152 182
152 185
152 188
152 189
152 191
152 194
152 195
152 197
152 199
152 289
153 154
153 155
153 157
153 159
153 163
153 168
153 169
153 170
153 175
153 179
153 181
153 191
153 193
153 194
153 197
153 199
154 158
154 160
154 161
154 166
154 167
154 173
154 174
154 176
154 182
154 185
154 186
154 187
154 191
155 158
155 159
155 160
155 161
155 163
155 164
155 165
155 171
155 172
155 177
155 181
155 193
155 194
155 195
155 197
155 198
155 384
156 157
156 159
156 163
156 164
156 167
156 173
156 175
156 178
156 190
156 192
156 193
156 194
156 196
157 162
157 163
157 167
157 169
157 170
157 174
157 175
157 179
157 182
157 184
157 185
157 187
157 189
157 198
157 342
157 476
158 159
158 162
158 163
158 173
158 175
158 179
158 180
158 181
158 183
158 187
158 191
158 192
158 194
158 195
159 161
159 164
159 165
159 168
159 170
159 171
159 172
159 174
159 175
159 177
159 179
159 182
159 183
159 184
159 187
159 188
159 190
159 195
159 196
159 198
159 199
160 165
160 169
160 171
160 175
160 176
160 177
160 181
160 182
160 183
160 185
160 192
161 163
161 165
161 169
161 182
161 186
161 188
161 193
161 195
161 196
161 197
162 163
162 165
162 167
162 168
162 173
162 174
162 177
162 179
162 180
162 181
162 183
162 184
162 185
162 186
162 187
162 188
162 190
162 194
162 195
162 197
162 198
163 165
163 170
163 173
163 177
163 182
163 186
163 190
163 192
163 194
163 196
163 197
164 173
164 174
164 176
164 182
164 183
164 188
164 190
164 191
164 192
164 195
164 196
164 197
164 199
165 168
165 169
165 170
165 171
165 174
165 178
165 180
165 183
165 185
165 192
165 198
166 167
166 168
166 169
166 170
166 172
166 173
166 179
166 183
166 185
166 189
166 191
166 199
167 168
167 174
167 175
167 177
167 178
167 182
167 184
167 186
167 189
167 190
167 192
167 194
167 197
167 198
168 170
168 171
168 172
168 174
168 175
168 176
168 179
168 180
168 181
168 186
168 187
168 188
168 189
168 190
168 194
168 198
169 170
169 171
169 172
169 173
169 178
169 180
169 183
169 186
169 188
169 189
169 190
169 194
169 196
169 197
169 199
170 172
170 173
170 174
170 175
170 186
170 188
170 189
170 191
170 192
170 197
171 172
171 173
171 174
171 175
171 177
171 178
171 181
171 182
171 189
171 190
171 191
171 192
171 194
171 195
171 196
171 197
172 174
172 178
172 179
172 181
172 184
172 186
172 187
172 192
172 193
172 194
172 196
173 178
173 182
173 187
173 191
173 192
173 194
173 198
173 261
174 176
174 177
174 179
174 181
174 186
174 197
174 198
174 199
175 178
175 179
175 182
175 183
175 190
175 193
175 194
175 196
175 197
175 199
176 182
176 183
176 189
176 193
176 194
176 195
176 199
177 179
177 181
177 184
177 191
177 193
177 194
177 195
177 268
178 179
178 180
178 184
178 186
178 187
178 189
178 190
178 194
178 197
178 198
179 183
179 188
179 192
179 194
179 195
179 198
180 181
180 185
180 191
180 194
180 198
180 199
181 182
181 183
181 190
181 193
181 196
181 197
182 183
182 184
182 185
182 189
182 193
182 194
182 196
183 186
183 187
183 190
183 191
183 196
183 197
184 186
184 190
184 191
184 195
184 207
185 187
185 189
185 193
185 196
185 198
185 199
185 240
186 187
186 189
186 190
186 191
186 192
186 195
186 197
186 198
186 200
187 190
187 196
187 197
187 198
187 199
187 237
188 190
188 191
188 192
188 194
188 195
188 196
189 190
189 191
189 192
189 195
189 196
189 197
189 199
190 191
190 196
190 197
190 198
190 464
191 193
191 196
191 197
192 193
192 196
192 268
193 194
193 197
193 199
193 471
194 195
194 196
194 197
195 197
195 198
195 199
196 197
196 198
198 199
198 393
200 201
200 204
200 207
200 211
200 212
200 214
200 216
200 217
200 220
200 221
200 222
200 229
200 233
200 236
200 237
200 238
200 240
200 243
200 245
201 204
201 205
201 207
201 211
201 212
201 214
201 222
201 224
201 228
201 229
201 233
201 237
201 238
201 241
201 242
201 243
201 244
201 247
202 204
202 209
202 211
202 212
202 214
202 215
202 218
202 221
202 223
202 224
202 227
202 228
202 231
202 234
202 235
202 237
202 239
202 240
202 241
202 246
202 249
203 204
203 208
203 212
203 213
203 216
203 217
203 219
203 222
203 223
203 225
203 227
203 235
203 236
203 241
203 243
203 245
203 249
204 205
204 207
204 210
204 213
204 216
204 219
204 220
204 225
204 227
204 230
204 235
204 236
204 241
204 242
204 244
204 245
204 249
204 365
205 206
205 208
205 213
205 214
205 215
205 216
205 218
205 219
205 221
205 223
205 225
205 227
205 228
205 232
205 233
205 238
205 239
205 245
206 216
206 220
206 221
206 222
206 223
206 224
206 226
206 228
206 229
206 233
206 235
206 238
206 241
206 242
206 243
206 244
206 246
206 248
207 216
207 217
207 218
207 219
207 221
207 222
207 229
207 233
207 234
207 235
207 237
207 242
207 246
207 354
208 210
208 211
208 214
208 215
208 219
208 221
208 225
208 227
208 228
208 229
208 230
208 231
208 232
208 237
208 238
208 244
208 245
209 216
209 218
209 220
209 222
209 224
209 225
209 227
209 229
209 237
209 240
209 241
209 249
210 212
210 213
210 215
210 216
210 218
210 229
210 230
210 232
210 233
210 234
210 236
210 237
210 238
210 241
210 242
210 246
210 247
210 249
211 213
211 214
211 215
211 216
211 217
211 219
211 221
211 224
211 225
211 227
211 233
211 234
211 237
211 238
211 239
211 240
211 243
211 246
211 247
211 248
211 249
212 219
212 221
212 223
212 224
212 226
212 229
212 234
212 236
212 237
212 238
212 243
212 244
212 245
212 247
213 216
213 217
213 219
213 221
213 223
213 227
213 233
213 234
213 241
213 243
213 244
213 247
213 249
214 221
214 225
214 227
214 231
214 233
214 240
214 243
214 244
214 249
215 216
215 222
215 223
215 224
215 229
215 230
215 236
215 238
215 242
215 248
216 218
216 220
216 224
216 227
216 229
216 230
216 232
216 233
216 234
216 236
216 237
216 239
216 241
216 243
216 246
216 248
216 249
217 218
217 219
217 220
217 224
217 226
217 227
217 228
217 230
217 233
217 237
217 238
217 241
217 242
217 243
217 246
217 247
218 219
218 220
218 221
218 222
218 223
218 227
218 229
218 231
218 237
218 238
218 239
218 240
218 243
218 245
218 247
218 248
218 249
218 268
218 482
219 221
219 222
219 226
219 227
219 228
219 234
219 237
219 238
219 241
219 243
219 245
219 248
219 249
220 222
220 224
220 226
220 229
220 230
220 234
220 235
220 236
220 242
220 244
220 374
221 223
221 224
221 225
221 227
221 228
221 230
221 234
221 236
221 237
221 242
221 244
221 249
222 223
222 224
222 227
222 230
222 232
222 233
222 234
222 235
222 238
222 241
222 249
223 227
223 228
223 233
223 235
223 238
223 240
223 241
223 242
223 243
223 244
223 245
224 225
224 226
224 228
224 229
224 230
224 231
224 232
224 234
224 237
224 240
224 243
224 247
224 248
225 227
225 229
225 233
225 234
225 236
225 244
225 245
225 246
225 249
226 231
226 233
226 235
226 237
226 241
226 242
226 243
226 246
226 249
227 236
227 244
227 246
227 248
228 229
228 230
228 235
228 236
228 240
228 241
228 242
228 245
228 248
229 231
229 233
229 237
229 239
229 242
229 245
229 249
230 231
230 232
230 236
230 239
230 241
230 242
230 243
230 247
230 248
231 234
231 237
231 238
231 241
231 243
231 245
231 247
231 248
232 234
232 235
232 237
232 238
232 239
232 245
232 247
232 248
233 234
233 236
233 237
233 243
233 244
233 284
234 235
234 239
234 240
234 243
234 244
234 245
234 247
234 248
234 249
235 237
235 238
235 241
235 244
235 247
236 246
237 239
237 240
237 241
237 244
237 248
237 249
238 239
238 241
238 243
239 243
239 246
239 248
239 249
240 247
240 249
240 413
241 245
241 246
241 409
241 457
242 245
242 247
242 248
243 244
243 245
244 245
244 246
244 247
244 248
244 249
246 247
246 249
247 248
248 249
256 257
256 258
256 261
256 262
256 264
256 267
256 268
256 270
256 274
256 277
256 281
256 282
256 284
256 288
256 289
256 291
256 296
256 297
257 258
257 261
257 263
257 269
257 271
257 273
257 274
257 275
257 281
257 282
257 286
257 288
257 289
257 295
257 296
257 251
258 260
258 264
258 267
258 271
258 272
258 274
258 275
258 278
258 281
258 282
258 285
258 290
258 292
258 293
258 294
258 298
258 253
259 262
259 264
259 265
259 266
259 270
259 275
259 278
259 280
259 282
259 287
259 290
259 291
259 292
259 295
259 296
259 297
259 298
259 299
259 252
259 426
260 261
260 263
260 266
260 267
260 269
260 270
260 272
260 273
260 277
260 281
260 283
260 284
260 285
260 286
260 287
260 289
260 292
260 295
260 296
260 297
260 299
260 250
261 262
261 263
261 266
261 271
261 272
261 273
261 279
261 286
261 291
261 294
261 295
261 298
261 253
261 255
262 264
262 265
262 268
262 271
262 272
262 273
262 275
262 281
262 288
262 290
262 296
262 298
262 299
262 250
262 251
262 255
263 266
263 269
263 270
263 272
263 273
263 280
263 281
263 283
263 284
263 287
263 291
263 294
263 297
263 299
263 250
263 253
263 254
264 266
264 272
264 273
264 275
264 276
264 277
264 279
264 280
264 281
264 287
264 288
264 290
264 291
264 293
264 294
264 295
264 299
264 254
265 266
265 270
265 273
265 275
265 277
265 279
265 286
265 290
265 291
265 297
265 298
265 250
265 251
265 252
265 254
265 489
266 267
266 268
266 269
266 270
266 271
266 272
266 274
266 275
266 276
266 277
266 278
266 280
266 283
266 285
266 286
266 288
266 290
266 291
266 292
266 293
266 297
266 299
266 255
267 272
267 273
267 276
267 277
267 281
267 283
267 285
267 287
267 290
267 295
267 296
267 298
267 250
267 253
267 254
267 494
268 274
268 275
268 277
268 282
268 283
268 285
268 286
268 288
268 289
268 297
268 250
268 251
268 254
269 273
269 274
269 275
269 276
269 277
269 278
269 281
269 284
269 285
269 286
269 288
269 289
269 290
269 292
269 293
269 295
269 296
269 298
269 299
269 253
269 254
270 271
270 273
270 274
270 277
270 282
270 284
270 292
270 293
270 294
270 298
270 255
271 272
271 275
271 277
271 281
271 282
271 283
271 284
271 288
271 289
271 290
271 293
271 296
271 299
271 250
271 252
271 253
272 275
272 276
272 277
272 278
272 280
272 289
272 291
272 294
272 296
272 299
272 251
272 255
273 275
273 276
273 278
273 281
273 285
273 288
273 293
273 295
273 296
273 298
273 253
273 255
274 278
274 279
274 282
274 283
274 284
274 286
274 287
274 290
274 296
274 298
274 299
274 251
274 252
274 255
275 276
275 277
275 286
275 289
275 295
275 297
275 299
276 278
276 280
276 281
276 284
276 286
276 287
276 288
276 293
276 295
276 297
276 299
276 252
276 255
277 279
277 280
277 282
277 285
277 288
277 292
277 293
277 251
277 255
278 281
278 282
278 286
278 288
278 289
278 290
278 295
278 296
278 297
278 299
278 250
278 251
278 252
278 253
278 396
279 280
279 281
279 282
279 284
279 285
279 288
279 297
279 298
279 250
279 253
280 284
280 286
280 289
280 290
280 291
280 293
280 294
280 252
280 255
280 362
280 410
281 284
281 288
281 289
281 292
281 294
281 295
281 296
281 298
281 250
282 284
282 285
282 286
282 289
282 290
282 291
282 295
282 299
282 252
282 253
283 285
283 286
283 287
283 288
283 289
283 294
283 299
283 250
283 252
283 253
283 309
284 287
284 289
284 291
284 295
284 298
284 251
284 253
285 289
285 290
285 293
285 297
285 298
285 299
285 250
285 407
286 287
286 289
286 293
286 295
286 298
286 253
286 254
287 291
287 292
287 293
287 294
287 297
287 298
287 299
287 250
287 252
287 253
287 255
288 293
288 296
288 297
288 250
289 291
289 292
289 293
289 294
289 295
289 296
289 338
289 488
290 291
290 292
290 293
290 294
290 295
290 253
290 255
291 293
291 294
291 296
291 297
291 298
292 293
292 250
292 251
292 252
292 255
292 311
293 295
293 296
293 298
293 253
294 295
294 298
294 251
294 255
294 321
295 251
295 252
295 255
296 298
296 299
296 251
296 255
297 299
298 251
298 254
299 252
299 255
250 251
251 252
251 253
251 254
251 255
252 253
252 255
253 255
253 407
300 306
300 307
300 308
300 310
300 312
300 313
300 317
300 321
300 324
300 325
300 327
300 328
300 329
300 330
300 340
300 345
300 346
301 304
301 306
301 307
301 309
301 310
301 314
301 316
301 327
301 330
301 333
301 337
301 338
301 343
301 344
301 347
301 348
301 349
301 371
302 305
302 308
302 309
302 313
302 317
302 322
302 324
302 328
302 329
302 330
302 335
302 337
302 340
302 341
302 342
302 346
302 347
302 349
303 308
303 313
303 316
303 320
303 323
303 326
303 330
303 335
303 337
303 342
303 344
303 347
303 349
304 307
304 309
304 310
304 319
304 320
304 321
304 324
304 327
304 329
304 330
304 331
304 334
304 335
304 336
304 343
304 344
304 348
304 349
305 306
305 307
305 309
305 310
305 316
305 317
305 318
305 320
305 322
305 325
305 326
305 327
305 328
305 329
305 331
305 334
305 336
305 337
305 338
305 340
305 341
305 343
305 346
305 347
305 348
305 444
306 308
306 310
306 311
306 316
306 317
306 320
306 328
306 329
306 334
306 335
306 336
306 337
306 339
306 342
306 344
306 348
306 349
307 309
307 310
307 311
307 314
307 315
307 317
307 318
307 328
307 331
307 332
307 333
307 335
307 336
307 337
307 344
307 345
307 346
307 347
307 349
308 309
308 311
308 312
308 316
308 319
308 322
308 326
308 331
308 332
308 333
308 337
308 339
308 341
308 344
308 345
308 346
308 347
308 348
308 349
309 314
309 315
309 318
309 319
309 321
309 325
309 332
309 334
309 345
309 349
310 312
310 314
310 320
310 326
310 328
310 329
310 339
310 343
310 344
311 315
311 316
311 319
311 321
311 323
311 327
311 328
311 330
311 331
311 332
311 334
311 336
311 337
311 338
311 339
311 340
311 341
311 342
311 344
311 347
311 349
312 317
312 318
312 320
312 325
312 327
312 328
312 329
312 333
312 335
312 340
312 341
312 344
312 405
313 317
313 318
313 319
313 320
313 322
313 323
313 325
313 326
313 329
313 330
313 337
313 338
313 339
313 341
313 345
314 316
314 319
314 320
314 324
314 325
314 326
314 328
314 329
314 331
314 334
314 335
314 337
314 339
314 343
314 347
314 348
315 316
315 317
315 321
315 323
315 326
315 327
315 328
315 329
315 332
315 333
315 339
315 340
315 341
315 346
315 347
315 349
316 319
316 320
316 321
316 322
316 325
316 331
316 333
316 334
316 336
316 337
316 346
317 320
317 324
317 325
317 329
317 331
317 332
317 333
317 334
317 336
317 337
317 338
317 339
317 341
317 342
317 343
317 345
317 347
318 326
318 331
318 332
318 336
318 338
318 339
318 341
318 349
319 320
319 322
319 327
319 329
319 330
319 331
319 334
319 336
319 339
319 340
319 342
319 343
319 344
319 346
320 322
320 325
320 327
320 328
320 329
320 330
320 333
320 334
320 335
320 338
320 339
320 341
320 344
320 345
320 346
320 349
321 325
321 326
321 329
321 330
321 332
321 334
321 336
321 338
321 341
321 344
321 347
321 348
322 325
322 326
322 327
322 328
322 330
322 333
322 338
322 339
322 341
322 346
322 347
322 348
322 349
323 325
323 329
323 334
323 335
323 339
323 342
323 343
323 344
323 345
324 327
324 328
324 330
324 332
324 333
324 336
324 339
324 340
324 342
324 344
324 345
324 346
325 329
325 336
325 339
325 343
325 344
325 348
326 327
326 328
326 329
326 331
326 332
326 333
326 334
326 339
326 344
326 345
326 346
326 349
327 335
327 337
327 338
327 339
327 340
327 342
327 344
327 345
327 346
327 347
327 348
328 331
328 334
328 335
328 336
328 341
328 342
328 346
328 347
329 331
329 334
329 336
329 342
329 346
329 349
330 331
330 334
330 336
330 337
330 338
330 339
330 340
330 347
330 348
330 349
331 333
331 336
331 337
331 338
331 346
332 333
332 335
332 336
332 338
332 340
332 341
332 342
332 344
332 345
332 346
332 347
332 349
333 334
333 336
333 338
333 340
333 341
333 345
334 336
334 339
334 344
334 345
334 347
335 342
335 344
335 346
335 347
336 339
336 345
336 346
336 349
337 342
337 345
338 339
338 342
338 343
338 344
338 345
338 346
338 349
338 458
339 344
339 349
340 341
340 343
340 344
340 346
340 349
341 342
341 344
341 345
341 347
341 348
342 343
342 346
342 348
343 344
343 346
343 349
344 346
344 348
344 349
345 346
345 347
345 349
347 349
384 385
384 393
384 397
384 398
384 350
384 357
384 359
384 362
384 365
384 371
384 372
384 377
384 378
384 379
384 380
384 382
384 383
385 387
385 388
385 390
385 392
385 396
385 399
385 350
385 354
385 356
385 359
385 361
385 363
385 364
385 365
385 367
385 368
385 369
385 376
385 378
385 380
385 381
386 387
386 388
386 390
386 391
386 397
386 398
386 399
386 350
386 351
386 353
386 354
386 357
386 362
386 365
386 367
386 369
386 370
386 376
386 378
386 380
386 381
386 382
386 383
387 388
387 394
387 397
387 399
387 350
387 355
387 356
387 359
387 360
387 361
387 362
387 367
387 368
387 369
387 372
387 375
387 377
387 379
387 382
388 390
388 395
388 397
388 398
388 351
388 353
388 356
388 357
388 358
388 359
388 361
388 363
388 371
388 372
388 376
388 377
388 379
388 382
389 395
389 398
389 350
389 358
389 366
389 369
389 374
389 375
389 381
389 383
390 391
390 392
390 393
390 397
390 350
390 353
390 354
390 355
390 362
390 369
390 372
390 375
390 377
390 381
390 383
391 395
391 354
391 359
391 360
391 364
391 365
391 367
391 368
391 369
391 370
391 375
391 376
391 382
392 398
392 399
392 351
392 352
392 354
392 357
392 358
392 362
392 363
392 364
392 365
392 367
392 373
392 374
392 377
392 381
393 394
393 397
393 399
393 350
393 357
393 359
393 360
393 361
393 363
393 364
393 366
393 367
393 368
393 369
393 373
393 378
393 379
394 353
394 354
394 355
394 356
394 357
394 361
394 364
394 366
394 367
394 371
394 373
394 375
395 399
395 352
395 353
395 354
395 356
395 360
395 364
395 367
395 369
395 371
395 372
395 375
395 377
395 378
395 379
395 380
395 426
396 397
396 398
396 350
396 353
396 354
396 357
396 362
396 363
396 366
396 367
396 372
396 375
396 377
396 378
396 383
397 354
397 356
397 357
397 361
397 362
397 363
397 366
397 369
397 370
397 374
397 376
397 379
397 380
397 383
398 350
398 352
398 355
398 356
398 357
398 358
398 359
398 360
398 361
398 366
398 367
398 371
398 372
398 374
398 377
398 379
398 382
399 352
399 357
399 358
399 360
399 365
399 367
399 368
399 376
399 378
399 380
399 383
350 354
350 356
350 361
350 367
350 369
350 373
350 374
350 375
350 378
350 380
350 381
351 354
351 358
351 359
351 360
351 361
351 365
351 367
351 372
351 377
351 378
351 380
351 382
352 353
352 354
352 356
352 359
352 363
352 364
352 367
352 370
352 372
352 373
352 374
352 375
352 382
352 465
353 354
353 355
353 356
353 357
353 363
353 365
353 366
353 369
353 370
353 371
353 373
353 375
353 376
353 377
353 378
353 379
353 382
354 355
354 360
354 363
354 365
354 366
354 369
354 375
354 376
354 382
354 383
355 357
355 361
355 363
355 365
355 367
355 368
355 369
355 371
355 372
355 375
355 376
355 378
355 381
355 382
356 359
356 365
356 371
356 372
356 373
356 374
356 378
356 379
356 381
356 382
357 362
357 368
357 372
357 373
357 375
357 376
357 378
357 381
357 382
357 464
358 359
358 360
358 363
358 366
358 368
358 369
358 370
358 371
358 374
358 378
358 380
358 381
358 382
358 472
359 360
359 361
359 362
359 366
359 367
359 370
359 372
359 375
359 377
359 378
359 379
359 380
359 381
359 382
360 361
360 366
360 367
360 369
360 370
360 371
360 372
360 378
360 383
361 362
361 363
361 364
361 370
361 371
361 373
361 376
361 377
361 378
361 379
361 381
361 383
362 365
362 367
362 369
362 370
362 371
362 372
362 376
362 379
362 381
363 365
363 367
363 368
363 371
363 372
363 373
363 374
363 376
363 379
363 380
363 381
363 382
363 383
364 365
364 366
364 370
364 372
364 373
364 375
364 376
364 378
364 381
364 382
364 383
365 367
365 369
365 370
365 371
365 372
365 373
365 374
365 377
365 382
365 383
366 373
366 374
366 375
366 377
366 379
366 381
366 382
367 368
367 370
367 372
367 373
367 374
367 377
367 378
367 380
367 382
367 383
368 369
368 371
368 374
368 375
368 376
368 377
368 380
368 381
368 382
368 424
369 372
369 374
369 375
369 378
369 380
369 382
370 371
371 372
371 377
371 380
371 383
372 375
372 379
372 380
373 374
373 378
373 379
373 380
374 375
374 377
374 380
374 381
374 382
374 383
374 472
375 377
375 378
376 377
376 378
376 379
376 382
376 383
377 379
377 380
377 382
378 379
378 381
378 383
379 380
379 383
380 383
382 383
400 403
400 407
400 408
400 414
400 416
400 421
400 425
400 426
400 429
400 432
400 433
400 434
400 436
400 443
400 445
400 447
401 405
401 406
401 407
401 408
401 410
401 414
401 421
401 423
401 425
401 431
401 432
401 433
401 434
401 436
401 437
401 438
401 439
401 443
401 444
401 447
401 448
402 403
402 404
402 405
402 410
402 413
402 414
402 416
402 419
402 420
402 421
402 424
402 428
402 429
402 431
402 434
402 438
402 439
402 442
402 446
402 447
402 448
402 449
403 404
403 406
403 407
403 409
403 410
403 414
403 415
403 417
403 423
403 425
403 427
403 429
403 430
403 432
403 434
403 437
403 438
403 441
403 442
403 443
403 444
403 445
403 446
404 405
404 406
404 407
404 408
404 409
404 410
404 412
404 416
404 417
404 420
404 424
404 425
404 431
404 436
404 437
404 439
404 440
404 442
404 444
404 445
404 449
405 407
405 408
405 411
405 416
405 418
405 419
405 424
405 425
405 427
405 436
405 437
405 438
405 444
406 408
406 412
406 414
406 417
406 419
406 420
406 426
406 431
406 433
406 434
406 437
406 441
406 442
406 444
406 445
406 446
406 447
406 448
406 449
407 410
407 412
407 415
407 420
407 422
407 428
407 429
407 439
407 443
407 446
408 413
408 416
408 417
408 418
408 421
408 424
408 425
408 426
408 430
408 431
408 434
408 437
408 441
408 446
409 412
409 420
409 423
409 427
409 428
409 430
409 431
409 433
409 435
409 439
409 442
409 443
409 445
409 446
409 449
410 411
410 413
410 414
410 415
410 417
410 420
410 423
410 426
410 427
410 428
410 430
410 432
410 433
410 434
410 439
410 440
411 412
411 413
411 415
411 419
411 420
411 423
411 424
411 427
411 429
411 430
411 437
411 441
411 443
411 444
411 445
411 447
412 419
412 422
412 423
412 424
412 425
412 426
412 430
412 436
412 437
412 438
412 441
412 442
412 447
412 448
412 449
413 416
413 419
413 426
413 429
413 430
413 431
413 432
413 433
413 434
413 435
413 437
413 438
413 444
413 445
413 446
413 447
414 415
414 417
414 419
414 420
414 423
414 424
414 426
414 429
414 436
414 442
414 444
414 448
415 416
415 418
415 419
415 422
415 426
415 428
415 430
415 436
415 438
415 439
415 442
416 418
416 419
416 420
416 422
416 424
416 427
416 429
416 431
416 432
416 435
416 437
416 440
416 443
416 444
416 445
416 447
417 419
417 423
417 425
417 427
417 428
417 429
417 439
417 442
417 443
417 446
417 449
418 419
418 420
418 423
418 425
418 428
418 432
418 439
418 445
418 446
418 448
418 449
418 464
419 421
419 422
419 426
419 428
419 438
419 439
419 441
419 446
419 449
420 423
420 424
420 426
420 433
420 435
420 437
420 444
420 446
420 448
421 427
421 430
421 432
421 433
421 434
421 435
421 438
421 440
421 444
421 445
421 446
422 424
422 426
422 427
422 428
422 429
422 430
422 431
422 438
422 439
422 440
422 443
422 445
422 446
423 425
423 426
423 427
423 429
423 430
423 432
423 435
423 438
423 442
423 444
423 446
423 447
423 448
424 425
424 428
424 431
424 434
424 436
424 437
424 438
424 439
424 444
424 446
424 447
425 427
425 430
425 431
425 433
425 435
425 436
425 438
425 439
425 446
425 447
425 448
426 436
426 439
426 441
426 445
427 430
427 432
427 433
427 434
427 438
427 440
427 441
427 444
427 445
427 446
427 447
428 429
428 430
428 431
428 432
428 433
428 435
428 437
428 438
428 447
428 449
429 432
429 435
429 437
429 439
429 441
429 442
429 445
429 446
429 447
429 449
430 436
430 438
430 439
430 440
430 441
430 443
430 447
430 449
431 432
431 433
431 435
431 437
431 438
431 444
431 446
431 448
431 449
432 437
432 439
432 440
432 441
432 442
432 444
432 445
432 446
433 435
433 439
433 440
433 442
433 443
433 447
433 449
434 436
434 437
434 439
434 441
434 442
434 445
435 436
435 438
435 439
435 441
435 446
435 447
436 440
436 441
436 442
436 443
436 445
436 446
436 448
437 442
437 448
438 442
438 444
438 447
438 448
439 440
439 443
439 444
439 445
439 449
440 442
440 444
440 448
441 443
441 445
441 448
442 443
442 447
442 448
442 449
443 446
444 445
444 446
444 447
444 449
446 449
447 449
450 454
450 459
450 465
450 466
450 472
450 473
450 474
450 478
450 479
450 481
450 482
450 488
450 493
450 494
450 497
450 499
451 453
451 456
451 457
451 460
451 461
451 468
451 469
451 470
451 471
451 472
451 474
451 477
451 479
451 480
451 481
451 482
451 483
451 485
451 488
451 491
451 495
451 497
451 498
452 454
452 456
452 457
452 459
452 461
452 463
452 464
452 468
452 469
452 473
452 478
452 479
452 480
452 482
452 483
452 485
452 488
452 491
452 492
452 493
452 494
452 495
453 454
453 455
453 456
453 458
453 461
453 462
453 464
453 468
453 470
453 473
453 474
453 475
453 476
453 478
453 479
453 482
453 488
453 489
453 494
453 496
453 498
454 455
454 456
454 462
454 467
454 468
454 469
454 470
454 473
454 476
454 482
454 484
454 486
454 487
454 489
454 490
454 497
454 499
455 459
455 461
455 462
455 463
455 465
455 466
455 472
455 476
455 478
455 480
455 482
455 485
455 487
455 488
455 489
455 495
455 497
455 498
455 499
456 460
456 464
456 467
456 468
456 469
456 470
456 476
456 477
456 478
456 480
456 483
456 488
456 491
456 492
456 497
456 498
457 460
457 462
457 464
457 466
457 467
457 470
457 478
457 480
457 487
457 495
457 499
458 459
458 460
458 463
458 466
458 469
458 470
458 472
458 475
458 477
458 481
458 482
458 483
458 486
458 489
458 492
458 497
459 462
459 463
459 466
459 467
459 469
459 472
459 474
459 475
459 477
459 479
459 480
459 482
459 484
459 485
459 486
459 487
459 488
459 490
459 493
459 499
460 461
460 464
460 466
460 469
460 483
460 485
460 487
460 489
460 490
460 492
460 495
460 496
460 498
461 463
461 464
461 465
461 467
461 468
461 470
461 471
461 472
461 476
461 479
461 482
461 484
461 486
461 487
461 489
461 491
461 492
461 493
461 494
461 495
461 496
462 463
462 468
462 470
462 471
462 472
462 475
462 476
462 477
462 478
462 480
462 481
462 483
462 486
462 489
462 490
462 491
463 464
463 470
463 475
463 477
463 480
463 482
463 484
463 492
463 493
463 494
463 495
463 498
464 469
464 470
464 471
464 472
464 473
464 474
464 475
464 476
464 479
464 482
464 487
464 493
464 498
465 468
465 474
465 475
465 486
465 488
465 489
465 490
465 491
465 492
465 493
465 496
465 498
465 499
466 473
466 474
466 476
466 479
466 481
466 482
466 490
466 492
466 495
467 468
467 470
467 471
467 473
467 476
467 477
467 478
467 479
467 480
467 481
467 482
467 483
467 484
467 489
467 494
467 496
468 470
468 472
468 473
468 474
468 476
468 477
468 478
468 480
468 481
468 485
468 486
468 488
468 490
468 492
468 494
468 496
468 498
468 499
469 471
469 476
469 477
469 479
469 480
469 489
469 492
469 493
469 495
469 496
469 497
469 499
470 471
470 472
470 476
470 477
470 478
470 479
470 481
470 482
470 485
470 488
470 489
470 494
470 495
470 498
471 473
471 479
471 480
471 481
471 482
471 489
471 495
471 496
471 499
472 473
472 480
472 481
472 482
472 491
472 492
472 494
472 497
472 498
473 474
473 475
473 478
473 485
473 486
473 487
473 490
473 491
473 492
473 495
474 475
474 477
474 483
474 484
474 486
474 489
474 490
474 491
474 492
474 498
475 478
475 479
475 481
475 482
475 485
475 488
475 490
475 491
475 499
476 477
476 481
476 483
476 485
476 486
476 493
476 494
476 497
476 499
477 478
477 479
477 480
477 483
477 488
477 490
477 493
477 495
477 497
478 479
478 483
478 487
478 488
478 493
478 495
479 484
479 485
479 492
479 493
479 494
480 485
480 486
480 487
480 488
480 489
480 492
480 493
480 494
480 498
481 489
481 490
481 491
481 493
481 494
481 497
481 498
482 483
482 484
482 490
482 491
482 494
483 485
483 486
483 488
483 489
483 492
483 493
483 494
483 496
483 498
484 486
484 487
484 488
484 490
484 492
484 495
484 496
484 498
485 488
485 491
485 493
485 494
485 495
485 496
486 494
486 497
486 499
487 493
487 494
487 496
487 497
488 495
488 498
488 499
489 495
489 498
490 497
491 492
491 493
491 494
491 495
491 498
491 499
492 494
492 498
492 499
493 495
493 497
494 497
494 498
495 499
496 497
496 499
497 498
497 499
