0 1
0 4
0 6
0 7
0 9
0 11
0 12
0 13
0 14
0 15
0 16
0 18
0 23
0 27
0 28
0 32
0 33
0 34
0 36
0 39
0 43
0 44
0 45
0 46
0 47
0 48
0 49
0 81
0 87
0 178
0 262
0 291
0 293
0 323
0 469
1 2
1 3
1 5
1 6
1 8
1 11
1 12
1 13
1 14
1 15
1 16
1 20
1 21
1 29
1 32
1 33
1 35
1 36
1 37
1 38
1 39
1 40
1 42
1 45
1 46
1 47
1 49
1 346
1 415
1 423
2 3
2 6
2 8
2 10
2 13
2 17
2 18
2 28
2 34
2 39
2 40
2 43
2 46
2 47
2 48
2 202
2 205
2 219
2 317
3 5
3 7
3 8
3 18
3 22
3 23
3 24
3 28
3 29
3 30
3 32
3 33
3 34
3 36
3 38
3 42
3 45
3 47
3 48
3 70
3 145
3 172
3 228
3 263
3 360
3 420
4 7
4 8
4 16
4 17
4 20
4 21
4 26
4 28
4 29
4 30
4 32
4 33
4 34
4 36
4 38
4 42
4 43
4 44
4 45
4 46
4 47
4 48
4 49
4 83
4 134
4 151
4 239
4 290
4 307
4 396
4 424
5 6
5 7
5 8
5 10
5 12
5 13
5 14
5 17
5 21
5 23
5 25
5 26
5 27
5 31
5 36
5 40
5 41
5 42
5 43
5 44
5 45
5 98
5 140
5 100
5 392
5 464
6 8
6 9
6 12
6 13
6 14
6 15
6 17
6 18
6 19
6 21
6 24
6 28
6 30
6 31
6 32
6 35
6 36
6 37
6 38
6 40
6 42
6 46
6 49
6 362
7 8
7 9
7 10
7 12
7 13
7 17
7 19
7 21
7 22
7 23
7 26
7 28
7 29
7 30
7 31
7 32
7 34
7 35
7 37
7 38
7 40
7 45
7 46
7 47
7 48
7 49
7 90
7 158
7 282
7 454
8 10
8 13
8 14
8 15
8 19
8 21
8 22
8 25
8 30
8 31
8 34
8 36
8 38
8 39
8 40
8 46
8 47
8 138
8 122
8 152
8 280
9 10
9 14
9 15
9 16
9 19
9 23
9 25
9 27
9 28
9 33
9 35
9 36
9 42
9 44
9 47
9 49
9 61
9 86
9 269
9 298
9 317
10 11
10 12
10 13
10 14
10 15
10 18
10 19
10 20
10 27
10 28
10 29
10 31
10 32
10 33
10 34
10 35
10 37
10 40
10 41
10 45
10 47
10 48
10 109
10 331
10 369
11 12
11 14
11 15
11 18
11 19
11 20
11 21
11 23
11 25
11 27
11 29
11 31
11 33
11 34
11 37
11 38
11 39
11 40
11 41
11 42
11 44
11 45
11 46
11 47
11 49
11 120
11 443
11 472
12 14
12 15
12 19
12 21
12 24
12 27
12 28
12 29
12 31
12 32
12 33
12 34
12 36
12 37
12 38
12 40
12 42
12 43
12 44
12 45
12 46
12 48
12 172
12 210
12 219
12 477
13 15
13 16
13 17
13 20
13 21
13 23
13 25
13 26
13 28
13 31
13 32
13 34
13 37
13 39
13 40
13 42
13 46
13 47
13 48
13 138
13 183
13 364
14 16
14 17
14 20
14 21
14 23
14 25
14 26
14 27
14 28
14 31
14 36
14 37
14 40
14 41
14 42
14 44
14 48
14 55
14 318
14 346
15 16
15 17
15 19
15 20
15 25
15 26
15 28
15 29
15 30
15 32
15 35
15 38
15 39
15 44
15 47
15 137
15 102
15 199
15 236
15 355
15 454
15 459
16 17
16 18
16 20
16 23
16 25
16 26
16 29
16 30
16 31
16 32
16 33
16 40
16 47
16 49
16 64
16 187
16 259
16 270
16 279
16 281
16 422
17 18
17 20
17 22
17 23
17 26
17 27
17 28
17 29
17 30
17 32
17 33
17 35
17 37
17 39
17 44
17 45
17 46
17 47
17 48
17 162
17 217
18 20
18 21
18 22
18 23
18 24
18 27
18 28
18 30
18 31
18 33
18 34
18 40
18 42
18 45
18 47
18 210
18 365
18 448
19 22
19 23
19 25
19 29
19 30
19 32
19 34
19 36
19 38
19 39
19 40
19 42
19 43
19 48
19 49
19 62
19 64
19 226
19 284
19 286
20 21
20 22
20 24
20 25
20 28
20 32
20 34
20 35
20 47
20 48
20 49
20 104
20 191
20 285
20 404
21 22
21 24
21 25
21 27
21 32
21 33
21 36
21 39
21 42
21 44
21 45
21 46
21 49
21 148
21 260
21 334
21 361
21 416
22 24
22 25
22 28
22 32
22 36
22 38
22 41
22 42
22 45
22 48
22 49
22 107
22 115
22 464
23 24
23 25
23 26
23 27
23 29
23 34
23 37
23 39
23 40
23 41
23 42
23 43
23 46
23 49
23 233
23 336
23 363
23 424
24 26
24 33
24 34
24 35
24 36
24 37
24 38
24 41
24 42
24 46
24 267
24 388
24 450
25 26
25 28
25 29
25 30
25 33
25 34
25 37
25 38
25 39
25 41
25 45
25 46
25 47
25 188
25 194
25 221
25 376
25 404
25 406
25 444
25 469
25 479
26 27
26 31
26 33
26 37
26 38
26 40
26 43
26 44
26 49
26 84
26 244
26 391
26 392
26 401
27 30
27 31
27 32
27 34
27 35
27 37
27 40
27 44
27 45
27 47
27 49
27 75
27 159
27 227
27 337
27 389
28 29
28 30
28 32
28 33
28 35
28 36
28 38
28 39
28 43
28 74
28 108
28 251
28 363
29 30
29 35
29 39
29 41
29 42
29 47
29 48
29 49
29 73
29 275
30 31
30 36
30 37
30 38
30 39
30 41
30 42
30 44
30 45
30 47
30 49
30 238
30 248
30 270
30 311
30 322
31 32
31 42
31 43
31 46
31 47
31 139
31 168
31 264
31 276
31 340
31 388
31 439
31 455
32 35
32 38
32 39
32 42
32 43
32 45
32 46
32 48
32 86
32 137
32 103
32 170
32 338
32 351
32 409
32 433
32 443
33 34
33 35
33 37
33 38
33 40
33 43
33 44
33 45
33 48
33 49
33 214
33 307
33 348
33 449
34 35
34 36
34 38
34 39
34 40
34 44
34 45
34 46
34 48
34 268
34 339
34 344
35 36
35 37
35 38
35 41
35 42
35 43
35 46
35 47
35 48
35 85
35 102
35 185
36 39
36 42
36 43
36 46
36 48
36 162
36 166
36 194
36 448
36 459
36 480
37 40
37 41
37 42
37 46
37 49
37 161
37 205
37 252
37 456
37 473
38 41
38 42
38 43
38 44
38 45
38 48
38 103
38 212
38 382
38 419
39 42
39 43
39 46
39 47
39 49
39 146
39 167
39 185
39 436
39 485
40 43
40 45
40 46
40 47
40 48
40 49
40 348
40 373
40 418
40 478
41 43
41 44
41 45
41 47
41 86
41 168
41 217
41 288
41 253
41 425
42 43
42 48
42 171
42 379
42 444
43 44
43 45
43 47
43 49
43 106
43 154
43 308
43 330
43 473
44 45
44 47
44 48
44 141
44 311
44 370
44 378
44 422
45 80
45 205
45 412
46 47
46 48
46 398
47 48
47 122
47 255
47 457
47 491
47 499
48 78
48 164
48 246
48 405
48 477
49 143
49 279
49 369
50 53
50 54
50 59
50 68
50 71
50 72
50 74
50 75
50 76
50 80
50 82
50 84
50 88
50 89
50 90
50 92
50 94
50 95
50 96
50 97
50 98
50 144
50 232
50 241
50 343
50 346
50 356
51 55
51 59
51 62
51 63
51 64
51 65
51 66
51 70
51 72
51 74
51 75
51 76
51 78
51 80
51 82
51 85
51 89
51 91
51 93
51 96
51 98
51 137
51 178
51 247
51 327
51 330
51 342
52 54
52 57
52 65
52 67
52 70
52 72
52 73
52 75
52 76
52 77
52 80
52 81
52 82
52 83
52 86
52 87
52 88
52 89
52 91
52 92
52 93
52 96
52 97
52 98
52 135
52 204
52 241
53 54
53 57
53 58
53 59
53 65
53 66
53 67
53 68
53 69
53 72
53 73
53 75
53 76
53 78
53 80
53 81
53 84
53 88
53 90
53 91
53 93
53 94
53 95
53 96
53 240
53 253
53 301
53 312
53 400
53 406
54 57
54 58
54 61
54 62
54 63
54 65
54 66
54 67
54 68
54 70
54 71
54 73
54 74
54 80
54 81
54 83
54 89
54 90
54 91
54 95
54 97
54 99
54 169
54 171
54 209
54 281
55 56
55 59
55 60
55 61
55 62
55 63
55 64
55 67
55 68
55 73
55 74
55 75
55 76
55 79
55 81
55 83
55 84
55 85
55 86
55 89
55 91
55 93
55 95
55 96
55 99
55 127
55 269
55 323
55 423
55 489
56 57
56 59
56 61
56 64
56 66
56 70
56 71
56 74
56 75
56 76
56 77
56 79
56 80
56 81
56 82
56 83
56 84
56 85
56 86
56 87
56 91
56 92
56 94
56 95
56 98
56 99
56 152
56 387
57 60
57 61
57 62
57 63
57 64
57 65
57 66
57 67
57 68
57 70
57 72
57 73
57 74
57 77
57 80
57 81
57 82
57 83
57 84
57 85
57 86
57 87
57 90
57 92
57 97
57 98
57 126
57 204
57 315
57 394
57 421
57 462
57 464
58 59
58 60
58 66
58 68
58 72
58 75
58 76
58 77
58 78
58 79
58 80
58 81
58 82
58 83
58 84
58 85
58 95
58 96
58 255
58 474
59 63
59 64
59 65
59 67
59 69
59 70
59 73
59 74
59 75
59 76
59 77
59 79
59 80
59 86
59 87
59 88
59 89
59 94
59 98
59 99
59 191
59 244
59 307
59 394
59 359
59 452
59 489
60 65
60 66
60 68
60 69
60 70
60 74
60 76
60 77
60 84
60 85
60 88
60 89
60 90
60 91
60 92
60 94
60 268
60 391
61 64
61 65
61 66
61 67
61 69
61 71
61 73
61 75
61 77
61 78
61 79
61 80
61 87
61 88
61 89
61 92
61 94
61 95
61 98
61 99
61 156
61 187
61 403
61 462
61 483
62 63
62 65
62 68
62 69
62 70
62 71
62 72
62 73
62 74
62 75
62 79
62 80
62 81
62 82
62 86
62 88
62 91
62 93
62 94
62 95
62 96
62 97
62 98
62 99
62 163
62 220
62 236
62 294
62 314
63 66
63 67
63 69
63 70
63 76
63 77
63 78
63 79
63 80
63 81
63 82
63 84
63 86
63 88
63 92
63 93
63 94
63 96
63 98
63 99
63 195
63 298
63 455
64 66
64 67
64 69
64 70
64 75
64 77
64 79
64 81
64 85
64 86
64 90
64 92
64 93
64 95
64 97
64 353
64 354
65 67
65 68
65 69
65 70
65 71
65 74
65 76
65 77
65 79
65 80
65 83
65 84
65 85
65 88
65 90
65 93
65 96
65 97
65 235
65 251
66 70
66 72
66 73
66 75
66 79
66 82
66 85
66 87
66 89
66 90
66 91
66 94
66 98
66 160
66 332
66 334
66 393
67 69
67 70
67 72
67 73
67 77
67 78
67 81
67 82
67 83
67 84
67 85
67 87
67 88
67 89
67 91
67 93
67 96
67 98
67 99
67 136
67 157
67 188
68 69
68 70
68 71
68 72
68 76
68 77
68 79
68 80
68 85
68 86
68 87
68 90
68 91
68 92
68 96
68 141
68 123
68 195
68 235
68 330
68 368
68 379
69 70
69 72
69 73
69 74
69 77
69 85
69 88
69 89
69 91
69 93
69 95
69 97
69 316
69 484
70 71
70 74
70 76
70 78
70 82
70 84
70 86
70 88
70 91
70 92
70 94
70 95
70 97
70 99
70 105
70 288
71 74
71 75
71 78
71 80
71 81
71 82
71 84
71 85
71 86
71 88
71 94
71 95
71 96
71 97
71 98
71 99
71 377
71 420
72 73
72 74
72 77
72 81
72 85
72 87
72 98
72 199
72 314
72 367
72 369
73 74
73 76
73 77
73 82
73 84
73 88
73 89
73 94
73 96
73 98
73 427
74 76
74 77
74 79
74 84
74 85
74 86
74 87
74 88
74 91
74 95
74 97
74 98
74 99
74 241
74 299
74 424
74 460
75 76
75 77
75 80
75 90
75 92
75 94
75 96
75 97
75 137
75 296
75 307
76 84
76 85
76 91
76 92
76 98
76 99
76 141
76 238
76 350
76 359
76 449
76 496
77 78
77 79
77 82
77 85
77 86
77 87
77 91
77 93
77 94
77 95
77 96
77 99
77 129
77 175
77 217
77 288
77 349
77 350
77 444
77 451
78 81
78 85
78 92
78 95
78 96
78 98
78 99
78 140
78 116
78 178
78 268
79 87
79 88
79 89
79 90
79 95
79 96
79 97
79 98
79 159
79 220
80 85
80 88
80 91
80 92
80 93
80 94
80 95
80 98
80 175
80 193
81 82
81 84
81 88
81 90
81 92
81 93
81 96
81 337
81 411
82 84
82 86
82 88
82 89
82 90
82 91
82 92
82 93
82 98
82 99
82 121
83 85
83 86
83 88
83 90
83 91
83 92
83 95
83 99
83 133
83 198
83 224
83 234
83 254
83 447
84 87
84 88
84 91
84 92
84 94
84 95
84 97
84 98
84 163
84 365
84 429
84 431
84 475
85 86
85 87
85 90
85 93
85 94
85 96
85 394
85 408
85 474
86 91
86 93
86 95
86 97
86 98
86 191
86 388
86 406
87 88
87 91
87 92
87 93
87 94
87 95
87 96
87 98
87 218
87 220
87 255
87 354
88 90
88 91
88 94
88 95
88 96
88 97
88 98
88 299
88 313
88 442
88 477
89 90
89 164
89 179
89 183
89 250
89 498
90 92
90 93
90 94
90 95
90 99
90 118
90 182
90 244
90 293
90 402
90 418
90 464
91 97
91 99
91 183
91 192
91 349
91 389
91 413
92 93
92 94
92 95
92 97
92 301
93 95
93 96
93 99
93 395
93 397
93 448
93 464
94 98
94 185
94 208
94 357
94 450
95 97
95 98
95 99
95 147
95 119
95 171
95 304
96 97
96 98
96 99
96 187
97 99
97 129
97 179
97 210
97 265
97 426
98 99
98 268
98 285
98 303
99 208
99 380
128 131
128 132
128 135
128 136
128 137
128 139
128 140
128 141
128 143
128 144
128 146
128 148
128 100
128 101
128 102
128 103
128 107
128 108
128 113
128 115
128 116
128 118
128 119
128 122
128 123
128 341
128 389
128 359
128 365
128 371
129 131
129 136
129 139
129 140
129 142
129 144
129 146
129 104
129 105
129 106
129 110
129 111
129 112
129 113
129 115
129 116
129 117
129 120
129 122
129 123
129 124
129 125
129 126
129 127
129 202
129 213
129 411
130 133
130 136
130 138
130 142
130 145
130 146
130 147
130 149
130 100
130 107
130 109
130 110
130 112
130 113
130 114
130 116
130 117
130 119
130 121
130 123
130 124
130 125
130 207
130 349
130 354
130 448
131 135
131 136
131 138
131 143
131 146
131 147
131 149
131 100
131 101
131 102
131 106
131 108
131 110
131 112
131 117
131 118
131 121
131 122
131 185
131 220
131 221
131 229
131 294
131 307
132 135
132 136
132 141
132 142
132 143
132 146
132 147
132 102
132 103
132 104
132 106
132 107
132 109
132 111
132 115
132 116
132 119
132 120
132 122
132 124
132 227
133 134
133 136
133 140
133 141
133 142
133 143
133 144
133 145
133 146
133 148
133 100
133 101
133 102
133 104
133 105
133 106
133 107
133 112
133 115
133 116
133 117
133 118
133 119
133 124
133 270
133 271
133 324
133 445
134 136
134 138
134 139
134 144
134 147
134 148
134 149
134 102
134 103
134 104
134 105
134 106
134 108
134 110
134 111
134 112
134 113
134 114
134 116
134 119
134 120
134 126
134 343
134 431
134 474
135 138
135 139
135 140
135 142
135 144
135 149
135 105
135 106
135 107
135 109
135 111
135 112
135 114
135 118
135 119
135 120
135 123
135 126
135 127
135 422
135 425
136 141
136 142
136 146
136 101
136 103
136 104
136 105
136 107
136 108
136 110
136 112
136 114
136 116
136 118
136 120
136 121
136 122
136 124
136 125
136 126
136 230
136 459
137 138
137 139
137 142
137 144
137 147
137 148
137 101
137 103
137 104
137 106
137 107
137 108
137 110
137 112
137 113
137 116
137 117
137 122
137 123
137 126
137 127
137 412
137 491
138 139
138 141
138 142
138 143
138 144
138 145
138 148
138 149
138 101
138 104
138 105
138 107
138 108
138 110
138 117
138 119
138 122
138 123
138 126
138 407
138 443
138 486
139 140
139 141
139 142
139 144
139 100
139 103
139 104
139 105
139 106
139 107
139 111
139 116
139 118
139 119
139 120
139 122
139 124
139 125
139 126
139 271
139 384
139 486
140 141
140 143
140 147
140 148
140 102
140 104
140 113
140 116
140 117
140 119
140 121
140 122
140 123
140 124
140 126
140 319
140 370
141 144
141 145
141 147
141 148
141 102
141 104
141 105
141 107
141 108
141 109
141 111
141 112
141 113
141 114
141 115
141 116
141 118
141 121
141 193
142 144
142 145
142 146
142 147
142 148
142 149
142 103
142 105
142 110
142 111
142 113
142 117
142 118
142 119
142 122
142 123
142 124
142 126
142 127
142 161
142 244
142 308
142 315
142 424
142 432
142 434
142 478
143 144
143 145
143 146
143 149
143 100
143 101
143 102
143 103
143 104
143 105
143 107
143 111
143 113
143 114
143 115
143 116
143 117
143 121
143 122
143 123
143 124
143 125
143 126
143 171
143 186
143 465
144 145
144 146
144 149
144 101
144 103
144 112
144 114
144 116
144 117
144 118
144 119
144 121
144 125
144 126
144 127
144 200
144 341
144 392
144 493
145 146
145 148
145 101
145 102
145 105
145 106
145 108
145 110
145 112
145 113
145 114
145 117
145 118
145 121
145 122
145 123
145 125
145 225
145 268
145 280
145 315
146 103
146 104
146 105
146 109
146 111
146 112
146 113
146 119
146 121
146 123
146 124
146 159
146 303
146 344
146 379
147 100
147 101
147 103
147 108
147 109
147 110
147 113
147 117
147 120
147 124
147 126
147 127
147 176
147 309
148 149
148 100
148 104
148 105
148 107
148 111
148 114
148 117
148 118
148 119
148 121
148 123
148 124
148 125
148 195
148 210
148 223
148 278
149 100
149 101
149 104
149 105
149 106
149 110
149 111
149 115
149 116
149 117
149 119
149 120
149 122
149 123
149 124
149 127
149 321
149 357
149 415
149 455
100 102
100 103
100 104
100 106
100 107
100 108
100 112
100 116
100 119
100 120
100 125
100 127
100 291
101 103
101 105
101 106
101 110
101 111
101 114
101 116
101 118
101 122
101 125
101 127
101 206
101 337
101 348
102 104
102 105
102 107
102 108
102 109
102 110
102 113
102 115
102 117
102 126
102 127
102 153
102 156
102 198
102 286
102 435
102 453
103 104
103 106
103 108
103 110
103 111
103 115
103 117
103 119
103 122
103 123
103 126
103 288
103 347
103 380
104 105
104 107
104 108
104 109
104 110
104 112
104 113
104 119
104 123
104 124
104 126
104 127
104 156
104 232
104 378
104 402
105 108
105 109
105 110
105 111
105 113
105 114
105 116
105 121
105 122
105 123
105 126
105 127
105 161
105 218
105 247
105 262
105 276
105 283
105 405
105 443
105 476
105 483
106 110
106 111
106 116
106 118
106 121
106 123
106 125
106 126
106 156
106 189
106 318
106 337
106 374
107 108
107 109
107 110
107 111
107 112
107 114
107 115
107 118
107 120
107 122
107 125
107 202
107 272
108 110
108 113
108 114
108 116
108 118
108 119
108 120
108 121
108 123
108 126
108 255
108 366
108 409
109 113
109 119
109 121
109 122
109 125
109 127
109 260
109 285
109 303
109 471
110 111
110 112
110 114
110 115
110 116
110 118
110 120
110 122
110 123
110 126
110 211
110 325
110 327
111 112
111 113
111 114
111 115
111 117
111 118
111 120
111 121
111 123
111 125
111 127
111 402
112 114
112 117
112 119
112 122
112 124
112 125
112 126
112 168
112 181
112 249
112 269
112 394
113 115
113 116
113 120
113 122
113 123
113 125
113 126
113 127
113 167
113 257
113 304
113 318
114 115
114 116
114 120
114 122
114 123
114 125
114 126
114 157
114 311
114 358
114 470
115 119
115 120
115 121
115 122
115 123
115 124
115 126
115 127
115 150
115 169
115 210
115 215
115 382
115 406
116 118
116 119
116 121
116 122
116 125
116 126
116 288
116 418
116 496
117 121
117 124
117 125
117 269
117 366
117 455
117 479
118 122
118 123
118 126
118 127
118 212
118 307
118 481
119 121
119 123
119 125
119 263
119 416
119 473
120 121
120 123
120 124
120 225
121 124
121 125
121 126
121 127
121 222
121 236
121 441
121 453
122 123
122 125
122 243
122 416
123 124
123 125
123 199
123 245
123 321
123 422
123 424
124 126
124 180
124 268
124 287
124 398
124 428
124 468
125 127
125 370
126 127
126 306
126 377
126 404
126 444
127 264
127 342
150 151
150 153
150 154
150 155
150 159
150 160
150 162
150 168
150 169
150 171
150 173
150 174
150 176
150 177
150 179
150 180
150 181
150 186
150 189
150 190
150 191
150 194
150 195
150 196
150 199
150 373
151 153
151 155
151 157
151 158
151 161
151 164
151 165
151 166
151 167
151 171
151 174
151 178
151 179
151 180
151 181
151 183
151 184
151 185
151 186
151 187
151 189
151 196
151 199
151 291
151 343
151 398
151 423
152 153
152 156
152 157
152 160
152 164
152 165
152 166
152 168
152 171
152 172
152 175
152 177
152 178
152 181
152 182
152 187
152 188
152 189
152 194
152 195
152 196
152 199
152 200
152 319
152 441
153 156
153 160
153 163
153 164
153 165
153 168
153 169
153 170
153 175
153 176
153 178
153 179
153 180
153 182
153 183
153 184
153 190
153 191
153 194
153 195
153 196
153 197
153 198
153 302
153 391
154 155
154 157
154 158
154 159
154 160
154 161
154 164
154 165
154 167
154 170
154 173
154 174
154 180
154 181
154 182
154 183
154 184
154 185
154 186
154 187
154 190
154 191
154 192
154 195
154 196
154 243
154 315
155 157
155 158
155 159
155 160
155 162
155 163
155 166
155 171
155 172
155 174
155 175
155 176
155 177
155 179
155 180
155 186
155 189
155 190
155 197
155 198
155 199
155 269
155 416
156 159
156 160
156 162
156 163
156 164
156 167
156 168
156 169
156 170
156 172
156 173
156 175
156 178
156 182
156 184
156 188
156 189
156 195
156 289
156 353
156 362
156 484
157 159
157 160
157 162
157 163
157 164
157 166
157 167
157 168
157 169
157 171
157 173
157 174
157 175
157 177
157 178
157 179
157 180
157 181
157 185
157 187
157 189
157 191
157 193
157 194
157 195
157 196
157 197
157 198
157 406
158 159
158 160
158 161
158 162
158 164
158 165
158 167
158 171
158 172
158 175
158 176
158 179
158 185
158 186
158 188
158 189
158 190
158 191
158 192
158 193
158 194
158 196
158 199
158 358
158 493
159 163
159 164
159 165
159 168
159 169
159 170
159 171
159 172
159 174
159 175
159 176
159 178
159 183
159 189
159 190
159 191
159 193
159 194
159 195
159 197
159 199
159 430
159 470
160 163
160 165
160 166
160 167
160 168
160 169
160 172
160 175
160 177
160 178
160 180
160 181
160 182
160 184
160 187
160 188
160 197
160 199
160 328
160 331
160 356
160 416
160 426
160 464
160 484
160 495
161 162
161 165
161 167
161 168
161 169
161 173
161 176
161 179
161 180
161 181
161 182
161 184
161 186
161 187
161 188
161 189
161 190
161 191
161 197
161 198
161 248
161 420
162 163
162 164
162 167
162 168
162 169
162 173
162 178
162 180
162 181
162 184
162 185
162 189
162 191
162 192
162 194
162 196
162 197
162 198
162 199
162 213
162 234
162 266
163 167
163 170
163 175
163 176
163 178
163 179
163 180
163 181
163 182
163 192
163 196
163 198
163 414
163 484
164 165
164 168
164 170
164 172
164 173
164 177
164 178
164 179
164 180
164 182
164 183
164 184
164 187
164 188
164 190
164 191
164 195
164 196
164 197
164 199
164 219
164 238
164 268
164 391
164 372
165 166
165 167
165 168
165 171
165 178
165 180
165 183
165 190
165 194
165 195
165 196
165 323
165 332
165 432
166 168
166 169
166 171
166 172
166 175
166 176
166 180
166 185
166 186
166 187
166 189
166 190
166 191
166 192
166 193
166 196
166 197
166 261
166 448
166 457
166 459
166 492
167 169
167 171
167 172
167 173
167 176
167 177
167 178
167 180
167 183
167 187
167 188
167 189
167 193
167 196
167 197
167 198
167 199
167 209
167 308
167 385
167 428
167 492
168 169
168 171
168 174
168 176
168 179
168 181
168 183
168 185
168 186
168 188
168 190
168 191
168 195
168 196
168 216
168 234
168 243
168 400
168 490
169 171
169 173
169 175
169 176
169 177
169 180
169 183
169 184
169 185
169 188
169 190
169 191
169 192
169 193
169 194
169 195
169 198
169 199
169 417
169 426
170 174
170 176
170 180
170 183
170 184
170 185
170 186
170 190
170 192
170 193
170 195
170 197
170 198
170 199
170 225
170 264
170 452
170 464
170 485
171 173
171 175
171 177
171 178
171 180
171 181
171 182
171 183
171 185
171 186
171 187
171 193
171 194
171 195
171 198
171 332
171 349
171 416
171 458
172 173
172 174
172 178
172 180
172 182
172 186
172 193
172 194
172 195
172 196
172 197
172 268
172 361
172 447
173 175
173 176
173 177
173 179
173 180
173 182
173 183
173 185
173 188
173 189
173 190
173 191
173 194
173 197
173 199
173 202
173 236
174 175
174 177
174 180
174 185
174 186
174 187
174 188
174 189
174 192
174 196
174 198
174 237
174 259
174 355
175 177
175 179
175 181
175 182
175 185
175 188
175 190
175 192
175 194
175 196
176 177
176 182
176 184
176 185
176 186
176 192
176 197
176 198
176 285
176 293
176 393
177 178
177 179
177 180
177 185
177 186
177 188
177 192
177 196
177 198
177 221
177 355
178 179
178 180
178 181
178 182
178 183
178 185
178 186
178 187
178 189
178 190
178 191
178 196
178 197
178 198
178 244
178 249
178 276
178 282
178 307
179 181
179 182
179 185
179 186
179 187
179 188
179 189
179 190
179 191
179 193
179 195
179 196
179 197
179 199
179 251
179 368
180 181
180 184
180 187
180 191
180 192
180 193
180 196
180 197
180 198
180 199
180 389
180 473
181 182
181 183
181 184
181 185
181 186
181 187
181 189
181 190
181 191
181 192
181 193
181 195
181 423
182 187
182 188
182 190
182 197
182 198
182 199
182 297
182 448
183 184
183 185
183 186
183 191
183 192
183 193
183 196
183 197
183 198
183 264
183 319
183 341
184 186
184 187
184 188
184 190
184 192
184 196
184 197
184 198
184 245
184 308
184 317
184 320
184 354
184 445
185 186
185 187
185 192
185 193
185 194
185 195
185 196
185 198
185 199
185 311
185 368
186 187
186 190
186 192
186 193
186 194
186 195
186 196
186 199
186 393
186 352
187 188
187 190
187 193
187 194
187 196
187 197
187 255
187 434
188 189
188 190
188 191
188 192
188 193
188 194
188 195
188 197
188 199
188 210
188 398
189 194
189 195
189 197
189 199
189 493
190 192
190 194
190 198
190 199
190 215
190 247
190 352
191 192
191 193
191 196
191 199
191 288
192 195
192 196
192 198
192 211
192 234
192 246
192 273
192 289
192 302
192 387
192 355
193 195
193 196
193 401
193 452
194 195
194 196
194 197
194 198
194 199
194 379
194 452
194 497
195 196
195 197
195 198
195 349
195 498
196 197
196 450
197 198
199 411
200 201
200 203
200 205
200 206
200 207
200 209
200 210
200 211
200 213
200 215
200 216
200 218
200 219
200 220
200 223
200 224
200 227
200 230
200 231
200 233
200 234
200 238
200 239
200 243
200 244
200 245
200 246
200 249
200 391
200 350
200 477
201 204
201 206
201 209
201 210
201 211
201 212
201 214
201 215
201 216
201 218
201 220
201 221
201 223
201 224
201 225
201 227
201 228
201 229
201 230
201 231
201 232
201 233
201 235
201 236
201 237
201 240
201 241
201 242
201 245
201 247
202 203
202 205
202 206
202 209
202 210
202 213
202 215
202 217
202 218
202 221
202 222
202 223
202 224
202 225
202 227
202 228
202 231
202 233
202 234
202 236
202 238
202 240
202 241
202 242
202 244
202 245
202 248
202 446
202 449
202 461
203 204
203 212
203 214
203 215
203 217
203 218
203 220
203 221
203 223
203 225
203 227
203 228
203 229
203 231
203 232
203 233
203 234
203 235
203 236
203 239
203 241
203 244
203 246
203 247
203 322
203 385
203 390
203 365
203 424
203 494
204 205
204 206
204 208
204 211
204 214
204 215
204 217
204 218
204 219
204 222
204 223
204 224
204 225
204 226
204 227
204 228
204 231
204 233
204 236
204 238
204 241
204 242
204 243
204 248
204 391
204 400
205 207
205 208
205 210
205 214
205 215
205 219
205 222
205 224
205 227
205 230
205 231
205 234
205 236
205 239
205 241
205 242
205 245
205 247
205 249
205 403
205 479
206 207
206 209
206 212
206 213
206 215
206 216
206 218
206 219
206 220
206 221
206 223
206 232
206 233
206 236
206 237
206 238
206 240
206 242
206 243
206 245
206 246
206 247
206 368
206 440
206 442
206 464
206 470
207 209
207 213
207 216
207 221
207 228
207 230
207 231
207 232
207 233
207 234
207 235
207 236
207 238
207 239
207 240
207 241
207 249
207 397
207 452
207 461
208 211
208 213
208 215
208 217
208 218
208 221
208 223
208 226
208 232
208 234
208 235
208 240
208 241
208 243
208 245
208 246
208 249
208 265
208 274
209 213
209 214
209 215
209 217
209 218
209 221
209 222
209 223
209 226
209 228
209 230
209 232
209 234
209 235
209 236
209 238
209 239
209 240
209 241
209 249
209 278
209 321
210 214
210 215
210 218
210 223
210 224
210 226
210 231
210 232
210 233
210 235
210 236
210 238
210 243
210 248
210 300
210 466
211 215
211 216
211 218
211 221
211 222
211 225
211 226
211 229
211 230
211 235
211 237
211 240
211 241
211 242
211 243
211 247
211 248
211 249
212 217
212 220
212 225
212 229
212 230
212 231
212 232
212 234
212 236
212 237
212 238
212 240
212 241
212 248
212 249
212 359
212 371
212 470
213 215
213 216
213 217
213 218
213 221
213 222
213 223
213 226
213 233
213 236
213 237
213 238
213 241
213 243
213 244
213 346
213 430
213 433
213 466
214 216
214 218
214 221
214 222
214 223
214 225
214 226
214 227
214 228
214 229
214 230
214 231
214 232
214 235
214 236
214 238
214 240
214 242
214 243
214 244
214 247
214 248
214 249
214 261
214 277
214 436
214 470
215 220
215 221
215 224
215 225
215 227
215 228
215 230
215 233
215 236
215 237
215 238
215 246
215 247
215 248
215 249
215 323
215 426
215 491
216 220
216 223
216 224
216 226
216 228
216 229
216 231
216 232
216 234
216 236
216 237
216 240
216 247
216 248
216 249
216 286
216 497
217 220
217 222
217 223
217 227
217 230
217 231
217 234
217 235
217 236
217 237
217 240
217 241
217 245
217 247
217 299
217 495
218 221
218 223
218 224
218 225
218 226
218 227
218 229
218 230
218 233
218 234
218 235
218 237
218 239
218 246
218 249
218 296
219 224
219 229
219 231
219 233
219 234
219 235
219 236
219 237
219 239
219 244
219 249
219 261
219 365
220 221
220 222
220 223
220 225
220 227
220 228
220 231
220 236
220 237
220 238
220 242
220 243
220 244
220 245
221 226
221 227
221 228
221 230
221 231
221 232
221 235
221 239
221 241
221 242
221 243
221 244
221 247
221 248
221 296
221 387
221 405
221 432
221 454
222 224
222 225
222 233
222 234
222 235
222 237
222 243
222 245
222 247
222 249
222 295
222 312
222 387
223 224
223 225
223 227
223 228
223 234
223 235
223 237
223 240
223 242
223 243
223 244
223 246
223 248
224 226
224 229
224 231
224 232
224 235
224 236
224 238
224 239
224 240
224 243
224 245
224 248
224 374
224 411
224 435
224 476
225 229
225 230
225 232
225 234
225 235
225 238
225 239
225 241
225 242
225 249
225 290
225 457
225 492
226 227
226 230
226 231
226 232
226 233
226 234
226 238
226 241
226 243
226 245
226 246
226 248
226 249
226 260
227 228
227 232
227 233
227 236
227 238
227 240
227 242
227 243
227 244
227 246
227 247
227 354
228 229
228 238
228 239
228 241
228 242
228 244
228 247
228 249
228 314
229 231
229 233
229 235
229 236
229 237
229 238
229 240
229 241
229 242
229 243
229 245
229 247
229 365
229 420
229 488
230 232
230 233
230 234
230 236
230 239
230 240
230 242
230 244
230 245
230 247
230 248
230 249
230 273
230 288
230 442
231 232
231 233
231 239
231 240
231 242
231 243
231 244
231 245
231 249
232 234
232 236
232 238
232 239
232 242
232 243
232 244
232 246
232 248
232 499
233 235
233 237
233 239
233 242
233 245
233 247
233 248
233 310
233 333
233 487
234 235
234 236
234 239
234 241
234 245
234 246
234 248
234 249
234 317
234 319
234 351
234 425
234 435
234 474
235 238
235 241
235 244
235 246
235 247
235 365
235 434
236 237
236 239
236 243
236 247
236 248
236 249
236 387
236 468
236 485
237 240
237 243
237 244
237 246
237 248
237 249
237 261
237 395
237 403
238 242
238 244
238 247
238 248
238 249
238 380
238 427
238 457
239 240
239 242
239 244
239 245
239 247
239 248
239 403
240 247
240 248
240 364
240 428
240 454
241 244
241 245
241 286
241 345
241 354
242 243
242 244
242 247
242 248
242 282
243 245
243 246
243 479
244 278
244 317
244 424
245 247
245 249
245 415
246 247
246 248
246 249
246 312
246 383
247 285
247 338
247 444
247 498
248 285
248 339
249 427
249 431
256 257
256 259
256 261
256 263
256 264
256 265
256 267
256 268
256 269
256 270
256 273
256 276
256 278
256 279
256 283
256 284
256 287
256 294
256 295
256 297
256 250
256 254
256 255
257 258
257 259
257 261
257 263
257 266
257 268
257 270
257 272
257 273
257 277
257 278
257 279
257 280
257 290
257 291
257 293
257 296
257 298
257 299
257 251
257 252
257 255
257 307
257 349
257 393
257 416
257 443
257 498
258 259
258 261
258 264
258 265
258 269
258 270
258 275
258 276
258 279
258 280
258 281
258 282
258 285
258 287
258 289
258 291
258 293
258 294
258 296
258 297
258 299
258 250
258 251
258 252
258 254
259 263
259 264
259 265
259 266
259 267
259 268
259 270
259 271
259 272
259 273
259 274
259 275
259 280
259 281
259 284
259 285
259 286
259 289
259 290
259 291
259 293
259 294
259 295
259 296
259 250
259 251
259 255
259 445
260 264
260 265
260 267
260 268
260 270
260 271
260 272
260 273
260 275
260 276
260 278
260 279
260 281
260 283
260 286
260 287
260 291
260 294
260 296
260 252
260 253
260 254
260 255
260 463
261 266
261 267
261 272
261 273
261 274
261 275
261 276
261 277
261 278
261 279
261 283
261 285
261 286
261 288
261 290
261 291
261 292
261 294
261 295
261 298
261 299
261 251
261 253
261 254
261 255
261 415
262 266
262 269
262 271
262 276
262 278
262 279
262 280
262 281
262 284
262 285
262 287
262 292
262 294
262 295
262 297
262 299
262 250
262 254
262 255
262 309
263 265
263 266
263 267
263 269
263 270
263 272
263 278
263 279
263 281
263 282
263 285
263 286
263 288
263 292
263 293
263 294
263 295
263 296
263 297
263 252
263 255
263 316
263 479
263 498
264 265
264 266
264 268
264 270
264 273
264 274
264 276
264 278
264 281
264 282
264 283
264 285
264 287
264 288
264 289
264 290
264 292
264 293
264 296
264 297
264 298
264 299
264 251
264 254
264 255
264 352
265 271
265 274
265 275
265 277
265 281
265 282
265 285
265 286
265 287
265 288
265 290
265 291
265 292
265 293
265 294
265 295
265 296
265 297
265 298
265 299
265 250
265 253
265 255
265 324
265 442
266 268
266 269
266 274
266 275
266 277
266 280
266 282
266 284
266 286
266 287
266 288
266 289
266 291
266 298
266 252
266 254
266 414
267 269
267 271
267 274
267 275
267 276
267 277
267 280
267 288
267 289
267 290
267 292
267 294
267 295
267 299
267 250
267 252
267 255
268 269
268 271
268 273
268 275
268 276
268 277
268 278
268 281
268 283
268 284
268 289
268 290
268 294
268 298
268 339
269 272
269 274
269 277
269 278
269 280
269 283
269 287
269 290
269 291
269 292
269 293
269 294
269 295
269 299
269 251
269 306
269 488
269 492
270 271
270 272
270 274
270 277
270 280
270 281
270 282
270 283
270 285
270 287
270 288
270 291
270 293
270 294
270 295
270 296
270 297
270 299
270 250
270 253
270 310
270 431
271 274
271 275
271 277
271 278
271 281
271 287
271 292
271 296
271 297
271 298
271 299
271 251
271 252
271 253
271 392
271 421
272 273
272 275
272 276
272 277
272 279
272 280
272 282
272 284
272 286
272 289
272 290
272 291
272 292
272 294
272 296
272 297
272 250
272 253
272 255
273 274
273 278
273 279
273 281
273 285
273 287
273 288
273 290
273 291
273 292
273 293
273 294
273 295
273 297
273 299
273 254
273 255
273 357
273 421
273 496
274 275
274 276
274 279
274 281
274 283
274 284
274 286
274 287
274 290
274 292
274 294
274 295
274 297
274 299
274 251
274 254
274 432
275 276
275 278
275 279
275 280
275 284
275 285
275 286
275 287
275 288
275 290
275 294
275 295
275 298
275 299
275 250
275 251
275 254
275 300
275 374
275 485
276 277
276 280
276 283
276 285
276 286
276 287
276 288
276 297
276 298
276 254
276 255
277 278
277 279
277 280
277 284
277 285
277 286
277 290
277 291
277 293
277 294
277 296
277 297
277 298
277 299
277 252
277 253
277 254
277 255
277 404
277 466
278 280
278 281
278 282
278 283
278 288
278 290
278 291
278 292
278 293
278 298
278 299
278 250
278 251
278 253
278 255
278 453
279 280
279 284
279 285
279 286
279 293
279 294
279 295
279 297
279 299
279 251
279 252
279 254
279 255
279 337
279 371
280 281
280 282
280 283
280 284
280 285
280 289
280 291
280 296
280 299
280 251
280 252
280 254
280 300
280 342
280 399
280 452
281 283
281 284
281 285
281 287
281 290
281 291
281 292
281 251
281 252
281 254
281 341
281 343
281 411
282 287
282 288
282 289
282 291
282 292
282 295
282 298
282 252
282 254
282 326
283 285
283 287
283 289
283 290
283 292
283 293
283 295
283 299
283 250
283 252
283 253
283 254
283 255
283 342
283 393
283 355
283 487
284 285
284 286
284 288
284 289
284 291
284 292
284 293
284 294
284 296
284 299
284 252
284 253
284 254
284 359
284 371
285 288
285 290
285 297
285 298
285 299
285 250
285 253
285 383
286 289
286 292
286 293
286 294
286 295
286 296
286 297
286 299
286 250
286 254
286 332
287 288
287 290
287 291
287 292
287 293
287 295
287 297
287 298
287 299
287 250
287 251
287 253
287 254
287 255
288 289
288 290
288 294
288 297
288 299
288 250
288 251
288 254
288 316
288 400
288 455
289 290
289 292
289 295
289 298
289 299
289 250
289 251
289 252
289 254
289 306
289 359
289 428
290 291
290 294
290 297
290 250
290 251
290 252
290 254
290 335
290 399
291 293
291 295
291 297
291 298
291 299
291 250
291 251
291 254
291 255
291 381
291 417
292 293
292 296
292 297
292 298
292 250
292 252
292 304
292 316
292 336
292 392
292 400
293 295
293 296
293 297
293 298
293 299
293 250
293 251
293 340
293 412
294 299
294 255
294 352
295 250
295 251
295 255
295 385
296 298
296 255
296 331
297 299
297 252
297 253
297 254
297 255
298 299
298 250
298 251
298 253
298 316
298 386
298 411
298 428
299 251
299 252
299 253
299 398
299 433
299 437
250 251
250 252
250 253
250 254
250 255
250 311
250 349
250 423
251 252
251 386
253 254
253 334
253 450
253 469
254 255
255 454
255 457
300 303
300 304
300 306
300 308
300 309
300 310
300 313
300 314
300 315
300 317
300 318
300 321
300 322
300 323
300 325
300 326
300 331
300 332
300 335
300 337
300 340
300 341
300 342
300 343
300 344
300 345
300 347
300 389
300 373
301 303
301 305
301 307
301 311
301 313
301 314
301 317
301 318
301 319
301 320
301 322
301 323
301 325
301 327
301 330
301 335
301 336
301 338
301 340
301 345
301 347
301 348
301 404
302 303
302 304
302 306
302 307
302 308
302 310
302 311
302 312
302 313
302 314
302 315
302 318
302 319
302 320
302 322
302 323
302 324
302 327
302 328
302 330
302 331
302 332
302 333
302 335
302 337
302 338
302 339
302 341
302 343
302 345
302 346
302 348
302 361
302 383
302 419
303 305
303 306
303 309
303 310
303 312
303 314
303 315
303 316
303 321
303 323
303 324
303 325
303 327
303 328
303 329
303 331
303 332
303 334
303 335
303 336
303 337
303 339
303 341
303 342
303 343
303 344
303 348
304 308
304 313
304 315
304 316
304 319
304 320
304 321
304 323
304 324
304 325
304 326
304 327
304 330
304 334
304 335
304 338
304 340
304 343
304 344
304 345
304 346
305 307
305 309
305 310
305 312
305 313
305 314
305 315
305 316
305 318
305 319
305 321
305 322
305 323
305 325
305 328
305 333
305 335
305 340
305 341
305 342
305 343
305 345
306 307
306 308
306 313
306 314
306 318
306 321
306 323
306 324
306 326
306 327
306 329
306 330
306 331
306 333
306 334
306 336
306 340
306 344
306 345
306 346
306 347
306 468
307 308
307 313
307 317
307 321
307 322
307 323
307 324
307 325
307 326
307 327
307 328
307 331
307 332
307 336
307 338
307 345
307 346
307 347
307 387
308 309
308 312
308 315
308 316
308 317
308 319
308 322
308 324
308 325
308 326
308 327
308 329
308 330
308 331
308 332
308 333
308 334
308 337
308 338
308 340
308 341
308 342
308 343
308 344
308 346
308 349
308 369
308 429
308 445
308 498
309 310
309 312
309 314
309 318
309 319
309 321
309 322
309 323
309 326
309 330
309 331
309 332
309 333
309 338
309 342
309 345
309 346
309 348
309 387
309 360
310 319
310 320
310 321
310 322
310 323
310 330
310 331
310 332
310 334
310 335
310 336
310 337
310 338
310 341
310 343
310 345
310 346
311 313
311 315
311 316
311 317
311 318
311 319
311 320
311 321
311 324
311 325
311 326
311 328
311 331
311 334
311 336
311 338
311 347
311 348
311 433
312 315
312 317
312 318
312 320
312 323
312 325
312 327
312 328
312 330
312 331
312 333
312 336
312 337
312 338
312 342
312 463
313 314
313 316
313 317
313 319
313 322
313 323
313 330
313 331
313 332
313 333
313 334
313 338
313 340
313 341
313 344
313 345
313 347
313 348
313 440
313 460
313 494
314 316
314 319
314 320
314 321
314 322
314 325
314 328
314 329
314 332
314 333
314 334
314 335
314 336
314 337
314 339
314 340
314 341
314 344
314 345
314 346
314 347
314 349
314 441
314 492
315 319
315 320
315 321
315 322
315 323
315 325
315 326
315 330
315 331
315 332
315 334
315 335
315 337
315 339
315 345
315 346
315 347
315 349
315 462
316 317
316 318
316 321
316 324
316 330
316 331
316 332
316 334
316 340
316 341
316 342
316 343
316 345
316 347
316 348
317 319
317 321
317 322
317 323
317 324
317 325
317 327
317 329
317 330
317 331
317 333
317 335
317 338
317 340
317 344
317 345
317 347
317 348
317 368
318 319
318 320
318 321
318 322
318 323
318 324
318 325
318 326
318 327
318 328
318 334
318 339
318 341
318 347
318 364
318 467
319 321
319 322
319 323
319 325
319 328
319 329
319 332
319 333
319 334
319 336
319 337
319 339
319 341
319 342
319 343
319 345
319 346
319 347
319 349
319 415
319 419
319 421
319 437
319 440
320 322
320 323
320 324
320 325
320 328
320 331
320 332
320 336
320 338
320 339
320 340
320 343
320 348
320 438
320 461
321 322
321 323
321 328
321 329
321 330
321 332
321 333
321 335
321 336
321 342
321 343
321 344
321 345
321 346
321 347
321 446
321 478
322 327
322 328
322 329
322 335
322 336
322 341
322 342
322 346
322 348
323 324
323 326
323 327
323 333
323 338
323 339
323 341
323 342
323 343
323 344
323 347
323 356
324 326
324 328
324 330
324 334
324 335
324 336
324 341
324 345
324 346
324 347
324 392
325 327
325 328
325 329
325 330
325 333
325 335
325 338
325 340
325 342
325 343
325 345
326 328
326 329
326 331
326 332
326 333
326 335
326 340
326 341
326 343
326 346
326 347
326 448
327 330
327 332
327 333
327 334
327 337
327 341
327 342
327 346
327 348
327 371
327 464
328 329
328 337
328 341
328 342
328 343
328 344
328 346
328 347
328 348
328 349
328 354
328 469
328 472
328 477
329 330
329 332
329 333
329 334
329 335
329 337
329 340
329 341
329 345
329 346
329 348
329 349
329 410
329 438
330 332
330 333
330 334
330 336
330 337
330 340
330 341
330 342
330 344
330 346
330 347
330 468
331 332
331 335
331 336
331 337
331 338
331 344
331 345
331 346
331 348
331 380
332 333
332 334
332 335
332 338
332 339
332 340
332 342
332 343
332 344
332 345
332 346
332 347
332 349
332 370
332 468
333 334
333 335
333 336
333 337
333 338
333 339
333 340
333 344
333 408
334 339
334 340
334 341
334 342
334 343
334 344
334 346
334 348
334 349
334 370
335 336
335 340
335 341
335 342
335 343
335 344
336 337
336 340
336 341
336 346
336 347
336 348
336 349
336 490
337 338
337 340
337 341
337 342
337 344
337 345
337 444
338 339
338 344
338 345
338 346
338 347
338 348
338 394
338 468
339 340
339 342
339 343
339 345
339 346
339 348
339 349
339 409
339 417
340 342
340 345
340 388
340 417
340 470
340 478
340 484
341 343
341 344
341 348
341 349
341 406
342 344
342 345
342 346
342 348
342 392
343 344
343 346
343 348
343 349
343 483
343 497
344 492
345 346
345 347
345 406
345 407
346 347
346 348
346 349
346 386
346 459
347 348
348 349
348 403
349 376
349 457
349 474
384 386
384 387
384 390
384 391
384 393
384 394
384 397
384 351
384 352
384 355
384 356
384 358
384 359
384 364
384 365
384 367
384 368
384 369
384 370
384 373
384 374
384 375
384 378
384 379
384 382
385 386
385 388
385 389
385 390
385 391
385 393
385 395
385 396
385 397
385 398
385 399
385 355
385 357
385 358
385 359
385 360
385 361
385 362
385 363
385 365
385 366
385 370
385 372
385 373
385 374
385 375
385 376
385 377
385 381
385 382
385 440
385 442
386 391
386 397
386 398
386 399
386 350
386 352
386 354
386 360
386 362
386 364
386 365
386 366
386 367
386 368
386 371
386 375
386 376
386 377
386 378
386 379
386 380
386 381
386 383
386 418
387 388
387 396
387 397
387 350
387 351
387 352
387 356
387 357
387 358
387 361
387 362
387 363
387 365
387 366
387 368
387 369
387 371
387 373
387 374
387 376
387 379
387 380
387 381
387 448
387 494
388 389
388 395
388 398
388 350
388 352
388 353
388 355
388 357
388 361
388 364
388 366
388 368
388 369
388 370
388 372
388 374
388 376
388 378
388 382
388 472
389 394
389 396
389 397
389 353
389 356
389 359
389 361
389 365
389 366
389 369
389 373
389 376
389 379
389 380
389 382
390 391
390 396
390 397
390 398
390 399
390 353
390 354
390 357
390 358
390 360
390 361
390 362
390 364
390 368
390 370
390 371
390 372
390 373
390 374
390 375
390 376
390 377
390 378
390 379
390 382
390 383
391 392
391 393
391 394
391 395
391 351
391 352
391 353
391 354
391 358
391 359
391 360
391 363
391 364
391 365
391 366
391 370
391 371
391 375
391 379
391 381
391 383
392 399
392 352
392 355
392 360
392 361
392 362
392 363
392 366
392 367
392 368
392 369
392 371
392 375
392 376
392 378
392 381
392 431
392 439
392 445
393 395
393 396
393 398
393 399
393 351
393 352
393 353
393 355
393 356
393 357
393 358
393 359
393 362
393 363
393 364
393 369
393 370
393 376
393 381
393 382
393 383
393 405
394 397
394 399
394 352
394 354
394 356
394 357
394 359
394 360
394 367
394 370
394 372
394 373
394 375
394 376
394 377
394 380
394 447
395 397
395 399
395 351
395 353
395 354
395 355
395 357
395 358
395 361
395 362
395 364
395 369
395 371
395 372
395 374
395 375
395 376
395 377
395 378
395 380
395 381
395 382
395 383
395 440
396 398
396 399
396 354
396 358
396 361
396 366
396 367
396 368
396 370
396 371
396 372
396 373
396 375
396 377
396 378
396 380
396 381
396 383
396 463
397 353
397 357
397 358
397 359
397 361
397 362
397 365
397 367
397 368
397 369
397 371
397 375
397 376
397 378
397 379
397 380
397 381
397 382
397 426
397 461
398 399
398 351
398 352
398 354
398 357
398 358
398 359
398 360
398 361
398 363
398 368
398 369
398 376
398 378
398 382
399 352
399 353
399 354
399 360
399 366
399 369
399 371
399 373
399 374
399 375
399 376
399 379
399 383
350 351
350 355
350 357
350 359
350 364
350 365
350 366
350 369
350 370
350 371
350 372
350 373
350 374
350 375
350 376
350 379
350 380
350 381
350 382
350 383
350 421
351 353
351 355
351 356
351 357
351 359
351 361
351 364
351 366
351 367
351 369
351 370
351 377
351 379
351 382
351 383
351 459
351 462
352 356
352 357
352 358
352 359
352 361
352 363
352 364
352 365
352 366
352 369
352 370
352 374
352 379
352 381
352 382
352 447
353 354
353 355
353 356
353 357
353 358
353 359
353 360
353 361
353 362
353 364
353 365
353 366
353 371
353 373
353 374
353 375
353 377
353 381
353 382
353 417
354 355
354 359
354 360
354 361
354 362
354 363
354 365
354 366
354 368
354 369
354 370
354 371
354 372
354 375
354 378
354 403
354 463
354 471
355 357
355 358
355 360
355 361
355 362
355 363
355 364
355 368
355 370
355 371
355 373
355 374
355 375
355 377
355 378
355 382
356 357
356 358
356 359
356 363
356 364
356 365
356 368
356 372
356 373
356 374
356 375
356 377
356 379
356 380
356 382
356 383
357 360
357 362
357 363
357 364
357 365
357 367
357 368
357 370
357 372
357 373
357 374
357 376
357 377
357 381
357 382
357 383
357 416
357 465
358 360
358 362
358 364
358 365
358 366
358 368
358 369
358 370
358 372
358 377
358 380
358 381
359 360
359 363
359 364
359 366
359 367
359 369
359 370
359 371
359 375
359 378
359 380
359 416
360 361
360 362
360 363
360 364
360 366
360 367
360 370
360 372
360 373
360 375
360 377
360 379
360 381
361 363
361 368
361 370
361 373
361 374
361 377
361 379
361 381
361 382
362 363
362 364
362 367
362 368
362 369
362 371
362 375
362 376
362 377
362 379
362 452
363 366
363 369
363 372
363 373
363 374
363 375
363 376
363 377
363 378
363 379
363 380
363 415
363 462
363 467
364 365
364 366
364 368
364 373
364 376
364 379
364 380
364 381
364 382
364 491
365 368
365 369
365 371
365 374
365 376
365 378
365 379
365 381
366 367
366 369
366 370
366 372
366 373
366 375
366 380
366 382
366 383
366 444
366 482
367 368
367 370
367 374
367 442
368 370
368 371
368 372
368 373
368 374
368 376
368 377
368 378
368 381
368 383
369 370
369 376
369 378
369 382
369 383
370 371
370 373
370 374
370 376
370 377
370 378
370 379
370 382
370 383
370 443
371 382
371 383
372 376
372 377
372 380
372 381
372 435
372 481
373 374
373 375
373 377
373 380
373 381
373 382
373 436
373 459
374 376
374 377
374 380
374 382
375 376
375 378
375 379
375 380
375 381
375 382
375 383
375 403
375 416
376 377
376 380
376 381
376 382
376 435
376 452
376 454
377 379
377 408
377 492
378 382
378 383
378 408
379 453
379 472
380 382
380 383
380 466
381 382
381 494
382 411
382 454
383 435
383 470
400 403
400 404
400 406
400 409
400 410
400 411
400 417
400 418
400 421
400 423
400 426
400 427
400 429
400 430
400 433
400 434
400 435
400 440
400 441
400 442
400 446
400 447
401 402
401 403
401 405
401 407
401 413
401 414
401 416
401 417
401 424
401 425
401 431
401 435
401 436
401 437
401 438
401 439
401 440
401 441
401 442
401 443
401 447
401 448
401 478
402 403
402 404
402 406
402 407
402 408
402 409
402 410
402 411
402 412
402 413
402 415
402 416
402 418
402 420
402 421
402 422
402 423
402 426
402 427
402 428
402 429
402 433
402 437
402 438
402 440
402 441
402 447
402 449
402 477
403 404
403 405
403 406
403 408
403 409
403 410
403 412
403 413
403 415
403 416
403 417
403 419
403 424
403 427
403 428
403 430
403 431
403 432
403 433
403 436
403 438
403 439
403 442
403 445
403 446
403 447
403 448
404 407
404 408
404 409
404 410
404 412
404 413
404 416
404 418
404 419
404 420
404 421
404 423
404 424
404 425
404 426
404 429
404 431
404 432
404 433
404 438
404 439
404 441
404 449
405 406
405 407
405 409
405 412
405 414
405 415
405 420
405 421
405 422
405 428
405 429
405 432
405 434
405 436
405 442
405 443
405 444
405 446
405 448
406 409
406 410
406 412
406 413
406 414
406 421
406 427
406 430
406 431
406 438
406 443
406 444
406 445
406 446
406 447
406 448
406 449
407 408
407 410
407 411
407 412
407 413
407 414
407 416
407 418
407 419
407 424
407 426
407 428
407 430
407 431
407 432
407 433
407 436
407 438
407 439
407 445
407 446
407 447
407 448
408 409
408 413
408 416
408 417
408 423
408 425
408 427
408 428
408 429
408 431
408 435
408 436
408 438
408 439
408 442
408 443
408 444
408 445
408 449
408 478
409 410
409 411
409 413
409 415
409 418
409 420
409 422
409 423
409 424
409 425
409 426
409 427
409 428
409 429
409 430
409 431
409 432
409 434
409 437
409 438
409 439
409 440
409 441
409 445
409 446
409 448
410 411
410 413
410 414
410 415
410 416
410 417
410 418
410 419
410 420
410 423
410 427
410 430
410 431
410 433
410 435
410 438
410 439
410 440
410 442
410 445
410 448
411 412
411 413
411 414
411 416
411 417
411 418
411 419
411 421
411 422
411 423
411 427
411 428
411 429
411 430
411 432
411 434
411 438
411 442
411 445
411 447
411 449
412 415
412 416
412 417
412 418
412 424
412 428
412 431
412 435
412 436
412 437
412 438
412 442
412 443
412 444
412 448
412 449
413 416
413 419
413 421
413 425
413 434
413 438
413 441
413 442
413 445
414 418
414 422
414 423
414 425
414 428
414 429
414 430
414 431
414 434
414 435
414 439
414 440
414 443
414 449
415 418
415 420
415 421
415 424
415 429
415 430
415 431
415 432
415 435
415 436
415 437
415 439
415 443
415 446
416 417
416 418
416 421
416 422
416 423
416 425
416 428
416 430
416 431
416 432
416 436
416 437
416 439
416 441
416 442
416 443
416 447
417 421
417 423
417 424
417 426
417 430
417 434
417 436
417 438
417 441
417 442
417 443
417 444
417 445
418 419
418 423
418 425
418 426
418 427
418 429
418 430
418 431
418 432
418 433
418 434
418 437
418 438
418 439
418 440
418 442
418 446
418 447
418 448
419 420
419 421
419 423
419 424
419 425
419 428
419 429
419 432
419 433
419 436
419 439
419 440
419 441
419 443
419 445
419 447
420 421
420 422
420 424
420 425
420 427
420 430
420 431
420 433
420 434
420 435
420 441
420 446
420 447
420 448
420 449
420 477
420 491
421 422
421 426
421 427
421 428
421 429
421 430
421 432
421 434
421 436
421 438
421 439
421 440
421 442
421 444
421 446
422 424
422 427
422 430
422 431
422 432
422 433
422 434
422 435
422 437
422 440
422 441
422 442
422 443
422 444
422 445
422 446
422 447
422 448
422 449
422 487
423 424
423 425
423 429
423 435
423 438
423 443
423 462
424 425
424 426
424 428
424 429
424 430
424 432
424 433
424 434
424 435
424 437
424 439
424 441
424 442
424 443
424 447
424 451
425 429
425 434
425 435
425 437
425 438
425 441
425 444
425 445
425 446
425 447
425 448
425 487
425 499
426 427
426 428
426 429
426 430
426 431
426 432
426 433
426 434
426 435
426 438
426 439
426 443
426 445
426 446
426 447
427 428
427 429
427 431
427 433
427 438
427 439
427 441
427 444
427 445
427 447
427 449
428 436
428 440
428 442
428 444
428 445
428 447
428 448
428 449
429 431
429 434
429 435
429 437
429 439
429 440
429 443
429 444
429 447
429 448
430 433
430 434
430 436
430 438
430 439
430 440
430 441
430 443
430 445
430 449
431 432
431 434
431 436
431 437
431 439
431 440
431 442
431 445
431 449
431 490
432 433
432 434
432 435
432 436
432 437
432 438
432 442
432 444
432 447
432 448
432 449
432 487
433 434
433 436
433 437
433 438
433 440
433 443
433 447
433 449
434 437
434 440
434 443
434 444
434 445
434 446
434 447
434 449
434 484
435 436
435 441
435 442
435 445
435 446
435 449
436 437
436 439
436 440
436 443
436 445
436 446
436 447
436 456
437 438
437 439
437 442
437 443
437 445
437 449
438 439
438 442
438 443
438 444
438 446
438 447
438 460
439 440
439 445
439 448
439 449
439 469
440 443
440 445
440 446
440 449
440 488
441 442
441 443
441 445
442 443
442 446
442 447
442 448
443 444
443 445
443 447
443 448
444 445
444 446
444 447
444 448
444 449
444 494
445 446
445 448
447 449
447 470
449 493
450 452
450 453
450 454
450 455
450 461
450 462
450 463
450 465
450 468
450 471
450 473
450 474
450 475
450 477
450 478
450 480
450 483
450 484
450 487
450 488
450 489
450 490
450 491
450 492
450 493
450 494
450 495
450 497
450 498
451 453
451 455
451 456
451 462
451 464
451 465
451 466
451 469
451 471
451 472
451 474
451 475
451 478
451 479
451 481
451 482
451 484
451 485
451 487
451 488
451 492
451 493
451 494
451 495
451 496
451 498
451 499
452 454
452 455
452 457
452 458
452 459
452 460
452 462
452 463
452 466
452 468
452 469
452 471
452 476
452 477
452 479
452 480
452 482
452 484
452 487
452 488
452 490
452 493
452 494
452 495
452 496
452 497
452 499
453 454
453 456
453 457
453 462
453 463
453 464
453 465
453 467
453 468
453 469
453 470
453 475
453 477
453 478
453 480
453 482
453 483
453 487
453 488
453 489
453 491
453 492
453 494
453 495
454 455
454 456
454 457
454 459
454 462
454 463
454 464
454 467
454 468
454 469
454 472
454 473
454 478
454 483
454 486
454 488
454 490
454 491
454 492
454 495
454 496
455 456
455 458
455 461
455 466
455 467
455 468
455 471
455 472
455 473
455 475
455 477
455 479
455 481
455 484
455 485
455 487
455 488
455 489
455 490
455 491
455 492
455 493
455 494
455 495
455 497
455 498
455 499
456 457
456 459
456 460
456 462
456 464
456 465
456 468
456 472
456 473
456 474
456 475
456 476
456 477
456 478
456 480
456 483
456 484
456 485
456 486
456 487
456 491
456 492
456 494
456 496
456 499
457 458
457 460
457 462
457 465
457 474
457 477
457 478
457 481
457 484
457 487
457 488
457 489
457 494
457 495
457 496
457 497
457 498
458 459
458 460
458 463
458 464
458 469
458 473
458 476
458 477
458 479
458 480
458 481
458 482
458 484
458 485
458 487
458 488
458 490
458 491
458 493
458 494
458 495
458 497
459 464
459 466
459 467
459 469
459 471
459 475
459 476
459 477
459 479
459 480
459 482
459 483
459 485
459 486
459 487
459 489
459 490
459 491
459 492
459 496
459 498
460 461
460 466
460 467
460 469
460 470
460 478
460 480
460 481
460 483
460 485
460 486
460 488
460 493
460 496
460 497
460 498
460 499
461 462
461 466
461 468
461 471
461 472
461 474
461 475
461 477
461 479
461 482
461 483
461 485
461 486
461 487
461 489
461 490
461 491
461 492
461 493
461 494
461 495
461 496
461 497
461 498
461 499
462 463
462 464
462 469
462 472
462 473
462 474
462 476
462 480
462 482
462 483
462 484
462 487
462 489
462 491
462 492
462 494
462 498
463 464
463 466
463 468
463 470
463 474
463 475
463 476
463 478
463 481
463 484
463 485
463 487
463 489
463 490
463 494
463 495
463 496
463 497
463 498
464 465
464 468
464 469
464 470
464 471
464 473
464 482
464 483
464 485
464 486
464 487
464 488
464 489
464 490
464 491
464 496
465 466
465 470
465 472
465 474
465 477
465 480
465 481
465 483
465 486
465 488
465 489
465 492
465 493
465 496
466 468
466 469
466 472
466 479
466 482
466 485
466 489
466 490
466 491
466 493
466 497
466 498
467 469
467 470
467 471
467 472
467 474
467 477
467 478
467 479
467 480
467 481
467 483
467 485
467 486
467 487
467 488
467 489
467 490
467 492
467 494
467 497
467 498
467 499
468 472
468 474
468 475
468 477
468 480
468 481
468 482
468 483
468 484
468 485
468 486
468 487
468 489
468 493
468 494
468 497
468 498
468 499
469 471
469 472
469 478
469 480
469 483
469 485
469 486
469 487
469 489
469 490
469 493
469 494
469 495
469 496
469 497
469 498
469 499
470 475
470 479
470 480
470 482
470 484
470 486
470 489
470 490
470 492
470 495
470 496
470 498
471 472
471 473
471 478
471 480
471 481
471 482
471 483
471 484
471 486
471 489
471 491
471 493
471 494
471 496
471 498
472 474
472 476
472 477
472 479
472 482
472 483
472 485
472 486
472 487
472 488
472 489
472 491
472 494
472 495
472 496
473 477
473 479
473 481
473 482
473 484
473 489
473 492
473 494
473 496
473 499
474 475
474 476
474 482
474 483
474 484
474 487
474 489
474 492
474 496
474 497
474 498
475 478
475 479
475 482
475 483
475 484
475 485
475 486
475 487
475 488
475 489
475 490
475 491
475 492
475 493
475 494
475 495
475 496
475 497
475 498
476 479
476 482
476 484
476 485
476 488
476 490
476 491
476 494
476 497
476 499
477 481
477 482
477 483
477 484
477 487
477 488
477 490
477 492
477 494
477 495
477 498
477 499
478 480
478 486
478 487
478 488
478 491
478 494
478 495
478 496
478 499
479 487
479 489
479 492
479 493
479 494
479 495
479 496
479 497
479 498
479 499
480 481
480 485
480 486
480 488
480 489
480 490
480 493
480 497
480 498
480 499
481 483
481 484
481 486
481 490
481 491
481 493
481 494
481 499
482 483
482 484
482 485
482 486
482 487
482 488
482 489
482 491
482 493
482 497
482 498
483 485
483 488
483 489
483 492
483 496
483 497
483 498
483 499
484 486
484 489
484 490
484 495
484 497
484 499
485 490
485 495
485 496
485 497
485 499
486 491
486 492
486 494
486 496
486 497
486 498
487 488
487 490
487 491
487 493
487 496
487 498
487 499
488 489
488 490
488 491
488 492
488 493
488 495
488 499
489 491
489 495
489 496
489 499
490 492
490 497
491 495
491 497
491 499
492 494
492 495
493 497
494 496
494 498
495 497
495 499
497 498
497 499
