0 1
0 2
0 5
0 6
0 7
0 8
0 9
0 10
0 12
0 14
0 16
0 17
0 18
0 19
0 20
0 21
0 22
0 24
0 25
0 26
0 31
0 35
0 41
0 42
0 44
0 49
0 50
0 54
0 62
0 63
0 72
0 81
0 87
0 145
0 164
0 196
0 226
0 257
0 286
0 338
0 354
0 407
0 450
0 456
0 466
0 485
0 496
1 2
1 4
1 5
1 6
1 8
1 10
1 11
1 13
1 14
1 15
1 16
1 17
1 25
1 28
1 29
1 30
1 33
1 34
1 35
1 36
1 37
1 39
1 40
1 43
1 45
1 47
1 53
1 64
1 73
1 113
1 158
1 171
1 233
1 272
1 330
1 399
1 372
1 377
1 413
1 416
1 473
1 499
2 5
2 12
2 15
2 17
2 18
2 19
2 21
2 22
2 25
2 26
2 29
2 30
2 31
2 34
2 37
2 38
2 40
2 42
2 44
2 47
2 48
2 49
2 54
2 60
2 62
2 70
2 189
2 196
2 237
2 247
2 315
2 321
2 337
2 389
2 363
2 364
2 460
2 496
2 498
3 4
3 5
3 10
3 11
3 12
3 14
3 17
3 22
3 23
3 24
3 28
3 29
3 30
3 32
3 34
3 35
3 39
3 42
3 43
3 44
3 48
3 49
3 56
3 59
3 82
3 93
3 141
3 108
3 167
3 261
3 262
3 250
3 346
3 391
3 397
3 352
3 405
3 435
3 438
3 490
3 496
4 6
4 7
4 9
4 10
4 12
4 13
4 16
4 21
4 23
4 25
4 27
4 28
4 32
4 33
4 34
4 39
4 41
4 42
4 43
4 44
4 45
4 47
4 66
4 95
4 146
4 157
4 162
4 166
4 186
4 209
4 213
4 229
4 239
4 264
4 252
4 303
4 336
4 343
4 384
4 361
4 366
4 414
4 420
4 445
4 446
4 486
5 10
5 11
5 19
5 20
5 21
5 22
5 28
5 31
5 35
5 36
5 39
5 40
5 43
5 44
5 48
5 64
5 73
5 85
5 86
5 102
5 113
5 123
5 168
5 200
5 227
5 258
5 259
5 254
5 321
5 341
5 384
5 358
5 361
5 365
5 403
5 412
5 418
5 422
5 468
6 7
6 8
6 10
6 16
6 18
6 19
6 20
6 21
6 22
6 23
6 24
6 27
6 28
6 31
6 32
6 34
6 35
6 39
6 40
6 43
6 45
6 46
6 48
6 78
6 82
6 91
6 143
6 185
6 212
6 224
6 227
6 233
6 258
6 250
6 252
6 300
6 307
6 318
6 341
6 386
6 406
6 412
6 431
6 441
6 457
6 492
6 498
7 8
7 10
7 11
7 13
7 14
7 15
7 16
7 18
7 19
7 20
7 22
7 23
7 28
7 30
7 32
7 34
7 36
7 40
7 41
7 43
7 44
7 46
7 47
7 48
7 49
7 52
7 93
7 122
7 155
7 175
7 185
7 229
7 241
7 262
7 266
7 267
7 293
7 303
7 316
7 343
7 351
7 380
7 403
7 408
7 422
7 424
7 432
7 435
7 441
7 463
7 480
7 496
8 12
8 13
8 14
8 16
8 17
8 18
8 19
8 20
8 25
8 27
8 28
8 29
8 30
8 31
8 33
8 35
8 37
8 38
8 41
8 45
8 46
8 47
8 48
8 49
8 56
8 91
8 92
8 133
8 141
8 102
8 155
8 200
8 231
8 264
8 271
8 286
8 299
8 301
8 336
8 352
8 365
8 366
8 456
8 465
8 492
9 10
9 11
9 12
9 14
9 15
9 16
9 18
9 20
9 22
9 23
9 27
9 29
9 33
9 37
9 38
9 39
9 40
9 42
9 45
9 47
9 48
9 75
9 80
9 109
9 188
9 202
9 205
9 222
9 246
9 274
9 252
9 334
9 353
9 410
9 418
9 440
9 444
9 457
9 465
9 468
9 480
9 493
10 13
10 15
10 16
10 19
10 20
10 22
10 23
10 24
10 26
10 28
10 30
10 31
10 32
10 34
10 35
10 37
10 38
10 39
10 44
10 47
10 49
10 52
10 86
10 129
10 149
10 124
10 126
10 186
10 215
10 216
10 224
10 236
10 287
10 291
10 318
10 324
10 328
10 393
10 368
10 413
10 422
10 441
10 458
10 467
10 495
11 12
11 13
11 16
11 17
11 18
11 19
11 20
11 22
11 23
11 24
11 26
11 28
11 29
11 31
11 36
11 39
11 42
11 46
11 47
11 49
11 124
11 165
11 167
11 172
11 206
11 210
11 225
11 256
11 261
11 276
11 324
11 328
11 329
11 392
11 364
11 410
11 420
11 453
12 14
12 15
12 17
12 18
12 19
12 20
12 21
12 24
12 26
12 29
12 30
12 32
12 33
12 36
12 38
12 39
12 40
12 41
12 44
12 47
12 49
12 56
12 74
12 77
12 87
12 90
12 97
12 128
12 144
12 110
12 114
12 157
12 168
12 170
12 192
12 209
12 219
12 223
12 245
12 291
12 304
12 307
12 317
12 327
12 395
12 398
12 363
12 366
12 373
12 379
12 466
13 17
13 18
13 19
13 23
13 26
13 28
13 29
13 32
13 35
13 37
13 38
13 39
13 41
13 43
13 44
13 46
13 47
13 48
13 66
13 83
13 146
13 171
13 207
13 265
13 292
13 316
13 325
13 335
13 412
13 417
13 418
13 439
14 15
14 17
14 21
14 23
14 26
14 27
14 29
14 32
14 36
14 37
14 38
14 41
14 42
14 45
14 48
14 49
14 58
14 59
14 77
14 135
14 141
14 149
14 115
14 119
14 125
14 126
14 171
14 180
14 196
14 236
14 243
14 284
14 315
14 318
14 319
14 322
14 387
14 375
14 458
14 475
15 19
15 20
15 21
15 22
15 29
15 31
15 32
15 33
15 36
15 37
15 38
15 39
15 40
15 41
15 42
15 43
15 44
15 45
15 47
15 48
15 52
15 56
15 64
15 67
15 69
15 70
15 74
15 93
15 104
15 122
15 159
15 179
15 216
15 229
15 239
15 290
15 317
15 322
15 324
15 391
15 394
15 399
15 354
15 376
15 378
15 423
15 447
16 17
16 20
16 21
16 22
16 24
16 25
16 28
16 29
16 30
16 31
16 32
16 33
16 34
16 35
16 36
16 38
16 46
16 47
16 49
16 54
16 56
16 64
16 67
16 87
16 97
16 122
16 151
16 160
16 164
16 196
16 197
16 201
16 206
16 211
16 248
16 249
16 276
16 279
16 285
16 319
16 332
16 348
16 354
16 358
16 436
16 492
17 18
17 20
17 24
17 25
17 26
17 28
17 31
17 32
17 33
17 34
17 35
17 37
17 38
17 39
17 40
17 41
17 43
17 45
17 46
17 47
17 70
17 132
17 138
17 146
17 149
17 100
17 162
17 166
17 186
17 191
17 262
17 336
17 340
17 391
17 398
17 426
17 429
17 439
17 458
17 463
17 473
18 19
18 21
18 30
18 31
18 32
18 34
18 36
18 37
18 39
18 40
18 43
18 46
18 49
18 60
18 91
18 150
18 157
18 171
18 192
18 195
18 220
18 233
18 263
18 286
18 251
18 253
18 305
18 325
18 348
18 391
18 398
18 362
18 402
18 414
18 437
19 21
19 23
19 24
19 25
19 26
19 27
19 28
19 29
19 30
19 34
19 37
19 40
19 41
19 42
19 45
19 46
19 74
19 79
19 81
19 88
19 133
19 114
19 126
19 150
19 181
19 190
19 211
19 212
19 238
19 242
19 245
19 262
19 280
19 293
19 384
19 397
19 360
19 362
19 416
19 452
19 495
19 496
20 25
20 28
20 30
20 33
20 34
20 38
20 41
20 42
20 44
20 45
20 68
20 146
20 109
20 115
20 124
20 161
20 165
20 180
20 209
20 224
20 229
20 236
20 261
20 286
20 293
20 302
20 328
20 341
20 385
20 387
20 392
20 409
20 452
20 465
20 470
20 473
20 483
20 488
20 495
21 25
21 26
21 27
21 31
21 38
21 39
21 42
21 43
21 44
21 46
21 48
21 49
21 55
21 58
21 72
21 99
21 137
21 100
21 101
21 155
21 182
21 211
21 219
21 229
21 235
21 279
21 331
21 380
21 423
21 429
21 476
21 490
22 23
22 27
22 29
22 31
22 32
22 33
22 34
22 37
22 38
22 41
22 42
22 43
22 44
22 45
22 46
22 48
22 65
22 96
22 137
22 127
22 202
22 254
22 304
22 317
22 335
22 384
22 394
22 356
22 379
22 447
22 451
22 458
22 482
23 24
23 25
23 26
23 27
23 28
23 30
23 31
23 33
23 35
23 36
23 37
23 38
23 41
23 42
23 46
23 49
23 64
23 82
23 143
23 110
23 151
23 168
23 170
23 196
23 201
23 330
23 341
23 344
23 380
23 420
23 454
23 458
23 470
24 25
24 27
24 29
24 30
24 32
24 35
24 38
24 44
24 46
24 49
24 56
24 90
24 133
24 108
24 113
24 169
24 173
24 181
24 206
24 302
24 314
24 320
24 321
24 325
24 344
24 364
24 383
24 400
24 418
24 421
24 481
24 496
25 27
25 30
25 31
25 32
25 34
25 35
25 37
25 40
25 42
25 46
25 47
25 48
25 49
25 70
25 145
25 104
25 155
25 163
25 188
25 189
25 302
25 324
25 340
25 353
25 375
25 445
25 462
25 464
25 465
25 468
25 482
25 494
25 498
26 27
26 29
26 30
26 32
26 33
26 42
26 44
26 46
26 47
26 48
26 69
26 76
26 144
26 154
26 156
26 159
26 170
26 220
26 232
26 318
26 320
26 340
26 392
26 367
26 371
26 380
26 420
26 422
26 425
26 433
26 437
26 455
26 469
26 473
26 476
26 485
27 30
27 32
27 33
27 34
27 36
27 37
27 40
27 43
27 46
27 47
27 48
27 68
27 122
27 125
27 127
27 155
27 240
27 283
27 285
27 287
27 316
27 325
27 335
27 386
27 387
27 388
27 395
27 356
27 357
27 368
27 380
27 400
27 420
27 434
27 465
27 487
27 497
28 32
28 33
28 35
28 37
28 40
28 42
28 43
28 44
28 48
28 61
28 72
28 89
28 97
28 142
28 149
28 116
28 118
28 126
28 162
28 174
28 208
28 210
28 211
28 274
28 252
28 307
28 312
28 346
28 347
28 391
28 392
28 398
28 364
28 379
28 417
28 439
28 464
28 471
29 30
29 32
29 34
29 41
29 46
29 47
29 48
29 49
29 54
29 148
29 166
29 202
29 235
29 236
29 280
29 281
29 299
29 344
29 356
29 410
29 432
29 450
29 454
29 464
29 488
30 31
30 32
30 33
30 35
30 36
30 38
30 39
30 40
30 42
30 44
30 45
30 46
30 47
30 48
30 51
30 56
30 78
30 95
30 142
30 120
30 174
30 258
30 260
30 280
30 284
30 300
30 306
30 318
30 332
30 388
30 396
30 361
30 403
30 411
31 32
31 33
31 34
31 35
31 39
31 40
31 43
31 46
31 47
31 48
31 49
31 54
31 131
31 135
31 161
31 175
31 188
31 203
31 225
31 281
31 302
31 305
31 324
31 340
31 386
31 388
31 393
31 353
31 355
31 365
31 416
31 434
31 469
31 474
31 477
31 495
32 36
32 37
32 38
32 39
32 40
32 42
32 44
32 45
32 46
32 47
32 48
32 54
32 90
32 131
32 136
32 146
32 147
32 102
32 110
32 113
32 166
32 172
32 294
32 332
32 339
32 343
32 398
32 350
32 368
32 380
32 411
32 472
33 34
33 36
33 37
33 38
33 39
33 40
33 42
33 43
33 44
33 46
33 47
33 48
33 49
33 58
33 60
33 142
33 105
33 111
33 153
33 238
33 266
33 293
33 294
33 301
33 317
33 320
33 337
33 391
33 361
33 374
33 427
33 459
33 465
33 473
33 474
34 35
34 37
34 39
34 44
34 45
34 48
34 80
34 97
34 99
34 141
34 115
34 117
34 185
34 195
34 224
34 234
34 238
34 276
34 288
34 351
34 419
34 427
34 445
34 452
34 487
35 36
35 39
35 41
35 45
35 47
35 49
35 78
35 82
35 164
35 184
35 212
35 223
35 243
35 264
35 297
35 253
35 311
35 321
35 327
35 347
35 392
35 394
35 369
35 382
35 428
35 440
35 482
36 37
36 40
36 41
36 42
36 44
36 46
36 52
36 57
36 86
36 92
36 98
36 137
36 142
36 147
36 173
36 182
36 189
36 192
36 223
36 239
36 336
36 389
36 398
36 366
36 372
36 379
36 416
36 436
36 444
36 452
36 461
37 39
37 40
37 44
37 46
37 48
37 54
37 76
37 96
37 144
37 145
37 111
37 125
37 166
37 171
37 172
37 177
37 187
37 208
37 218
37 230
37 243
37 244
37 245
37 278
37 304
37 390
37 358
37 375
37 457
37 466
38 39
38 41
38 43
38 44
38 45
38 46
38 47
38 49
38 89
38 94
38 113
38 120
38 156
38 170
38 193
38 199
38 222
38 226
38 263
38 326
38 391
38 404
38 413
38 417
38 430
38 458
38 466
39 40
39 41
39 42
39 44
39 45
39 47
39 90
39 129
39 144
39 155
39 156
39 164
39 212
39 232
39 234
39 236
39 302
39 304
39 308
39 310
39 326
39 395
39 356
39 404
39 432
39 453
39 486
40 41
40 42
40 44
40 47
40 78
40 179
40 222
40 293
40 252
40 314
40 346
40 384
40 390
40 392
40 353
40 376
40 422
40 442
40 446
40 473
40 490
40 494
40 497
41 43
41 47
41 48
41 71
41 79
41 88
41 131
41 117
41 166
41 191
41 192
41 195
41 207
41 210
41 233
41 256
41 272
41 275
41 394
41 429
41 430
41 433
41 448
41 478
42 47
42 48
42 50
42 56
42 76
42 90
42 91
42 94
42 130
42 141
42 122
42 166
42 185
42 204
42 299
42 253
42 254
42 303
42 335
42 389
42 356
42 368
42 376
42 411
42 418
42 433
42 445
42 494
43 45
43 58
43 90
43 96
43 135
43 105
43 196
43 197
43 284
43 337
43 349
43 398
43 351
43 406
43 413
43 422
43 437
43 450
43 479
43 494
44 47
44 61
44 87
44 142
44 108
44 160
44 162
44 166
44 169
44 189
44 235
44 244
44 278
44 288
44 291
44 293
44 300
44 316
44 345
44 367
44 402
44 408
44 419
44 427
44 437
44 441
44 451
44 459
44 468
44 476
44 481
45 46
45 47
45 48
45 49
45 82
45 97
45 145
45 107
45 113
45 119
45 120
45 124
45 156
45 171
45 205
45 222
45 230
45 251
45 311
45 349
45 394
45 412
45 491
46 47
46 53
46 71
46 73
46 95
46 147
46 114
46 127
46 166
46 169
46 214
46 217
46 240
46 261
46 265
46 267
46 289
46 298
46 300
46 306
46 325
46 378
46 426
46 441
46 456
46 469
47 48
47 49
47 51
47 57
47 69
47 97
47 152
47 175
47 185
47 195
47 197
47 217
47 235
47 246
47 247
47 276
47 281
47 321
47 322
47 325
47 388
47 350
47 367
47 379
47 383
47 447
47 450
47 469
48 56
48 71
48 79
48 133
48 140
48 107
48 116
48 156
48 199
48 209
48 218
48 221
48 227
48 263
48 266
48 267
48 281
48 298
48 312
48 315
48 378
48 427
48 442
48 471
48 487
49 67
49 71
49 97
49 147
49 109
49 166
49 167
49 173
49 199
49 207
49 212
49 213
49 220
49 231
49 242
49 260
49 279
49 287
49 307
49 319
49 348
49 352
49 353
49 368
49 382
49 451
49 487
49 498
50 53
50 55
50 57
50 58
50 59
50 63
50 66
50 67
50 68
50 69
50 76
50 79
50 80
50 81
50 82
50 83
50 85
50 86
50 88
50 90
50 91
50 93
50 94
50 95
50 97
50 129
50 130
50 135
50 189
50 213
50 222
50 285
50 297
50 298
50 255
50 313
50 314
50 343
50 347
50 354
50 362
50 369
50 374
50 377
50 413
50 415
50 425
50 432
50 440
50 451
50 452
50 453
50 482
51 52
51 53
51 54
51 55
51 56
51 57
51 59
51 61
51 65
51 66
51 67
51 71
51 72
51 73
51 74
51 75
51 76
51 77
51 80
51 81
51 83
51 84
51 87
51 91
51 92
51 93
51 94
51 95
51 97
51 98
51 136
51 117
51 175
51 187
51 208
51 221
51 231
51 243
51 276
51 278
51 285
51 251
51 252
51 325
51 328
51 397
51 398
51 383
51 401
51 403
51 425
51 465
51 475
52 55
52 58
52 61
52 62
52 63
52 64
52 65
52 67
52 68
52 71
52 72
52 73
52 74
52 77
52 78
52 80
52 82
52 83
52 85
52 88
52 90
52 91
52 93
52 94
52 95
52 96
52 97
52 99
52 135
52 144
52 150
52 154
52 171
52 187
52 196
52 197
52 244
52 262
52 301
52 390
52 369
52 426
52 448
52 488
52 489
52 494
53 54
53 55
53 56
53 60
53 62
53 64
53 66
53 67
53 68
53 69
53 70
53 72
53 73
53 74
53 76
53 77
53 79
53 80
53 81
53 82
53 83
53 85
53 87
53 89
53 90
53 92
53 93
53 95
53 96
53 97
53 114
53 124
53 157
53 165
53 192
53 224
53 228
53 287
53 299
53 309
53 341
53 347
53 384
53 386
53 426
53 428
53 437
53 449
53 463
53 475
54 58
54 59
54 60
54 61
54 62
54 65
54 68
54 69
54 72
54 73
54 77
54 79
54 80
54 81
54 82
54 83
54 84
54 85
54 86
54 92
54 95
54 97
54 98
54 99
54 132
54 137
54 141
54 143
54 100
54 115
54 127
54 177
54 180
54 196
54 198
54 212
54 230
54 233
54 292
54 402
54 416
54 463
54 495
54 497
55 56
55 57
55 59
55 61
55 63
55 64
55 65
55 66
55 67
55 72
55 73
55 74
55 76
55 77
55 78
55 79
55 81
55 83
55 84
55 88
55 91
55 94
55 98
55 99
55 145
55 100
55 112
55 123
55 154
55 170
55 215
55 219
55 238
55 248
55 269
55 279
55 324
55 349
55 386
55 388
55 391
55 368
55 403
55 412
55 415
55 417
55 419
55 428
55 453
55 463
56 57
56 58
56 60
56 62
56 66
56 67
56 68
56 69
56 70
56 72
56 73
56 75
56 78
56 88
56 91
56 93
56 95
56 133
56 142
56 114
56 156
56 166
56 200
56 237
56 257
56 258
56 269
56 292
56 299
56 254
56 320
56 329
56 388
56 395
56 353
56 359
56 369
56 402
56 429
56 475
56 481
56 484
56 494
57 58
57 60
57 61
57 64
57 67
57 68
57 69
57 71
57 72
57 73
57 74
57 77
57 81
57 84
57 87
57 88
57 89
57 90
57 91
57 92
57 93
57 94
57 109
57 152
57 161
57 174
57 177
57 183
57 186
57 195
57 210
57 215
57 247
57 271
57 283
57 308
57 317
57 335
57 346
57 381
57 400
57 402
57 430
57 431
57 450
57 467
57 493
57 498
58 60
58 62
58 66
58 67
58 69
58 71
58 73
58 76
58 77
58 79
58 80
58 81
58 82
58 83
58 84
58 87
58 88
58 90
58 91
58 93
58 94
58 97
58 103
58 161
58 178
58 209
58 244
58 266
58 384
58 395
58 399
58 355
58 404
58 424
58 428
58 452
58 453
58 478
58 495
59 60
59 62
59 64
59 65
59 66
59 69
59 72
59 73
59 74
59 75
59 76
59 77
59 78
59 80
59 82
59 83
59 85
59 86
59 87
59 88
59 90
59 91
59 92
59 94
59 95
59 97
59 99
59 160
59 164
59 171
59 175
59 180
59 214
59 225
59 257
59 263
59 310
59 383
59 420
59 432
59 442
59 448
59 487
60 61
60 63
60 64
60 67
60 70
60 71
60 72
60 73
60 74
60 76
60 78
60 79
60 82
60 85
60 87
60 89
60 90
60 93
60 96
60 97
60 98
60 106
60 117
60 155
60 207
60 236
60 241
60 287
60 295
60 297
60 299
60 331
60 332
60 344
60 389
60 400
60 472
60 496
61 62
61 64
61 67
61 68
61 69
61 70
61 71
61 72
61 75
61 76
61 80
61 82
61 84
61 85
61 87
61 89
61 91
61 92
61 94
61 96
61 97
61 98
61 99
61 116
61 126
61 165
61 185
61 209
61 214
61 291
61 387
61 393
61 370
61 411
61 419
61 451
61 472
61 476
61 492
61 495
62 63
62 64
62 65
62 69
62 70
62 72
62 73
62 84
62 88
62 89
62 90
62 91
62 93
62 94
62 96
62 97
62 98
62 99
62 100
62 155
62 160
62 180
62 191
62 212
62 229
62 241
62 258
62 291
62 313
62 322
62 344
62 392
62 365
62 408
62 413
62 419
62 424
62 439
62 492
63 65
63 70
63 72
63 81
63 83
63 84
63 87
63 90
63 92
63 95
63 96
63 98
63 110
63 164
63 201
63 228
63 267
63 290
63 340
63 389
63 398
63 377
63 379
63 414
63 438
63 447
63 454
63 476
64 65
64 66
64 67
64 68
64 69
64 71
64 72
64 74
64 75
64 76
64 79
64 80
64 82
64 83
64 85
64 91
64 94
64 95
64 99
64 142
64 102
64 103
64 115
64 152
64 169
64 176
64 191
64 208
64 227
64 270
64 288
64 331
64 364
64 371
64 423
64 432
64 474
64 480
65 67
65 68
65 71
65 72
65 74
65 83
65 88
65 91
65 93
65 95
65 96
65 97
65 99
65 120
65 224
65 232
65 268
65 276
65 290
65 300
65 306
65 328
65 339
65 341
65 346
65 348
65 393
65 359
65 362
65 376
65 382
65 414
65 435
65 458
65 475
65 482
66 67
66 68
66 69
66 73
66 74
66 75
66 76
66 79
66 81
66 84
66 85
66 86
66 87
66 91
66 94
66 96
66 147
66 162
66 180
66 183
66 194
66 195
66 232
66 262
66 285
66 289
66 342
66 343
66 345
66 385
66 357
66 383
66 402
66 407
66 420
66 485
67 73
67 74
67 75
67 77
67 79
67 80
67 81
67 82
67 84
67 87
67 88
67 90
67 91
67 93
67 98
67 137
67 152
67 155
67 173
67 179
67 184
67 201
67 203
67 216
67 269
67 302
67 346
67 353
67 366
67 381
67 411
67 484
67 485
68 72
68 73
68 74
68 77
68 78
68 79
68 84
68 85
68 88
68 90
68 91
68 93
68 94
68 95
68 97
68 98
68 99
68 133
68 117
68 125
68 158
68 174
68 195
68 198
68 258
68 314
68 316
68 329
68 398
68 378
68 383
68 403
68 429
68 460
68 473
68 481
68 486
69 72
69 74
69 79
69 80
69 83
69 85
69 86
69 88
69 89
69 90
69 96
69 97
69 98
69 166
69 178
69 185
69 186
69 217
69 222
69 267
69 288
69 298
69 252
69 323
69 336
69 357
69 379
69 382
69 401
69 442
69 444
69 464
69 482
69 487
70 76
70 78
70 82
70 84
70 87
70 90
70 91
70 92
70 95
70 97
70 98
70 146
70 111
70 113
70 121
70 123
70 183
70 225
70 264
70 280
70 325
70 346
70 387
70 407
70 433
70 457
71 72
71 73
71 75
71 76
71 79
71 82
71 83
71 85
71 87
71 88
71 89
71 90
71 91
71 92
71 95
71 99
71 174
71 200
71 206
71 213
71 276
71 279
71 288
71 294
71 251
71 253
71 303
71 306
71 321
71 329
71 386
71 392
71 393
71 399
71 411
71 429
71 435
71 449
71 494
72 74
72 76
72 78
72 79
72 81
72 83
72 90
72 93
72 95
72 96
72 99
72 101
72 110
72 160
72 163
72 235
72 239
72 279
72 297
72 307
72 308
72 315
72 416
72 422
72 427
72 435
72 489
73 74
73 78
73 80
73 85
73 87
73 93
73 95
73 99
73 101
73 154
73 156
73 177
73 196
73 200
73 211
73 215
73 227
73 287
73 342
73 378
73 419
73 434
73 457
73 469
74 75
74 76
74 77
74 78
74 79
74 80
74 82
74 85
74 88
74 89
74 92
74 94
74 96
74 99
74 148
74 112
74 164
74 178
74 188
74 242
74 245
74 269
74 284
74 298
74 255
74 300
74 320
74 333
74 398
74 383
74 402
74 475
74 480
74 483
74 488
74 494
75 76
75 77
75 79
75 82
75 85
75 86
75 88
75 89
75 90
75 91
75 92
75 95
75 98
75 137
75 106
75 179
75 205
75 214
75 259
75 261
75 278
75 286
75 288
75 293
75 253
75 337
75 349
75 386
75 387
75 354
75 356
75 362
75 405
75 442
75 476
75 489
75 491
76 79
76 84
76 86
76 87
76 90
76 92
76 93
76 94
76 96
76 97
76 99
76 126
76 177
76 187
76 191
76 192
76 206
76 219
76 224
76 260
76 263
76 266
76 269
76 276
76 284
76 288
76 319
76 333
76 344
76 352
76 358
76 373
76 411
76 459
76 480
77 78
77 79
77 80
77 81
77 84
77 86
77 87
77 88
77 90
77 91
77 98
77 131
77 132
77 115
77 165
77 173
77 246
77 266
77 250
77 302
77 315
77 324
77 333
77 336
77 341
77 342
77 348
77 394
77 361
77 363
77 383
77 410
77 412
77 416
77 460
77 491
78 79
78 83
78 85
78 86
78 88
78 91
78 95
78 96
78 98
78 187
78 205
78 208
78 222
78 260
78 291
78 294
78 295
78 319
78 329
78 390
78 425
78 434
78 443
78 496
79 81
79 82
79 83
79 84
79 88
79 89
79 90
79 93
79 96
79 97
79 99
79 106
79 156
79 176
79 210
79 224
79 228
79 263
79 291
79 250
79 253
79 341
79 384
79 374
79 378
79 449
79 462
79 468
79 491
79 496
80 81
80 82
80 83
80 86
80 91
80 95
80 97
80 99
80 129
80 148
80 103
80 104
80 108
80 174
80 207
80 211
80 221
80 261
80 279
80 300
80 366
80 414
80 438
80 444
80 449
80 454
80 459
81 84
81 86
81 92
81 95
81 99
81 108
81 155
81 157
81 165
81 215
81 227
81 249
81 265
81 274
81 282
81 312
81 343
81 373
81 378
81 433
81 448
81 494
82 83
82 84
82 85
82 86
82 87
82 89
82 90
82 92
82 95
82 97
82 99
82 148
82 107
82 150
82 152
82 178
82 205
82 241
82 293
82 329
82 338
82 364
82 405
82 483
82 495
83 85
83 86
83 88
83 89
83 92
83 94
83 131
83 151
83 168
83 174
83 195
83 198
83 216
83 222
83 247
83 302
83 335
83 340
83 348
83 391
83 357
83 359
83 367
83 422
83 430
83 488
83 498
84 85
84 86
84 87
84 89
84 91
84 92
84 93
84 94
84 96
84 97
84 98
84 128
84 108
84 157
84 158
84 160
84 183
84 202
84 207
84 210
84 216
84 269
84 282
84 283
84 253
84 318
84 398
84 361
84 417
84 423
84 430
84 435
84 445
85 86
85 87
85 90
85 92
85 94
85 95
85 97
85 99
85 100
85 118
85 163
85 176
85 212
85 256
85 254
85 338
85 347
85 357
85 436
85 445
85 450
86 90
86 92
86 94
86 97
86 98
86 99
86 129
86 131
86 140
86 126
86 179
86 209
86 213
86 215
86 269
86 281
86 251
86 306
86 336
86 339
86 340
86 388
86 355
86 357
86 366
86 411
86 413
86 430
86 439
86 448
86 452
86 460
86 493
87 89
87 92
87 93
87 94
87 97
87 99
87 105
87 107
87 162
87 168
87 169
87 173
87 200
87 201
87 208
87 263
87 296
87 251
87 302
87 316
87 344
87 347
87 398
87 368
87 427
87 469
88 90
88 91
88 94
88 95
88 96
88 97
88 141
88 123
88 177
88 183
88 198
88 226
88 227
88 228
88 272
88 284
88 384
88 389
88 359
88 448
88 452
88 464
88 485
89 90
89 95
89 96
89 97
89 198
89 220
89 226
89 282
89 287
89 298
89 308
89 340
89 390
89 374
89 403
89 427
89 436
89 454
90 94
90 95
90 96
90 97
90 99
90 123
90 182
90 199
90 220
90 242
90 267
90 276
90 278
90 295
90 251
90 312
90 385
90 352
90 353
90 357
90 359
90 403
90 406
90 418
90 448
90 474
90 475
90 481
90 491
91 96
91 98
91 99
91 119
91 124
91 157
91 166
91 168
91 176
91 179
91 248
91 256
91 273
91 293
91 314
91 320
91 329
91 389
91 366
91 405
91 442
91 476
91 492
92 96
92 99
92 126
92 151
92 195
92 211
92 258
92 275
92 286
92 298
92 334
92 388
92 392
92 383
92 407
92 409
92 411
92 418
92 450
93 97
93 141
93 100
93 108
93 109
93 120
93 160
93 185
93 276
93 288
93 326
93 386
93 356
93 412
93 416
93 421
93 432
93 445
93 457
93 466
93 472
93 497
94 96
94 129
94 107
94 153
94 159
94 184
94 191
94 200
94 208
94 228
94 262
94 310
94 317
94 334
94 342
94 348
94 388
94 350
94 364
94 378
94 426
94 441
94 451
95 99
95 114
95 187
95 202
95 210
95 216
95 224
95 240
95 241
95 287
95 299
95 312
95 313
95 314
95 327
95 397
95 367
95 415
95 426
95 457
95 459
95 460
96 132
96 137
96 149
96 151
96 155
96 232
96 235
96 331
96 339
96 374
96 382
96 416
96 435
96 459
96 460
97 98
97 99
97 134
97 140
97 107
97 108
97 127
97 154
97 171
97 177
97 183
97 184
97 246
97 279
97 295
97 304
97 333
97 401
97 412
97 415
97 421
97 436
97 443
97 451
97 452
97 478
97 497
98 140
98 203
98 207
98 222
98 225
98 249
98 283
98 288
98 390
98 392
98 358
98 377
98 420
98 442
98 472
99 148
99 161
99 166
99 196
99 201
99 217
99 242
99 263
99 297
99 347
99 389
99 369
99 444
99 456
99 464
99 489
128 134
128 135
128 136
128 138
128 140
128 142
128 147
128 148
128 101
128 102
128 103
128 104
128 105
128 106
128 107
128 108
128 109
128 110
128 113
128 115
128 116
128 117
128 118
128 121
128 123
128 162
128 191
128 256
128 275
128 286
128 253
128 326
128 338
128 366
128 446
128 449
128 483
129 132
129 135
129 136
129 137
129 138
129 141
129 142
129 146
129 148
129 149
129 100
129 101
129 102
129 104
129 107
129 113
129 115
129 117
129 119
129 120
129 121
129 122
129 123
129 126
129 127
129 227
129 258
129 275
129 291
129 293
129 341
129 343
129 388
129 389
129 377
129 412
129 420
129 444
130 133
130 134
130 135
130 136
130 138
130 141
130 142
130 143
130 145
130 101
130 104
130 105
130 106
130 111
130 112
130 114
130 115
130 116
130 118
130 126
130 127
130 151
130 163
130 171
130 258
130 270
130 284
130 304
130 305
130 315
130 322
130 380
130 425
130 491
131 139
131 141
131 146
131 148
131 101
131 106
131 108
131 112
131 114
131 116
131 117
131 118
131 123
131 125
131 126
131 158
131 162
131 189
131 205
131 219
131 247
131 276
131 283
131 250
131 333
131 352
131 353
131 359
131 383
131 405
131 433
131 437
131 450
131 452
131 467
131 490
132 135
132 136
132 138
132 139
132 140
132 142
132 143
132 144
132 145
132 149
132 100
132 101
132 102
132 103
132 107
132 110
132 111
132 112
132 113
132 116
132 119
132 121
132 122
132 123
132 124
132 125
132 154
132 218
132 260
132 254
132 315
132 316
132 324
132 329
132 332
132 342
132 394
132 354
132 367
132 378
132 403
132 404
132 447
132 465
132 494
133 135
133 136
133 138
133 139
133 141
133 146
133 101
133 102
133 103
133 105
133 106
133 109
133 112
133 114
133 116
133 118
133 120
133 121
133 124
133 181
133 195
133 201
133 211
133 231
133 234
133 244
133 247
133 277
133 280
133 284
133 285
133 293
133 253
133 349
133 376
133 417
133 421
133 480
133 496
134 137
134 138
134 140
134 141
134 144
134 145
134 147
134 148
134 102
134 103
134 104
134 105
134 107
134 108
134 109
134 113
134 114
134 115
134 116
134 119
134 122
134 124
134 125
134 155
134 171
134 181
134 192
134 202
134 211
134 241
134 245
134 265
134 274
134 278
134 287
134 310
134 312
134 326
134 395
134 399
134 356
134 373
134 374
134 379
134 416
134 425
134 430
134 471
135 138
135 141
135 143
135 144
135 147
135 148
135 149
135 102
135 107
135 108
135 112
135 113
135 118
135 121
135 122
135 123
135 124
135 125
135 126
135 127
135 182
135 223
135 237
135 239
135 256
135 277
135 289
135 325
135 327
135 398
135 362
135 367
135 374
135 376
135 378
135 451
135 452
135 465
135 470
136 137
136 140
136 141
136 142
136 143
136 145
136 147
136 148
136 149
136 101
136 103
136 104
136 105
136 108
136 110
136 111
136 113
136 114
136 116
136 118
136 119
136 120
136 121
136 122
136 124
136 125
136 126
136 155
136 174
136 181
136 185
136 199
136 286
136 331
136 338
136 347
136 388
136 392
136 373
136 379
136 437
136 438
136 456
136 466
137 138
137 139
137 141
137 142
137 143
137 147
137 148
137 100
137 103
137 105
137 106
137 107
137 108
137 110
137 112
137 113
137 116
137 117
137 118
137 119
137 120
137 122
137 123
137 124
137 127
137 193
137 196
137 231
137 247
137 248
137 302
137 316
137 322
137 344
137 389
137 394
137 376
137 456
137 485
137 494
138 142
138 146
138 149
138 101
138 102
138 103
138 104
138 107
138 108
138 111
138 112
138 117
138 119
138 122
138 123
138 124
138 125
138 127
138 151
138 166
138 186
138 187
138 210
138 225
138 235
138 275
138 281
138 286
138 295
138 303
138 321
138 370
138 434
138 467
138 471
139 143
139 144
139 145
139 100
139 103
139 106
139 107
139 109
139 110
139 113
139 115
139 116
139 120
139 122
139 125
139 126
139 127
139 166
139 186
139 201
139 248
139 284
139 291
139 334
139 365
139 368
139 370
139 383
139 466
139 493
140 143
140 148
140 149
140 100
140 102
140 105
140 107
140 108
140 110
140 111
140 112
140 116
140 118
140 119
140 121
140 123
140 124
140 125
140 126
140 165
140 175
140 177
140 181
140 203
140 210
140 215
140 232
140 256
140 292
140 297
140 251
140 255
140 308
140 310
140 312
140 329
140 336
140 337
140 362
140 402
140 408
140 418
140 442
140 462
140 491
141 142
141 143
141 144
141 145
141 146
141 147
141 148
141 100
141 101
141 107
141 109
141 113
141 117
141 121
141 122
141 123
141 124
141 125
141 189
141 281
141 291
141 250
141 334
141 351
141 354
141 442
141 461
142 143
142 144
142 147
142 149
142 100
142 101
142 102
142 103
142 104
142 107
142 108
142 111
142 112
142 113
142 114
142 116
142 118
142 122
142 125
142 126
142 127
142 168
142 180
142 189
142 222
142 229
142 247
142 256
142 295
142 325
142 337
142 391
142 361
142 362
142 363
142 379
142 406
142 414
142 482
143 144
143 146
143 100
143 102
143 107
143 108
143 109
143 110
143 112
143 113
143 116
143 118
143 119
143 124
143 170
143 178
143 193
143 211
143 238
143 240
143 245
143 266
143 316
143 319
143 332
143 348
143 393
143 380
143 404
143 435
143 482
144 145
144 146
144 148
144 100
144 105
144 106
144 107
144 108
144 112
144 113
144 117
144 120
144 122
144 123
144 159
144 168
144 179
144 274
144 285
144 254
144 255
144 312
144 362
144 370
144 404
144 406
144 432
144 437
144 481
145 146
145 147
145 148
145 101
145 105
145 106
145 107
145 108
145 109
145 110
145 112
145 116
145 117
145 118
145 121
145 122
145 123
145 124
145 125
145 157
145 173
145 184
145 207
145 231
145 248
145 291
145 292
145 299
145 252
145 310
145 392
145 376
145 464
145 467
145 484
145 493
146 101
146 103
146 104
146 108
146 110
146 112
146 113
146 114
146 117
146 118
146 120
146 124
146 126
146 220
146 221
146 278
146 298
146 300
146 311
146 326
146 375
146 377
146 379
146 381
146 412
146 416
146 417
146 441
146 448
146 472
146 487
147 100
147 103
147 105
147 109
147 110
147 115
147 117
147 118
147 119
147 120
147 126
147 163
147 174
147 206
147 216
147 219
147 234
147 249
147 257
147 262
147 271
147 273
147 290
147 298
147 312
147 313
147 339
147 340
147 355
147 403
147 411
147 417
147 436
147 452
147 460
147 462
147 467
147 469
147 476
147 483
147 486
148 101
148 103
148 106
148 107
148 110
148 112
148 114
148 115
148 116
148 119
148 120
148 122
148 123
148 126
148 170
148 173
148 187
148 188
148 227
148 274
148 288
148 344
148 412
148 433
148 441
148 458
148 478
148 480
148 484
149 101
149 102
149 103
149 108
149 109
149 110
149 111
149 113
149 114
149 115
149 117
149 118
149 120
149 123
149 124
149 125
149 126
149 180
149 188
149 235
149 249
149 269
149 276
149 289
149 294
149 255
149 303
149 305
149 384
149 395
149 401
149 405
149 408
149 437
149 440
149 499
100 102
100 105
100 106
100 109
100 110
100 115
100 116
100 117
100 119
100 120
100 125
100 126
100 127
100 175
100 184
100 196
100 201
100 229
100 240
100 280
100 324
100 335
100 348
100 387
100 391
100 398
100 359
100 361
100 375
100 380
100 411
100 446
100 467
101 103
101 104
101 107
101 109
101 111
101 113
101 114
101 115
101 117
101 118
101 119
101 123
101 124
101 127
101 180
101 194
101 215
101 221
101 231
101 266
101 284
101 253
101 320
101 334
101 338
101 365
101 374
101 448
102 103
102 104
102 105
102 107
102 108
102 111
102 112
102 115
102 116
102 117
102 119
102 120
102 121
102 122
102 125
102 126
102 127
102 241
102 246
102 261
102 262
102 278
102 251
102 311
102 324
102 332
102 345
102 386
102 357
102 374
102 401
102 412
102 458
102 462
102 474
102 483
103 105
103 108
103 109
103 110
103 111
103 113
103 114
103 115
103 116
103 117
103 120
103 121
103 122
103 124
103 177
103 230
103 233
103 244
103 247
103 273
103 276
103 293
103 254
103 306
103 343
103 365
103 366
103 403
103 410
103 417
103 427
103 433
103 435
103 449
103 489
104 105
104 108
104 116
104 117
104 120
104 121
104 124
104 125
104 127
104 155
104 187
104 232
104 265
104 278
104 281
104 283
104 284
104 309
104 347
104 369
104 406
104 409
104 420
104 476
105 110
105 111
105 112
105 115
105 116
105 117
105 118
105 120
105 122
105 123
105 125
105 126
105 178
105 184
105 185
105 193
105 227
105 271
105 335
105 336
105 357
105 372
105 382
105 406
105 417
105 458
105 466
105 470
105 484
106 109
106 111
106 112
106 116
106 117
106 118
106 119
106 120
106 121
106 122
106 124
106 173
106 187
106 204
106 225
106 230
106 270
106 274
106 320
106 325
106 347
106 350
106 367
106 373
106 406
106 424
106 434
106 439
106 487
107 108
107 109
107 110
107 111
107 112
107 115
107 119
107 122
107 123
107 124
107 125
107 157
107 185
107 191
107 195
107 205
107 210
107 214
107 245
107 246
107 257
107 269
107 287
107 299
107 357
107 381
107 415
107 457
107 461
108 109
108 110
108 113
108 114
108 115
108 118
108 119
108 122
108 123
108 124
108 127
108 156
108 169
108 199
108 241
108 261
108 274
108 285
108 287
108 293
108 320
108 397
108 363
108 364
108 434
108 457
108 488
109 110
109 112
109 113
109 114
109 115
109 117
109 118
109 119
109 121
109 123
109 158
109 165
109 207
109 261
109 269
109 292
109 299
109 253
109 314
109 325
109 347
109 359
109 360
109 455
109 463
109 480
110 112
110 114
110 115
110 116
110 117
110 121
110 122
110 124
110 126
110 127
110 161
110 193
110 194
110 223
110 231
110 243
110 246
110 259
110 273
110 291
110 315
110 316
110 322
110 344
110 393
110 399
110 378
110 403
110 427
110 465
110 476
110 481
110 493
111 112
111 113
111 114
111 115
111 117
111 123
111 124
111 125
111 151
111 156
111 189
111 215
111 218
111 230
111 231
111 248
111 259
111 269
111 292
111 295
111 315
111 316
111 320
111 323
111 347
111 386
111 372
111 378
111 405
111 435
111 467
111 468
111 469
112 113
112 119
112 120
112 124
112 126
112 157
112 179
112 181
112 193
112 214
112 234
112 251
112 302
112 307
112 311
112 385
112 382
112 383
112 449
112 475
112 492
112 498
113 114
113 115
113 116
113 119
113 120
113 121
113 123
113 127
113 155
113 215
113 227
113 258
113 268
113 277
113 301
113 340
113 364
113 368
113 370
113 376
113 407
113 415
113 431
113 447
113 456
113 459
114 115
114 116
114 117
114 122
114 124
114 125
114 153
114 179
114 207
114 248
114 256
114 285
114 297
114 253
114 254
114 303
114 315
114 336
114 399
114 350
114 356
114 380
114 411
114 415
114 457
115 116
115 119
115 120
115 122
115 123
115 127
115 153
115 155
115 157
115 164
115 188
115 194
115 235
115 263
115 269
115 317
115 323
115 324
115 389
115 397
115 357
115 369
115 375
115 376
115 379
115 382
115 412
115 414
115 415
115 427
115 499
116 117
116 118
116 121
116 123
116 124
116 125
116 126
116 199
116 207
116 212
116 275
116 289
116 300
116 398
116 354
116 361
116 365
116 402
116 433
116 459
116 460
117 118
117 120
117 121
117 125
117 126
117 127
117 163
117 190
117 201
117 242
117 276
117 321
117 328
117 343
117 391
117 399
117 351
117 428
117 479
118 119
118 120
118 121
118 122
118 124
118 126
118 154
118 168
118 201
118 211
118 220
118 277
118 385
118 355
118 364
118 378
118 381
118 400
118 416
118 440
118 453
118 465
119 120
119 121
119 123
119 124
119 125
119 126
119 232
119 236
119 264
119 331
119 335
119 349
119 385
119 362
119 405
119 464
119 477
119 479
119 485
120 123
120 125
120 164
120 179
120 209
120 215
120 234
120 284
120 251
120 318
120 321
120 334
120 337
120 387
120 388
120 365
120 367
120 400
120 427
120 430
120 438
120 454
120 463
120 491
120 497
121 124
121 126
121 127
121 188
121 199
121 223
121 225
121 226
121 227
121 245
121 247
121 259
121 260
121 266
121 267
121 310
121 316
121 394
121 411
121 419
121 432
121 496
122 125
122 127
122 166
122 180
122 229
122 271
122 296
122 253
122 308
122 413
122 447
122 470
122 475
122 486
122 490
123 124
123 126
123 157
123 161
123 172
123 173
123 181
123 188
123 194
123 199
123 200
123 234
123 240
123 257
123 258
123 276
123 281
123 283
123 308
123 313
123 356
123 410
123 414
123 434
123 465
123 469
124 127
124 151
124 154
124 167
124 178
124 180
124 244
124 274
124 294
124 305
124 330
124 399
124 354
124 363
124 372
124 407
124 413
124 415
124 429
124 463
125 126
125 173
125 191
125 198
125 201
125 208
125 213
125 215
125 235
125 249
125 262
125 254
125 311
125 338
125 411
125 415
125 430
125 434
125 437
125 455
125 475
125 482
126 159
126 174
126 191
126 236
126 269
126 275
126 293
126 326
126 333
126 339
126 384
126 383
126 428
126 451
126 463
126 494
127 172
127 192
127 209
127 214
127 224
127 226
127 277
127 290
127 295
127 348
127 394
127 367
127 368
127 371
127 414
127 428
127 453
127 468
127 469
127 486
150 151
150 155
150 159
150 160
150 161
150 165
150 170
150 171
150 174
150 175
150 176
150 177
150 178
150 181
150 183
150 186
150 187
150 188
150 190
150 194
150 196
150 206
150 274
150 279
150 289
150 324
150 338
150 396
150 353
150 400
150 417
150 423
150 468
150 496
151 152
151 155
151 157
151 158
151 162
151 163
151 164
151 166
151 169
151 172
151 173
151 175
151 179
151 181
151 184
151 188
151 190
151 191
151 192
151 194
151 196
151 210
151 211
151 215
151 265
151 278
151 327
151 330
151 351
151 368
151 370
151 400
151 402
151 406
151 409
151 476
151 482
151 490
151 496
152 156
152 157
152 160
152 161
152 162
152 165
152 166
152 167
152 168
152 169
152 171
152 172
152 173
152 174
152 175
152 176
152 177
152 178
152 179
152 183
152 186
152 190
152 196
152 197
152 198
152 210
152 238
152 258
152 280
152 287
152 302
152 328
152 346
152 402
152 467
152 472
152 479
153 156
153 159
153 160
153 163
153 169
153 170
153 173
153 174
153 175
153 177
153 178
153 179
153 182
153 183
153 184
153 185
153 187
153 189
153 190
153 191
153 192
153 195
153 199
153 205
153 208
153 226
153 269
153 318
153 344
153 397
153 356
153 383
153 425
153 439
153 443
153 457
154 159
154 160
154 162
154 164
154 166
154 167
154 168
154 174
154 175
154 177
154 178
154 181
154 182
154 184
154 189
154 193
154 194
154 195
154 197
154 198
154 200
154 208
154 226
154 239
154 305
154 336
154 348
154 395
154 353
154 363
154 419
154 423
154 442
154 450
154 451
155 156
155 159
155 160
155 161
155 162
155 163
155 164
155 166
155 167
155 168
155 169
155 176
155 178
155 179
155 180
155 183
155 184
155 185
155 186
155 187
155 189
155 190
155 191
155 192
155 193
155 195
155 199
155 214
155 248
155 317
155 391
155 403
155 404
155 419
155 425
155 431
155 442
155 474
155 484
156 157
156 158
156 159
156 161
156 164
156 165
156 168
156 170
156 171
156 173
156 178
156 179
156 180
156 181
156 182
156 186
156 188
156 193
156 194
156 198
156 212
156 220
156 233
156 260
156 261
156 288
156 292
156 250
156 317
156 319
156 324
156 347
156 366
156 402
156 465
156 471
157 159
157 161
157 162
157 164
157 165
157 166
157 171
157 172
157 174
157 175
157 177
157 179
157 180
157 182
157 183
157 186
157 189
157 193
157 243
157 278
157 282
157 293
157 294
157 302
157 311
157 319
157 332
157 336
157 353
157 368
157 379
157 416
157 450
157 491
157 493
158 159
158 161
158 165
158 166
158 167
158 169
158 170
158 171
158 173
158 175
158 179
158 181
158 183
158 185
158 186
158 188
158 190
158 194
158 195
158 196
158 197
158 198
158 199
158 218
158 224
158 231
158 235
158 238
158 266
158 276
158 285
158 321
158 323
158 329
158 330
158 384
158 364
158 371
158 378
158 414
158 438
158 450
159 160
159 161
159 163
159 166
159 168
159 169
159 170
159 174
159 175
159 177
159 183
159 184
159 186
159 193
159 194
159 195
159 196
159 198
159 211
159 212
159 215
159 228
159 241
159 279
159 289
159 349
159 388
159 390
159 396
159 362
159 368
159 375
159 437
159 456
159 471
159 474
159 489
160 161
160 162
160 164
160 165
160 166
160 169
160 170
160 172
160 175
160 176
160 178
160 179
160 184
160 185
160 191
160 192
160 193
160 194
160 195
160 198
160 199
160 221
160 234
160 270
160 294
160 297
160 324
160 365
160 381
160 436
160 441
160 447
160 451
160 456
160 460
160 476
160 478
161 162
161 164
161 171
161 174
161 175
161 177
161 178
161 179
161 185
161 186
161 188
161 190
161 197
161 198
161 199
161 214
161 227
161 231
161 292
161 335
161 338
161 344
161 386
161 395
161 399
161 367
161 406
161 429
161 438
161 463
162 163
162 164
162 165
162 166
162 167
162 168
162 169
162 172
162 175
162 177
162 184
162 187
162 188
162 189
162 191
162 193
162 199
162 202
162 239
162 260
162 282
162 298
162 253
162 326
162 360
162 421
162 488
162 493
162 494
163 164
163 165
163 166
163 169
163 170
163 171
163 172
163 173
163 175
163 176
163 177
163 179
163 180
163 181
163 182
163 184
163 186
163 189
163 192
163 193
163 194
163 197
163 199
163 217
163 237
163 243
163 256
163 275
163 291
163 317
163 335
163 337
163 345
163 364
163 376
163 436
163 444
163 481
164 165
164 166
164 168
164 169
164 173
164 175
164 181
164 182
164 183
164 184
164 186
164 190
164 192
164 194
164 196
164 199
164 204
164 217
164 230
164 248
164 249
164 268
164 275
164 286
164 253
164 314
164 339
164 350
164 354
164 361
164 401
164 425
164 438
164 466
164 474
165 166
165 167
165 168
165 172
165 173
165 175
165 178
165 181
165 184
165 185
165 192
165 193
165 194
165 195
165 196
165 204
165 233
165 272
165 335
165 393
165 354
165 373
165 379
165 439
165 452
165 484
165 485
166 168
166 170
166 171
166 175
166 176
166 177
166 179
166 180
166 181
166 184
166 186
166 188
166 189
166 190
166 192
166 196
166 198
166 204
166 225
166 230
166 277
166 300
166 329
166 416
166 437
166 446
166 497
167 168
167 169
167 170
167 172
167 173
167 177
167 181
167 184
167 187
167 189
167 190
167 191
167 196
167 197
167 198
167 199
167 207
167 270
167 254
167 369
167 382
167 407
167 420
167 468
167 489
167 496
168 173
168 175
168 179
168 180
168 183
168 187
168 189
168 190
168 191
168 193
168 194
168 197
168 198
168 202
168 232
168 284
168 295
168 251
168 308
168 316
168 324
168 340
168 363
168 402
168 430
168 438
168 447
168 483
169 170
169 171
169 173
169 177
169 179
169 180
169 181
169 183
169 184
169 186
169 187
169 190
169 194
169 196
169 197
169 198
169 211
169 216
169 228
169 237
169 243
169 285
169 301
169 315
169 323
169 327
169 337
169 338
169 347
169 366
169 429
169 443
169 454
169 471
169 479
169 489
170 172
170 179
170 183
170 185
170 187
170 188
170 190
170 191
170 193
170 195
170 197
170 198
170 212
170 247
170 321
170 323
170 367
170 466
170 482
170 494
171 172
171 173
171 175
171 176
171 178
171 179
171 180
171 184
171 185
171 186
171 188
171 191
171 193
171 194
171 197
171 198
171 199
171 208
171 233
171 245
171 274
171 294
171 295
171 250
171 300
171 308
171 310
171 338
171 366
171 418
171 448
171 449
171 462
171 489
172 173
172 174
172 175
172 176
172 178
172 180
172 181
172 183
172 184
172 185
172 187
172 188
172 189
172 190
172 192
172 193
172 194
172 196
172 198
172 209
172 231
172 240
172 299
172 311
172 332
172 337
172 346
172 354
172 356
172 377
172 379
172 382
172 406
172 422
172 448
172 460
172 472
172 475
172 495
173 174
173 175
173 176
173 177
173 180
173 183
173 187
173 188
173 195
173 196
173 198
173 215
173 224
173 228
173 231
173 243
173 257
173 261
173 310
173 325
173 342
173 373
173 377
173 379
173 383
173 429
173 431
173 445
173 472
173 478
174 175
174 176
174 178
174 181
174 185
174 186
174 187
174 188
174 197
174 198
174 200
174 204
174 207
174 236
174 258
174 285
174 251
174 351
174 421
174 423
174 475
174 483
174 495
175 177
175 180
175 181
175 182
175 183
175 184
175 185
175 186
175 189
175 190
175 191
175 192
175 198
175 199
175 207
175 214
175 233
175 249
175 270
175 276
175 290
175 326
175 337
175 338
175 395
175 358
175 359
175 371
175 376
175 380
175 401
175 405
175 433
175 465
175 484
176 177
176 178
176 179
176 181
176 185
176 190
176 193
176 194
176 198
176 273
176 277
176 281
176 288
176 252
176 305
176 313
176 338
176 386
176 358
176 360
176 361
176 373
176 417
176 442
176 444
176 489
177 180
177 181
177 184
177 188
177 189
177 190
177 191
177 192
177 194
177 197
177 198
177 199
177 213
177 234
177 237
177 277
177 282
177 303
177 333
177 335
177 394
177 360
177 369
177 383
177 424
177 449
177 462
178 181
178 184
178 185
178 194
178 197
178 198
178 247
178 260
178 271
178 280
178 283
178 295
178 300
178 325
178 344
178 345
178 360
178 366
178 425
178 436
178 450
178 460
179 181
179 182
179 184
179 185
179 186
179 187
179 188
179 190
179 192
179 193
179 194
179 199
179 237
179 257
179 282
179 250
179 251
179 311
179 355
179 370
179 373
179 381
179 406
179 447
179 472
180 181
180 182
180 185
180 187
180 189
180 190
180 195
180 197
180 198
180 288
180 324
180 348
180 384
180 399
180 369
180 382
180 402
180 449
180 457
181 184
181 185
181 186
181 194
181 196
181 198
181 199
181 213
181 217
181 234
181 274
181 306
181 319
181 350
181 361
181 401
181 404
181 431
181 440
181 441
181 443
181 451
181 484
181 486
181 490
182 183
182 184
182 189
182 193
182 195
182 197
182 199
182 206
182 232
182 271
182 286
182 289
182 295
182 311
182 324
182 342
182 422
182 435
182 445
182 456
183 184
183 185
183 187
183 190
183 191
183 194
183 195
183 196
183 199
183 245
183 247
183 249
183 318
183 343
183 391
183 399
183 352
183 452
184 190
184 192
184 193
184 194
184 197
184 198
184 199
184 211
184 225
184 227
184 244
184 259
184 298
184 300
184 304
184 343
184 384
184 395
184 351
184 423
184 452
184 481
184 490
184 497
185 187
185 189
185 191
185 193
185 195
185 198
185 199
185 207
185 220
185 231
185 277
185 297
185 311
185 366
185 401
185 417
185 442
185 447
185 453
185 456
185 468
185 471
186 187
186 188
186 189
186 191
186 192
186 194
186 195
186 199
186 215
186 226
186 229
186 231
186 281
186 314
186 316
186 318
186 328
186 332
186 339
186 349
186 355
186 473
186 499
187 188
187 190
187 191
187 193
187 195
187 201
187 209
187 230
187 264
187 254
187 255
187 320
187 351
187 367
187 380
187 400
187 430
187 432
187 442
187 464
187 470
187 485
187 486
187 498
188 192
188 198
188 199
188 241
188 245
188 294
188 253
188 320
188 324
188 331
188 343
188 347
188 384
188 385
188 355
188 376
188 412
188 459
188 491
188 498
189 191
189 192
189 195
189 196
189 197
189 203
189 205
189 248
189 259
189 282
189 329
189 339
189 407
189 420
189 422
189 423
189 498
190 192
190 193
190 194
190 195
190 196
190 199
190 208
190 287
190 288
190 344
190 390
190 415
190 430
190 435
190 452
190 453
190 459
190 472
190 473
190 474
190 480
190 493
190 496
191 194
191 195
191 197
191 199
191 202
191 203
191 223
191 227
191 228
191 239
191 264
191 289
191 252
191 306
191 341
191 386
191 403
191 428
191 432
191 473
191 481
191 490
192 193
192 196
192 199
192 202
192 229
192 240
192 247
192 264
192 271
192 296
192 311
192 329
192 331
192 341
192 347
192 367
192 378
192 379
192 447
192 457
193 195
193 198
193 199
193 201
193 202
193 238
193 243
193 267
193 272
193 278
193 286
193 289
193 293
193 298
193 306
193 318
193 323
193 384
193 386
193 367
193 402
193 415
193 419
193 481
193 489
194 195
194 196
194 198
194 201
194 202
194 205
194 211
194 212
194 223
194 247
194 272
194 328
194 329
194 340
194 388
194 368
194 419
194 420
194 437
194 464
194 474
194 482
195 197
195 201
195 206
195 216
195 234
195 256
195 270
195 282
195 298
195 310
195 394
195 395
195 398
195 368
195 402
195 419
195 456
196 197
196 199
196 208
196 233
196 247
196 248
196 262
196 270
196 283
196 291
196 253
196 300
196 302
196 304
196 310
196 327
196 396
196 371
196 405
196 421
196 440
196 459
197 211
197 220
197 237
197 242
197 261
197 275
197 285
197 253
197 402
197 407
197 424
197 473
197 485
197 497
198 219
198 221
198 230
198 237
198 259
198 308
198 310
198 342
198 385
198 353
198 362
198 406
198 412
198 436
198 475
198 478
198 486
199 237
199 267
199 273
199 292
199 294
199 330
199 334
199 349
199 386
199 406
199 440
199 461
199 467
199 492
200 205
200 206
200 207
200 208
200 210
200 221
200 225
200 227
200 228
200 231
200 232
200 233
200 235
200 236
200 237
200 239
200 240
200 241
200 243
200 244
200 247
200 248
200 293
200 368
200 375
200 381
200 404
200 421
200 431
200 441
200 453
201 202
201 203
201 205
201 206
201 209
201 210
201 211
201 214
201 216
201 221
201 224
201 225
201 227
201 229
201 230
201 231
201 232
201 233
201 234
201 235
201 236
201 237
201 241
201 242
201 243
201 244
201 245
201 247
201 248
201 274
201 386
201 359
201 406
201 414
201 424
201 476
202 204
202 206
202 208
202 209
202 213
202 214
202 216
202 218
202 222
202 226
202 227
202 229
202 230
202 235
202 242
202 244
202 285
202 255
202 467
202 476
203 204
203 211
203 214
203 215
203 216
203 219
203 222
203 223
203 225
203 227
203 228
203 229
203 230
203 231
203 233
203 236
203 238
203 239
203 240
203 242
203 243
203 248
203 259
203 270
203 282
203 292
203 302
203 339
203 412
203 433
203 437
203 478
203 491
204 205
204 206
204 207
204 211
204 214
204 215
204 217
204 218
204 221
204 224
204 227
204 231
204 232
204 239
204 242
204 244
204 247
204 248
204 270
204 277
204 293
204 305
204 322
204 330
204 393
204 418
204 428
204 446
204 447
204 470
204 479
205 206
205 207
205 208
205 209
205 210
205 213
205 215
205 217
205 219
205 220
205 222
205 224
205 226
205 227
205 228
205 231
205 234
205 237
205 240
205 242
205 245
205 246
205 256
205 286
205 291
205 320
205 327
205 385
205 387
205 397
205 363
205 410
205 436
205 451
205 461
205 468
205 482
206 210
206 211
206 215
206 217
206 219
206 220
206 221
206 228
206 229
206 230
206 231
206 232
206 238
206 240
206 243
206 244
206 246
206 247
206 248
206 261
206 292
206 310
206 314
206 326
206 336
206 348
206 376
206 415
206 427
206 432
206 437
206 466
207 208
207 209
207 210
207 211
207 213
207 214
207 215
207 217
207 218
207 219
207 220
207 221
207 223
207 226
207 227
207 229
207 232
207 233
207 236
207 238
207 239
207 240
207 242
207 243
207 244
207 245
207 246
207 247
207 265
207 279
207 281
207 319
207 321
207 336
207 388
207 397
207 367
207 381
207 402
207 408
207 416
207 428
207 447
208 209
208 212
208 214
208 215
208 216
208 219
208 220
208 221
208 222
208 224
208 225
208 227
208 229
208 234
208 235
208 236
208 240
208 241
208 243
208 244
208 247
208 249
208 258
208 265
208 297
208 316
208 344
208 382
208 383
208 403
208 425
208 439
208 469
208 471
208 480
208 486
208 498
209 212
209 213
209 214
209 218
209 219
209 220
209 223
209 224
209 227
209 228
209 229
209 233
209 236
209 242
209 243
209 248
209 280
209 287
209 291
209 253
209 329
209 394
209 399
209 379
209 420
209 435
209 436
209 467
209 485
209 496
210 212
210 213
210 214
210 215
210 217
210 222
210 223
210 224
210 226
210 227
210 230
210 231
210 234
210 237
210 238
210 239
210 244
210 245
210 247
210 249
210 274
210 280
210 252
210 339
210 395
210 366
210 404
210 419
210 437
210 454
210 470
210 481
211 212
211 214
211 219
211 220
211 222
211 224
211 225
211 229
211 231
211 232
211 236
211 239
211 244
211 245
211 247
211 248
211 256
211 261
211 277
211 313
211 329
211 332
211 399
211 372
211 440
211 441
212 220
212 223
212 224
212 225
212 228
212 233
212 234
212 236
212 238
212 243
212 244
212 246
212 247
212 249
212 260
212 319
212 345
212 396
212 397
212 362
212 402
212 431
212 458
213 214
213 216
213 218
213 219
213 220
213 222
213 224
213 225
213 227
213 230
213 231
213 233
213 234
213 237
213 239
213 240
213 241
213 242
213 245
213 246
213 272
213 280
213 289
213 294
213 251
213 309
213 345
213 347
213 395
213 369
213 378
213 381
213 405
213 406
213 422
213 431
213 455
213 465
213 474
213 493
213 494
213 499
214 215
214 216
214 217
214 219
214 221
214 223
214 225
214 226
214 227
214 228
214 230
214 232
214 234
214 235
214 236
214 237
214 238
214 239
214 241
214 246
214 306
214 316
214 321
214 415
214 420
214 451
214 461
214 469
215 217
215 218
215 219
215 224
215 225
215 226
215 228
215 229
215 231
215 238
215 239
215 240
215 246
215 247
215 248
215 249
215 278
215 280
215 313
215 346
215 392
215 355
215 368
215 374
215 406
215 419
215 420
215 424
215 433
215 457
215 466
215 472
216 220
216 223
216 226
216 227
216 229
216 232
216 233
216 234
216 236
216 237
216 240
216 244
216 245
216 246
216 247
216 276
216 280
216 287
216 342
216 386
216 391
216 447
216 487
217 218
217 222
217 223
217 225
217 226
217 227
217 233
217 235
217 236
217 237
217 240
217 241
217 242
217 244
217 245
217 247
217 248
217 249
217 256
217 266
217 269
217 280
217 283
217 324
217 325
217 331
217 336
217 339
217 346
217 389
217 399
217 370
217 371
217 431
217 477
217 493
218 223
218 224
218 228
218 229
218 230
218 234
218 236
218 239
218 240
218 241
218 242
218 245
218 266
218 293
218 296
218 299
218 320
218 324
218 331
218 336
218 395
218 370
218 428
218 435
219 220
219 222
219 224
219 227
219 228
219 229
219 231
219 233
219 235
219 237
219 238
219 241
219 244
219 245
219 247
219 256
219 262
219 265
219 267
219 279
219 282
219 283
219 254
219 310
219 317
219 327
219 338
219 339
219 389
219 390
219 355
219 357
219 361
219 377
219 416
219 444
219 457
219 472
219 489
220 225
220 227
220 229
220 230
220 232
220 234
220 235
220 236
220 237
220 239
220 243
220 244
220 245
220 246
220 247
220 248
220 317
220 326
220 330
220 391
220 356
220 368
220 374
220 403
220 421
220 469
220 495
220 496
221 224
221 226
221 228
221 229
221 231
221 233
221 235
221 237
221 239
221 240
221 242
221 248
221 263
221 289
221 309
221 342
221 388
221 389
221 356
221 371
221 408
221 409
221 442
221 493
221 499
222 225
222 230
222 231
222 232
222 234
222 237
222 241
222 242
222 244
222 246
222 247
222 259
222 278
222 251
222 306
222 308
222 318
222 325
222 365
222 403
222 410
222 445
222 450
222 454
222 490
223 225
223 229
223 233
223 235
223 236
223 239
223 241
223 243
223 246
223 248
223 261
223 273
223 301
223 303
223 316
223 326
223 346
223 397
223 403
223 421
223 424
223 453
223 459
223 464
223 477
223 497
224 225
224 226
224 227
224 233
224 235
224 240
224 241
224 243
224 248
224 249
224 261
224 295
224 250
224 313
224 325
224 334
224 349
224 391
224 356
224 407
224 420
224 430
224 435
224 457
224 497
225 229
225 230
225 231
225 233
225 235
225 236
225 237
225 240
225 241
225 243
225 245
225 247
225 248
225 249
225 260
225 274
225 279
225 292
225 310
225 324
225 340
225 385
225 398
225 416
225 418
225 462
225 469
225 480
225 490
226 228
226 230
226 231
226 233
226 237
226 241
226 242
226 244
226 245
226 248
226 249
226 262
226 266
226 269
226 271
226 318
226 330
226 345
226 386
226 369
226 423
226 445
226 446
226 448
226 455
227 229
227 235
227 236
227 237
227 238
227 240
227 241
227 248
227 249
227 261
227 313
227 345
227 393
227 377
227 418
228 229
228 230
228 231
228 235
228 236
228 237
228 239
228 240
228 241
228 242
228 244
228 245
228 246
228 248
228 249
228 271
228 285
228 297
228 253
228 309
228 334
228 338
228 342
228 385
228 405
228 417
228 429
228 446
228 447
228 470
228 473
229 233
229 234
229 239
229 240
229 243
229 244
229 245
229 246
229 249
229 266
229 276
229 302
229 304
229 319
229 321
229 398
229 409
229 427
229 432
229 444
229 486
229 490
229 496
230 232
230 233
230 235
230 238
230 239
230 240
230 243
230 244
230 245
230 261
230 281
230 296
230 297
230 298
230 305
230 342
230 388
230 372
230 374
230 401
230 404
230 441
230 476
230 479
231 234
231 235
231 236
231 237
231 238
231 239
231 240
231 241
231 243
231 244
231 245
231 247
231 256
231 302
231 340
231 354
231 403
231 431
231 440
231 445
231 459
231 499
232 235
232 237
232 240
232 241
232 242
232 243
232 244
232 245
232 246
232 248
232 260
232 291
232 346
232 354
232 364
232 371
232 405
232 426
232 446
232 458
233 234
233 236
233 237
233 238
233 239
233 240
233 241
233 242
233 243
233 246
233 249
233 257
233 270
233 285
233 311
233 322
233 337
233 386
233 370
233 371
233 373
233 380
233 422
233 449
233 469
233 472
233 473
234 236
234 237
234 239
234 242
234 244
234 245
234 246
234 249
234 270
234 275
234 250
234 254
234 301
234 322
234 330
234 392
234 354
234 357
234 379
234 382
234 456
234 471
235 237
235 239
235 240
235 243
235 246
235 248
235 249
235 287
235 302
235 315
235 330
235 389
235 351
235 400
235 432
235 440
236 239
236 241
236 246
236 249
236 265
236 268
236 270
236 308
236 326
236 342
236 385
236 386
236 359
236 415
236 447
236 468
236 477
236 493
237 239
237 241
237 242
237 243
237 244
237 249
237 264
237 268
237 298
237 300
237 320
237 339
237 382
237 408
237 426
237 440
237 449
237 457
237 466
237 492
238 239
238 240
238 241
238 244
238 245
238 247
238 249
238 295
238 255
238 388
238 360
238 370
238 405
238 442
238 457
238 469
238 476
238 483
239 240
239 243
239 246
239 249
239 265
239 353
239 365
239 403
239 426
239 431
239 446
239 472
239 498
240 241
240 242
240 243
240 245
240 247
240 248
240 249
240 264
240 269
240 275
240 288
240 299
240 304
240 317
240 340
240 346
240 393
240 373
240 377
240 383
240 416
240 430
240 437
240 452
240 455
240 466
240 477
240 485
241 242
241 243
241 244
241 245
241 246
241 247
241 249
241 272
241 296
241 300
241 301
241 311
241 331
241 334
241 351
241 352
241 353
241 427
241 433
241 443
241 458
241 488
242 243
242 246
242 248
242 249
242 260
242 263
242 264
242 278
242 395
242 353
242 359
242 360
242 402
242 408
242 426
242 436
242 452
242 459
242 497
242 498
243 245
243 246
243 293
243 252
243 253
243 255
243 303
243 309
243 310
243 388
243 355
243 370
243 425
243 449
243 474
244 245
244 246
244 247
244 249
244 280
244 291
244 298
244 251
244 300
244 320
244 340
244 396
244 361
244 379
244 411
244 422
244 434
244 436
244 460
245 246
245 247
245 248
245 249
245 276
245 291
245 294
245 317
245 318
245 330
245 343
245 384
245 389
245 350
245 428
245 437
245 468
245 472
245 489
245 490
246 249
246 265
246 272
246 285
246 338
246 385
246 360
246 364
246 371
246 424
246 428
246 446
246 472
247 248
247 249
247 265
247 320
247 321
247 324
247 339
247 347
247 350
247 351
247 372
247 378
247 407
247 413
247 414
247 467
247 496
248 249
248 251
248 252
248 302
248 310
248 349
248 387
248 399
248 363
248 408
248 421
248 431
248 435
248 442
248 467
249 258
249 262
249 276
249 300
249 309
249 327
249 331
249 335
249 390
249 397
249 381
249 414
249 420
249 464
249 469
249 492
256 257
256 261
256 262
256 263
256 265
256 268
256 269
256 270
256 273
256 275
256 278
256 279
256 281
256 282
256 287
256 289
256 290
256 292
256 296
256 297
256 250
256 252
256 255
256 301
256 345
256 352
256 354
256 362
256 375
256 383
256 403
256 407
256 411
256 412
256 440
256 448
256 463
256 467
256 472
256 495
257 259
257 262
257 264
257 267
257 270
257 271
257 272
257 275
257 276
257 277
257 278
257 280
257 285
257 286
257 288
257 291
257 292
257 293
257 294
257 295
257 296
257 297
257 298
257 300
257 315
257 331
257 365
257 419
257 445
257 480
258 260
258 263
258 264
258 266
258 268
258 270
258 271
258 272
258 274
258 278
258 279
258 282
258 286
258 288
258 289
258 291
258 294
258 296
258 297
258 298
258 299
258 251
258 253
258 342
258 370
258 407
258 416
258 429
258 441
258 450
259 260
259 261
259 263
259 268
259 269
259 270
259 271
259 272
259 275
259 276
259 279
259 282
259 284
259 290
259 292
259 297
259 299
259 251
259 252
259 253
259 255
259 338
259 345
259 384
259 385
259 367
259 369
259 382
259 453
259 457
259 467
259 478
259 479
259 486
259 498
260 261
260 262
260 263
260 266
260 268
260 269
260 270
260 274
260 275
260 279
260 282
260 284
260 286
260 288
260 289
260 290
260 293
260 295
260 296
260 298
260 299
260 255
260 330
260 339
260 342
260 406
260 433
260 435
260 466
261 263
261 265
261 267
261 274
261 277
261 278
261 279
261 280
261 284
261 285
261 286
261 288
261 289
261 292
261 294
261 296
261 297
261 251
261 252
261 254
261 303
261 304
261 307
261 329
261 348
261 389
261 368
261 381
261 382
261 404
261 408
261 442
262 263
262 264
262 265
262 270
262 271
262 272
262 274
262 275
262 277
262 278
262 280
262 281
262 283
262 285
262 286
262 288
262 290
262 292
262 294
262 251
262 253
262 254
262 255
262 307
262 317
262 339
262 385
262 364
262 431
262 463
262 472
262 483
262 490
263 267
263 269
263 270
263 272
263 274
263 275
263 279
263 281
263 282
263 283
263 284
263 286
263 288
263 289
263 290
263 291
263 293
263 297
263 299
263 254
263 255
263 300
263 310
263 320
263 325
263 355
263 369
263 436
263 491
263 497
263 499
264 266
264 267
264 268
264 269
264 270
264 271
264 273
264 276
264 277
264 278
264 281
264 283
264 284
264 285
264 286
264 288
264 289
264 292
264 293
264 294
264 295
264 296
264 297
264 299
264 250
264 253
264 255
264 306
264 349
264 385
264 362
264 365
264 403
264 417
264 423
264 427
264 432
264 444
264 485
265 267
265 268
265 269
265 274
265 276
265 283
265 286
265 287
265 288
265 289
265 290
265 291
265 292
265 294
265 297
265 298
265 299
265 255
265 386
265 358
265 373
265 380
265 407
265 424
265 433
265 434
265 444
265 493
266 267
266 268
266 269
266 272
266 274
266 277
266 279
266 280
266 281
266 285
266 287
266 288
266 289
266 290
266 292
266 293
266 294
266 295
266 297
266 298
266 299
266 250
266 253
266 255
266 300
266 326
266 385
266 386
266 365
266 366
266 369
266 376
266 482
266 494
267 269
267 270
267 271
267 273
267 274
267 276
267 278
267 283
267 288
267 289
267 290
267 295
267 296
267 297
267 299
267 251
267 253
267 254
267 310
267 325
267 335
267 420
267 464
268 269
268 270
268 275
268 276
268 277
268 278
268 280
268 281
268 283
268 284
268 286
268 287
268 289
268 291
268 292
268 295
268 252
268 254
268 317
268 330
268 333
268 379
268 380
268 411
268 426
268 432
268 452
268 477
268 478
268 482
269 270
269 271
269 272
269 274
269 275
269 277
269 278
269 280
269 281
269 283
269 284
269 288
269 290
269 292
269 294
269 296
269 250
269 252
269 253
269 255
269 314
269 324
269 340
269 388
269 353
269 371
269 415
269 443
269 484
269 496
270 273
270 274
270 275
270 276
270 277
270 278
270 279
270 282
270 285
270 287
270 290
270 292
270 296
270 299
270 251
270 253
270 255
270 312
270 317
270 341
270 399
270 369
270 379
270 486
271 275
271 277
271 279
271 281
271 282
271 283
271 286
271 287
271 291
271 293
271 296
271 299
271 250
271 251
271 253
271 254
271 255
271 331
271 395
271 397
271 399
271 362
271 401
271 417
271 468
271 488
272 273
272 275
272 276
272 277
272 278
272 279
272 281
272 283
272 284
272 288
272 290
272 293
272 296
272 297
272 250
272 252
272 253
272 254
272 255
272 303
272 313
272 324
272 327
272 336
272 339
272 393
272 395
272 371
272 422
272 425
272 449
272 472
272 473
273 274
273 275
273 277
273 283
273 289
273 292
273 294
273 296
273 297
273 252
273 253
273 254
273 300
273 338
273 370
273 402
273 428
274 276
274 277
274 283
274 284
274 285
274 289
274 292
274 293
274 294
274 295
274 298
274 251
274 252
274 253
274 254
274 313
274 328
274 340
274 388
274 393
274 351
274 365
274 367
274 372
274 414
274 423
274 465
274 489
275 277
275 278
275 279
275 282
275 284
275 288
275 289
275 290
275 291
275 292
275 293
275 295
275 297
275 298
275 252
275 254
275 326
275 335
275 386
275 357
275 359
275 363
275 367
275 368
275 410
275 469
275 496
276 280
276 283
276 284
276 287
276 289
276 290
276 292
276 296
276 297
276 251
276 252
276 339
276 342
276 396
276 409
276 459
276 468
276 475
277 279
277 281
277 282
277 285
277 286
277 288
277 290
277 291
277 293
277 294
277 296
277 298
277 299
277 250
277 346
277 391
277 392
277 352
277 359
277 381
277 439
277 444
277 459
278 279
278 280
278 281
278 284
278 285
278 289
278 290
278 293
278 295
278 297
278 250
278 251
278 252
278 253
278 254
278 305
278 388
278 390
278 360
278 440
278 467
278 472
278 482
279 283
279 284
279 285
279 286
279 288
279 289
279 290
279 293
279 295
279 297
279 251
279 252
279 255
279 307
279 333
279 337
279 392
279 355
279 367
279 375
279 419
279 420
279 429
280 282
280 283
280 284
280 285
280 287
280 288
280 289
280 290
280 292
280 294
280 295
280 296
280 297
280 299
280 251
280 252
280 306
280 323
280 397
280 360
280 400
280 467
280 474
280 476
281 282
281 285
281 286
281 287
281 289
281 290
281 293
281 296
281 299
281 251
281 252
281 254
281 322
281 390
281 397
281 350
281 446
281 476
281 498
282 288
282 292
282 293
282 294
282 296
282 297
282 298
282 299
282 250
282 251
282 252
282 253
282 255
282 302
282 310
282 324
282 342
282 384
282 416
282 452
282 469
283 285
283 286
283 289
283 294
283 295
283 296
283 297
283 298
283 299
283 252
283 253
283 255
283 330
283 394
283 429
283 487
283 488
283 498
284 285
284 288
284 289
284 290
284 291
284 292
284 293
284 295
284 296
284 297
284 299
284 252
284 253
284 254
284 320
284 336
284 343
284 395
284 353
284 355
284 422
284 424
284 434
284 439
284 474
284 482
284 485
285 288
285 289
285 290
285 291
285 292
285 298
285 299
285 250
285 251
285 253
285 254
285 255
285 328
285 330
285 370
285 375
285 376
285 401
285 408
285 427
285 444
285 481
286 287
286 291
286 292
286 293
286 295
286 296
286 299
286 251
286 253
286 322
286 349
286 351
286 411
286 432
286 457
286 478
286 488
287 288
287 291
287 292
287 293
287 295
287 297
287 298
287 251
287 253
287 254
287 301
287 326
287 334
287 354
287 409
287 433
287 436
287 469
287 475
288 290
288 298
288 253
288 254
288 255
288 316
288 377
288 410
288 416
288 417
288 430
288 440
288 447
288 450
288 454
288 460
289 290
289 295
289 296
289 298
289 299
289 250
289 255
289 300
289 309
289 331
289 362
289 400
289 407
289 431
289 439
289 481
289 483
289 496
290 291
290 292
290 294
290 298
290 299
290 250
290 251
290 252
290 253
290 339
290 341
290 343
290 421
290 438
290 487
290 488
291 294
291 295
291 297
291 250
291 253
291 254
291 255
291 327
291 329
291 398
291 360
291 375
291 464
292 293
292 295
292 296
292 252
292 254
292 319
292 327
292 354
292 410
292 423
292 427
292 486
293 294
293 295
293 296
293 299
293 250
293 251
293 254
293 255
293 308
293 331
293 336
293 346
293 360
293 369
293 422
293 428
293 459
293 465
293 477
293 479
294 298
294 250
294 252
294 255
294 314
294 318
294 394
294 408
294 418
294 431
294 441
294 443
294 446
295 296
295 297
295 299
295 250
295 253
295 255
295 305
295 315
295 326
295 344
295 398
295 399
295 353
295 369
295 401
295 456
295 467
296 297
296 298
296 250
296 251
296 252
296 254
296 255
296 312
296 328
296 329
296 343
296 348
296 392
296 371
296 376
296 411
296 419
296 492
297 299
297 251
297 252
297 253
297 254
297 255
297 303
297 317
297 326
297 351
297 357
297 421
297 432
297 435
297 447
297 449
297 494
298 299
298 250
298 252
298 327
298 346
298 349
298 352
298 359
298 369
298 371
298 433
298 445
298 462
298 489
298 495
299 250
299 251
299 253
299 254
299 332
299 347
299 365
299 410
299 414
299 431
299 432
299 435
299 455
299 480
299 495
250 251
250 252
250 253
250 323
250 347
250 352
250 359
250 367
250 369
250 371
250 408
250 457
250 481
250 497
251 252
251 255
251 302
251 309
251 335
251 395
251 352
251 358
251 419
251 449
251 453
251 495
252 255
252 312
252 337
252 394
252 409
252 485
253 254
253 255
253 309
253 311
253 342
253 352
253 372
253 474
254 337
254 371
254 379
254 408
254 416
254 445
254 451
254 465
254 481
255 344
255 388
255 394
255 416
255 421
255 435
255 445
255 447
255 480
255 494
300 302
300 304
300 305
300 309
300 311
300 312
300 314
300 315
300 317
300 319
300 321
300 327
300 329
300 330
300 331
300 334
300 335
300 338
300 343
300 345
300 346
300 347
300 348
300 385
300 350
300 353
300 360
300 376
300 404
300 426
300 430
300 465
300 469
300 471
300 476
300 478
300 479
300 484
300 486
300 488
301 302
301 306
301 310
301 315
301 319
301 321
301 323
301 324
301 327
301 329
301 330
301 331
301 337
301 338
301 339
301 341
301 345
301 348
301 349
301 385
301 387
301 388
301 394
301 350
301 360
301 370
301 459
301 498
302 303
302 305
302 307
302 312
302 314
302 315
302 316
302 317
302 319
302 320
302 322
302 325
302 328
302 329
302 330
302 331
302 333
302 334
302 336
302 339
302 342
302 344
302 345
302 348
302 349
302 394
302 351
302 361
302 362
302 403
302 434
302 455
302 484
302 487
303 307
303 309
303 311
303 312
303 320
303 324
303 325
303 327
303 329
303 332
303 334
303 336
303 337
303 338
303 339
303 340
303 341
303 343
303 349
303 386
303 392
303 350
303 414
303 449
303 464
303 491
304 305
304 306
304 308
304 309
304 310
304 317
304 318
304 319
304 325
304 327
304 336
304 338
304 340
304 341
304 343
304 344
304 345
304 346
304 348
304 349
304 392
304 361
304 364
304 372
304 373
304 378
304 420
304 431
304 434
304 452
304 467
304 488
304 492
305 309
305 312
305 313
305 314
305 319
305 320
305 321
305 323
305 325
305 326
305 329
305 330
305 332
305 336
305 338
305 339
305 340
305 341
305 342
305 345
305 346
305 463
305 486
305 487
306 307
306 308
306 309
306 313
306 314
306 317
306 318
306 323
306 324
306 325
306 326
306 327
306 328
306 330
306 335
306 336
306 340
306 342
306 344
306 347
306 349
306 362
306 376
306 380
306 424
307 309
307 311
307 314
307 315
307 316
307 319
307 325
307 326
307 329
307 330
307 331
307 333
307 334
307 335
307 336
307 338
307 340
307 341
307 342
307 343
307 344
307 348
307 350
307 373
307 418
307 419
307 487
308 310
308 311
308 317
308 319
308 320
308 321
308 323
308 325
308 331
308 340
308 344
308 346
308 347
308 348
308 349
308 385
308 350
308 360
308 413
308 415
308 417
308 493
309 310
309 311
309 313
309 315
309 317
309 318
309 321
309 323
309 324
309 325
309 327
309 328
309 329
309 332
309 333
309 335
309 339
309 342
309 344
309 345
309 346
309 347
309 348
309 349
309 350
309 366
309 379
309 405
309 409
309 424
309 446
309 460
309 464
309 471
309 481
310 312
310 313
310 315
310 316
310 319
310 321
310 327
310 329
310 330
310 331
310 332
310 333
310 334
310 335
310 336
310 340
310 341
310 342
310 343
310 344
310 345
310 346
310 348
310 369
310 372
310 422
310 430
310 438
310 455
310 487
310 498
311 314
311 315
311 316
311 318
311 319
311 321
311 322
311 326
311 328
311 329
311 331
311 332
311 334
311 338
311 341
311 342
311 344
311 345
311 407
311 410
311 420
311 483
311 493
312 313
312 315
312 318
312 325
312 326
312 328
312 329
312 330
312 331
312 332
312 333
312 335
312 336
312 337
312 342
312 343
312 345
312 346
312 348
312 349
312 368
312 400
312 461
312 467
312 479
312 498
313 314
313 316
313 320
313 321
313 325
313 329
313 331
313 335
313 336
313 337
313 341
313 343
313 345
313 347
313 348
313 349
313 393
313 406
313 456
313 463
313 464
313 490
313 497
314 316
314 317
314 324
314 326
314 329
314 330
314 332
314 335
314 336
314 337
314 338
314 339
314 342
314 345
314 346
314 347
314 348
314 395
314 377
314 431
314 433
314 436
314 446
314 470
314 483
314 492
315 317
315 318
315 319
315 320
315 321
315 322
315 323
315 324
315 325
315 328
315 330
315 331
315 333
315 334
315 335
315 336
315 337
315 340
315 345
315 346
315 349
315 350
315 381
315 418
315 421
315 427
315 428
315 433
315 440
315 449
315 452
315 466
315 469
315 477
315 496
316 317
316 319
316 321
316 322
316 324
316 326
316 327
316 332
316 333
316 336
316 338
316 339
316 341
316 344
316 346
316 347
316 348
316 354
316 417
316 435
316 455
316 469
317 319
317 320
317 324
317 326
317 327
317 331
317 332
317 335
317 342
317 343
317 346
317 347
317 348
317 349
317 386
317 383
317 405
317 433
317 449
317 457
317 462
317 473
317 479
317 483
317 495
317 497
318 322
318 326
318 327
318 329
318 330
318 331
318 333
318 335
318 336
318 338
318 339
318 344
318 348
318 389
318 390
318 397
318 367
318 376
318 421
318 428
318 453
319 321
319 322
319 325
319 326
319 327
319 328
319 329
319 330
319 331
319 332
319 333
319 335
319 337
319 338
319 339
319 345
319 346
319 348
319 349
319 389
319 365
319 404
319 431
319 451
319 485
319 487
320 322
320 323
320 325
320 326
320 327
320 330
320 333
320 334
320 335
320 336
320 338
320 342
320 343
320 344
320 345
320 347
320 349
320 385
320 394
320 354
320 414
320 425
320 433
320 445
320 475
320 491
321 324
321 326
321 329
321 333
321 334
321 336
321 337
321 338
321 339
321 340
321 341
321 346
321 348
321 390
321 356
321 357
321 378
321 379
321 409
321 420
321 424
321 431
321 443
321 459
321 465
321 467
321 484
322 324
322 325
322 326
322 328
322 331
322 333
322 334
322 335
322 339
322 340
322 342
322 347
322 387
322 356
322 383
322 407
322 453
322 461
322 463
322 469
322 471
322 479
322 487
323 324
323 325
323 326
323 327
323 337
323 338
323 339
323 340
323 341
323 346
323 347
323 349
323 362
323 375
323 453
323 456
323 479
323 481
324 327
324 328
324 331
324 332
324 333
324 334
324 335
324 337
324 338
324 339
324 341
324 345
324 346
324 348
324 349
324 387
324 350
324 365
324 415
324 421
324 429
324 465
324 472
325 326
325 327
325 331
325 333
325 334
325 336
325 341
325 342
325 343
325 344
325 346
325 347
325 348
325 349
325 358
325 360
325 400
325 415
325 419
325 425
325 431
325 458
325 464
325 467
325 472
325 492
326 327
326 328
326 329
326 331
326 335
326 336
326 337
326 338
326 339
326 342
326 343
326 345
326 347
326 349
326 390
326 360
326 426
326 445
326 447
326 450
326 458
327 328
327 329
327 331
327 332
327 337
327 339
327 340
327 344
327 346
327 349
327 378
327 414
327 430
327 478
327 483
328 329
328 331
328 333
328 334
328 339
328 342
328 346
328 348
328 349
328 386
328 353
328 373
328 379
328 476
328 485
329 330
329 331
329 335
329 336
329 339
329 341
329 344
329 348
329 349
329 396
329 404
329 427
329 455
329 461
329 496
330 334
330 336
330 337
330 340
330 347
330 348
330 349
330 398
330 365
330 380
330 382
330 409
330 413
330 428
330 431
330 439
330 442
330 444
330 459
330 487
330 489
331 333
331 334
331 336
331 338
331 340
331 341
331 342
331 343
331 344
331 345
331 346
331 349
331 384
331 385
331 390
331 353
331 449
331 454
332 334
332 336
332 337
332 338
332 339
332 341
332 367
332 380
332 407
332 421
332 427
332 429
332 446
332 471
333 334
333 335
333 336
333 337
333 338
333 340
333 341
333 342
333 345
333 346
333 347
333 396
333 399
333 354
333 382
333 401
334 336
334 337
334 342
334 344
334 347
334 348
334 349
334 394
334 369
334 371
334 415
334 423
334 463
334 480
335 339
335 342
335 344
335 346
335 348
335 349
335 384
335 388
335 360
335 376
335 400
335 411
335 420
335 424
335 443
335 448
335 449
335 476
336 337
336 340
336 341
336 344
336 345
336 346
336 381
336 413
336 443
336 456
336 468
336 489
337 338
337 339
337 340
337 343
337 347
337 348
337 349
337 389
337 358
337 402
337 424
337 431
337 448
337 453
338 339
338 340
338 343
338 345
338 346
338 348
338 394
338 404
338 423
338 473
338 485
339 340
339 341
339 344
339 346
339 347
339 349
339 384
339 394
339 380
339 437
339 445
339 456
340 341
340 343
340 345
340 346
340 348
340 349
340 373
340 427
340 458
340 484
340 497
341 342
341 343
341 344
341 346
341 347
341 348
341 371
341 380
341 410
341 415
341 462
341 494
341 496
342 348
342 353
342 380
342 462
342 467
342 496
343 345
343 346
343 347
343 348
343 434
343 489
343 493
344 352
344 366
344 382
344 410
344 419
344 420
344 462
344 496
345 349
345 385
345 394
345 410
345 420
345 435
345 437
345 471
345 492
346 370
346 410
346 418
346 434
346 437
346 438
346 444
346 447
346 473
346 474
347 391
347 397
347 352
347 357
347 372
347 401
347 419
347 475
347 477
347 480
348 389
348 365
348 372
348 375
348 383
348 400
348 414
348 443
348 451
348 454
349 356
349 362
349 432
349 461
349 477
349 487
349 493
349 498
384 386
384 387
384 388
384 390
384 392
384 397
384 399
384 350
384 352
384 353
384 354
384 355
384 357
384 359
384 360
384 362
384 364
384 366
384 367
384 371
384 373
384 374
384 377
384 381
384 382
384 383
384 434
384 440
384 457
384 471
384 481
385 387
385 388
385 392
385 352
385 353
385 357
385 358
385 359
385 361
385 362
385 364
385 366
385 373
385 375
385 377
385 378
385 379
385 382
385 383
385 452
385 481
386 387
386 389
386 392
386 395
386 397
386 353
386 354
386 355
386 356
386 358
386 361
386 365
386 366
386 368
386 369
386 370
386 371
386 372
386 374
386 375
386 377
386 382
386 383
386 421
386 429
386 432
386 440
386 461
386 463
386 479
387 388
387 389
387 393
387 396
387 399
387 350
387 351
387 352
387 356
387 360
387 361
387 362
387 363
387 366
387 368
387 370
387 372
387 374
387 376
387 377
387 379
387 382
387 433
387 446
387 452
387 478
388 394
388 398
388 399
388 350
388 356
388 357
388 358
388 359
388 364
388 365
388 366
388 368
388 369
388 372
388 374
388 377
388 378
388 379
388 408
388 409
388 419
388 477
389 390
389 392
389 394
389 397
389 398
389 350
389 356
389 357
389 358
389 361
389 362
389 363
389 364
389 365
389 367
389 369
389 370
389 371
389 376
389 377
389 378
389 379
389 380
389 405
389 416
389 447
389 467
389 496
390 392
390 393
390 394
390 397
390 350
390 351
390 353
390 356
390 357
390 358
390 360
390 361
390 363
390 364
390 366
390 367
390 369
390 370
390 372
390 373
390 374
390 378
390 379
390 380
390 403
390 445
390 485
391 392
391 394
391 399
391 350
391 351
391 352
391 353
391 354
391 356
391 357
391 358
391 360
391 361
391 362
391 363
391 365
391 367
391 368
391 369
391 371
391 374
391 376
391 377
391 379
391 380
391 383
391 412
391 428
391 474
391 486
391 490
392 393
392 394
392 395
392 398
392 350
392 353
392 354
392 357
392 358
392 359
392 362
392 366
392 367
392 370
392 371
392 372
392 374
392 376
392 377
392 379
392 380
392 383
392 406
392 456
392 457
392 469
392 494
393 394
393 395
393 396
393 397
393 350
393 353
393 354
393 356
393 357
393 362
393 363
393 364
393 366
393 369
393 370
393 371
393 374
393 375
393 377
393 378
393 379
393 383
393 461
393 476
393 485
394 395
394 396
394 397
394 398
394 399
394 351
394 352
394 354
394 355
394 357
394 358
394 363
394 364
394 367
394 368
394 372
394 374
394 375
394 378
394 379
394 380
394 382
394 383
394 416
394 431
394 461
394 470
394 471
394 474
394 483
395 396
395 397
395 398
395 399
395 353
395 354
395 355
395 356
395 357
395 359
395 360
395 361
395 365
395 366
395 367
395 368
395 369
395 371
395 373
395 377
395 378
395 379
395 380
395 382
395 428
395 431
395 451
395 470
395 486
395 487
395 494
396 351
396 354
396 355
396 357
396 358
396 360
396 365
396 366
396 367
396 370
396 371
396 373
396 375
396 377
396 380
396 408
396 428
396 430
396 445
396 451
396 459
397 399
397 352
397 354
397 365
397 368
397 369
397 371
397 372
397 373
397 374
397 376
397 377
397 378
397 379
397 380
397 382
397 383
397 400
397 401
397 407
397 454
397 462
397 467
397 498
398 399
398 350
398 352
398 353
398 354
398 355
398 358
398 360
398 362
398 363
398 364
398 367
398 368
398 369
398 370
398 371
398 372
398 373
398 376
398 380
398 383
398 416
398 425
398 429
398 452
398 456
398 463
398 489
399 350
399 354
399 355
399 356
399 357
399 358
399 361
399 362
399 364
399 365
399 366
399 367
399 368
399 369
399 370
399 375
399 378
399 379
399 381
399 382
399 419
399 434
399 441
399 472
399 491
399 494
350 351
350 352
350 353
350 354
350 355
350 357
350 358
350 359
350 360
350 361
350 363
350 364
350 367
350 369
350 370
350 372
350 375
350 376
350 379
350 381
350 382
350 425
350 442
350 453
350 461
350 480
351 353
351 354
351 355
351 356
351 357
351 358
351 359
351 360
351 361
351 365
351 366
351 372
351 374
351 376
351 377
351 378
351 382
351 432
351 438
351 451
351 464
351 467
352 353
352 355
352 356
352 359
352 360
352 361
352 363
352 364
352 366
352 370
352 372
352 373
352 374
352 375
352 376
352 377
352 379
352 381
352 411
352 415
352 418
352 475
352 476
353 355
353 357
353 358
353 361
353 362
353 363
353 364
353 366
353 367
353 368
353 369
353 370
353 372
353 373
353 374
353 375
353 376
353 378
353 380
353 381
353 382
353 426
353 432
353 437
353 460
353 464
353 494
354 355
354 357
354 359
354 361
354 366
354 367
354 368
354 369
354 370
354 372
354 373
354 376
354 379
354 381
354 382
354 430
354 432
355 357
355 361
355 364
355 365
355 368
355 371
355 372
355 373
355 374
355 376
355 377
355 378
355 379
355 380
355 381
355 382
355 383
355 428
355 431
355 492
356 358
356 360
356 362
356 367
356 368
356 369
356 370
356 371
356 372
356 373
356 375
356 378
356 381
356 382
356 440
356 451
356 481
356 499
357 358
357 359
357 360
357 362
357 363
357 367
357 368
357 369
357 371
357 372
357 374
357 375
357 376
357 379
357 380
357 381
357 383
357 401
357 422
357 426
357 445
357 466
358 362
358 363
358 364
358 366
358 367
358 368
358 369
358 370
358 372
358 373
358 374
358 375
358 376
358 380
358 381
358 383
358 419
358 422
358 426
358 443
358 445
358 453
359 360
359 364
359 368
359 370
359 371
359 375
359 376
359 377
359 378
359 379
359 380
359 422
359 425
359 435
359 449
359 452
359 474
360 361
360 362
360 364
360 366
360 369
360 372
360 373
360 375
360 376
360 377
360 378
360 380
360 382
360 383
360 402
360 430
360 449
360 459
360 461
360 473
360 494
361 362
361 364
361 365
361 367
361 369
361 370
361 371
361 372
361 374
361 375
361 376
361 378
361 379
361 381
361 382
361 414
361 428
361 448
361 452
361 453
361 464
361 485
361 492
361 496
362 366
362 367
362 370
362 371
362 374
362 376
362 377
362 381
362 383
362 405
362 409
362 471
363 369
363 370
363 371
363 372
363 373
363 375
363 379
363 380
363 382
363 383
363 470
364 365
364 366
364 372
364 375
364 380
365 368
365 372
365 374
365 375
365 376
365 377
365 379
365 380
365 381
365 431
365 448
365 449
365 456
365 493
366 367
366 368
366 369
366 371
366 373
366 376
366 381
366 383
366 426
367 369
367 371
367 372
367 374
367 375
367 378
367 379
367 380
367 402
367 480
367 498
368 373
368 374
368 375
368 377
368 446
369 370
369 371
369 372
369 373
369 376
369 378
369 381
369 382
369 383
369 400
369 479
369 481
369 482
369 492
370 375
370 376
370 377
370 380
370 381
370 383
370 434
370 441
370 455
370 460
370 475
371 373
371 379
371 380
371 381
371 410
371 426
371 463
371 470
372 373
372 374
372 375
372 378
372 379
372 380
372 403
372 404
372 452
372 461
372 474
372 488
373 378
373 380
373 381
373 382
373 422
373 430
373 437
374 375
374 376
374 379
374 380
374 381
374 383
374 414
374 444
374 480
375 376
375 378
375 379
375 380
375 381
375 412
375 414
375 433
375 442
375 468
376 379
376 383
376 408
376 435
376 439
376 467
376 474
376 479
376 489
377 378
377 381
377 408
377 419
377 426
377 432
377 437
377 460
377 465
377 476
377 499
378 379
378 381
378 382
378 383
378 419
378 430
378 433
378 495
378 499
379 383
379 477
379 479
379 482
379 499
380 383
380 423
380 456
381 409
381 411
381 417
381 419
381 433
381 468
382 404
382 416
382 422
382 427
382 429
382 436
382 443
382 468
382 478
382 491
383 428
383 464
383 469
383 474
383 499
400 403
400 405
400 406
400 407
400 409
400 410
400 411
400 412
400 414
400 415
400 417
400 419
400 421
400 424
400 426
400 427
400 428
400 433
400 434
400 437
400 439
400 444
400 445
400 447
400 448
400 449
400 474
400 476
401 402
401 405
401 406
401 408
401 412
401 413
401 414
401 418
401 422
401 423
401 425
401 427
401 428
401 429
401 430
401 431
401 432
401 434
401 436
401 439
401 440
401 441
401 444
401 446
401 447
401 448
401 472
401 491
402 404
402 407
402 408
402 412
402 415
402 417
402 418
402 420
402 422
402 423
402 424
402 427
402 428
402 429
402 434
402 435
402 436
402 442
402 443
402 444
402 445
402 446
402 448
402 482
402 498
403 406
403 410
403 411
403 412
403 413
403 414
403 417
403 418
403 420
403 423
403 424
403 425
403 428
403 429
403 430
403 431
403 432
403 433
403 434
403 436
403 437
403 439
403 441
403 443
403 444
403 446
403 448
403 451
403 482
403 487
404 410
404 411
404 413
404 414
404 418
404 420
404 421
404 422
404 424
404 429
404 431
404 433
404 436
404 438
404 439
404 441
404 442
404 444
404 445
404 456
404 490
405 406
405 407
405 409
405 410
405 412
405 413
405 414
405 419
405 421
405 424
405 426
405 430
405 433
405 436
405 438
405 440
405 443
405 446
405 447
405 449
405 474
405 482
406 408
406 409
406 411
406 422
406 424
406 425
406 428
406 429
406 433
406 436
406 437
406 439
406 441
406 447
406 448
406 449
406 471
406 499
407 408
407 409
407 411
407 414
407 416
407 418
407 420
407 422
407 423
407 424
407 426
407 427
407 428
407 429
407 432
407 436
407 439
407 441
407 443
407 445
407 446
407 450
407 488
408 410
408 411
408 413
408 416
408 418
408 419
408 420
408 423
408 425
408 428
408 431
408 432
408 436
408 438
408 439
408 440
408 441
408 443
408 444
408 446
408 449
408 455
408 461
408 487
408 494
409 412
409 414
409 417
409 418
409 419
409 420
409 421
409 424
409 426
409 427
409 428
409 436
409 437
409 438
409 439
409 443
409 444
409 446
409 448
409 449
409 469
409 478
409 495
410 411
410 413
410 414
410 416
410 417
410 418
410 419
410 425
410 427
410 429
410 434
410 440
410 441
410 442
410 443
410 445
410 447
410 485
410 487
410 490
410 496
411 412
411 414
411 416
411 418
411 420
411 421
411 422
411 424
411 425
411 426
411 427
411 429
411 430
411 435
411 436
411 440
411 442
411 446
411 448
411 461
411 470
411 477
412 414
412 415
412 416
412 417
412 418
412 419
412 422
412 424
412 427
412 428
412 431
412 432
412 433
412 434
412 435
412 436
412 437
412 441
412 442
412 444
412 446
412 449
413 419
413 420
413 421
413 422
413 423
413 427
413 428
413 432
413 433
413 438
413 440
413 441
413 443
413 444
413 447
413 449
413 467
413 477
413 484
413 494
413 497
414 418
414 419
414 421
414 422
414 423
414 424
414 425
414 427
414 431
414 432
414 433
414 435
414 438
414 439
414 442
414 443
414 445
414 449
414 452
414 458
414 472
415 418
415 423
415 426
415 429
415 430
415 433
415 434
415 435
415 439
415 441
415 444
415 446
415 448
415 453
415 471
415 475
416 418
416 425
416 429
416 431
416 432
416 434
416 436
416 437
416 441
416 442
416 444
416 445
416 449
416 488
417 419
417 421
417 425
417 427
417 429
417 430
417 431
417 433
417 435
417 437
417 438
417 440
417 442
417 446
417 447
417 454
417 470
417 480
417 493
418 421
418 423
418 426
418 428
418 429
418 430
418 431
418 434
418 436
418 438
418 440
418 443
418 444
418 446
418 447
418 449
418 460
418 467
419 420
419 421
419 423
419 424
419 428
419 429
419 432
419 433
419 435
419 436
419 437
419 438
419 439
419 442
419 443
419 446
419 448
419 458
419 460
419 470
419 488
420 421
420 422
420 424
420 425
420 429
420 432
420 436
420 438
420 440
420 442
420 445
420 448
420 449
420 458
420 464
420 472
420 486
421 423
421 424
421 426
421 428
421 431
421 434
421 435
421 436
421 440
421 443
421 444
421 445
421 446
421 447
421 448
421 465
421 485
422 424
422 425
422 426
422 430
422 431
422 432
422 433
422 434
422 437
422 439
422 440
422 441
422 444
422 445
422 447
422 474
422 486
422 487
423 425
423 426
423 429
423 431
423 433
423 434
423 435
423 436
423 437
423 438
423 441
423 443
423 444
423 445
423 466
423 490
423 494
424 425
424 426
424 428
424 429
424 431
424 433
424 435
424 436
424 440
424 443
424 444
424 445
424 446
424 447
424 448
424 449
424 485
425 426
425 427
425 428
425 430
425 431
425 434
425 435
425 436
425 437
425 438
425 440
425 441
425 442
425 443
425 444
425 445
425 447
425 449
425 459
425 475
425 480
425 493
425 494
426 428
426 429
426 431
426 433
426 435
426 436
426 441
426 444
426 445
426 447
426 448
426 449
426 454
426 490
426 493
426 496
427 432
427 434
427 435
427 437
427 439
427 440
427 441
427 442
427 444
427 445
427 447
427 448
427 473
427 475
427 492
427 496
428 430
428 431
428 437
428 442
428 443
428 447
428 464
428 472
428 489
429 435
429 436
429 439
429 440
429 441
429 442
429 444
429 445
429 453
429 456
429 492
430 431
430 432
430 433
430 434
430 435
430 437
430 438
430 439
430 440
430 445
430 446
430 450
430 461
430 472
431 432
431 435
431 436
431 437
431 438
431 440
431 441
431 442
431 446
431 447
431 449
431 452
431 453
431 481
431 492
432 433
432 437
432 438
432 444
432 445
432 446
432 448
432 449
433 434
433 438
433 439
433 440
433 442
433 448
433 449
433 459
433 468
433 469
433 473
433 482
434 438
434 440
434 441
434 444
434 446
434 450
434 451
434 497
435 438
435 439
435 440
435 442
435 443
435 444
435 445
435 446
435 447
435 468
435 475
435 483
435 493
436 440
436 441
436 442
436 444
436 445
436 446
436 447
436 449
436 466
436 470
436 492
437 440
437 442
437 445
437 447
437 470
437 472
437 494
438 440
438 441
438 445
438 446
438 447
438 485
439 440
439 441
439 442
439 445
439 446
439 447
439 448
439 454
439 491
440 443
440 444
440 446
440 448
440 462
440 467
441 442
441 444
441 445
441 446
441 449
441 458
441 464
441 493
441 494
442 443
442 445
442 446
442 448
442 453
442 497
443 444
443 445
443 446
443 448
443 460
443 475
443 494
444 445
444 447
444 448
444 463
444 473
444 476
444 477
444 494
445 446
445 452
445 455
445 475
446 449
446 458
446 470
446 475
446 485
447 449
448 449
448 463
448 478
448 486
449 454
449 490
450 453
450 454
450 455
450 456
450 457
450 458
450 461
450 462
450 464
450 468
450 469
450 470
450 472
450 473
450 474
450 475
450 476
450 486
450 487
450 489
450 492
450 493
450 495
450 496
450 499
451 456
451 462
451 463
451 464
451 466
451 468
451 469
451 473
451 474
451 475
451 476
451 478
451 479
451 480
451 481
451 483
451 484
451 486
451 489
451 494
452 455
452 456
452 459
452 461
452 463
452 464
452 466
452 467
452 468
452 469
452 470
452 471
452 474
452 475
452 476
452 477
452 478
452 479
452 481
452 482
452 484
452 486
452 488
452 490
452 491
452 492
452 493
452 495
452 496
452 497
452 499
453 455
453 459
453 460
453 461
453 463
453 464
453 465
453 466
453 474
453 478
453 479
453 481
453 483
453 487
453 489
453 495
453 496
453 498
453 499
454 455
454 458
454 460
454 463
454 465
454 467
454 469
454 470
454 472
454 473
454 475
454 476
454 477
454 478
454 479
454 482
454 485
454 486
454 489
454 491
454 493
454 496
454 498
454 499
455 456
455 460
455 462
455 463
455 467
455 471
455 472
455 474
455 478
455 479
455 481
455 482
455 483
455 484
455 485
455 486
455 487
455 490
455 492
455 494
455 495
455 498
455 499
456 457
456 459
456 462
456 463
456 466
456 468
456 469
456 471
456 472
456 475
456 479
456 480
456 483
456 485
456 486
456 488
456 489
456 491
456 495
456 496
456 499
457 459
457 460
457 463
457 466
457 468
457 472
457 473
457 474
457 476
457 479
457 480
457 481
457 482
457 483
457 486
457 488
457 490
457 492
457 494
457 495
457 498
457 499
458 461
458 462
458 466
458 468
458 471
458 473
458 474
458 475
458 477
458 479
458 480
458 488
458 489
458 490
458 496
458 497
458 499
459 461
459 466
459 468
459 469
459 470
459 472
459 473
459 474
459 477
459 478
459 480
459 482
459 484
459 486
459 488
459 489
459 490
459 491
459 492
459 493
459 495
459 497
459 498
460 461
460 464
460 465
460 468
460 469
460 475
460 476
460 479
460 481
460 482
460 483
460 489
460 492
460 494
460 496
460 497
460 498
460 499
461 463
461 466
461 467
461 468
461 472
461 473
461 474
461 475
461 476
461 478
461 482
461 483
461 484
461 487
461 489
461 490
461 493
461 494
461 495
461 497
461 498
461 499
462 463
462 464
462 465
462 468
462 469
462 472
462 473
462 475
462 476
462 480
462 481
462 482
462 484
462 486
462 487
462 488
462 489
462 491
462 495
462 496
462 498
463 466
463 467
463 469
463 471
463 473
463 478
463 479
463 480
463 482
463 483
463 484
463 486
463 490
463 494
463 495
463 496
464 466
464 469
464 472
464 473
464 474
464 477
464 478
464 479
464 483
464 484
464 486
464 487
464 488
464 489
464 490
464 491
464 492
464 493
464 496
464 499
465 467
465 472
465 473
465 475
465 476
465 477
465 480
465 481
465 484
465 485
465 487
465 488
465 489
465 490
465 491
465 497
465 498
465 499
466 468
466 474
466 476
466 478
466 479
466 481
466 482
466 486
466 490
466 491
466 494
466 496
466 498
467 468
467 469
467 470
467 473
467 474
467 479
467 480
467 481
467 483
467 484
467 485
467 486
467 489
467 492
467 494
467 496
467 497
468 469
468 470
468 471
468 475
468 477
468 479
468 480
468 481
468 482
468 484
468 485
468 488
468 489
468 492
468 493
468 496
468 499
469 470
469 472
469 474
469 475
469 476
469 479
469 483
469 484
469 486
469 488
469 489
469 490
469 494
469 495
469 496
469 497
469 498
469 499
470 472
470 474
470 475
470 476
470 479
470 480
470 487
470 488
470 491
470 492
470 496
470 497
470 498
470 499
471 472
471 473
471 475
471 476
471 477
471 479
471 481
471 482
471 484
471 485
471 488
471 489
471 490
471 491
471 492
471 493
471 496
471 498
472 473
472 475
472 476
472 477
472 478
472 479
472 480
472 481
472 484
472 486
472 487
472 488
472 490
472 491
472 492
472 493
472 494
472 495
472 496
472 498
472 499
473 475
473 476
473 477
473 478
473 481
473 482
473 484
473 485
473 487
473 490
473 491
473 492
473 494
473 498
473 499
474 475
474 477
474 480
474 483
474 485
474 486
474 487
474 488
474 490
474 492
474 493
474 494
474 497
474 499
475 481
475 483
475 484
475 485
475 488
475 489
475 491
475 495
475 496
475 497
475 498
475 499
476 477
476 480
476 481
476 483
476 484
476 486
476 491
476 492
476 494
476 498
476 499
477 480
477 483
477 485
477 487
477 488
477 489
477 490
477 492
477 493
477 494
477 495
477 496
477 497
477 498
477 499
478 480
478 482
478 485
478 487
478 488
478 489
478 490
478 492
478 493
478 494
478 496
478 497
478 499
479 480
479 482
479 483
479 485
479 486
479 487
479 488
479 490
479 493
479 496
479 497
479 499
480 482
480 484
480 487
480 488
480 489
480 490
480 491
480 492
480 493
480 495
480 498
481 484
481 488
481 492
481 499
482 483
482 485
482 487
482 488
482 489
482 493
482 494
482 495
482 499
483 484
483 487
483 490
483 491
483 496
483 497
483 498
484 487
484 490
484 491
484 499
485 486
485 488
485 490
485 492
485 493
485 494
485 497
486 487
486 490
486 493
486 494
486 495
486 496
486 498
487 490
487 491
487 492
487 493
487 494
487 495
487 496
488 489
488 490
488 493
488 496
488 498
488 499
489 490
489 491
489 492
489 494
489 496
489 497
489 498
490 491
490 493
490 494
490 496
490 497
490 498
491 492
491 493
491 494
491 495
491 496
491 499
492 497
492 499
493 495
494 496
494 497
495 496
495 497
495 498
495 499
496 499
497 498
497 499
