0 2
0 5
0 7
0 8
0 9
0 11
0 12
0 15
0 16
0 18
0 19
0 20
0 21
0 22
0 26
0 27
0 28
0 31
0 32
0 33
0 34
0 35
0 36
0 37
0 39
0 40
0 42
0 43
0 48
0 49
0 83
0 123
0 189
0 253
1 2
1 5
1 10
1 14
1 16
1 17
1 18
1 19
1 21
1 23
1 30
1 31
1 32
1 33
1 36
1 37
1 38
1 40
1 41
1 43
1 44
1 45
1 46
1 49
1 112
1 214
1 402
2 3
2 4
2 5
2 7
2 11
2 13
2 15
2 19
2 21
2 23
2 26
2 27
2 28
2 29
2 33
2 35
2 37
2 38
2 39
2 40
2 42
2 44
2 48
2 49
2 182
3 4
3 6
3 7
3 9
3 10
3 11
3 12
3 13
3 14
3 17
3 18
3 19
3 23
3 24
3 26
3 27
3 28
3 29
3 30
3 33
3 35
3 37
3 38
3 39
3 41
3 42
3 43
3 47
3 48
3 49
3 359
3 413
4 5
4 7
4 8
4 9
4 11
4 13
4 14
4 18
4 19
4 21
4 24
4 25
4 27
4 28
4 33
4 35
4 43
4 44
4 47
4 48
4 49
4 125
4 194
4 287
5 6
5 8
5 10
5 14
5 15
5 17
5 19
5 21
5 24
5 25
5 27
5 32
5 33
5 34
5 35
5 37
5 39
5 42
5 46
5 48
5 49
5 392
6 7
6 9
6 11
6 12
6 13
6 14
6 17
6 20
6 21
6 22
6 27
6 32
6 34
6 38
6 39
6 40
6 42
6 43
6 47
6 48
6 265
6 474
7 8
7 11
7 13
7 15
7 16
7 17
7 20
7 21
7 22
7 23
7 26
7 27
7 28
7 30
7 31
7 33
7 34
7 35
7 41
7 43
7 44
7 47
7 48
7 49
7 83
7 206
7 382
8 9
8 10
8 11
8 12
8 13
8 15
8 17
8 19
8 21
8 24
8 26
8 27
8 31
8 35
8 36
8 38
8 44
8 45
8 46
8 47
8 48
8 362
9 12
9 13
9 14
9 16
9 24
9 26
9 27
9 29
9 30
9 31
9 32
9 33
9 35
9 36
9 40
9 41
9 42
9 43
9 45
9 46
9 48
9 49
9 70
9 160
9 191
9 313
9 318
9 402
9 410
9 475
10 12
10 13
10 17
10 20
10 21
10 22
10 23
10 26
10 29
10 32
10 33
10 35
10 36
10 37
10 45
11 12
11 13
11 17
11 19
11 24
11 25
11 26
11 27
11 28
11 30
11 31
11 32
11 34
11 39
11 40
11 41
11 43
11 47
12 16
12 18
12 21
12 22
12 24
12 25
12 26
12 27
12 28
12 30
12 31
12 33
12 36
12 37
12 40
12 41
12 42
12 44
12 48
12 49
12 199
13 14
13 17
13 19
13 21
13 25
13 26
13 27
13 30
13 31
13 32
13 33
13 34
13 35
13 37
13 38
13 40
13 41
13 42
13 43
13 44
13 45
13 47
14 15
14 17
14 18
14 19
14 20
14 21
14 23
14 28
14 29
14 30
14 36
14 38
14 40
14 41
14 42
14 44
14 46
14 48
14 49
14 239
14 362
14 426
15 17
15 18
15 19
15 21
15 23
15 26
15 29
15 35
15 36
15 39
15 40
15 41
15 44
15 46
15 48
15 49
15 193
15 256
16 19
16 22
16 23
16 24
16 25
16 26
16 29
16 30
16 31
16 32
16 33
16 34
16 36
16 38
16 40
16 42
16 43
16 46
16 47
16 49
16 310
16 360
16 432
16 470
17 20
17 21
17 22
17 23
17 25
17 28
17 29
17 34
17 38
17 40
17 46
17 47
17 48
17 49
17 337
17 354
18 19
18 20
18 23
18 25
18 26
18 27
18 31
18 35
18 37
18 38
18 41
18 42
18 43
18 44
18 45
18 66
18 88
18 154
18 480
19 21
19 22
19 24
19 26
19 31
19 32
19 34
19 37
19 38
19 40
19 44
19 45
19 46
19 49
19 136
19 223
19 314
20 24
20 25
20 29
20 31
20 32
20 34
20 37
20 40
20 41
20 42
20 43
20 44
20 48
20 210
20 329
21 22
21 23
21 24
21 27
21 28
21 29
21 38
21 41
21 45
21 46
21 48
21 49
21 386
21 481
21 492
22 25
22 27
22 28
22 29
22 30
22 31
22 32
22 33
22 36
22 38
22 40
22 42
22 44
22 45
22 47
22 48
22 49
22 231
23 24
23 25
23 26
23 28
23 31
23 35
23 38
23 44
23 47
24 27
24 30
24 32
24 35
24 37
24 39
24 42
24 44
24 46
24 48
24 74
25 28
25 30
25 32
25 34
25 35
25 38
25 39
25 41
25 42
25 43
25 46
25 49
26 27
26 29
26 31
26 33
26 34
26 35
26 36
26 40
26 41
26 42
26 44
26 45
26 46
26 194
26 233
26 455
26 462
26 485
27 32
27 33
27 35
27 39
27 41
27 42
27 48
28 30
28 31
28 33
28 34
28 35
28 36
28 40
28 41
28 42
28 44
28 45
28 46
28 48
28 49
28 76
28 144
28 178
29 32
29 36
29 37
29 39
29 40
29 41
29 42
29 43
29 44
29 46
29 47
29 48
29 49
29 292
29 451
29 459
30 31
30 32
30 33
30 36
30 37
30 39
30 40
30 46
30 48
30 49
30 166
30 267
30 330
31 33
31 34
31 35
31 37
31 39
31 41
31 42
31 43
31 44
31 45
31 48
31 191
31 208
32 33
32 35
32 36
32 37
32 38
32 39
32 40
32 41
32 42
32 43
32 46
32 48
32 49
32 173
32 259
33 34
33 35
33 37
33 38
33 39
33 40
33 41
33 44
33 45
33 47
33 405
33 452
34 37
34 38
34 40
34 42
34 44
34 45
34 46
34 47
34 48
34 49
34 74
34 79
34 250
35 36
35 37
35 38
35 45
35 303
36 40
36 41
36 43
36 44
36 49
36 113
36 228
36 325
36 469
37 40
37 41
37 43
37 44
37 46
37 49
37 96
38 39
38 41
38 42
38 43
38 44
38 48
38 49
38 474
38 476
39 40
39 41
39 42
39 43
39 44
39 46
39 47
39 49
39 132
39 360
40 45
40 46
40 47
40 48
40 200
40 262
40 326
40 427
41 45
41 46
41 120
41 212
41 292
41 320
42 44
43 44
43 45
43 46
43 49
43 256
43 265
44 45
44 46
44 48
44 49
44 242
45 46
45 47
45 179
45 190
45 296
45 373
45 490
46 249
46 374
47 89
47 137
47 259
48 162
48 417
49 122
50 51
50 55
50 57
50 58
50 60
50 64
50 65
50 68
50 70
50 72
50 74
50 75
50 77
50 81
50 84
50 85
50 87
50 92
50 95
50 154
51 52
51 53
51 54
51 61
51 67
51 69
51 70
51 71
51 76
51 78
51 79
51 80
51 81
51 82
51 83
51 85
51 86
51 87
51 92
51 93
51 95
51 96
51 97
51 98
52 54
52 55
52 57
52 58
52 60
52 62
52 65
52 74
52 75
52 77
52 78
52 79
52 89
52 93
52 94
52 95
52 96
52 98
52 99
52 194
52 290
52 466
53 54
53 56
53 60
53 61
53 62
53 63
53 65
53 66
53 68
53 70
53 71
53 73
53 74
53 76
53 77
53 79
53 82
53 83
53 86
53 88
53 89
53 92
53 94
53 95
53 98
53 352
54 55
54 56
54 57
54 59
54 61
54 62
54 63
54 64
54 66
54 67
54 72
54 73
54 76
54 77
54 78
54 80
54 81
54 82
54 83
54 85
54 87
54 89
54 91
54 93
54 95
54 96
54 99
55 57
55 61
55 62
55 64
55 67
55 68
55 71
55 76
55 77
55 78
55 79
55 84
55 85
55 86
55 87
55 88
55 89
55 90
55 91
55 95
55 97
55 98
55 99
55 339
55 472
55 480
56 57
56 58
56 60
56 61
56 62
56 64
56 65
56 67
56 68
56 70
56 72
56 75
56 76
56 79
56 81
56 83
56 85
56 87
56 93
56 95
56 96
56 119
56 199
56 378
56 462
57 59
57 62
57 63
57 68
57 69
57 71
57 76
57 77
57 79
57 80
57 81
57 84
57 85
57 92
57 96
57 98
57 99
57 114
57 184
57 286
57 346
58 59
58 61
58 62
58 63
58 67
58 71
58 74
58 75
58 76
58 77
58 80
58 81
58 82
58 84
58 85
58 89
58 91
58 92
58 93
58 95
58 96
58 99
58 445
59 60
59 63
59 66
59 67
59 68
59 69
59 72
59 74
59 75
59 76
59 78
59 79
59 81
59 82
59 83
59 84
59 88
59 90
59 94
59 95
59 97
59 98
59 99
59 275
59 318
60 63
60 64
60 65
60 67
60 68
60 69
60 70
60 71
60 74
60 76
60 77
60 80
60 83
60 85
60 86
60 89
60 90
60 91
60 92
60 95
60 96
60 97
60 98
60 151
60 201
61 65
61 66
61 67
61 69
61 70
61 72
61 74
61 75
61 80
61 85
61 89
61 90
61 93
61 97
61 98
61 99
61 181
61 443
62 63
62 65
62 66
62 68
62 69
62 76
62 77
62 78
62 80
62 81
62 83
62 88
62 89
62 90
62 91
62 93
62 98
62 240
63 65
63 68
63 69
63 71
63 77
63 80
63 81
63 84
63 86
63 87
63 89
63 93
63 95
63 97
63 98
63 99
63 483
64 65
64 66
64 67
64 69
64 70
64 76
64 77
64 84
64 85
64 88
64 89
64 92
64 93
64 94
64 99
65 66
65 67
65 68
65 70
65 71
65 74
65 76
65 77
65 80
65 81
65 82
65 85
65 86
65 87
65 88
65 91
65 93
65 99
65 170
65 488
66 68
66 71
66 73
66 74
66 77
66 79
66 80
66 81
66 82
66 84
66 85
66 93
66 94
66 96
66 98
67 68
67 70
67 71
67 72
67 74
67 75
67 76
67 77
67 78
67 84
67 85
67 87
67 88
67 90
67 91
67 95
67 96
67 98
67 99
67 339
67 402
68 69
68 70
68 71
68 72
68 74
68 76
68 77
68 78
68 79
68 80
68 81
68 82
68 84
68 85
68 86
68 89
68 90
68 92
68 98
68 114
68 441
69 71
69 74
69 75
69 77
69 79
69 80
69 85
69 86
69 87
69 88
69 90
69 92
69 95
69 99
69 434
69 471
69 484
70 72
70 76
70 77
70 78
70 82
70 83
70 85
70 87
70 89
70 91
70 92
70 94
70 95
70 97
70 98
71 72
71 73
71 75
71 79
71 83
71 86
71 87
71 88
71 90
71 92
71 94
71 95
71 96
71 98
71 99
71 199
71 202
71 227
71 275
71 483
72 73
72 78
72 79
72 80
72 81
72 82
72 84
72 89
72 91
72 92
72 93
72 95
72 96
72 99
72 181
72 250
72 380
73 74
73 77
73 78
73 79
73 80
73 82
73 83
73 84
73 85
73 86
73 89
73 90
73 91
73 92
73 93
73 94
73 96
73 97
73 231
74 80
74 81
74 83
74 85
74 86
74 88
74 91
74 94
74 97
74 99
74 426
75 77
75 80
75 82
75 83
75 93
75 94
75 95
75 96
75 97
75 98
75 99
75 126
75 331
75 404
76 78
76 79
76 80
76 83
76 84
76 89
76 90
76 91
76 93
76 96
76 97
76 98
76 99
76 144
76 258
76 313
76 450
77 82
77 83
77 84
77 86
77 95
77 96
77 97
77 187
77 240
78 79
78 81
78 82
78 84
78 86
78 89
78 91
78 92
78 94
78 96
78 97
78 354
78 421
78 439
79 81
79 82
79 83
79 84
79 85
79 88
79 89
79 91
79 92
79 93
79 96
79 99
79 123
79 354
80 82
80 85
80 86
80 89
80 92
80 93
80 94
80 95
80 96
80 99
80 196
80 420
80 484
81 82
81 83
81 84
81 85
81 89
81 90
81 91
81 92
81 93
81 96
81 99
81 328
82 83
82 90
82 91
82 94
82 96
82 97
82 98
82 131
82 138
82 412
82 476
82 489
83 84
83 85
83 86
83 87
83 89
83 90
83 91
83 92
83 93
83 97
83 98
83 99
83 405
83 494
84 85
84 86
84 87
84 88
84 91
84 92
84 93
84 98
85 87
85 88
85 89
85 90
85 91
85 92
85 93
85 94
85 95
85 97
85 99
85 179
85 281
86 87
86 90
86 91
86 92
86 93
86 94
86 274
86 355
87 89
87 90
87 91
87 92
87 93
87 94
87 95
87 99
87 268
87 303
88 89
88 90
88 92
88 94
88 95
88 99
88 205
88 395
88 433
89 90
89 91
89 94
89 96
89 98
89 231
89 371
89 433
90 92
90 93
90 95
90 200
90 416
90 433
90 447
90 498
91 93
91 96
91 97
91 99
91 292
91 431
92 94
92 96
92 99
92 192
92 480
93 94
93 97
93 119
93 458
94 95
94 97
94 257
94 324
95 98
95 289
95 385
96 97
96 98
96 99
96 384
97 98
97 99
98 185
98 313
99 492
128 130
128 132
128 134
128 136
128 138
128 140
128 141
128 142
128 144
128 146
128 147
128 148
128 101
128 102
128 104
128 105
128 110
128 111
128 112
128 113
128 114
128 117
128 119
128 121
128 123
128 125
128 127
129 130
129 131
129 132
129 140
129 141
129 143
129 144
129 145
129 146
129 148
129 100
129 102
129 104
129 107
129 108
129 110
129 111
129 113
129 119
129 120
129 121
129 124
129 344
130 131
130 133
130 135
130 138
130 139
130 140
130 141
130 142
130 146
130 147
130 148
130 149
130 100
130 102
130 103
130 107
130 108
130 111
130 113
130 115
130 117
130 118
130 120
130 123
130 124
130 125
131 133
131 134
131 138
131 139
131 140
131 141
131 144
131 145
131 146
131 148
131 149
131 101
131 105
131 106
131 109
131 110
131 111
131 112
131 115
131 117
131 118
131 121
131 122
131 123
131 124
131 125
132 135
132 136
132 137
132 139
132 141
132 100
132 103
132 105
132 106
132 108
132 114
132 115
132 121
132 122
132 126
132 127
132 202
132 486
133 134
133 135
133 140
133 141
133 146
133 147
133 100
133 101
133 104
133 105
133 108
133 109
133 110
133 114
133 115
133 116
133 123
133 127
133 243
134 135
134 136
134 137
134 138
134 140
134 142
134 143
134 144
134 145
134 146
134 148
134 103
134 104
134 105
134 106
134 109
134 110
134 111
134 115
134 117
134 118
134 120
134 123
134 127
134 373
134 472
135 137
135 138
135 139
135 140
135 141
135 143
135 144
135 147
135 148
135 149
135 102
135 105
135 106
135 107
135 113
135 114
135 115
135 118
135 119
135 120
135 121
135 123
135 125
135 126
135 127
136 139
136 141
136 142
136 143
136 144
136 146
136 148
136 101
136 102
136 105
136 106
136 110
136 112
136 113
136 114
136 118
136 119
136 120
136 121
136 122
136 123
136 125
136 278
137 140
137 144
137 145
137 147
137 148
137 149
137 100
137 104
137 105
137 106
137 108
137 112
137 113
137 115
137 118
137 120
137 122
137 123
137 124
137 315
138 139
138 140
138 145
138 146
138 100
138 103
138 104
138 105
138 108
138 113
138 115
138 118
138 119
138 120
138 122
138 124
138 126
138 157
138 347
138 468
139 140
139 143
139 149
139 100
139 104
139 105
139 106
139 107
139 108
139 110
139 111
139 113
139 115
139 116
139 119
139 120
139 121
139 122
139 123
139 124
139 125
139 127
140 142
140 143
140 144
140 145
140 147
140 149
140 100
140 101
140 102
140 106
140 107
140 109
140 111
140 114
140 116
140 117
140 119
140 120
140 121
140 124
140 126
140 127
140 481
141 142
141 143
141 146
141 147
141 149
141 100
141 101
141 102
141 103
141 108
141 109
141 111
141 112
141 113
141 114
141 116
141 117
141 118
141 120
141 121
141 122
141 123
141 125
141 126
141 127
141 412
142 143
142 144
142 146
142 147
142 100
142 101
142 106
142 107
142 108
142 111
142 113
142 114
142 122
142 124
142 126
142 194
143 147
143 149
143 101
143 102
143 105
143 115
143 116
143 117
143 120
143 121
143 123
143 125
143 199
143 214
143 240
143 312
143 424
144 145
144 146
144 147
144 102
144 103
144 105
144 106
144 108
144 111
144 116
144 119
144 124
144 125
144 127
144 162
145 146
145 147
145 149
145 101
145 103
145 104
145 105
145 106
145 107
145 108
145 111
145 114
145 115
145 116
145 117
145 118
145 119
145 120
145 123
145 124
145 126
145 127
145 451
146 149
146 100
146 101
146 102
146 103
146 104
146 105
146 107
146 108
146 110
146 111
146 112
146 114
146 115
146 117
146 119
146 122
146 123
146 125
146 127
146 239
146 405
147 149
147 100
147 101
147 103
147 106
147 110
147 111
147 112
147 114
147 116
147 119
147 122
147 123
147 124
147 126
147 226
147 245
148 100
148 103
148 105
148 107
148 109
148 111
148 116
148 117
148 118
148 120
148 121
148 122
148 124
148 126
148 245
149 100
149 102
149 105
149 106
149 108
149 109
149 111
149 113
149 114
149 115
149 117
149 118
149 120
149 121
149 126
149 127
149 223
149 388
149 471
100 102
100 105
100 109
100 111
100 112
100 113
100 114
100 115
100 121
100 125
100 126
100 127
100 193
100 246
101 102
101 103
101 104
101 105
101 106
101 107
101 108
101 110
101 111
101 117
101 118
101 121
101 122
101 123
101 124
101 125
101 127
101 297
101 497
102 104
102 105
102 108
102 109
102 110
102 111
102 121
102 123
102 124
102 127
102 410
103 104
103 105
103 107
103 111
103 117
103 118
103 119
103 120
103 121
103 123
103 124
103 125
103 127
103 157
103 446
104 105
104 106
104 107
104 108
104 110
104 114
104 117
104 120
104 125
104 127
104 297
104 350
104 369
105 106
105 107
105 112
105 115
105 117
105 120
105 123
105 125
105 426
106 107
106 108
106 110
106 112
106 120
106 122
106 123
106 127
106 176
106 191
107 108
107 114
107 117
107 120
107 121
107 123
107 127
108 109
108 111
108 113
108 114
108 115
108 116
108 120
108 121
108 122
108 124
108 126
108 127
108 286
108 434
108 487
109 111
109 112
109 116
109 117
109 118
109 120
109 123
109 125
109 127
110 111
110 112
110 114
110 115
110 116
110 117
110 118
110 124
110 125
110 127
110 319
110 320
110 453
111 119
111 120
111 122
111 123
111 125
111 126
111 127
111 476
112 113
112 117
112 118
112 121
112 122
112 123
112 125
112 127
112 281
112 394
112 351
112 373
112 430
112 439
113 114
113 116
113 119
113 121
113 127
113 185
113 254
113 312
114 115
114 116
114 117
114 118
114 119
114 122
114 123
114 124
114 125
114 127
115 117
115 122
115 227
115 408
116 119
116 121
116 123
116 125
116 127
116 160
117 118
117 119
117 121
117 122
117 124
117 126
118 119
118 121
118 123
118 124
118 126
118 346
119 120
119 124
119 125
119 238
120 122
120 125
120 126
121 123
121 124
121 125
121 127
122 123
122 124
122 127
123 127
123 156
123 179
123 394
123 362
124 125
124 126
124 127
124 187
125 127
125 417
126 273
126 410
127 353
150 153
150 155
150 159
150 163
150 164
150 165
150 167
150 168
150 170
150 172
150 174
150 176
150 181
150 182
150 184
150 187
150 188
150 189
150 190
150 192
150 193
150 194
150 196
150 197
150 198
150 199
150 444
151 154
151 155
151 158
151 159
151 162
151 163
151 168
151 169
151 170
151 172
151 173
151 174
151 176
151 179
151 180
151 182
151 184
151 186
151 187
151 189
151 195
151 196
151 199
151 494
152 153
152 154
152 155
152 156
152 157
152 159
152 161
152 164
152 166
152 167
152 169
152 170
152 172
152 173
152 177
152 181
152 183
152 184
152 185
152 188
152 189
152 190
152 191
152 193
152 194
152 195
152 197
152 236
152 470
152 480
153 154
153 155
153 162
153 165
153 169
153 171
153 174
153 176
153 177
153 178
153 179
153 181
153 183
153 184
153 185
153 186
153 187
153 189
153 190
153 191
153 192
153 193
153 194
153 195
153 196
153 283
153 336
153 441
154 155
154 156
154 157
154 158
154 159
154 160
154 162
154 164
154 168
154 169
154 171
154 172
154 173
154 174
154 177
154 178
154 181
154 182
154 183
154 184
154 185
154 187
154 188
154 189
154 192
154 194
154 195
154 197
154 198
154 220
154 254
154 427
154 479
155 157
155 158
155 159
155 166
155 167
155 177
155 178
155 181
155 182
155 183
155 186
155 189
155 191
155 192
155 193
155 194
155 199
155 230
155 472
156 158
156 162
156 164
156 169
156 172
156 174
156 176
156 177
156 178
156 179
156 181
156 183
156 184
156 187
156 188
156 189
156 190
156 191
156 195
156 198
156 199
156 229
156 287
157 158
157 161
157 164
157 168
157 170
157 171
157 173
157 175
157 177
157 178
157 179
157 182
157 183
157 184
157 185
157 187
157 189
157 191
157 192
157 194
157 196
157 346
157 426
158 160
158 162
158 163
158 165
158 166
158 168
158 170
158 173
158 174
158 178
158 179
158 181
158 182
158 185
158 186
158 187
158 189
158 190
158 191
158 195
158 199
158 407
159 162
159 163
159 167
159 170
159 171
159 172
159 173
159 176
159 177
159 179
159 184
159 186
159 187
159 190
159 191
159 192
159 290
159 454
160 165
160 168
160 169
160 172
160 176
160 179
160 180
160 181
160 182
160 187
160 188
160 191
160 192
160 193
160 196
160 349
160 388
161 164
161 165
161 166
161 167
161 171
161 172
161 173
161 175
161 176
161 182
161 187
161 189
161 192
161 194
161 197
161 198
161 268
161 378
162 164
162 165
162 166
162 167
162 168
162 177
162 179
162 180
162 181
162 184
162 185
162 186
162 188
162 189
162 192
162 196
162 197
162 493
163 165
163 168
163 169
163 170
163 171
163 172
163 173
163 174
163 176
163 181
163 182
163 184
163 185
163 186
163 189
163 190
163 192
163 193
163 197
164 165
164 166
164 167
164 169
164 170
164 171
164 176
164 177
164 181
164 182
164 183
164 184
164 185
164 186
164 189
164 190
164 191
164 196
164 197
164 198
164 199
164 240
164 453
165 166
165 168
165 171
165 175
165 176
165 180
165 181
165 182
165 183
165 184
165 185
165 189
165 190
165 195
165 198
165 199
165 209
165 227
165 342
165 381
165 425
166 167
166 171
166 174
166 175
166 177
166 178
166 185
166 186
166 189
166 190
166 191
166 194
166 195
166 197
166 198
166 199
166 337
166 432
167 168
167 170
167 171
167 174
167 175
167 180
167 182
167 185
167 186
167 189
167 191
167 192
167 193
167 195
167 197
167 419
168 171
168 172
168 173
168 174
168 175
168 177
168 178
168 180
168 182
168 183
168 185
168 188
168 189
168 191
168 192
168 195
168 196
168 198
168 199
168 329
169 173
169 174
169 175
169 178
169 179
169 182
169 184
169 190
169 191
169 193
169 195
169 196
169 197
169 198
169 199
169 227
170 174
170 175
170 177
170 178
170 181
170 182
170 185
170 186
170 187
170 188
170 190
170 194
170 198
170 199
170 239
170 271
171 172
171 174
171 176
171 177
171 179
171 180
171 181
171 182
171 183
171 184
171 188
171 189
171 190
171 191
171 192
171 196
171 197
171 198
171 199
172 174
172 177
172 179
172 180
172 185
172 186
172 188
172 189
172 191
172 192
172 195
172 196
172 197
172 198
172 199
172 255
172 481
173 174
173 178
173 180
173 183
173 186
173 188
173 189
173 192
173 196
173 197
173 400
173 452
174 175
174 178
174 179
174 182
174 184
174 185
174 186
174 190
174 192
174 194
174 195
174 197
174 198
174 199
175 176
175 177
175 178
175 179
175 180
175 183
175 184
175 186
175 190
175 193
175 194
175 199
175 408
176 177
176 181
176 183
176 190
176 192
176 193
176 195
176 196
176 198
176 297
176 438
177 178
177 181
177 183
177 187
177 191
177 192
177 193
177 194
177 196
177 197
177 198
177 199
177 235
177 269
177 441
178 179
178 180
178 181
178 183
178 186
178 187
178 188
178 191
178 193
178 194
178 195
178 197
178 336
179 180
179 183
179 192
179 193
179 196
179 198
179 199
180 184
180 185
180 186
180 188
180 193
180 196
180 198
180 295
180 482
181 184
181 185
181 186
181 187
181 191
181 192
181 194
181 195
181 197
181 199
182 185
182 188
182 189
182 190
182 192
182 193
182 194
182 195
182 196
182 433
182 464
183 184
183 185
183 186
183 187
183 188
183 189
183 190
183 191
183 193
183 194
183 198
183 199
183 309
183 361
184 185
184 188
184 189
184 193
184 194
184 195
184 196
184 197
184 302
184 363
184 408
185 186
185 188
185 190
185 194
185 195
185 196
185 197
186 189
186 190
186 191
186 192
186 193
186 194
186 195
186 199
186 463
187 188
187 192
187 193
187 194
187 195
187 326
187 351
187 432
188 189
188 194
188 195
188 199
188 208
188 270
188 306
188 450
188 459
189 191
189 193
189 195
189 197
189 199
189 385
189 443
190 195
190 198
191 193
191 194
191 196
191 197
191 198
191 326
191 402
192 194
192 195
192 196
192 197
192 198
192 232
193 194
193 195
193 197
193 198
193 199
193 465
194 197
194 267
194 450
195 196
195 198
195 199
195 210
195 212
195 222
195 279
195 303
195 462
196 199
196 235
196 243
196 272
197 198
198 235
198 488
199 225
199 242
199 338
199 404
199 439
200 201
200 202
200 204
200 208
200 209
200 216
200 217
200 219
200 220
200 221
200 222
200 223
200 226
200 227
200 228
200 229
200 231
200 232
200 233
200 235
200 237
200 238
200 239
200 242
200 243
200 244
200 246
200 249
200 341
200 391
201 203
201 204
201 205
201 210
201 213
201 216
201 220
201 221
201 222
201 224
201 226
201 230
201 234
201 238
201 239
201 245
201 246
201 292
201 407
202 204
202 205
202 208
202 211
202 212
202 214
202 215
202 218
202 219
202 220
202 223
202 226
202 227
202 229
202 231
202 232
202 235
202 237
202 240
202 242
202 243
202 247
202 248
202 466
203 204
203 205
203 206
203 207
203 208
203 209
203 210
203 212
203 213
203 215
203 216
203 220
203 221
203 230
203 236
203 238
203 240
203 242
203 244
203 245
203 383
204 207
204 210
204 211
204 212
204 213
204 216
204 217
204 218
204 219
204 221
204 223
204 226
204 231
204 233
204 235
204 236
204 238
204 242
204 249
204 454
205 207
205 208
205 209
205 210
205 211
205 212
205 213
205 215
205 218
205 222
205 223
205 226
205 227
205 230
205 236
205 237
205 240
205 241
205 243
205 245
205 247
205 249
205 378
205 497
206 208
206 210
206 212
206 216
206 217
206 218
206 219
206 229
206 230
206 231
206 232
206 235
206 239
206 240
206 242
206 244
206 246
206 248
206 480
207 210
207 212
207 215
207 216
207 218
207 219
207 220
207 221
207 222
207 224
207 226
207 227
207 228
207 233
207 235
207 236
207 237
207 240
207 241
207 243
207 245
207 246
207 247
207 248
207 249
207 304
208 210
208 211
208 212
208 213
208 214
208 218
208 219
208 220
208 221
208 222
208 223
208 224
208 225
208 226
208 228
208 229
208 231
208 233
208 234
208 235
208 236
208 240
208 241
208 242
208 243
208 246
208 247
208 248
209 210
209 215
209 218
209 219
209 221
209 223
209 227
209 228
209 229
209 230
209 231
209 232
209 235
209 239
209 245
209 246
209 247
209 382
209 492
210 215
210 218
210 219
210 222
210 225
210 226
210 228
210 229
210 231
210 235
210 242
210 245
210 249
210 335
211 215
211 220
211 221
211 223
211 224
211 225
211 227
211 228
211 230
211 233
211 235
211 236
211 242
211 245
211 246
211 247
211 248
211 264
211 298
211 466
212 214
212 215
212 217
212 219
212 220
212 222
212 223
212 224
212 228
212 229
212 231
212 232
212 233
212 237
212 238
212 239
212 241
212 242
212 244
212 245
212 249
212 349
212 423
212 463
213 215
213 216
213 217
213 218
213 222
213 224
213 228
213 229
213 233
213 235
213 236
213 240
213 244
213 246
213 247
213 321
214 216
214 220
214 222
214 224
214 227
214 228
214 231
214 232
214 233
214 234
214 235
214 237
214 243
214 245
214 246
214 247
214 249
214 284
214 252
215 220
215 222
215 223
215 224
215 226
215 229
215 230
215 232
215 234
215 235
215 236
215 239
215 242
215 243
215 244
215 246
215 392
216 217
216 218
216 219
216 220
216 222
216 223
216 224
216 225
216 227
216 229
216 230
216 232
216 233
216 234
216 239
216 245
216 246
216 247
216 249
216 472
217 220
217 224
217 226
217 228
217 231
217 233
217 234
217 236
217 239
217 241
217 243
217 247
217 248
217 249
218 219
218 220
218 222
218 225
218 227
218 228
218 231
218 233
218 234
218 237
218 238
218 239
218 240
218 246
218 247
218 249
218 455
218 463
219 220
219 224
219 229
219 230
219 231
219 233
219 235
219 238
219 240
219 241
219 249
219 451
220 221
220 222
220 228
220 231
220 233
220 234
220 237
220 239
220 240
220 241
220 242
220 247
220 249
220 409
221 224
221 225
221 229
221 233
221 236
221 238
221 239
221 240
221 241
221 242
221 244
221 248
221 249
221 286
222 223
222 225
222 226
222 227
222 229
222 230
222 234
222 236
222 237
222 239
222 240
222 243
222 244
222 246
222 248
222 296
222 319
222 476
223 224
223 230
223 232
223 234
223 235
223 237
223 238
223 243
223 244
223 245
223 249
223 298
223 360
224 225
224 227
224 229
224 230
224 232
224 234
224 235
224 237
224 240
224 241
224 243
224 244
224 248
225 226
225 230
225 233
225 234
225 236
225 237
225 240
225 242
225 247
225 248
225 367
225 456
225 461
226 228
226 229
226 230
226 231
226 235
226 236
226 241
226 244
226 245
226 247
227 229
227 230
227 231
227 234
227 235
227 236
227 239
227 240
227 242
227 271
227 348
228 230
228 233
228 234
228 236
228 238
228 241
228 242
228 244
228 245
228 247
228 249
228 378
228 494
229 232
229 234
229 236
229 239
229 241
229 244
229 246
229 247
229 248
230 231
230 233
230 235
230 237
230 242
230 244
230 245
230 246
230 247
231 232
231 234
231 235
231 239
231 243
231 246
231 248
231 249
231 297
231 456
232 234
232 235
232 237
232 240
232 243
232 244
232 246
232 247
232 263
232 349
233 237
233 241
233 247
233 249
234 237
234 240
234 242
234 243
234 244
234 245
234 246
234 248
234 249
235 239
235 241
235 242
235 243
235 246
235 247
235 248
235 249
235 431
235 470
236 237
236 240
236 244
236 247
236 249
237 240
237 241
237 246
237 248
237 249
237 288
237 251
238 244
238 245
238 246
238 248
238 249
238 320
239 240
239 242
239 244
239 245
239 246
239 355
239 428
240 244
240 245
240 247
240 248
240 249
240 376
241 242
241 243
241 245
241 360
241 471
241 493
242 243
242 244
242 245
242 249
242 284
243 244
243 245
243 246
243 248
243 249
243 304
244 246
244 248
244 411
245 246
245 247
245 248
245 249
245 408
245 420
246 247
246 275
246 466
246 468
247 248
249 451
249 498
256 257
256 258
256 259
256 262
256 264
256 268
256 269
256 271
256 272
256 277
256 278
256 281
256 283
256 284
256 285
256 288
256 289
256 292
256 295
256 296
256 299
256 250
256 251
256 252
256 254
257 260
257 261
257 262
257 263
257 264
257 267
257 269
257 270
257 271
257 277
257 278
257 279
257 280
257 285
257 286
257 287
257 288
257 290
257 292
257 293
257 250
257 252
257 253
257 254
257 255
258 259
258 263
258 266
258 268
258 269
258 270
258 271
258 272
258 274
258 275
258 276
258 280
258 282
258 284
258 285
258 288
258 290
258 291
258 292
258 298
258 250
258 253
258 255
258 405
259 260
259 263
259 264
259 265
259 266
259 267
259 269
259 270
259 272
259 275
259 277
259 279
259 283
259 287
259 288
259 289
259 290
259 293
259 294
259 297
259 253
260 261
260 263
260 266
260 267
260 269
260 270
260 273
260 275
260 276
260 279
260 280
260 281
260 284
260 285
260 287
260 291
260 293
260 298
260 299
260 250
260 252
260 253
260 255
260 464
261 262
261 263
261 264
261 267
261 269
261 271
261 274
261 280
261 283
261 284
261 285
261 286
261 288
261 290
261 293
261 294
261 297
261 298
261 250
261 252
261 253
261 255
262 265
262 269
262 271
262 272
262 273
262 279
262 280
262 281
262 283
262 284
262 285
262 287
262 289
262 296
262 298
262 251
262 252
262 253
262 254
262 330
262 344
262 397
262 375
262 426
263 266
263 267
263 268
263 269
263 270
263 274
263 280
263 281
263 283
263 285
263 287
263 292
263 293
263 294
263 297
263 299
263 250
263 252
263 253
263 482
264 272
264 274
264 275
264 276
264 277
264 279
264 280
264 282
264 288
264 290
264 295
264 297
264 299
264 253
264 255
265 268
265 269
265 270
265 272
265 274
265 277
265 279
265 280
265 281
265 283
265 284
265 285
265 288
265 290
265 291
265 295
265 296
265 297
265 299
265 250
265 251
265 252
265 254
265 255
266 274
266 276
266 282
266 284
266 286
266 287
266 288
266 289
266 291
266 293
266 294
266 295
266 297
266 250
266 251
266 252
266 342
267 269
267 270
267 272
267 273
267 274
267 275
267 276
267 279
267 280
267 282
267 286
267 287
267 290
267 291
267 298
267 299
267 250
267 251
267 252
267 253
268 269
268 273
268 274
268 275
268 277
268 278
268 284
268 286
268 294
268 295
268 297
268 298
268 299
268 250
268 251
268 254
268 255
269 272
269 273
269 274
269 275
269 277
269 279
269 281
269 285
269 287
269 289
269 291
269 294
269 296
269 299
269 250
269 251
269 252
270 272
270 274
270 277
270 279
270 281
270 282
270 283
270 285
270 286
270 288
270 289
270 291
270 293
270 294
270 299
270 250
270 251
270 252
270 253
270 254
271 272
271 273
271 277
271 278
271 279
271 282
271 283
271 284
271 285
271 289
271 291
271 293
271 295
271 297
271 251
271 253
271 254
271 330
271 359
271 371
272 273
272 274
272 275
272 276
272 278
272 280
272 281
272 286
272 288
272 289
272 291
272 292
272 295
272 251
272 252
272 453
273 276
273 282
273 284
273 287
273 293
273 295
273 297
273 298
273 299
273 255
274 276
274 277
274 279
274 280
274 282
274 283
274 284
274 285
274 286
274 287
274 291
274 295
274 296
274 297
274 298
274 250
274 476
275 276
275 279
275 280
275 283
275 285
275 286
275 288
275 291
275 297
275 252
275 253
275 255
275 480
276 279
276 282
276 283
276 288
276 289
276 291
276 294
276 296
276 298
276 250
276 255
276 409
277 278
277 279
277 280
277 284
277 287
277 289
277 291
277 292
277 297
277 298
277 299
277 250
277 251
277 326
277 388
278 281
278 284
278 286
278 287
278 289
278 290
278 295
278 296
278 298
278 299
278 251
278 254
278 255
278 314
278 468
279 281
279 283
279 284
279 285
279 286
279 289
279 290
279 293
279 294
279 296
279 250
279 251
279 252
279 253
279 254
279 255
279 326
280 282
280 285
280 286
280 288
280 289
280 290
280 291
280 293
280 295
280 298
280 250
280 253
280 497
281 286
281 287
281 288
281 291
281 292
281 293
281 294
281 295
281 299
281 250
281 251
281 253
281 254
281 255
282 283
282 284
282 285
282 286
282 287
282 288
282 290
282 291
282 293
282 296
282 298
282 250
282 389
282 491
283 288
283 289
283 290
283 292
283 293
283 294
283 295
283 297
283 298
283 299
283 250
283 252
283 253
283 345
284 285
284 286
284 287
284 288
284 292
284 293
284 294
284 296
284 298
284 251
284 252
284 253
285 286
285 287
285 289
285 293
285 294
285 297
285 298
285 299
285 252
285 254
285 413
286 288
286 290
286 291
286 294
286 296
286 297
286 298
286 253
286 486
287 288
287 289
287 291
287 292
287 293
287 295
287 296
287 297
287 250
287 252
287 254
287 441
288 290
288 293
288 294
288 295
288 251
288 254
288 255
289 291
289 292
289 294
289 254
289 255
289 400
289 485
290 291
290 293
290 297
290 298
290 254
290 255
290 415
290 451
291 292
291 295
291 296
291 297
291 298
291 299
291 253
291 254
291 255
291 400
291 422
291 429
292 293
292 295
292 296
292 297
292 254
292 494
293 295
293 297
293 299
293 250
293 252
293 253
293 254
293 255
294 296
294 299
294 250
294 251
294 252
294 253
294 254
294 302
295 297
295 299
295 250
295 252
295 254
295 255
295 383
295 428
296 298
296 250
296 253
296 254
297 298
297 299
297 250
297 251
297 252
297 254
297 255
298 299
298 252
298 366
299 482
250 251
251 252
251 253
252 253
253 418
255 330
255 473
300 301
300 303
300 304
300 306
300 307
300 308
300 311
300 312
300 313
300 315
300 316
300 319
300 321
300 325
300 326
300 327
300 330
300 332
300 333
300 334
300 337
300 338
300 341
300 342
300 344
300 345
300 349
301 305
301 306
301 308
301 309
301 310
301 311
301 312
301 313
301 315
301 316
301 319
301 320
301 321
301 323
301 329
301 331
301 333
301 334
301 336
301 337
301 339
301 341
301 342
301 345
301 347
301 348
301 349
301 357
302 304
302 305
302 308
302 313
302 316
302 320
302 321
302 323
302 328
302 329
302 330
302 332
302 333
302 334
302 335
302 336
302 339
302 340
302 341
302 344
302 346
302 424
303 306
303 308
303 311
303 319
303 320
303 322
303 325
303 326
303 328
303 330
303 332
303 334
303 335
303 337
303 338
303 339
303 341
303 342
303 345
303 347
303 349
304 305
304 308
304 310
304 311
304 312
304 315
304 316
304 318
304 321
304 322
304 324
304 326
304 327
304 328
304 330
304 331
304 334
304 339
304 341
304 345
304 349
304 362
304 435
304 498
305 306
305 308
305 309
305 310
305 315
305 316
305 320
305 323
305 324
305 326
305 327
305 328
305 329
305 330
305 331
305 333
305 334
305 335
305 336
305 337
305 339
305 340
305 341
305 342
305 344
305 348
305 468
306 308
306 309
306 311
306 317
306 319
306 320
306 325
306 326
306 330
306 331
306 334
306 335
306 336
306 337
306 338
306 339
306 344
306 346
306 347
306 461
307 308
307 310
307 311
307 312
307 313
307 314
307 315
307 317
307 318
307 319
307 320
307 321
307 324
307 326
307 327
307 330
307 333
307 336
307 339
307 343
307 344
307 345
307 348
307 349
307 354
307 403
308 311
308 312
308 313
308 315
308 317
308 318
308 319
308 320
308 321
308 324
308 327
308 329
308 330
308 333
308 335
308 336
308 339
308 341
308 342
308 343
308 344
308 346
308 347
308 348
308 449
309 311
309 312
309 318
309 320
309 321
309 328
309 330
309 333
309 336
309 337
309 341
309 343
309 346
309 348
309 349
309 411
309 422
310 311
310 312
310 313
310 315
310 318
310 319
310 322
310 325
310 330
310 331
310 332
310 333
310 334
310 335
310 337
310 341
310 344
310 345
310 347
310 349
311 312
311 316
311 317
311 318
311 319
311 320
311 322
311 323
311 324
311 325
311 326
311 328
311 329
311 333
311 341
311 343
311 345
311 347
311 348
311 434
312 313
312 315
312 316
312 318
312 320
312 325
312 326
312 327
312 331
312 335
312 337
312 339
312 341
312 344
312 345
312 346
312 347
312 349
313 314
313 315
313 317
313 321
313 323
313 324
313 326
313 328
313 330
313 331
313 334
313 337
313 340
313 341
313 342
313 345
313 347
313 367
313 433
313 446
314 316
314 317
314 319
314 321
314 323
314 324
314 325
314 326
314 328
314 329
314 330
314 331
314 332
314 333
314 336
314 337
314 339
314 340
314 342
314 343
314 346
314 347
315 319
315 321
315 322
315 328
315 332
315 333
315 334
315 336
315 338
315 340
315 341
315 343
315 344
315 345
315 346
315 347
315 405
315 409
316 317
316 318
316 319
316 320
316 321
316 324
316 325
316 327
316 328
316 331
316 332
316 333
316 335
316 337
316 341
316 347
316 348
316 419
316 467
316 482
317 323
317 325
317 328
317 330
317 333
317 334
317 339
317 340
317 341
317 342
317 344
317 346
317 349
317 389
318 320
318 321
318 322
318 324
318 325
318 329
318 330
318 333
318 335
318 336
318 338
318 340
318 342
318 344
318 345
318 346
318 347
318 349
319 320
319 321
319 324
319 327
319 328
319 333
319 337
319 338
319 341
319 345
319 346
319 347
319 349
320 321
320 323
320 324
320 325
320 328
320 329
320 330
320 331
320 333
320 335
320 338
320 341
320 342
320 343
320 344
320 345
320 346
321 323
321 327
321 328
321 329
321 335
321 337
321 338
321 340
321 341
321 342
321 343
321 344
321 345
321 346
321 349
322 323
322 325
322 326
322 327
322 329
322 331
322 332
322 335
322 337
322 339
322 340
322 344
322 345
322 347
322 348
322 349
322 469
323 324
323 325
323 327
323 328
323 329
323 330
323 333
323 342
323 343
323 345
323 347
323 348
323 349
324 325
324 328
324 330
324 331
324 334
324 337
324 338
324 339
324 340
324 341
324 343
324 344
324 347
324 349
324 365
324 436
325 331
325 334
325 335
325 337
325 338
325 340
325 341
325 343
325 344
325 346
325 349
326 327
326 329
326 330
326 331
326 333
326 334
326 335
326 337
326 338
326 339
326 342
326 343
326 344
326 346
326 348
326 349
327 328
327 331
327 332
327 334
327 339
327 340
327 341
327 346
328 329
328 332
328 334
328 335
328 336
328 337
328 338
328 340
328 344
328 345
328 347
329 330
329 332
329 333
329 334
329 340
329 342
329 344
329 345
329 346
329 349
329 482
330 333
330 334
330 340
330 341
330 342
330 344
330 346
330 347
330 348
330 349
331 333
331 337
331 341
331 342
331 346
331 348
331 439
332 339
332 340
332 342
332 343
332 345
332 348
332 358
333 334
333 335
333 339
333 341
333 348
333 349
333 429
334 336
334 337
334 339
334 340
334 346
334 347
335 337
335 339
335 346
335 347
335 370
336 344
336 346
336 348
336 349
336 404
337 339
337 340
337 341
337 344
337 346
337 347
338 339
338 340
338 342
338 344
338 346
338 347
338 348
338 360
339 341
339 347
339 348
339 390
340 341
340 342
340 343
340 345
340 346
340 347
340 348
341 344
341 345
341 347
341 348
341 349
342 344
342 347
342 349
343 344
343 346
343 347
343 348
343 349
343 390
343 362
344 347
344 348
344 349
345 346
345 347
345 348
345 356
345 363
346 347
346 349
347 348
347 349
348 349
384 385
384 386
384 387
384 389
384 392
384 393
384 395
384 351
384 353
384 354
384 357
384 360
384 362
384 364
384 368
384 370
384 372
384 373
384 374
384 377
384 378
384 379
384 383
385 386
385 387
385 391
385 395
385 396
385 351
385 352
385 354
385 359
385 362
385 363
385 364
385 366
385 371
385 377
385 379
385 380
386 388
386 393
386 394
386 396
386 350
386 351
386 355
386 356
386 357
386 360
386 362
386 363
386 365
386 366
386 368
386 369
386 371
386 374
386 375
386 376
386 377
386 378
386 381
386 383
386 427
387 388
387 389
387 390
387 391
387 393
387 395
387 397
387 399
387 351
387 356
387 361
387 364
387 365
387 366
387 367
387 368
387 371
387 372
387 373
387 374
387 375
387 378
387 381
387 382
387 383
387 495
387 499
388 389
388 390
388 391
388 394
388 395
388 397
388 399
388 350
388 352
388 357
388 360
388 366
388 373
388 374
388 375
388 376
388 380
389 391
389 392
389 395
389 396
389 398
389 399
389 354
389 355
389 359
389 361
389 363
389 366
389 368
389 373
389 375
389 376
389 378
389 379
389 380
390 391
390 392
390 396
390 398
390 399
390 352
390 355
390 358
390 359
390 364
390 365
390 371
390 374
390 375
390 377
390 381
391 394
391 396
391 352
391 357
391 358
391 359
391 361
391 362
391 363
391 364
391 365
391 366
391 368
391 373
391 375
391 376
391 377
391 379
391 382
391 383
391 456
391 466
392 393
392 396
392 399
392 351
392 352
392 353
392 357
392 361
392 362
392 363
392 364
392 365
392 369
392 370
392 371
392 373
392 378
392 381
392 382
392 383
393 396
393 397
393 399
393 350
393 352
393 354
393 355
393 359
393 361
393 362
393 363
393 366
393 367
393 369
393 370
393 371
393 372
393 375
393 377
393 378
393 379
393 381
394 396
394 397
394 398
394 399
394 350
394 351
394 353
394 355
394 356
394 360
394 361
394 362
394 363
394 366
394 367
394 368
394 369
394 371
394 373
394 374
394 377
394 378
394 381
394 382
395 397
395 398
395 354
395 356
395 357
395 358
395 360
395 363
395 367
395 368
395 369
395 372
395 373
395 374
395 375
395 376
395 377
395 380
395 382
395 383
396 397
396 399
396 350
396 352
396 354
396 355
396 356
396 357
396 359
396 362
396 363
396 364
396 365
396 367
396 368
396 369
396 372
396 373
396 375
396 376
396 382
397 399
397 350
397 351
397 354
397 358
397 359
397 361
397 362
397 364
397 365
397 373
397 374
397 375
397 378
397 379
398 399
398 352
398 354
398 357
398 358
398 362
398 363
398 365
398 367
398 372
398 373
398 375
398 377
398 378
398 381
398 383
399 351
399 353
399 355
399 357
399 359
399 360
399 366
399 370
399 373
399 374
399 375
399 376
399 378
399 380
350 353
350 356
350 358
350 360
350 364
350 366
350 370
350 372
350 374
350 376
350 377
350 378
350 417
351 356
351 357
351 359
351 360
351 361
351 363
351 365
351 367
351 372
351 375
351 380
351 382
351 405
351 448
351 462
352 354
352 359
352 362
352 367
352 368
352 372
352 374
352 376
352 377
352 378
352 380
352 381
352 383
353 355
353 358
353 359
353 360
353 361
353 365
353 367
353 372
353 376
353 377
353 379
353 380
353 382
353 383
354 355
354 356
354 359
354 363
354 364
354 365
354 368
354 369
354 371
354 373
354 374
354 375
354 376
354 377
354 379
354 381
354 382
354 383
354 466
355 357
355 358
355 359
355 360
355 361
355 364
355 367
355 368
355 369
355 370
355 373
355 375
355 377
355 380
355 383
355 415
356 357
356 358
356 359
356 360
356 364
356 366
356 367
356 369
356 373
356 374
356 376
356 378
356 380
356 381
356 383
357 358
357 359
357 360
357 361
357 363
357 365
357 367
357 368
357 371
357 377
357 378
357 380
357 382
358 363
358 366
358 369
358 370
358 372
358 375
358 376
358 377
358 378
358 379
358 383
358 454
359 361
359 362
359 364
359 365
359 366
359 367
359 369
359 370
359 371
359 375
359 376
359 378
359 379
359 380
359 383
360 362
360 364
360 368
360 369
360 370
360 371
360 373
360 374
360 381
360 382
361 366
361 367
361 369
361 370
361 376
361 377
361 379
361 380
361 381
361 383
361 400
362 364
362 367
362 368
362 369
362 370
362 372
362 374
362 375
362 376
362 382
363 366
363 369
363 370
363 372
363 374
363 375
363 377
363 378
363 379
363 382
363 475
364 366
364 367
364 368
364 369
364 371
364 372
364 373
364 377
364 378
364 379
364 380
364 453
365 371
365 373
365 375
365 379
365 380
365 381
365 383
366 372
366 373
366 374
366 377
366 378
366 379
366 380
366 381
367 368
367 369
367 370
367 371
367 372
367 373
367 374
367 378
367 379
367 380
368 369
368 370
368 372
368 375
368 376
368 377
368 378
368 381
368 382
368 383
369 370
369 372
369 373
369 374
369 376
369 379
369 380
369 381
369 382
370 373
370 377
370 381
370 382
370 406
370 445
371 372
371 374
371 375
371 377
371 378
371 380
371 381
371 383
372 373
372 374
372 377
372 379
372 382
373 374
373 376
373 383
373 434
374 376
374 377
374 378
374 379
374 380
374 381
374 383
374 455
375 376
375 377
375 378
375 379
375 381
376 379
376 380
376 382
376 383
376 492
377 380
377 381
377 382
377 383
378 379
378 382
378 491
379 380
379 381
379 382
379 383
379 492
380 382
380 417
382 448
400 403
400 404
400 407
400 409
400 410
400 411
400 415
400 416
400 417
400 418
400 419
400 420
400 422
400 423
400 425
400 427
400 430
400 431
400 432
400 434
400 436
400 438
400 439
400 440
400 441
400 443
400 445
400 447
400 449
401 402
401 403
401 404
401 405
401 410
401 411
401 412
401 414
401 415
401 416
401 418
401 423
401 424
401 425
401 426
401 427
401 428
401 429
401 431
401 433
401 435
401 436
401 437
401 439
401 444
401 446
401 447
401 448
402 403
402 404
402 406
402 407
402 408
402 410
402 411
402 413
402 414
402 415
402 416
402 418
402 419
402 420
402 423
402 424
402 425
402 428
402 429
402 431
402 432
402 436
402 438
402 440
402 443
402 445
402 446
402 447
403 409
403 412
403 413
403 414
403 415
403 420
403 421
403 423
403 424
403 427
403 429
403 432
403 433
403 435
403 436
403 440
403 441
403 444
403 445
403 446
403 447
403 448
403 449
404 405
404 406
404 408
404 411
404 413
404 414
404 417
404 421
404 428
404 430
404 431
404 436
404 437
404 441
404 442
404 444
404 446
404 448
404 449
404 463
405 408
405 410
405 411
405 412
405 415
405 416
405 418
405 420
405 424
405 428
405 430
405 432
405 433
405 434
405 435
405 437
405 439
405 441
405 442
405 444
405 446
405 447
406 409
406 410
406 411
406 418
406 421
406 422
406 426
406 427
406 428
406 430
406 436
406 438
406 439
406 440
406 441
406 443
406 444
406 445
406 448
407 409
407 413
407 420
407 422
407 425
407 426
407 427
407 428
407 432
407 434
407 440
407 444
407 445
408 409
408 411
408 412
408 413
408 416
408 418
408 421
408 422
408 425
408 426
408 428
408 431
408 435
408 439
408 442
408 443
408 445
408 446
408 447
408 452
408 455
409 410
409 411
409 412
409 415
409 416
409 418
409 419
409 421
409 422
409 423
409 425
409 427
409 429
409 430
409 432
409 434
409 438
409 439
409 443
409 449
410 411
410 414
410 415
410 418
410 422
410 431
410 432
410 433
410 438
410 439
410 440
410 441
410 442
410 444
411 414
411 416
411 417
411 418
411 422
411 423
411 426
411 427
411 428
411 429
411 430
411 432
411 433
411 434
411 435
411 436
411 437
411 438
411 439
411 441
411 442
411 445
411 447
411 448
412 413
412 414
412 416
412 418
412 420
412 423
412 424
412 425
412 426
412 428
412 432
412 433
412 435
412 439
412 441
412 444
412 448
412 449
413 416
413 417
413 422
413 423
413 426
413 430
413 431
413 432
413 433
413 434
413 436
413 437
413 438
413 439
413 440
413 441
413 442
413 444
413 446
413 449
414 416
414 418
414 420
414 422
414 426
414 429
414 430
414 432
414 433
414 434
414 437
414 439
414 440
414 441
414 442
414 446
414 448
415 417
415 418
415 419
415 426
415 428
415 429
415 430
415 431
415 433
415 434
415 436
415 437
415 439
415 444
415 447
415 449
416 417
416 418
416 419
416 420
416 421
416 426
416 427
416 428
416 429
416 431
416 432
416 435
416 440
416 441
416 444
416 446
416 447
416 489
417 419
417 420
417 426
417 427
417 428
417 429
417 431
417 432
417 433
417 435
417 436
417 437
417 438
417 442
417 445
417 446
417 448
417 449
418 419
418 420
418 422
418 423
418 425
418 430
418 435
418 437
418 438
418 439
418 440
418 442
418 444
418 446
419 420
419 421
419 424
419 426
419 428
419 430
419 432
419 433
419 434
419 436
419 441
419 442
419 443
419 447
419 449
420 423
420 424
420 425
420 428
420 430
420 432
420 433
420 436
420 437
420 438
420 441
420 443
420 444
420 447
420 448
421 424
421 426
421 427
421 428
421 435
421 440
421 442
421 443
421 447
421 448
422 426
422 427
422 429
422 430
422 431
422 432
422 435
422 439
422 440
422 442
422 443
422 444
422 446
422 447
422 448
422 449
423 426
423 428
423 431
423 433
423 434
423 436
423 437
423 439
423 446
423 447
423 448
424 425
424 428
424 430
424 433
424 436
424 440
424 441
424 443
424 445
424 447
424 499
425 427
425 429
425 430
425 432
425 433
425 434
425 435
425 436
425 437
425 438
425 441
425 442
425 443
425 444
425 445
425 446
425 447
425 448
425 449
426 427
426 429
426 430
426 431
426 433
426 434
426 435
426 439
426 440
426 441
426 443
426 446
426 448
427 428
427 429
427 430
427 432
427 433
427 436
427 441
427 442
427 443
427 444
427 445
427 448
428 429
428 431
428 432
428 433
428 437
428 438
428 439
428 440
428 442
428 447
428 448
428 449
429 430
429 432
429 433
429 434
429 435
429 436
429 437
429 440
429 441
429 442
429 446
429 447
429 449
430 431
430 432
430 433
430 437
430 439
430 442
430 443
430 446
430 447
430 483
431 433
431 435
431 437
431 440
431 441
431 442
431 445
431 446
431 448
432 433
432 435
432 436
432 437
432 440
432 441
432 446
432 449
432 465
433 434
433 439
433 441
433 442
433 443
433 448
434 435
434 437
434 439
434 441
434 442
434 444
435 436
435 437
435 439
435 440
435 443
435 446
435 447
435 448
435 449
436 437
436 439
436 447
437 438
437 439
437 440
437 442
437 444
437 447
437 448
437 467
438 439
438 440
438 441
438 444
438 449
439 440
439 445
439 446
439 447
440 443
440 448
440 474
441 443
441 444
441 448
441 449
442 444
442 446
443 445
443 446
443 474
444 446
444 447
444 448
444 449
444 497
445 447
445 448
445 449
445 452
445 488
446 447
447 449
450 451
450 454
450 457
450 459
450 460
450 461
450 463
450 464
450 469
450 472
450 473
450 475
450 479
450 480
450 482
450 483
450 487
450 489
450 491
450 492
450 495
451 452
451 454
451 455
451 457
451 458
451 461
451 463
451 464
451 466
451 467
451 470
451 471
451 472
451 474
451 476
451 477
451 479
451 482
451 483
451 484
451 485
451 489
451 490
451 491
451 492
451 493
451 496
451 498
451 499
452 454
452 455
452 456
452 459
452 460
452 461
452 462
452 463
452 464
452 465
452 467
452 471
452 472
452 477
452 479
452 480
452 482
452 483
452 484
452 486
452 487
452 488
452 491
452 493
452 494
452 495
452 498
453 454
453 455
453 458
453 460
453 464
453 465
453 466
453 468
453 469
453 471
453 476
453 478
453 479
453 481
453 483
453 484
453 485
453 486
453 487
453 488
453 491
453 492
453 493
453 496
453 497
453 499
454 456
454 457
454 458
454 465
454 469
454 470
454 472
454 473
454 475
454 477
454 479
454 480
454 481
454 483
454 484
454 485
454 487
454 488
454 489
454 490
454 495
454 496
454 499
455 456
455 458
455 459
455 464
455 465
455 466
455 468
455 469
455 471
455 475
455 477
455 479
455 480
455 482
455 483
455 484
455 487
455 488
455 489
455 492
455 493
455 494
455 495
455 496
455 497
455 499
456 461
456 462
456 463
456 465
456 476
456 479
456 480
456 481
456 482
456 483
456 485
456 486
456 487
456 488
456 489
456 490
456 491
456 492
456 493
456 494
456 495
456 496
456 498
456 499
457 458
457 462
457 463
457 464
457 465
457 467
457 468
457 470
457 472
457 473
457 474
457 476
457 477
457 478
457 481
457 482
457 483
457 484
457 485
457 489
457 490
457 495
457 496
457 499
458 459
458 461
458 462
458 463
458 464
458 467
458 468
458 469
458 474
458 476
458 477
458 480
458 486
458 488
458 492
458 493
458 494
458 496
458 499
459 461
459 464
459 467
459 469
459 470
459 472
459 474
459 477
459 478
459 480
459 481
459 482
459 484
459 485
459 486
459 487
459 490
459 492
459 493
459 494
459 496
459 497
459 499
460 461
460 462
460 463
460 465
460 466
460 476
460 480
460 483
460 484
460 486
460 489
460 490
460 492
460 493
460 498
460 499
461 463
461 466
461 468
461 469
461 472
461 473
461 474
461 475
461 479
461 480
461 483
461 485
461 486
461 488
461 489
461 490
461 491
461 498
461 499
462 463
462 464
462 465
462 466
462 468
462 469
462 471
462 476
462 477
462 480
462 481
462 484
462 485
462 486
462 487
462 489
462 492
462 494
462 496
462 498
462 499
463 464
463 465
463 466
463 468
463 471
463 472
463 476
463 480
463 481
463 482
463 484
463 485
463 487
463 488
463 489
463 490
463 491
463 492
463 493
464 465
464 466
464 468
464 469
464 473
464 474
464 476
464 477
464 479
464 481
464 484
464 485
464 486
464 488
464 492
464 494
464 495
464 496
464 497
465 466
465 467
465 469
465 472
465 475
465 481
465 484
465 485
465 486
465 493
465 495
465 496
465 497
465 498
465 499
466 467
466 469
466 470
466 471
466 472
466 473
466 477
466 478
466 479
466 482
466 486
466 488
466 489
466 490
466 491
466 492
466 495
466 496
466 497
467 468
467 470
467 473
467 475
467 476
467 478
467 482
467 483
467 486
467 487
467 488
467 489
467 491
467 492
467 493
467 496
467 497
467 499
468 469
468 470
468 471
468 473
468 474
468 475
468 476
468 478
468 480
468 481
468 486
468 487
468 488
468 489
468 491
468 492
468 495
468 497
468 498
469 471
469 472
469 473
469 474
469 475
469 476
469 479
469 481
469 484
469 485
469 489
469 492
469 496
469 498
470 472
470 473
470 474
470 476
470 477
470 479
470 480
470 482
470 486
470 491
470 492
470 494
470 497
470 498
470 499
471 473
471 474
471 475
471 476
471 477
471 482
471 484
471 488
471 489
471 492
471 493
471 494
471 495
471 496
471 499
472 473
472 476
472 478
472 482
472 484
472 488
472 490
472 491
472 493
472 494
472 495
472 498
472 499
473 474
473 477
473 478
473 481
473 483
473 485
473 486
473 487
473 488
473 489
473 490
473 491
473 492
473 493
473 497
473 498
473 499
474 475
474 476
474 477
474 478
474 479
474 484
474 487
474 488
474 489
474 493
474 497
474 498
475 478
475 480
475 481
475 484
475 485
475 487
475 488
475 489
475 490
475 495
475 496
475 497
476 478
476 479
476 485
476 486
476 488
476 489
476 491
476 492
476 493
477 479
477 480
477 481
477 483
477 484
477 485
477 487
477 488
477 492
477 493
477 494
477 495
477 496
477 499
478 479
478 480
478 484
478 485
478 488
478 490
478 491
478 496
478 497
478 498
479 480
479 482
479 487
479 492
479 494
479 495
479 498
480 481
480 484
480 485
480 490
480 491
480 494
480 497
481 482
481 483
481 484
481 485
481 486
481 488
481 489
481 492
481 493
481 494
481 495
481 496
481 499
482 486
482 487
482 490
482 491
482 493
482 495
482 497
482 499
483 489
483 490
483 491
483 493
483 495
483 497
483 498
483 499
484 487
484 488
484 491
484 496
484 499
485 486
485 487
485 489
485 490
485 492
485 493
485 495
485 496
485 498
486 488
486 489
486 491
486 492
486 493
486 494
487 489
487 492
487 494
487 495
487 499
488 490
488 494
488 495
488 496
488 498
489 493
489 494
489 496
490 491
490 492
490 493
490 494
490 495
490 496
490 498
490 499
491 493
491 496
491 497
491 498
492 493
492 496
492 497
492 498
493 495
493 498
494 495
494 497
494 499
495 499
496 497
497 498
497 499
498 499
