0 1
0 2
0 3
0 6
0 7
0 8
0 9
0 10
0 11
0 12
0 13
0 15
0 18
0 20
0 22
0 25
0 26
0 29
0 31
0 34
0 36
0 38
0 40
0 42
0 45
1 2
1 5
1 8
1 10
1 11
1 14
1 15
1 16
1 24
1 26
1 27
1 32
1 33
1 35
1 36
1 37
1 39
1 43
1 45
1 46
1 47
2 4
2 5
2 10
2 11
2 12
2 14
2 16
2 18
2 24
2 25
2 26
2 28
2 29
2 31
2 32
2 35
2 37
2 38
2 39
2 40
2 43
2 44
2 46
3 4
3 6
3 8
3 9
3 10
3 11
3 13
3 14
3 15
3 19
3 20
3 21
3 22
3 24
3 25
3 26
3 29
3 31
3 32
3 34
3 37
3 42
3 44
3 46
3 47
4 6
4 9
4 11
4 12
4 13
4 14
4 15
4 17
4 22
4 23
4 24
4 25
4 28
4 30
4 31
4 32
4 33
4 34
4 35
4 37
4 43
4 45
4 47
4 244
5 6
5 7
5 8
5 10
5 12
5 16
5 18
5 21
5 22
5 24
5 26
5 27
5 29
5 32
5 35
5 36
5 37
5 43
5 45
5 46
5 47
6 7
6 9
6 10
6 12
6 13
6 17
6 18
6 20
6 23
6 24
6 25
6 30
6 33
6 39
6 46
6 47
7 8
7 11
7 13
7 14
7 15
7 17
7 18
7 19
7 22
7 23
7 24
7 31
7 35
7 36
7 38
7 39
7 41
7 43
7 48
7 146
7 359
7 450
8 9
8 10
8 13
8 14
8 15
8 18
8 22
8 28
8 30
8 31
8 32
8 35
8 37
8 42
8 44
8 45
8 48
8 49
9 10
9 15
9 16
9 18
9 21
9 22
9 24
9 25
9 26
9 31
9 32
9 34
9 35
9 36
9 40
9 42
9 46
9 47
9 53
9 275
9 288
10 11
10 17
10 19
10 22
10 23
10 26
10 28
10 30
10 31
10 39
10 40
10 41
10 42
10 44
10 45
11 14
11 15
11 19
11 21
11 23
11 25
11 26
11 27
11 28
11 29
11 30
11 34
11 40
11 41
11 42
11 43
11 44
11 45
11 46
11 48
12 13
12 16
12 21
12 25
12 27
12 29
12 32
12 34
12 35
12 36
12 39
12 41
12 42
12 44
12 47
13 14
13 19
13 21
13 22
13 23
13 24
13 25
13 26
13 28
13 29
13 31
13 35
13 36
13 37
13 38
13 42
13 43
13 45
13 46
13 47
13 48
13 134
14 16
14 18
14 19
14 24
14 25
14 32
14 34
14 40
14 45
14 49
15 18
15 19
15 21
15 23
15 25
15 26
15 30
15 32
15 33
15 34
15 36
15 37
15 43
15 44
15 45
15 46
15 47
16 20
16 26
16 30
16 32
16 33
16 34
16 36
16 39
16 42
16 44
16 45
16 46
16 47
16 48
17 18
17 22
17 23
17 24
17 26
17 27
17 28
17 30
17 31
17 32
17 33
17 34
17 35
17 37
17 38
17 40
17 41
17 44
17 45
17 46
17 49
18 19
18 21
18 22
18 24
18 25
18 28
18 29
18 31
18 36
18 37
18 40
18 41
18 45
18 47
18 48
18 303
19 21
19 24
19 26
19 27
19 31
19 34
19 35
19 36
19 37
19 38
19 40
19 49
20 22
20 23
20 24
20 27
20 30
20 32
20 33
20 34
20 35
20 36
20 38
20 39
20 40
20 41
20 42
20 43
20 47
20 48
20 49
20 78
21 22
21 26
21 27
21 30
21 31
21 32
21 36
21 39
21 42
21 43
21 44
21 46
21 47
22 23
22 24
22 25
22 27
22 28
22 29
22 31
22 32
22 34
22 36
22 40
22 41
22 43
22 48
23 24
23 25
23 27
23 28
23 31
23 32
23 34
23 37
23 39
23 40
23 41
23 43
23 44
23 45
23 48
24 25
24 26
24 28
24 29
24 31
24 32
24 36
24 37
24 39
24 40
24 42
24 45
24 47
24 48
24 49
24 274
25 26
25 27
25 29
25 33
25 35
25 36
25 38
25 40
25 42
25 46
25 48
25 49
26 28
26 29
26 31
26 33
26 36
26 37
26 38
26 44
26 45
26 46
26 47
27 28
27 31
27 32
27 35
27 40
27 41
27 43
27 44
27 47
27 48
28 30
28 31
28 33
28 34
28 35
28 37
28 39
28 40
28 41
28 44
28 46
28 47
28 48
29 30
29 31
29 32
29 37
29 38
29 39
29 40
29 41
29 42
29 44
29 45
29 49
30 33
30 34
30 35
30 37
30 38
30 39
30 42
30 44
30 45
30 46
30 48
31 32
31 42
31 44
31 45
31 47
31 143
31 214
31 374
32 34
32 36
32 38
32 39
32 40
32 41
32 43
32 44
32 47
32 49
33 34
33 35
33 36
33 37
33 38
33 39
33 41
33 43
33 44
34 36
34 41
34 43
34 44
34 45
35 36
35 38
35 40
35 41
35 44
35 45
35 46
35 48
35 49
35 227
36 38
36 43
36 45
36 46
36 47
36 421
37 38
37 39
37 41
37 43
37 44
37 45
37 47
37 48
38 45
38 48
38 49
39 43
39 49
40 42
40 43
40 44
40 45
40 46
40 48
40 484
41 43
41 47
41 48
41 49
42 43
42 44
42 45
42 49
43 44
43 49
44 46
44 47
44 49
45 46
45 49
45 81
45 208
46 49
46 138
47 49
48 49
50 51
50 52
50 53
50 59
50 67
50 68
50 71
50 72
50 73
50 75
50 78
50 88
50 90
50 91
50 94
50 97
50 98
50 451
51 52
51 53
51 54
51 55
51 56
51 59
51 63
51 64
51 66
51 67
51 71
51 72
51 74
51 76
51 78
51 79
51 82
51 84
51 86
51 88
51 90
51 93
51 96
51 97
51 99
52 53
52 54
52 57
52 60
52 67
52 69
52 71
52 73
52 74
52 79
52 84
52 86
52 87
52 89
52 92
52 95
52 96
52 97
52 98
52 99
53 56
53 57
53 59
53 61
53 63
53 64
53 66
53 67
53 68
53 71
53 72
53 73
53 74
53 78
53 81
53 82
53 84
53 85
53 87
53 88
53 90
53 93
53 95
53 96
54 57
54 66
54 67
54 68
54 70
54 72
54 73
54 77
54 79
54 80
54 82
54 87
54 88
54 89
54 90
54 91
54 92
54 94
54 95
54 97
54 165
54 199
55 57
55 61
55 63
55 64
55 67
55 69
55 71
55 72
55 74
55 75
55 76
55 79
55 83
55 84
55 90
55 91
55 93
55 97
55 98
55 419
56 61
56 63
56 65
56 66
56 67
56 68
56 70
56 71
56 73
56 74
56 76
56 80
56 82
56 85
56 87
56 89
56 90
56 91
56 92
56 94
56 97
56 98
56 99
57 58
57 59
57 60
57 62
57 65
57 66
57 68
57 69
57 71
57 72
57 75
57 78
57 82
57 83
57 84
57 85
57 86
57 87
57 89
57 91
57 93
57 96
57 97
57 98
58 60
58 62
58 63
58 64
58 66
58 70
58 76
58 77
58 80
58 81
58 82
58 83
58 85
58 86
58 93
58 94
58 96
58 98
58 99
59 60
59 63
59 64
59 65
59 69
59 72
59 73
59 74
59 76
59 80
59 81
59 82
59 83
59 85
59 86
59 88
59 89
59 90
59 93
59 94
59 95
59 96
59 97
59 98
60 61
60 62
60 64
60 67
60 68
60 69
60 71
60 72
60 73
60 76
60 77
60 79
60 80
60 81
60 82
60 84
60 86
60 89
60 90
60 92
60 94
60 96
60 98
60 99
61 62
61 64
61 66
61 69
61 70
61 71
61 72
61 73
61 76
61 77
61 79
61 80
61 81
61 83
61 93
61 94
61 95
61 96
61 458
62 63
62 64
62 65
62 67
62 68
62 69
62 70
62 72
62 73
62 74
62 78
62 83
62 85
62 86
62 88
62 89
62 90
62 91
62 94
62 95
63 64
63 65
63 66
63 67
63 68
63 71
63 72
63 73
63 76
63 81
63 84
63 85
63 87
63 88
63 89
63 90
63 93
63 94
63 97
63 98
63 99
64 65
64 68
64 71
64 72
64 73
64 77
64 78
64 79
64 84
64 86
64 87
64 88
64 89
64 90
64 91
64 92
64 94
64 95
64 98
64 99
65 66
65 67
65 69
65 75
65 76
65 77
65 78
65 79
65 89
65 95
65 98
66 67
66 68
66 69
66 70
66 72
66 75
66 76
66 78
66 81
66 82
66 83
66 88
66 91
66 92
66 94
66 97
67 69
67 70
67 71
67 73
67 75
67 77
67 81
67 83
67 85
67 87
67 90
67 91
67 92
67 96
67 98
67 448
68 69
68 70
68 72
68 75
68 76
68 78
68 79
68 80
68 82
68 83
68 85
68 86
68 88
68 92
68 94
68 95
68 98
68 99
69 71
69 73
69 74
69 76
69 81
69 84
69 85
69 88
69 89
69 94
69 97
69 310
70 71
70 72
70 73
70 74
70 75
70 76
70 77
70 78
70 83
70 84
70 85
70 88
70 89
70 91
70 92
70 93
70 94
70 97
70 99
71 72
71 74
71 76
71 79
71 80
71 81
71 82
71 84
71 86
71 87
71 89
71 91
71 95
71 99
72 73
72 75
72 77
72 81
72 82
72 85
72 86
72 87
72 89
72 90
72 92
72 94
72 95
72 97
72 98
73 75
73 79
73 81
73 84
73 85
73 86
73 87
73 89
73 92
73 93
73 94
73 95
73 98
74 75
74 76
74 77
74 78
74 80
74 85
74 86
74 88
74 89
74 91
74 93
74 99
75 76
75 77
75 78
75 79
75 81
75 83
75 84
75 87
75 88
75 89
75 91
75 92
75 93
75 94
75 97
75 99
76 77
76 78
76 81
76 82
76 83
76 87
76 88
76 91
76 92
76 97
76 98
77 82
77 83
77 86
77 87
77 92
77 93
77 95
77 97
77 99
78 80
78 81
78 83
78 84
78 85
78 89
78 90
78 91
78 92
78 95
78 96
78 97
78 99
79 80
79 81
79 82
79 84
79 89
79 92
79 95
79 96
79 99
79 495
80 82
80 83
80 86
80 90
80 91
80 94
80 96
80 97
80 98
81 82
81 83
81 85
81 88
81 90
81 96
81 97
81 99
82 89
82 92
82 93
82 94
82 96
82 97
82 99
83 84
83 89
83 90
83 91
83 92
83 93
83 94
83 98
83 99
84 88
84 89
84 91
84 94
84 95
84 96
84 98
85 86
85 87
85 89
85 90
85 91
85 93
85 94
86 87
86 88
86 89
86 91
86 94
86 97
87 90
87 91
87 93
87 95
87 97
87 98
88 91
88 92
88 98
88 99
89 90
89 94
89 95
89 96
89 319
90 92
90 95
90 97
91 95
91 99
92 93
92 94
92 95
92 96
92 98
92 99
93 94
93 98
93 99
93 209
94 95
94 96
94 98
94 99
94 350
95 96
95 97
97 357
128 131
128 133
128 134
128 136
128 138
128 140
128 141
128 143
128 145
128 146
128 147
128 148
128 149
128 100
128 101
128 103
128 104
128 105
128 107
128 111
128 112
128 113
128 115
128 116
128 121
128 122
128 123
128 125
128 126
129 130
129 131
129 134
129 135
129 137
129 138
129 139
129 140
129 143
129 145
129 148
129 102
129 104
129 105
129 107
129 108
129 109
129 110
129 115
129 116
129 118
129 119
129 120
129 122
129 123
129 125
129 127
130 131
130 133
130 134
130 135
130 136
130 138
130 139
130 140
130 142
130 143
130 145
130 148
130 149
130 100
130 101
130 102
130 105
130 106
130 107
130 109
130 111
130 113
130 114
130 115
130 118
130 121
130 122
130 124
130 127
130 345
131 134
131 135
131 136
131 138
131 142
131 144
131 145
131 149
131 102
131 104
131 105
131 107
131 108
131 111
131 115
131 122
131 123
131 124
131 125
131 127
132 134
132 135
132 136
132 139
132 141
132 142
132 145
132 146
132 147
132 148
132 149
132 100
132 101
132 104
132 110
132 112
132 114
132 115
132 116
132 119
132 120
132 121
132 122
132 123
132 124
132 125
132 127
133 134
133 135
133 137
133 138
133 140
133 141
133 142
133 144
133 145
133 148
133 100
133 105
133 106
133 108
133 109
133 113
133 114
133 115
133 116
133 117
133 119
133 120
133 122
133 123
133 124
133 126
133 127
134 135
134 137
134 138
134 139
134 140
134 141
134 142
134 145
134 146
134 149
134 104
134 106
134 108
134 109
134 112
134 113
134 114
134 117
134 120
134 121
134 124
134 125
134 126
135 136
135 137
135 138
135 139
135 141
135 144
135 145
135 147
135 102
135 103
135 104
135 107
135 108
135 113
135 114
135 116
135 125
135 126
135 127
136 137
136 146
136 147
136 148
136 102
136 103
136 105
136 108
136 110
136 111
136 113
136 116
136 117
136 119
136 124
136 125
136 126
137 141
137 142
137 143
137 144
137 145
137 146
137 148
137 149
137 101
137 102
137 103
137 105
137 108
137 109
137 110
137 111
137 113
137 115
137 116
137 118
137 120
137 121
137 123
137 124
137 125
137 127
138 143
138 144
138 145
138 146
138 147
138 101
138 102
138 103
138 106
138 108
138 110
138 115
138 117
138 124
139 140
139 141
139 144
139 145
139 146
139 147
139 149
139 100
139 101
139 102
139 105
139 106
139 110
139 113
139 114
139 116
139 118
140 142
140 143
140 145
140 146
140 147
140 100
140 103
140 109
140 111
140 113
140 116
140 118
140 120
140 121
140 125
140 127
140 378
141 142
141 143
141 144
141 146
141 107
141 108
141 113
141 116
141 120
141 124
141 126
141 127
142 146
142 147
142 148
142 149
142 102
142 103
142 104
142 105
142 107
142 111
142 113
142 114
142 115
142 119
142 125
143 144
143 148
143 149
143 103
143 105
143 108
143 112
143 114
143 115
143 117
143 119
143 121
143 122
143 123
143 125
143 126
144 146
144 149
144 100
144 102
144 105
144 106
144 110
144 111
144 113
144 114
144 116
144 118
144 119
144 120
144 121
144 123
144 125
144 127
145 148
145 149
145 101
145 102
145 103
145 104
145 105
145 108
145 110
145 111
145 113
145 114
145 115
145 119
145 121
145 122
145 123
145 126
145 127
145 188
146 147
146 103
146 105
146 108
146 109
146 110
146 111
146 112
146 113
146 114
146 116
146 117
146 119
146 120
146 124
146 125
146 127
146 198
147 148
147 100
147 101
147 104
147 105
147 108
147 109
147 110
147 111
147 113
147 114
147 117
147 118
147 119
147 121
147 122
147 123
147 124
147 126
147 127
148 102
148 106
148 108
148 111
148 113
148 114
148 115
148 117
148 118
148 119
149 100
149 101
149 102
149 103
149 104
149 105
149 107
149 108
149 111
149 113
149 114
149 115
149 118
149 125
149 126
149 127
100 102
100 103
100 104
100 105
100 107
100 108
100 112
100 113
100 114
100 116
100 118
100 121
100 122
100 123
100 124
100 126
101 102
101 103
101 104
101 105
101 107
101 108
101 109
101 111
101 112
101 113
101 118
101 119
101 120
101 121
101 122
101 123
101 124
101 125
101 126
102 103
102 105
102 106
102 108
102 109
102 111
102 112
102 114
102 115
102 117
102 120
102 123
102 124
102 127
102 238
103 105
103 107
103 109
103 110
103 116
103 118
103 119
103 120
103 121
103 124
103 127
103 397
104 105
104 110
104 111
104 112
104 115
104 116
104 117
104 120
104 121
104 122
104 123
104 125
104 127
105 106
105 108
105 109
105 110
105 113
105 116
105 117
105 118
105 121
105 124
105 126
105 127
105 268
106 107
106 109
106 111
106 113
106 115
106 117
106 119
106 120
106 122
106 123
106 125
106 126
106 182
107 108
107 110
107 112
107 115
107 116
107 117
107 118
107 119
107 122
107 123
107 124
107 126
107 127
108 111
108 112
108 113
108 118
108 119
108 122
108 124
108 125
108 127
108 203
109 110
109 111
109 112
109 114
109 116
109 119
109 120
109 121
109 125
109 364
110 111
110 112
110 113
110 115
110 117
110 121
110 122
110 123
110 126
110 127
111 113
111 114
111 115
111 121
111 122
111 123
111 125
111 126
111 127
112 113
112 114
112 116
112 118
112 119
112 120
112 121
112 122
112 125
112 126
112 163
113 114
113 116
113 119
113 121
113 122
113 124
113 127
114 115
114 116
114 117
114 118
114 122
114 127
114 341
114 443
115 117
115 118
115 121
115 123
115 125
116 118
116 120
116 122
117 119
117 123
117 126
117 127
117 480
118 119
118 120
118 121
119 123
119 124
120 122
120 123
120 126
120 127
121 122
121 123
121 124
121 125
121 126
121 127
121 174
121 345
122 124
122 126
122 127
122 468
123 125
123 127
124 126
124 127
124 343
124 465
125 126
125 127
125 436
126 127
126 252
150 152
150 153
150 154
150 157
150 158
150 160
150 161
150 162
150 163
150 164
150 165
150 166
150 167
150 168
150 169
150 170
150 173
150 176
150 177
150 178
150 180
150 181
150 183
150 184
150 185
150 186
150 188
150 189
150 190
150 192
150 193
150 194
150 195
150 196
150 197
150 480
151 155
151 156
151 157
151 158
151 160
151 161
151 163
151 165
151 167
151 169
151 170
151 171
151 173
151 175
151 176
151 177
151 178
151 179
151 180
151 181
151 182
151 185
151 187
151 188
151 189
151 192
151 196
151 198
151 199
152 153
152 154
152 157
152 163
152 164
152 165
152 167
152 169
152 171
152 172
152 175
152 177
152 178
152 183
152 184
152 185
152 187
152 188
152 193
152 194
152 195
152 198
153 155
153 157
153 158
153 160
153 161
153 166
153 169
153 170
153 172
153 173
153 174
153 175
153 176
153 181
153 182
153 183
153 184
153 186
153 187
153 188
153 192
153 199
153 477
154 156
154 157
154 158
154 161
154 162
154 163
154 164
154 165
154 166
154 167
154 168
154 171
154 173
154 177
154 179
154 180
154 181
154 183
154 185
154 186
154 188
154 191
154 194
154 195
154 197
154 199
155 161
155 163
155 165
155 166
155 167
155 169
155 173
155 176
155 177
155 178
155 179
155 180
155 181
155 182
155 187
155 188
155 190
155 192
155 194
155 199
155 305
156 157
156 159
156 161
156 163
156 165
156 168
156 169
156 170
156 171
156 172
156 173
156 177
156 179
156 180
156 183
156 185
156 186
156 189
156 190
156 192
156 194
156 199
157 158
157 159
157 162
157 164
157 166
157 167
157 172
157 173
157 175
157 176
157 183
157 188
157 189
157 194
157 195
157 197
157 198
158 160
158 163
158 164
158 167
158 168
158 169
158 171
158 173
158 174
158 176
158 179
158 180
158 183
158 185
158 187
158 189
158 191
158 192
158 198
158 199
159 161
159 165
159 170
159 171
159 173
159 175
159 177
159 180
159 182
159 184
159 185
159 188
159 189
159 190
159 195
159 196
159 199
160 161
160 162
160 163
160 165
160 166
160 167
160 168
160 169
160 172
160 177
160 178
160 179
160 182
160 183
160 184
160 185
160 187
160 190
160 194
160 197
160 198
160 199
161 168
161 170
161 173
161 176
161 179
161 180
161 182
161 183
161 184
161 185
161 190
161 194
161 196
161 197
161 199
162 169
162 170
162 172
162 173
162 175
162 176
162 180
162 182
162 184
162 185
162 186
162 188
162 192
162 194
162 195
162 196
162 340
163 164
163 166
163 167
163 168
163 171
163 176
163 177
163 178
163 181
163 182
163 183
163 185
163 187
163 189
163 190
163 191
163 196
163 197
164 166
164 168
164 171
164 173
164 176
164 177
164 178
164 179
164 180
164 181
164 182
164 183
164 184
164 185
164 187
164 188
164 189
164 190
164 191
164 194
164 196
164 197
165 166
165 167
165 168
165 169
165 172
165 173
165 174
165 178
165 180
165 181
165 182
165 183
165 187
165 188
165 189
165 190
165 191
165 192
165 194
165 197
165 199
166 176
166 179
166 180
166 181
166 182
166 183
166 184
166 186
166 187
166 189
166 190
166 192
166 193
166 194
166 199
167 168
167 169
167 176
167 178
167 179
167 180
167 181
167 182
167 183
167 185
167 186
167 188
167 192
167 193
167 194
167 195
168 170
168 174
168 175
168 176
168 177
168 178
168 180
168 185
168 186
168 187
168 188
168 190
168 191
168 193
168 195
168 196
168 198
168 199
169 171
169 172
169 173
169 179
169 180
169 183
169 185
169 186
169 187
169 189
169 190
169 191
169 195
169 197
170 173
170 175
170 176
170 178
170 180
170 182
170 183
170 185
170 187
170 190
170 191
170 196
170 197
170 198
170 199
171 173
171 176
171 179
171 181
171 182
171 183
171 188
171 189
171 190
171 191
171 195
171 196
171 197
171 331
172 174
172 176
172 181
172 184
172 185
172 187
172 190
172 192
172 194
172 195
172 197
172 198
172 199
173 176
173 177
173 178
173 179
173 182
173 186
173 189
173 190
173 191
173 192
173 193
173 195
173 196
173 198
173 199
174 179
174 180
174 181
174 185
174 189
174 191
174 194
174 196
174 199
174 399
175 177
175 178
175 181
175 184
175 185
175 186
175 189
175 190
175 192
175 193
175 194
175 196
176 181
176 182
176 183
176 187
176 188
176 189
176 190
176 191
176 194
176 195
176 196
176 197
176 199
177 178
177 180
177 182
177 185
177 189
177 193
177 196
177 198
178 179
178 182
178 183
178 184
178 185
178 186
178 188
178 191
178 196
178 197
178 198
178 448
179 180
179 185
179 187
179 188
179 189
179 193
179 194
179 197
179 199
180 186
180 190
180 191
180 193
180 197
180 198
181 183
181 184
181 185
181 186
181 187
181 188
181 189
181 190
181 191
181 194
182 189
182 191
182 194
182 195
182 196
182 197
183 186
183 187
183 189
183 190
183 191
183 197
183 198
183 199
183 351
184 186
184 188
184 190
184 191
184 193
184 195
184 196
184 197
184 198
184 199
184 282
185 188
185 189
185 191
185 193
185 194
185 196
185 225
186 187
186 188
186 189
186 190
186 191
186 192
186 194
186 196
186 198
187 188
187 193
187 199
188 197
188 364
189 191
189 192
189 196
189 199
190 192
190 196
190 198
190 243
191 192
191 193
191 195
191 196
191 197
191 198
192 193
192 197
192 198
193 198
194 195
194 198
194 199
195 197
195 233
195 391
196 197
196 198
196 225
197 198
197 395
198 199
199 209
200 201
200 202
200 204
200 208
200 209
200 210
200 211
200 212
200 214
200 216
200 217
200 218
200 220
200 221
200 223
200 224
200 227
200 229
200 230
200 231
200 232
200 234
200 236
200 237
200 238
200 241
200 244
200 245
200 246
200 248
200 249
201 203
201 204
201 207
201 208
201 209
201 212
201 214
201 215
201 219
201 223
201 224
201 225
201 229
201 231
201 233
201 234
201 235
201 238
201 240
201 241
201 242
201 243
201 244
201 248
201 249
201 454
202 203
202 204
202 206
202 211
202 212
202 215
202 216
202 217
202 219
202 222
202 224
202 225
202 228
202 230
202 231
202 235
202 237
202 239
202 240
202 245
202 246
202 247
202 249
203 204
203 208
203 210
203 211
203 213
203 216
203 217
203 220
203 221
203 222
203 225
203 229
203 233
203 234
203 235
203 236
203 238
203 240
203 241
203 242
203 245
203 248
203 249
204 209
204 210
204 212
204 213
204 216
204 217
204 220
204 221
204 222
204 223
204 224
204 225
204 226
204 228
204 230
204 231
204 235
204 238
204 239
204 241
204 242
204 246
205 206
205 208
205 210
205 213
205 214
205 215
205 218
205 219
205 220
205 221
205 223
205 224
205 227
205 228
205 229
205 231
205 233
205 234
205 236
205 238
205 240
205 241
205 247
206 207
206 208
206 210
206 214
206 215
206 218
206 221
206 222
206 223
206 224
206 225
206 228
206 230
206 231
206 232
206 237
206 239
206 241
206 243
206 244
206 249
207 209
207 213
207 216
207 219
207 220
207 225
207 226
207 228
207 229
207 230
207 231
207 234
207 236
207 237
207 239
207 240
207 242
207 243
207 246
207 247
208 209
208 210
208 211
208 212
208 213
208 215
208 216
208 217
208 221
208 225
208 227
208 234
208 237
208 240
208 241
208 243
208 244
208 246
208 248
209 211
209 214
209 216
209 220
209 224
209 225
209 226
209 228
209 231
209 234
209 235
209 237
209 239
209 240
209 241
209 242
209 244
209 245
209 246
209 248
210 211
210 212
210 214
210 216
210 217
210 219
210 220
210 222
210 223
210 224
210 226
210 227
210 228
210 229
210 230
210 240
210 244
210 247
210 248
210 249
211 213
211 214
211 215
211 218
211 219
211 220
211 221
211 223
211 224
211 225
211 226
211 228
211 230
211 233
211 237
211 241
211 242
211 243
211 245
211 246
211 247
211 248
212 214
212 217
212 218
212 221
212 222
212 223
212 224
212 226
212 228
212 229
212 232
212 234
212 240
212 241
212 242
212 243
212 244
212 245
212 246
212 248
213 218
213 219
213 220
213 221
213 224
213 225
213 226
213 227
213 230
213 233
213 236
213 241
213 242
213 243
213 244
213 245
213 246
213 247
213 249
214 215
214 216
214 220
214 223
214 225
214 226
214 227
214 228
214 231
214 232
214 233
214 235
214 236
214 237
214 238
214 239
214 241
214 242
214 246
214 247
215 216
215 217
215 218
215 219
215 220
215 222
215 223
215 227
215 228
215 229
215 237
215 238
215 244
216 219
216 220
216 223
216 227
216 230
216 233
216 234
216 240
216 241
216 242
216 243
216 244
216 246
217 218
217 221
217 223
217 224
217 227
217 228
217 229
217 230
217 232
217 234
217 235
217 239
217 242
217 244
217 245
217 248
217 249
218 219
218 221
218 222
218 223
218 224
218 225
218 226
218 227
218 228
218 230
218 231
218 232
218 234
218 236
218 238
218 239
218 240
218 242
218 247
218 430
219 220
219 221
219 223
219 224
219 225
219 226
219 228
219 232
219 233
219 234
219 237
219 238
219 240
219 241
219 243
219 244
219 245
219 246
219 248
220 221
220 222
220 224
220 227
220 229
220 230
220 231
220 233
220 234
220 239
220 242
220 244
220 245
220 246
220 248
220 488
221 225
221 229
221 232
221 233
221 240
221 242
221 244
221 249
221 318
221 329
222 224
222 228
222 230
222 232
222 233
222 234
222 237
222 239
222 240
222 245
222 247
223 226
223 227
223 228
223 229
223 230
223 232
223 233
223 234
223 236
223 239
223 240
223 241
223 247
223 248
223 249
224 227
224 228
224 229
224 230
224 231
224 232
224 235
224 237
224 239
224 240
224 242
224 243
224 244
224 245
224 247
225 226
225 229
225 230
225 231
225 233
225 234
225 236
225 241
225 242
225 243
225 245
225 248
225 249
226 234
226 236
226 238
226 240
226 243
226 245
226 248
226 249
227 231
227 232
227 233
227 234
227 235
227 236
227 238
227 240
227 241
227 242
227 243
227 245
227 246
227 311
228 229
228 231
228 233
228 234
228 235
228 238
228 239
228 240
228 243
228 248
228 249
228 305
229 231
229 232
229 233
229 234
229 236
229 238
229 239
229 240
229 241
229 242
229 244
229 245
229 246
229 248
229 249
230 231
230 233
230 236
230 240
230 242
230 244
230 245
230 247
230 248
230 249
231 232
231 233
231 235
231 237
231 238
231 244
231 245
231 249
232 233
232 236
232 237
232 238
232 240
232 242
232 243
232 245
232 246
232 249
233 235
233 237
233 238
233 239
233 242
233 243
234 236
234 237
234 238
234 240
234 241
234 243
234 247
234 248
234 253
234 498
235 237
235 238
235 239
235 240
235 241
235 242
235 244
235 245
235 246
235 248
235 249
235 332
236 237
236 239
236 242
236 243
236 246
236 285
237 238
237 239
237 242
237 243
237 244
237 247
238 240
238 242
238 243
238 244
238 245
238 249
239 240
239 241
239 243
239 244
239 245
239 246
240 241
240 242
240 245
240 246
240 247
240 248
240 249
241 242
241 244
241 245
241 246
241 247
241 249
242 245
242 249
242 252
243 246
243 249
244 246
245 247
245 248
245 249
246 249
248 249
256 260
256 262
256 263
256 265
256 266
256 268
256 271
256 275
256 276
256 277
256 279
256 282
256 288
256 289
256 291
256 294
256 295
256 298
256 253
256 254
256 255
257 260
257 261
257 264
257 265
257 267
257 268
257 269
257 270
257 276
257 280
257 282
257 283
257 287
257 289
257 290
257 291
257 292
257 293
257 294
257 295
257 298
257 299
257 250
257 252
257 253
258 260
258 262
258 263
258 265
258 269
258 270
258 271
258 272
258 273
258 275
258 277
258 279
258 281
258 282
258 283
258 284
258 285
258 290
258 291
258 293
258 299
258 252
258 253
258 255
259 260
259 261
259 263
259 265
259 266
259 267
259 273
259 275
259 277
259 284
259 287
259 288
259 289
259 291
259 292
259 294
259 295
259 296
259 297
259 299
259 252
259 254
259 487
260 261
260 262
260 264
260 266
260 267
260 269
260 270
260 271
260 272
260 273
260 277
260 279
260 280
260 282
260 283
260 284
260 286
260 288
260 289
260 293
260 294
260 295
260 297
260 298
260 251
260 252
261 262
261 263
261 267
261 268
261 270
261 274
261 275
261 277
261 278
261 280
261 281
261 282
261 284
261 287
261 290
261 291
261 292
261 293
261 294
261 295
261 296
261 298
261 299
261 251
261 252
261 253
261 254
261 255
262 264
262 268
262 269
262 271
262 273
262 275
262 276
262 279
262 280
262 284
262 287
262 288
262 290
262 291
262 292
262 293
262 295
262 296
262 297
262 298
262 299
262 250
262 251
262 252
262 253
262 254
262 255
263 267
263 268
263 269
263 271
263 272
263 273
263 274
263 278
263 279
263 280
263 282
263 283
263 285
263 286
263 287
263 288
263 289
263 292
263 293
263 294
263 295
263 298
263 251
263 252
263 253
263 254
264 265
264 266
264 269
264 270
264 272
264 274
264 275
264 276
264 277
264 278
264 279
264 280
264 281
264 283
264 285
264 286
264 287
264 289
264 290
264 292
264 295
264 297
264 250
264 254
264 255
265 266
265 267
265 270
265 272
265 276
265 278
265 279
265 280
265 281
265 286
265 289
265 293
265 294
265 297
265 298
265 252
265 253
265 255
266 269
266 271
266 272
266 273
266 276
266 277
266 280
266 282
266 285
266 291
266 292
266 293
266 294
266 296
266 251
266 253
266 254
267 269
267 273
267 274
267 277
267 279
267 281
267 284
267 288
267 289
267 291
267 293
267 296
267 297
267 250
267 252
268 270
268 273
268 277
268 278
268 280
268 281
268 284
268 285
268 286
268 289
268 291
268 292
268 293
268 295
268 252
268 253
269 270
269 272
269 275
269 277
269 278
269 279
269 282
269 283
269 287
269 288
269 289
269 291
269 295
269 297
269 299
269 251
270 274
270 275
270 277
270 278
270 279
270 286
270 287
270 289
270 290
270 292
270 293
270 297
270 298
270 299
270 250
270 253
270 254
271 276
271 278
271 279
271 281
271 282
271 283
271 284
271 286
271 287
271 288
271 292
271 293
271 296
271 297
271 298
271 299
271 251
271 252
271 255
271 311
272 274
272 276
272 278
272 281
272 282
272 284
272 287
272 288
272 290
272 293
272 294
272 295
272 297
272 299
272 250
272 252
272 253
272 254
273 276
273 277
273 281
273 282
273 285
273 288
273 289
273 291
273 292
273 296
273 297
273 251
273 252
274 275
274 276
274 277
274 280
274 281
274 282
274 284
274 288
274 292
274 294
274 296
274 297
274 253
274 254
274 255
275 276
275 279
275 280
275 281
275 282
275 285
275 287
275 289
275 295
275 296
275 298
275 299
275 250
275 252
275 254
275 255
275 452
275 480
276 279
276 280
276 282
276 284
276 286
276 287
276 288
276 289
276 290
276 292
276 293
276 296
276 297
276 298
276 253
276 255
277 278
277 281
277 284
277 285
277 286
277 288
277 290
277 291
277 292
277 293
277 296
277 298
277 250
277 255
278 280
278 281
278 282
278 283
278 284
278 285
278 286
278 288
278 289
278 291
278 292
278 294
278 299
278 251
278 252
278 253
279 281
279 282
279 283
279 290
279 293
279 294
279 295
279 296
279 250
279 252
279 253
280 281
280 283
280 284
280 285
280 286
280 287
280 288
280 292
280 293
280 294
280 297
280 298
280 299
280 250
280 251
280 253
280 255
281 282
281 285
281 288
281 289
281 291
281 293
281 298
281 254
282 287
282 289
282 293
282 294
282 296
282 299
282 251
282 252
282 253
283 284
283 286
283 287
283 288
283 289
283 291
283 295
283 296
283 297
283 250
283 251
283 252
283 253
283 254
283 368
284 285
284 288
284 289
284 291
284 296
284 298
284 299
284 250
284 253
284 254
284 255
285 290
285 291
285 292
285 297
285 298
285 251
285 254
285 255
285 487
286 287
286 289
286 290
286 291
286 292
286 293
286 296
286 297
286 298
286 299
286 250
286 251
286 252
286 253
286 254
287 290
287 292
287 293
287 294
287 297
287 299
287 251
287 252
287 253
287 254
287 255
288 289
288 291
288 293
288 294
288 295
288 298
288 250
288 255
289 290
289 294
289 295
289 296
289 297
289 299
289 250
289 251
289 252
289 253
290 291
290 293
290 296
290 298
290 299
290 251
290 252
290 253
290 254
291 292
291 296
291 299
291 252
291 255
292 294
292 295
292 299
292 252
292 253
293 297
293 253
293 255
294 295
294 296
294 298
294 252
294 253
295 296
295 297
295 250
295 252
296 297
296 298
296 299
296 251
296 252
296 254
297 298
297 299
297 250
297 252
297 255
298 251
298 255
299 254
299 255
299 303
250 253
250 381
251 252
252 254
252 397
253 254
254 255
300 301
300 304
300 306
300 307
300 308
300 312
300 316
300 318
300 322
300 323
300 329
300 332
300 336
300 340
300 341
300 345
300 347
300 349
301 303
301 305
301 306
301 307
301 309
301 311
301 313
301 314
301 315
301 316
301 317
301 319
301 321
301 322
301 323
301 325
301 326
301 327
301 329
301 333
301 334
301 335
301 336
301 337
301 339
301 340
301 348
301 349
302 306
302 309
302 310
302 311
302 312
302 314
302 316
302 318
302 319
302 322
302 326
302 327
302 329
302 330
302 331
302 332
302 334
302 336
302 337
302 339
302 342
302 343
302 345
302 346
303 304
303 307
303 308
303 309
303 310
303 312
303 313
303 315
303 316
303 320
303 321
303 323
303 324
303 326
303 333
303 334
303 335
303 336
303 338
303 339
303 340
303 345
303 349
304 306
304 307
304 310
304 311
304 312
304 313
304 314
304 315
304 321
304 323
304 324
304 326
304 328
304 329
304 330
304 331
304 332
304 333
304 334
304 335
304 336
304 338
304 340
304 342
304 349
305 306
305 307
305 311
305 313
305 316
305 319
305 322
305 325
305 327
305 328
305 330
305 331
305 332
305 333
305 334
305 335
305 338
305 339
306 308
306 312
306 313
306 315
306 316
306 317
306 318
306 319
306 321
306 322
306 328
306 329
306 330
306 332
306 333
306 334
306 337
306 338
306 339
306 341
306 342
306 344
306 345
306 346
306 348
306 349
307 309
307 310
307 311
307 316
307 317
307 318
307 324
307 325
307 326
307 328
307 331
307 333
307 337
307 339
307 340
307 343
307 349
307 399
308 309
308 311
308 312
308 313
308 315
308 317
308 318
308 319
308 321
308 322
308 328
308 329
308 330
308 334
308 335
308 336
308 337
308 341
308 342
308 343
308 345
308 346
308 347
309 312
309 314
309 318
309 321
309 322
309 324
309 328
309 330
309 333
309 339
309 341
309 342
309 343
309 344
309 345
309 346
309 347
309 348
309 349
310 313
310 314
310 315
310 319
310 320
310 321
310 323
310 325
310 328
310 329
310 330
310 333
310 334
310 336
310 337
310 338
310 341
310 343
310 344
310 345
311 312
311 313
311 315
311 317
311 318
311 319
311 322
311 325
311 329
311 336
311 338
311 341
311 342
311 345
311 347
311 439
312 314
312 315
312 317
312 320
312 322
312 323
312 326
312 327
312 328
312 329
312 330
312 331
312 332
312 334
312 336
312 338
312 339
312 342
312 343
312 345
312 347
313 314
313 316
313 317
313 318
313 322
313 323
313 324
313 326
313 331
313 332
313 334
313 337
313 338
313 339
313 341
313 342
313 344
313 346
313 347
314 317
314 318
314 320
314 321
314 322
314 324
314 325
314 328
314 329
314 330
314 331
314 332
314 334
314 336
314 341
314 343
314 346
314 347
314 349
315 317
315 320
315 321
315 322
315 323
315 325
315 326
315 328
315 331
315 332
315 335
315 336
315 339
315 340
315 342
315 343
315 344
315 345
315 346
315 347
315 349
316 317
316 321
316 325
316 329
316 331
316 341
316 342
316 345
316 346
317 318
317 322
317 323
317 325
317 326
317 329
317 335
317 336
317 337
317 340
317 346
317 347
318 319
318 320
318 321
318 325
318 326
318 327
318 331
318 333
318 335
318 336
318 342
318 345
318 346
318 348
318 413
318 417
319 321
319 326
319 329
319 331
319 332
319 334
319 336
319 337
319 339
319 342
319 343
319 344
319 346
319 347
320 321
320 322
320 323
320 326
320 328
320 329
320 330
320 333
320 335
320 337
320 342
320 343
320 344
320 345
320 347
320 348
321 322
321 324
321 325
321 326
321 327
321 328
321 329
321 331
321 333
321 336
321 337
321 343
321 345
321 346
321 347
321 348
321 349
321 385
322 323
322 324
322 326
322 328
322 330
322 331
322 335
322 338
322 339
322 341
322 343
322 344
322 345
322 349
323 324
323 325
323 326
323 327
323 328
323 331
323 332
323 333
323 335
323 336
323 337
323 338
323 340
323 342
323 343
323 345
323 348
323 349
324 325
324 326
324 328
324 329
324 339
324 342
324 343
324 345
324 348
324 450
325 326
325 327
325 329
325 332
325 333
325 334
325 335
325 336
325 337
325 338
325 339
325 340
325 342
325 344
325 346
325 347
325 348
325 349
326 327
326 328
326 331
326 332
326 335
326 336
326 338
326 340
326 341
326 342
326 346
327 328
327 329
327 331
327 334
327 337
327 338
327 339
327 340
327 342
327 344
327 345
327 347
327 349
328 331
328 333
328 337
328 341
328 343
328 344
328 345
328 346
328 348
328 434
329 331
329 334
329 335
329 336
329 338
329 340
329 341
329 345
329 347
329 455
330 331
330 333
330 334
330 335
330 336
330 338
330 340
330 341
330 342
330 343
330 345
330 348
330 349
331 332
331 333
331 334
331 335
331 336
331 340
331 341
331 343
331 347
331 348
331 349
332 334
332 336
332 337
332 338
332 339
332 343
332 344
332 348
332 349
333 335
333 338
333 341
333 343
333 344
333 349
334 339
334 340
334 341
334 343
334 344
334 347
334 349
335 336
335 338
335 339
335 341
335 342
335 343
335 348
335 349
336 339
336 340
336 341
336 344
336 345
336 349
337 338
337 339
337 343
337 344
337 345
337 347
337 348
338 339
338 344
338 347
338 348
338 349
339 340
339 341
339 342
339 345
339 349
340 341
340 342
340 344
340 347
340 348
340 411
341 342
341 343
341 346
341 349
342 343
342 344
342 348
342 349
343 348
344 345
344 348
345 347
345 348
345 349
346 348
346 349
347 348
349 372
384 386
384 387
384 389
384 393
384 394
384 396
384 397
384 398
384 399
384 350
384 351
384 352
384 354
384 356
384 357
384 359
384 361
384 362
384 365
384 374
384 375
384 376
384 377
384 379
384 380
384 381
384 382
384 383
385 387
385 388
385 389
385 391
385 392
385 393
385 399
385 353
385 354
385 355
385 360
385 361
385 362
385 363
385 364
385 365
385 366
385 367
385 368
385 373
385 374
385 375
385 376
385 377
385 381
385 382
386 387
386 388
386 389
386 390
386 350
386 353
386 354
386 356
386 358
386 363
386 364
386 366
386 368
386 369
386 370
386 373
386 374
386 375
386 376
386 377
386 378
386 379
386 380
386 381
386 382
386 383
387 388
387 390
387 391
387 393
387 395
387 397
387 398
387 399
387 352
387 353
387 355
387 356
387 357
387 361
387 363
387 367
387 368
387 370
387 371
387 373
387 374
387 376
387 378
387 379
387 381
387 383
388 389
388 390
388 392
388 397
388 352
388 354
388 355
388 356
388 359
388 362
388 363
388 365
388 368
388 370
388 372
388 374
388 376
388 378
388 380
388 381
388 382
389 391
389 392
389 394
389 396
389 397
389 399
389 351
389 352
389 353
389 354
389 355
389 358
389 360
389 361
389 362
389 364
389 365
389 366
389 369
389 371
389 374
389 381
389 382
389 383
389 449
389 479
390 392
390 393
390 394
390 397
390 398
390 352
390 353
390 355
390 357
390 359
390 360
390 361
390 363
390 364
390 365
390 366
390 367
390 368
390 376
390 377
390 378
390 379
390 381
391 392
391 393
391 395
391 399
391 352
391 353
391 355
391 356
391 357
391 359
391 361
391 362
391 364
391 365
391 366
391 370
391 371
391 373
391 375
391 378
391 379
391 380
391 382
391 383
392 393
392 397
392 398
392 350
392 351
392 352
392 353
392 354
392 355
392 356
392 358
392 363
392 368
392 369
392 370
392 372
392 373
392 374
392 375
392 377
392 379
392 380
392 381
392 382
392 383
393 395
393 397
393 399
393 352
393 355
393 359
393 360
393 361
393 362
393 363
393 364
393 365
393 367
393 371
393 373
393 375
393 377
393 378
393 379
393 381
393 382
394 396
394 398
394 350
394 355
394 356
394 357
394 360
394 367
394 368
394 369
394 373
394 374
394 375
394 376
394 377
394 378
394 380
394 381
395 396
395 397
395 398
395 399
395 350
395 351
395 354
395 356
395 360
395 361
395 364
395 365
395 367
395 368
395 369
395 370
395 372
395 373
395 377
395 380
395 381
395 383
396 398
396 352
396 354
396 355
396 356
396 357
396 358
396 360
396 362
396 366
396 367
396 368
396 370
396 374
396 376
396 378
396 381
396 382
396 383
397 398
397 353
397 361
397 362
397 365
397 366
397 373
397 374
397 375
397 376
397 378
397 380
397 381
397 382
397 383
398 399
398 350
398 353
398 355
398 358
398 360
398 361
398 362
398 363
398 365
398 368
398 369
398 370
398 371
398 372
398 374
398 377
398 379
398 381
399 354
399 361
399 362
399 363
399 364
399 366
399 367
399 368
399 374
399 375
399 376
399 377
350 354
350 355
350 357
350 358
350 360
350 361
350 364
350 365
350 368
350 370
350 373
350 374
350 376
350 379
350 380
350 401
351 352
351 353
351 354
351 356
351 357
351 361
351 363
351 364
351 365
351 367
351 368
351 369
351 372
351 373
351 376
351 381
351 383
352 354
352 356
352 358
352 362
352 364
352 365
352 366
352 368
352 369
352 370
352 372
352 373
352 374
352 375
352 377
352 381
352 382
352 383
352 482
353 355
353 356
353 358
353 359
353 361
353 362
353 366
353 367
353 374
353 375
353 376
353 378
353 379
354 357
354 358
354 360
354 362
354 363
354 364
354 365
354 366
354 368
354 369
354 372
354 380
354 381
354 382
355 356
355 361
355 362
355 364
355 365
355 368
355 369
355 372
355 373
355 374
355 377
355 378
355 379
355 380
355 381
355 382
355 383
356 357
356 360
356 361
356 362
356 365
356 367
356 368
356 369
356 371
356 373
356 374
356 375
356 376
356 377
356 379
356 381
356 383
356 415
356 448
357 359
357 360
357 362
357 365
357 366
357 368
357 369
357 371
357 373
357 375
357 376
357 378
357 379
357 380
357 381
357 382
358 359
358 360
358 361
358 367
358 368
358 370
358 371
358 372
358 373
358 374
358 376
358 379
358 380
358 381
358 382
358 383
359 360
359 362
359 363
359 365
359 373
359 380
359 381
359 383
360 362
360 364
360 365
360 366
360 367
360 368
360 370
360 372
360 373
360 374
360 375
360 376
360 377
360 378
360 379
360 381
360 382
361 362
361 363
361 366
361 367
361 370
361 374
361 375
361 377
361 381
361 383
362 363
362 365
362 367
362 370
362 375
362 377
362 378
362 380
362 381
362 383
363 364
363 365
363 367
363 369
363 370
363 371
363 372
363 374
363 375
363 376
364 366
364 367
364 368
364 369
364 370
364 371
364 375
364 379
364 380
364 381
364 383
365 366
365 367
365 370
365 371
365 372
365 374
365 379
365 382
365 383
366 367
366 368
366 370
366 372
366 373
366 374
366 375
366 376
366 377
366 378
366 383
367 372
367 375
367 377
367 379
367 380
367 381
367 383
368 369
368 370
368 372
368 374
368 375
368 376
368 377
368 378
368 379
368 381
368 382
368 383
369 373
369 378
369 383
369 451
370 374
370 375
370 376
370 378
370 379
370 380
370 381
370 383
371 374
371 378
371 379
371 381
372 374
372 376
372 377
372 379
372 382
373 374
373 376
373 377
373 378
373 382
374 376
374 377
374 381
374 382
375 378
375 380
375 381
376 378
376 379
377 380
377 381
377 383
378 382
378 383
379 381
379 382
380 381
380 447
380 494
381 383
382 383
400 405
400 406
400 407
400 409
400 412
400 414
400 415
400 419
400 421
400 425
400 428
400 430
400 431
400 434
400 435
400 438
400 440
400 441
400 444
400 445
400 446
400 448
400 449
401 412
401 413
401 416
401 421
401 427
401 428
401 429
401 431
401 432
401 433
401 434
401 435
401 436
401 438
401 439
401 441
401 442
401 443
401 448
401 449
402 405
402 406
402 407
402 408
402 411
402 412
402 414
402 415
402 417
402 420
402 424
402 426
402 428
402 429
402 431
402 432
402 434
402 438
402 442
402 444
402 446
402 449
403 404
403 405
403 407
403 408
403 410
403 412
403 414
403 415
403 417
403 420
403 423
403 424
403 426
403 427
403 428
403 429
403 430
403 436
403 437
403 438
403 441
403 442
403 447
403 448
403 449
404 405
404 406
404 410
404 411
404 412
404 413
404 414
404 415
404 416
404 418
404 419
404 420
404 421
404 422
404 423
404 425
404 428
404 429
404 432
404 436
404 440
404 441
404 445
404 446
404 447
404 448
405 407
405 409
405 411
405 412
405 417
405 418
405 420
405 422
405 428
405 429
405 430
405 433
405 435
405 437
405 439
405 440
405 445
405 446
405 449
406 408
406 411
406 413
406 415
406 416
406 417
406 418
406 419
406 425
406 426
406 428
406 429
406 434
406 436
406 438
406 440
406 441
406 442
406 444
406 445
406 446
407 408
407 409
407 411
407 413
407 419
407 421
407 423
407 432
407 434
407 435
407 439
407 440
407 443
407 447
408 411
408 412
408 413
408 414
408 415
408 416
408 417
408 419
408 420
408 421
408 424
408 427
408 432
408 436
408 437
408 438
408 440
408 444
408 447
409 411
409 412
409 416
409 417
409 418
409 420
409 423
409 424
409 425
409 427
409 428
409 433
409 435
409 439
409 440
409 441
409 448
410 411
410 413
410 417
410 418
410 419
410 420
410 422
410 423
410 426
410 427
410 428
410 431
410 436
410 437
410 438
410 439
410 441
410 443
410 445
410 446
410 447
410 448
411 412
411 413
411 414
411 419
411 420
411 422
411 427
411 429
411 431
411 434
411 435
411 436
411 439
411 441
411 443
411 444
411 445
411 447
411 448
411 449
412 415
412 419
412 420
412 422
412 429
412 430
412 431
412 432
412 436
412 438
412 439
412 440
412 443
412 445
412 447
412 448
413 418
413 419
413 420
413 421
413 423
413 424
413 425
413 427
413 429
413 430
413 431
413 433
413 438
413 439
413 442
413 444
413 445
413 446
413 449
414 415
414 417
414 419
414 421
414 422
414 423
414 424
414 426
414 429
414 430
414 431
414 432
414 434
414 436
414 441
414 442
414 443
414 445
414 446
414 447
415 416
415 418
415 419
415 420
415 422
415 424
415 426
415 427
415 428
415 430
415 431
415 432
415 435
415 438
415 439
415 440
415 441
415 444
415 446
416 417
416 420
416 425
416 426
416 427
416 428
416 430
416 431
416 432
416 433
416 434
416 435
416 438
416 439
416 442
416 443
416 447
416 448
416 449
417 418
417 419
417 421
417 425
417 430
417 431
417 432
417 436
417 439
417 442
417 443
417 444
417 447
417 448
418 419
418 420
418 421
418 422
418 423
418 429
418 431
418 435
418 439
418 443
418 444
419 420
419 422
419 423
419 424
419 426
419 430
419 432
419 433
419 435
419 436
419 438
419 439
419 441
419 442
419 446
419 447
420 423
420 426
420 428
420 430
420 433
420 434
420 437
420 438
420 440
420 441
420 442
420 443
420 444
420 445
420 446
420 448
420 449
421 426
421 428
421 429
421 430
421 431
421 433
421 434
421 437
421 440
421 442
421 444
421 446
421 447
421 449
422 423
422 424
422 427
422 428
422 432
422 436
422 437
422 439
422 440
422 441
422 442
422 446
423 428
423 430
423 433
423 434
423 439
423 443
423 445
423 446
424 426
424 427
424 428
424 429
424 431
424 433
424 438
424 439
424 442
424 443
424 448
424 449
425 430
425 431
425 434
425 439
425 440
425 441
425 443
425 447
425 448
426 427
426 428
426 430
426 432
426 433
426 436
426 438
426 439
426 441
426 444
426 445
426 446
426 448
426 449
427 429
427 431
427 432
427 434
427 436
427 438
427 440
427 444
427 445
427 446
427 447
427 448
428 431
428 432
428 433
428 434
428 435
428 436
428 438
428 439
428 440
428 445
428 447
428 448
428 449
429 430
429 433
429 435
429 437
429 438
429 440
429 442
429 443
429 444
429 445
429 448
430 431
430 433
430 434
430 435
430 436
430 438
430 440
430 443
430 445
430 446
430 448
430 449
431 432
431 433
431 434
431 438
431 439
431 440
431 441
431 442
431 446
432 440
432 441
432 444
432 445
433 436
433 437
433 438
433 439
433 440
433 444
433 446
433 447
434 441
434 443
434 444
434 449
435 439
435 440
435 444
435 445
435 446
435 447
435 449
436 437
436 440
436 441
436 444
436 445
436 449
437 438
437 439
437 440
437 446
437 447
437 449
438 441
438 442
438 443
438 444
438 445
438 446
439 441
439 446
439 448
440 441
440 442
440 443
440 444
440 448
441 442
441 446
441 448
442 443
442 445
442 446
442 447
442 448
442 449
443 444
443 449
444 446
444 447
445 447
445 448
446 447
447 448
450 451
450 452
450 453
450 454
450 457
450 459
450 460
450 463
450 464
450 465
450 466
450 467
450 468
450 469
450 470
450 473
450 475
450 477
450 478
450 479
450 481
450 482
450 484
450 488
450 489
450 490
450 492
450 494
450 496
450 497
450 499
451 452
451 454
451 456
451 457
451 459
451 462
451 464
451 466
451 468
451 469
451 470
451 472
451 476
451 481
451 482
451 483
451 484
451 485
451 486
451 487
451 492
451 493
452 457
452 458
452 464
452 465
452 466
452 468
452 471
452 474
452 475
452 477
452 478
452 479
452 480
452 481
452 483
452 485
452 487
452 489
452 490
452 492
452 495
452 496
452 498
453 455
453 456
453 457
453 459
453 461
453 462
453 465
453 467
453 470
453 473
453 474
453 477
453 481
453 484
453 485
453 487
453 492
453 493
453 497
453 498
453 499
454 457
454 461
454 462
454 463
454 467
454 468
454 469
454 471
454 474
454 475
454 476
454 478
454 481
454 485
454 486
454 487
454 489
454 490
454 491
454 492
454 494
454 495
454 497
454 498
454 499
455 458
455 466
455 469
455 470
455 478
455 483
455 491
455 492
455 493
455 495
455 496
455 497
456 459
456 461
456 462
456 464
456 467
456 471
456 472
456 475
456 477
456 481
456 482
456 485
456 487
456 493
456 494
456 496
456 498
457 458
457 459
457 461
457 464
457 466
457 467
457 468
457 469
457 476
457 477
457 479
457 483
457 486
457 488
457 490
457 492
457 494
457 496
457 498
458 459
458 461
458 462
458 463
458 464
458 466
458 467
458 468
458 475
458 476
458 478
458 480
458 481
458 482
458 483
458 484
458 485
458 486
458 487
458 489
458 490
458 491
458 492
458 493
458 494
458 495
458 496
458 497
459 460
459 461
459 463
459 468
459 469
459 471
459 473
459 474
459 477
459 478
459 480
459 483
459 485
459 487
459 490
459 493
459 495
459 497
459 498
459 499
460 461
460 463
460 464
460 465
460 468
460 469
460 470
460 471
460 475
460 479
460 480
460 482
460 483
460 485
460 486
460 487
460 490
460 491
460 492
460 494
460 495
460 498
460 499
461 462
461 464
461 469
461 470
461 474
461 475
461 477
461 478
461 480
461 482
461 483
461 485
461 486
461 487
461 492
461 493
461 495
461 498
462 463
462 465
462 467
462 469
462 470
462 471
462 472
462 474
462 476
462 477
462 484
462 485
462 487
462 489
462 490
462 492
462 494
462 496
463 466
463 467
463 468
463 469
463 470
463 471
463 472
463 473
463 475
463 476
463 479
463 481
463 483
463 484
463 485
463 488
463 491
463 492
463 493
463 495
463 496
463 498
464 465
464 467
464 473
464 480
464 482
464 486
464 489
464 490
464 493
464 496
464 497
464 499
465 466
465 467
465 468
465 472
465 473
465 474
465 475
465 476
465 479
465 480
465 482
465 483
465 485
465 486
465 487
465 489
465 493
465 494
465 497
465 498
466 467
466 468
466 471
466 474
466 475
466 476
466 477
466 478
466 481
466 484
466 490
466 491
466 493
466 494
466 495
466 496
466 497
466 498
466 499
467 468
467 470
467 474
467 475
467 476
467 477
467 480
467 481
467 483
467 487
467 489
467 490
467 491
467 492
467 494
467 495
467 498
468 469
468 470
468 474
468 475
468 478
468 479
468 480
468 483
468 484
468 486
468 489
468 492
468 493
468 494
468 495
468 496
468 497
469 474
469 475
469 477
469 479
469 482
469 483
469 484
469 485
469 487
469 488
469 490
469 492
469 493
469 494
469 495
470 471
470 473
470 474
470 476
470 477
470 478
470 480
470 481
470 483
470 485
470 486
470 488
470 491
470 493
470 496
470 497
470 498
470 499
471 473
471 474
471 475
471 476
471 477
471 479
471 482
471 483
471 486
471 487
471 488
471 492
471 493
471 494
471 499
472 473
472 474
472 475
472 476
472 477
472 480
472 481
472 482
472 487
472 490
472 492
472 493
472 495
472 497
472 498
473 474
473 475
473 477
473 480
473 481
473 482
473 483
473 485
473 486
473 488
473 492
473 494
473 497
473 498
473 499
474 475
474 476
474 478
474 479
474 482
474 483
474 484
474 485
474 488
474 489
474 491
474 492
474 493
474 494
474 499
475 476
475 477
475 479
475 481
475 482
475 484
475 485
475 486
475 489
475 490
475 492
475 493
475 494
475 497
475 499
476 477
476 478
476 480
476 483
476 486
476 491
476 492
476 493
476 494
476 495
476 496
476 497
476 499
477 479
477 481
477 483
477 484
477 485
477 489
477 490
477 492
477 493
477 496
477 498
477 499
478 481
478 483
478 488
478 489
478 491
478 493
478 498
479 481
479 484
479 487
479 490
479 493
479 494
479 495
479 496
479 498
479 499
480 483
480 487
480 488
480 489
480 495
480 496
480 497
481 483
481 484
481 486
481 487
481 488
481 491
481 492
481 494
481 495
481 497
481 498
481 499
482 486
482 488
482 493
482 496
482 498
483 484
483 485
483 490
483 493
483 494
483 496
483 498
483 499
484 487
484 493
484 494
484 495
484 499
485 486
485 488
485 489
485 491
485 497
485 498
486 487
486 488
486 492
486 493
486 494
486 496
486 499
487 488
487 490
487 492
487 495
487 496
487 499
488 489
488 490
488 491
488 492
488 493
488 495
488 496
488 498
488 499
489 490
489 491
489 493
489 495
489 497
489 498
489 499
490 491
490 492
490 493
490 494
490 495
490 498
490 499
491 494
491 497
491 499
492 493
492 494
492 496
493 497
493 498
493 499
494 495
494 496
494 498
494 499
495 496
495 497
495 498
495 499
496 497
496 498
496 499
497 499
