0 2
0 3
0 4
0 5
0 7
0 9
0 11
0 12
0 13
0 19
0 20
0 21
0 24
0 25
0 26
0 27
0 28
0 29
0 32
0 33
0 34
0 35
0 37
0 38
0 41
0 43
0 46
0 47
0 48
0 74
0 92
0 151
0 200
0 216
0 447
0 498
1 3
1 5
1 6
1 7
1 8
1 11
1 12
1 13
1 14
1 16
1 18
1 20
1 21
1 22
1 23
1 25
1 29
1 33
1 35
1 37
1 40
1 43
1 45
1 48
1 49
1 351
2 3
2 4
2 5
2 6
2 8
2 10
2 11
2 13
2 16
2 18
2 19
2 20
2 22
2 24
2 28
2 29
2 31
2 32
2 34
2 36
2 37
2 38
2 41
2 45
2 46
2 47
2 48
2 49
2 200
2 248
2 393
2 377
2 407
2 493
3 6
3 8
3 9
3 10
3 11
3 12
3 14
3 16
3 18
3 19
3 20
3 21
3 23
3 24
3 25
3 26
3 27
3 29
3 30
3 31
3 34
3 35
3 36
3 37
3 38
3 39
3 44
3 48
3 197
3 201
4 5
4 6
4 7
4 8
4 9
4 11
4 12
4 13
4 14
4 15
4 16
4 17
4 18
4 22
4 23
4 24
4 25
4 29
4 30
4 31
4 33
4 34
4 36
4 39
4 40
4 41
4 44
4 45
4 74
4 116
4 153
4 255
4 315
5 6
5 7
5 8
5 9
5 10
5 11
5 12
5 13
5 15
5 16
5 17
5 18
5 21
5 22
5 23
5 25
5 26
5 27
5 28
5 29
5 30
5 31
5 35
5 39
5 40
5 42
5 44
5 45
5 46
5 47
5 48
5 49
5 133
5 390
5 394
5 434
6 10
6 13
6 14
6 16
6 17
6 21
6 22
6 23
6 24
6 25
6 27
6 28
6 29
6 30
6 31
6 32
6 33
6 37
6 40
6 41
6 45
6 46
6 47
6 49
6 103
6 181
6 185
6 248
6 268
6 324
6 374
7 8
7 9
7 10
7 13
7 14
7 15
7 18
7 24
7 25
7 26
7 31
7 33
7 36
7 37
7 40
7 41
7 45
7 47
7 48
7 49
7 121
7 124
7 299
7 330
7 411
8 9
8 12
8 15
8 16
8 18
8 19
8 20
8 21
8 22
8 24
8 25
8 27
8 30
8 31
8 32
8 33
8 34
8 35
8 38
8 39
8 41
8 42
8 43
8 45
8 49
8 67
8 133
8 140
8 156
8 347
8 391
8 397
8 433
8 497
9 10
9 11
9 13
9 16
9 19
9 20
9 22
9 23
9 24
9 25
9 28
9 29
9 30
9 31
9 34
9 36
9 37
9 38
9 40
9 42
9 43
9 44
9 45
9 46
9 47
9 131
9 132
9 188
9 377
9 482
10 12
10 14
10 15
10 18
10 19
10 20
10 22
10 24
10 25
10 26
10 27
10 28
10 32
10 34
10 35
10 38
10 39
10 42
10 43
10 45
10 47
10 48
10 49
10 156
10 191
10 198
10 261
10 252
10 311
11 12
11 14
11 17
11 18
11 19
11 20
11 22
11 23
11 25
11 26
11 31
11 32
11 33
11 34
11 35
11 36
11 39
11 40
11 42
11 43
11 44
11 46
11 49
11 218
11 304
11 305
11 395
12 13
12 14
12 16
12 18
12 19
12 21
12 22
12 23
12 24
12 27
12 28
12 29
12 30
12 31
12 32
12 34
12 36
12 37
12 38
12 42
12 43
12 44
12 45
12 46
12 49
12 109
12 232
12 281
12 432
12 457
12 499
13 14
13 15
13 17
13 18
13 19
13 25
13 28
13 30
13 31
13 33
13 34
13 37
13 38
13 39
13 40
13 41
13 42
13 44
13 47
13 48
13 49
13 81
13 97
13 255
13 374
14 15
14 18
14 19
14 20
14 21
14 24
14 28
14 29
14 31
14 32
14 33
14 34
14 36
14 37
14 39
14 41
14 43
14 46
14 69
14 110
14 177
14 200
14 271
14 336
14 397
14 366
14 449
15 18
15 20
15 21
15 23
15 27
15 29
15 34
15 35
15 38
15 39
15 40
15 47
15 48
15 49
15 174
15 280
15 397
15 461
16 17
16 18
16 20
16 21
16 23
16 24
16 25
16 26
16 28
16 29
16 30
16 33
16 34
16 37
16 39
16 40
16 41
16 43
16 44
16 45
16 46
16 47
16 48
16 49
16 59
16 130
16 105
16 410
17 19
17 20
17 24
17 28
17 31
17 32
17 33
17 34
17 35
17 38
17 39
17 40
17 42
17 43
17 45
17 47
17 69
17 136
17 114
17 259
17 424
17 426
18 19
18 20
18 22
18 23
18 24
18 26
18 28
18 29
18 30
18 31
18 32
18 33
18 36
18 38
18 40
18 42
18 43
18 44
18 45
18 46
18 47
18 48
18 49
18 262
18 375
19 20
19 21
19 22
19 23
19 26
19 27
19 28
19 29
19 31
19 32
19 33
19 34
19 37
19 39
19 40
19 41
19 42
19 44
19 47
19 157
19 307
19 315
19 443
20 21
20 22
20 25
20 26
20 28
20 32
20 33
20 34
20 37
20 38
20 39
20 42
20 43
20 45
20 46
20 47
20 49
20 69
20 75
20 126
20 481
21 23
21 24
21 25
21 26
21 27
21 31
21 32
21 34
21 35
21 38
21 42
21 43
21 44
21 46
21 48
21 86
21 198
21 227
21 230
21 244
22 25
22 26
22 29
22 30
22 34
22 35
22 37
22 39
22 41
22 42
22 43
22 44
22 46
22 49
22 114
22 212
22 282
22 312
22 339
23 24
23 27
23 28
23 29
23 30
23 31
23 32
23 35
23 40
23 41
23 44
23 46
23 47
23 48
23 56
23 106
23 111
23 177
23 428
23 484
24 25
24 26
24 29
24 30
24 31
24 35
24 38
24 39
24 40
24 41
24 43
24 47
24 48
24 49
24 73
24 180
25 26
25 27
25 29
25 31
25 32
25 35
25 36
25 37
25 39
25 40
25 42
25 43
25 45
25 46
25 48
25 49
25 51
25 61
25 138
25 150
25 154
25 179
25 242
25 374
26 27
26 28
26 29
26 30
26 31
26 34
26 35
26 36
26 38
26 39
26 40
26 41
26 42
26 43
26 44
26 45
26 46
26 49
26 291
26 432
27 29
27 30
27 31
27 37
27 39
27 40
27 41
27 42
27 44
27 45
27 46
27 48
27 49
27 251
27 323
27 423
28 29
28 30
28 31
28 32
28 33
28 34
28 37
28 40
28 42
28 43
28 46
28 47
28 49
28 113
28 207
28 224
28 405
28 421
28 497
29 30
29 31
29 33
29 34
29 36
29 37
29 39
29 41
29 42
29 46
29 49
29 70
29 136
29 140
29 263
29 380
30 31
30 34
30 36
30 37
30 38
30 40
30 41
30 42
30 43
30 44
30 47
30 48
30 49
30 131
30 161
30 360
30 404
30 420
31 34
31 35
31 36
31 37
31 38
31 41
31 44
31 45
31 46
31 47
31 49
31 107
31 172
31 236
31 374
31 447
31 474
31 496
32 33
32 36
32 37
32 38
32 39
32 40
32 41
32 44
32 45
32 46
32 47
32 48
32 143
32 239
32 345
32 352
33 35
33 40
33 42
33 43
33 44
33 47
33 48
33 179
33 343
33 365
34 35
34 37
34 39
34 41
34 43
34 44
34 46
34 47
34 49
34 202
34 413
35 36
35 39
35 40
35 42
35 43
35 44
35 45
35 46
35 47
35 49
35 72
35 84
35 210
35 282
35 487
36 37
36 38
36 42
36 43
36 44
36 45
36 46
36 47
36 105
36 198
36 212
36 288
36 357
36 379
36 440
37 39
37 41
37 42
37 43
37 44
37 45
37 46
37 47
37 48
37 49
37 72
37 260
37 301
38 40
38 41
38 42
38 43
38 45
38 47
38 49
38 197
38 241
38 413
38 418
39 40
39 43
39 44
39 45
39 46
39 48
39 49
39 89
39 220
39 303
40 41
40 42
40 43
40 45
40 46
40 47
40 49
40 147
40 126
41 43
41 44
41 47
41 295
41 255
41 383
41 448
42 43
42 46
42 47
42 48
42 49
42 133
42 146
42 208
42 256
42 360
43 44
43 46
43 47
43 82
43 98
43 143
43 176
43 227
43 268
43 434
43 456
44 45
44 47
44 48
44 313
44 390
44 392
44 469
45 46
45 48
45 49
45 368
46 47
46 48
46 49
46 50
46 232
46 311
46 362
46 441
46 494
47 49
47 54
47 273
47 397
48 49
48 253
48 387
48 491
49 143
49 105
49 405
50 51
50 52
50 54
50 56
50 58
50 59
50 63
50 67
50 69
50 70
50 72
50 73
50 74
50 75
50 78
50 79
50 80
50 82
50 85
50 87
50 88
50 89
50 90
50 92
50 95
50 97
50 98
50 99
50 107
50 162
50 352
50 362
50 407
50 471
51 52
51 54
51 55
51 56
51 57
51 58
51 62
51 63
51 64
51 66
51 67
51 68
51 73
51 74
51 76
51 78
51 79
51 80
51 83
51 84
51 85
51 86
51 89
51 90
51 91
51 92
51 94
51 96
51 97
51 98
51 146
51 174
51 299
51 311
51 334
51 373
51 419
51 424
51 485
52 55
52 57
52 58
52 60
52 61
52 62
52 64
52 66
52 67
52 68
52 71
52 72
52 73
52 75
52 76
52 79
52 80
52 81
52 82
52 83
52 85
52 86
52 87
52 89
52 91
52 92
52 94
52 95
52 96
52 97
52 98
52 120
52 425
53 54
53 56
53 58
53 59
53 61
53 62
53 64
53 65
53 67
53 68
53 69
53 70
53 71
53 73
53 74
53 75
53 76
53 77
53 80
53 81
53 83
53 85
53 86
53 87
53 89
53 91
53 93
53 95
53 96
53 99
53 111
53 234
53 422
54 56
54 59
54 60
54 61
54 62
54 63
54 64
54 65
54 66
54 67
54 69
54 70
54 71
54 74
54 77
54 79
54 80
54 82
54 83
54 84
54 88
54 89
54 93
54 95
54 98
54 99
54 404
54 476
55 56
55 57
55 58
55 63
55 65
55 67
55 68
55 69
55 72
55 73
55 74
55 75
55 76
55 78
55 79
55 80
55 81
55 82
55 83
55 84
55 85
55 88
55 90
55 92
55 93
55 96
55 97
55 99
55 142
55 106
55 290
55 337
55 348
55 351
55 407
55 429
56 57
56 58
56 59
56 61
56 63
56 64
56 65
56 66
56 67
56 68
56 71
56 72
56 76
56 81
56 82
56 83
56 84
56 86
56 88
56 91
56 92
56 93
56 96
56 98
56 99
56 213
56 216
56 314
56 380
57 58
57 59
57 60
57 61
57 63
57 65
57 66
57 69
57 71
57 72
57 73
57 75
57 78
57 79
57 80
57 81
57 82
57 83
57 84
57 85
57 86
57 88
57 89
57 90
57 91
57 95
57 96
57 98
57 99
57 138
57 124
57 186
57 269
57 315
57 326
57 333
58 59
58 60
58 61
58 62
58 65
58 66
58 68
58 70
58 74
58 75
58 77
58 78
58 82
58 83
58 84
58 85
58 87
58 90
58 91
58 94
58 95
58 97
58 98
58 99
58 302
58 354
59 62
59 63
59 64
59 65
59 66
59 67
59 68
59 69
59 70
59 72
59 73
59 74
59 75
59 77
59 79
59 83
59 87
59 88
59 89
59 91
59 92
59 93
59 95
59 96
59 98
59 99
59 166
59 294
59 337
59 356
60 62
60 63
60 66
60 67
60 69
60 71
60 72
60 74
60 76
60 78
60 79
60 81
60 84
60 86
60 87
60 88
60 89
60 90
60 91
60 92
60 93
60 94
60 96
60 99
60 276
60 283
60 473
61 63
61 66
61 67
61 68
61 69
61 70
61 73
61 76
61 77
61 78
61 80
61 81
61 82
61 83
61 84
61 86
61 87
61 88
61 90
61 91
61 92
61 94
61 96
61 97
61 99
61 194
61 317
61 349
61 374
62 63
62 64
62 66
62 67
62 68
62 69
62 71
62 72
62 73
62 74
62 76
62 77
62 79
62 80
62 81
62 82
62 84
62 85
62 89
62 91
62 92
62 94
62 97
62 99
62 149
62 252
62 304
62 398
63 64
63 65
63 68
63 69
63 71
63 72
63 75
63 76
63 78
63 79
63 80
63 84
63 85
63 88
63 89
63 90
63 91
63 96
63 97
63 98
63 119
63 160
63 261
63 307
63 337
63 429
64 65
64 67
64 68
64 69
64 70
64 71
64 72
64 73
64 75
64 79
64 82
64 83
64 85
64 89
64 90
64 97
64 98
64 342
65 66
65 67
65 68
65 69
65 70
65 72
65 73
65 76
65 77
65 78
65 80
65 82
65 83
65 84
65 86
65 88
65 89
65 90
65 91
65 92
65 93
65 97
65 98
65 123
65 152
65 222
65 305
65 421
65 426
65 449
65 463
66 67
66 68
66 70
66 71
66 74
66 77
66 79
66 80
66 81
66 82
66 84
66 85
66 87
66 88
66 89
66 91
66 92
66 93
66 94
66 96
66 97
66 98
66 99
66 122
66 274
66 442
67 68
67 69
67 72
67 73
67 75
67 76
67 77
67 78
67 79
67 80
67 82
67 83
67 84
67 85
67 87
67 88
67 89
67 91
67 92
67 93
67 94
67 96
67 97
67 98
67 135
67 150
67 237
67 272
67 356
67 374
67 407
67 450
68 70
68 74
68 75
68 76
68 78
68 81
68 82
68 84
68 85
68 86
68 87
68 88
68 89
68 91
68 92
68 93
68 94
68 95
68 97
68 98
68 99
68 169
68 233
68 350
69 70
69 71
69 72
69 73
69 76
69 77
69 80
69 82
69 83
69 84
69 86
69 88
69 89
69 90
69 91
69 93
69 94
69 96
69 98
69 99
69 126
69 285
69 369
69 409
69 418
70 72
70 74
70 75
70 76
70 77
70 78
70 79
70 82
70 83
70 85
70 86
70 87
70 88
70 90
70 91
70 92
70 93
70 95
70 96
70 97
70 98
70 99
70 283
70 325
70 389
70 407
71 73
71 74
71 76
71 81
71 83
71 86
71 87
71 88
71 89
71 93
71 94
71 95
71 96
71 97
71 98
71 99
71 129
72 73
72 74
72 77
72 87
72 89
72 90
72 91
72 93
72 95
72 96
72 97
72 384
73 75
73 77
73 79
73 81
73 82
73 84
73 85
73 86
73 87
73 88
73 89
73 90
73 94
73 98
73 99
73 134
73 349
73 364
73 426
73 463
74 75
74 76
74 77
74 80
74 85
74 86
74 89
74 90
74 91
74 92
74 96
74 97
74 99
74 131
74 141
74 197
74 220
74 246
74 293
75 78
75 79
75 84
75 86
75 87
75 88
75 91
75 92
75 97
75 98
75 99
75 170
75 435
76 77
76 78
76 82
76 83
76 84
76 85
76 86
76 88
76 89
76 90
76 91
76 92
76 93
76 95
76 106
76 190
76 242
76 300
76 323
76 377
76 468
76 486
77 78
77 79
77 80
77 81
77 82
77 83
77 84
77 85
77 88
77 89
77 90
77 91
77 97
77 99
77 139
77 357
77 482
78 79
78 80
78 82
78 83
78 84
78 85
78 86
78 87
78 88
78 90
78 91
78 93
78 94
78 97
78 98
78 99
78 166
78 221
78 264
78 252
78 363
79 80
79 81
79 82
79 83
79 85
79 86
79 88
79 89
79 90
79 91
79 92
79 95
79 96
79 97
79 98
79 99
79 165
79 244
79 313
79 468
80 81
80 82
80 84
80 85
80 86
80 89
80 90
80 92
80 93
80 95
80 98
80 99
80 128
80 236
80 253
81 82
81 83
81 84
81 85
81 86
81 88
81 91
81 93
81 94
81 97
81 98
81 112
81 245
81 279
81 293
81 395
81 455
81 480
82 84
82 85
82 86
82 87
82 88
82 89
82 92
82 93
82 94
82 95
82 97
82 99
82 128
83 85
83 87
83 88
83 93
83 95
83 97
83 98
84 87
84 88
84 90
84 91
84 95
84 96
84 97
84 146
84 279
84 337
85 86
85 87
85 88
85 89
85 90
85 93
85 96
85 97
85 98
85 166
85 388
85 477
86 88
86 89
86 91
86 92
86 93
86 94
86 96
86 97
86 135
86 250
86 319
86 376
86 417
87 88
87 90
87 93
87 95
87 96
87 97
87 98
87 129
87 133
87 141
87 175
87 188
87 426
87 457
88 89
88 90
88 91
88 92
88 93
88 95
88 96
88 109
88 187
88 414
88 452
89 90
89 91
89 92
89 94
89 96
89 97
89 98
89 166
89 208
89 273
89 361
89 468
90 91
90 93
90 96
90 258
90 264
90 497
91 95
91 178
91 262
91 285
91 459
91 466
92 93
92 94
92 96
92 97
92 98
92 99
92 222
92 240
92 293
92 339
92 345
93 94
93 95
93 96
93 97
93 98
93 99
93 388
94 96
94 97
94 140
94 211
94 290
94 295
94 449
95 96
95 97
95 98
95 110
95 127
95 182
95 241
95 297
96 97
96 98
96 99
96 211
96 267
96 277
96 320
96 322
96 356
97 98
97 128
97 143
97 278
97 418
98 156
98 246
98 269
98 282
98 295
98 312
98 345
99 192
99 213
99 288
99 349
128 129
128 131
128 134
128 135
128 136
128 137
128 138
128 139
128 141
128 142
128 145
128 146
128 147
128 148
128 149
128 101
128 102
128 103
128 104
128 105
128 107
128 108
128 109
128 110
128 113
128 114
128 117
128 118
128 119
128 120
128 124
128 125
128 126
128 260
128 326
128 369
128 375
129 135
129 136
129 141
129 142
129 143
129 145
129 146
129 147
129 149
129 101
129 102
129 107
129 110
129 112
129 115
129 116
129 117
129 121
129 124
129 125
129 127
129 406
130 131
130 132
130 134
130 135
130 138
130 139
130 140
130 141
130 142
130 144
130 146
130 148
130 149
130 101
130 102
130 104
130 105
130 107
130 109
130 112
130 114
130 115
130 117
130 119
130 120
130 121
130 122
130 123
130 124
130 125
130 127
130 291
130 381
130 420
131 132
131 133
131 135
131 136
131 137
131 138
131 139
131 140
131 141
131 142
131 143
131 144
131 146
131 100
131 102
131 104
131 105
131 106
131 107
131 108
131 110
131 111
131 115
131 116
131 117
131 118
131 120
131 121
131 122
131 123
131 125
131 126
131 127
131 165
131 365
131 448
131 493
132 134
132 135
132 136
132 138
132 140
132 141
132 143
132 144
132 145
132 147
132 148
132 149
132 100
132 102
132 103
132 109
132 110
132 111
132 114
132 116
132 118
132 119
132 120
132 123
132 127
132 219
132 268
132 440
133 136
133 138
133 139
133 141
133 142
133 143
133 144
133 145
133 148
133 149
133 101
133 102
133 104
133 108
133 109
133 110
133 113
133 117
133 118
133 119
133 120
133 121
133 123
133 124
133 125
133 126
133 127
133 225
133 316
133 328
134 136
134 137
134 138
134 140
134 145
134 147
134 100
134 102
134 107
134 108
134 113
134 115
134 116
134 118
134 119
134 121
134 123
134 124
134 125
134 126
134 127
134 198
134 226
134 353
134 442
135 136
135 137
135 140
135 142
135 144
135 145
135 148
135 103
135 104
135 105
135 108
135 112
135 114
135 117
135 118
135 119
135 120
135 121
135 125
135 126
135 127
135 313
135 467
135 488
136 137
136 138
136 139
136 143
136 144
136 145
136 146
136 149
136 101
136 102
136 103
136 104
136 105
136 109
136 110
136 111
136 112
136 114
136 115
136 116
136 117
136 118
136 119
136 122
136 124
136 125
136 127
136 194
136 215
136 388
136 358
136 362
137 138
137 139
137 141
137 142
137 143
137 144
137 149
137 105
137 106
137 108
137 109
137 110
137 111
137 112
137 113
137 115
137 118
137 119
137 120
137 122
137 123
137 124
137 127
137 237
137 314
137 413
137 445
138 141
138 143
138 144
138 147
138 148
138 103
138 104
138 105
138 107
138 110
138 111
138 112
138 113
138 114
138 115
138 117
138 119
138 120
138 123
138 125
138 126
138 271
138 292
138 349
138 376
138 379
138 415
139 140
139 142
139 144
139 145
139 147
139 148
139 149
139 101
139 102
139 103
139 104
139 106
139 107
139 110
139 111
139 112
139 113
139 114
139 115
139 116
139 117
139 118
139 119
139 120
139 121
139 122
139 123
139 124
139 125
139 127
139 185
139 195
139 266
139 318
140 146
140 147
140 148
140 100
140 101
140 102
140 103
140 107
140 109
140 111
140 112
140 114
140 116
140 117
140 118
140 119
140 120
140 121
140 123
140 124
140 125
140 127
141 142
141 143
141 144
141 145
141 146
141 147
141 148
141 149
141 101
141 102
141 104
141 107
141 110
141 112
141 113
141 115
141 116
141 119
141 120
141 121
141 122
141 123
141 125
141 180
141 205
141 226
141 267
141 395
142 143
142 144
142 145
142 146
142 149
142 100
142 101
142 103
142 104
142 105
142 107
142 108
142 109
142 112
142 113
142 114
142 115
142 117
142 118
142 119
142 122
142 125
142 126
142 127
142 176
142 391
143 144
143 145
143 146
143 101
143 102
143 105
143 106
143 107
143 112
143 113
143 115
143 117
143 121
143 122
143 123
143 124
143 126
143 497
144 146
144 147
144 148
144 102
144 103
144 107
144 108
144 109
144 110
144 111
144 114
144 115
144 116
144 118
144 120
144 124
144 126
144 127
144 211
144 243
144 289
144 302
144 430
145 146
145 148
145 100
145 102
145 106
145 107
145 108
145 110
145 111
145 113
145 115
145 116
145 118
145 120
145 121
145 122
145 123
145 124
145 127
145 177
145 282
145 493
146 147
146 148
146 149
146 100
146 101
146 102
146 105
146 107
146 110
146 111
146 112
146 114
146 116
146 117
146 118
146 119
146 120
146 121
146 122
146 124
146 125
146 126
146 127
146 265
147 149
147 100
147 102
147 104
147 105
147 107
147 110
147 113
147 114
147 115
147 116
147 117
147 118
147 119
147 120
147 122
147 123
147 124
147 125
147 282
147 289
147 312
147 437
148 149
148 101
148 102
148 105
148 107
148 108
148 109
148 110
148 111
148 113
148 117
148 120
148 121
148 123
148 125
148 127
148 241
148 245
148 285
148 305
148 318
148 400
149 104
149 105
149 106
149 107
149 109
149 113
149 114
149 115
149 116
149 117
149 118
149 119
149 120
149 125
149 127
149 211
149 227
149 311
149 499
100 102
100 103
100 105
100 106
100 108
100 110
100 111
100 112
100 115
100 117
100 118
100 121
100 122
100 127
100 316
100 438
101 104
101 105
101 106
101 109
101 111
101 112
101 114
101 115
101 117
101 119
101 120
101 124
101 126
101 420
101 451
102 103
102 104
102 105
102 107
102 110
102 111
102 112
102 113
102 115
102 116
102 119
102 121
102 122
102 123
102 124
102 125
102 126
102 257
102 271
102 385
103 105
103 107
103 108
103 110
103 111
103 112
103 113
103 115
103 116
103 117
103 119
103 123
103 127
103 293
103 297
103 423
104 106
104 108
104 110
104 111
104 112
104 114
104 116
104 118
104 119
104 120
104 121
104 122
104 123
104 124
104 127
104 249
104 294
104 350
104 498
105 108
105 109
105 110
105 111
105 112
105 114
105 116
105 117
105 118
105 119
105 120
105 121
105 122
105 123
105 125
105 126
105 265
105 324
105 462
106 108
106 110
106 111
106 112
106 115
106 117
106 121
106 122
106 123
106 125
106 126
106 336
106 380
106 425
106 449
106 467
107 110
107 111
107 112
107 113
107 114
107 115
107 116
107 117
107 119
107 121
107 122
107 123
107 125
107 220
107 249
107 257
107 296
107 301
107 334
108 111
108 116
108 117
108 118
108 119
108 120
108 121
108 122
108 123
108 124
108 127
108 233
108 473
108 478
109 110
109 112
109 113
109 114
109 115
109 120
109 121
109 123
109 126
109 127
109 361
109 405
109 436
109 458
110 112
110 116
110 120
110 121
110 122
110 123
110 127
110 159
111 112
111 114
111 115
111 116
111 117
111 118
111 119
111 121
111 122
111 123
111 124
111 125
111 126
111 220
111 261
111 386
111 360
111 422
112 113
112 114
112 117
112 127
112 184
112 196
112 310
112 362
112 451
113 114
113 115
113 116
113 118
113 119
113 120
113 121
113 122
113 123
113 124
113 125
113 127
113 402
113 406
113 458
114 115
114 117
114 118
114 119
114 120
114 124
114 125
114 127
114 188
114 197
114 253
114 418
115 116
115 118
115 119
115 120
115 125
115 126
115 127
115 345
115 386
115 415
115 494
116 120
116 121
116 122
116 124
116 125
116 126
116 127
116 163
116 298
116 355
116 459
117 120
117 121
117 122
117 124
117 125
117 127
117 411
118 119
118 120
118 121
118 122
118 124
118 177
118 218
118 222
118 315
118 359
118 365
118 477
119 123
119 125
119 127
119 447
119 496
120 121
120 122
120 123
120 124
120 125
120 126
120 127
120 176
120 217
120 222
120 247
120 394
120 372
120 432
121 122
121 124
121 125
121 127
122 125
122 127
122 165
122 198
122 291
122 399
122 434
122 457
123 126
123 236
123 369
123 468
124 315
124 323
124 345
125 280
125 364
125 405
125 440
125 489
126 127
126 284
126 429
126 441
127 158
127 214
127 294
127 340
127 497
150 152
150 154
150 155
150 157
150 160
150 162
150 163
150 164
150 165
150 166
150 168
150 169
150 170
150 172
150 173
150 174
150 175
150 176
150 177
150 178
150 180
150 181
150 182
150 183
150 186
150 188
150 190
150 191
150 193
150 194
150 195
150 198
150 199
150 235
150 259
150 267
150 366
150 407
151 152
151 156
151 157
151 158
151 159
151 160
151 162
151 163
151 165
151 167
151 170
151 171
151 173
151 174
151 176
151 177
151 179
151 180
151 182
151 183
151 184
151 186
151 187
151 188
151 189
151 190
151 191
151 193
151 194
151 195
151 196
151 197
151 199
151 373
151 456
151 465
152 156
152 157
152 160
152 163
152 165
152 166
152 167
152 169
152 171
152 172
152 173
152 175
152 177
152 178
152 179
152 180
152 181
152 185
152 186
152 188
152 189
152 190
152 191
152 193
152 194
152 197
152 199
152 228
152 229
153 155
153 156
153 159
153 160
153 162
153 163
153 165
153 168
153 170
153 173
153 175
153 176
153 178
153 181
153 183
153 185
153 186
153 187
153 188
153 189
153 190
153 194
153 195
153 198
153 242
153 356
153 360
153 377
153 436
154 155
154 158
154 159
154 160
154 161
154 162
154 164
154 165
154 166
154 171
154 177
154 179
154 180
154 181
154 183
154 184
154 186
154 187
154 189
154 194
154 196
154 197
154 199
155 159
155 160
155 161
155 162
155 164
155 165
155 167
155 168
155 169
155 170
155 171
155 173
155 175
155 176
155 178
155 181
155 183
155 184
155 187
155 189
155 190
155 192
155 193
155 194
155 195
155 196
155 197
155 198
155 295
155 493
156 159
156 164
156 165
156 166
156 167
156 169
156 172
156 174
156 175
156 176
156 179
156 180
156 181
156 182
156 185
156 186
156 187
156 188
156 189
156 191
156 193
156 196
156 199
156 210
157 158
157 160
157 162
157 163
157 165
157 168
157 173
157 175
157 177
157 179
157 180
157 185
157 189
157 190
157 192
157 194
157 195
157 196
157 199
157 249
157 398
157 431
158 159
158 161
158 162
158 163
158 165
158 166
158 167
158 168
158 169
158 171
158 172
158 173
158 174
158 175
158 178
158 182
158 183
158 184
158 185
158 186
158 188
158 189
158 192
158 196
158 197
158 198
158 199
158 284
158 324
159 163
159 164
159 167
159 168
159 169
159 172
159 173
159 174
159 175
159 179
159 181
159 182
159 183
159 187
159 188
159 190
159 193
159 194
159 196
159 197
159 198
159 199
159 232
159 286
160 162
160 163
160 164
160 165
160 169
160 170
160 171
160 172
160 174
160 175
160 176
160 177
160 180
160 181
160 182
160 185
160 188
160 195
160 196
160 197
160 198
160 269
160 345
160 400
160 493
161 163
161 164
161 165
161 166
161 167
161 168
161 169
161 170
161 171
161 172
161 177
161 181
161 182
161 185
161 188
161 189
161 190
161 191
161 193
161 195
161 196
161 197
161 199
161 321
162 163
162 164
162 166
162 167
162 168
162 169
162 170
162 171
162 172
162 173
162 174
162 176
162 177
162 178
162 182
162 183
162 184
162 185
162 186
162 189
162 191
162 192
162 195
162 198
162 343
162 469
163 164
163 166
163 167
163 169
163 170
163 171
163 172
163 173
163 174
163 176
163 177
163 178
163 182
163 183
163 184
163 185
163 186
163 188
163 191
163 193
163 194
163 195
163 197
163 199
163 206
163 276
163 253
164 168
164 169
164 171
164 172
164 173
164 174
164 175
164 177
164 178
164 179
164 181
164 183
164 185
164 186
164 187
164 188
164 189
164 193
164 194
164 195
164 196
164 197
164 319
164 471
165 166
165 167
165 169
165 170
165 171
165 176
165 177
165 178
165 179
165 180
165 182
165 185
165 187
165 188
165 189
165 190
165 191
165 192
165 195
165 196
165 197
165 198
165 199
165 351
165 499
166 167
166 169
166 171
166 173
166 176
166 181
166 182
166 183
166 186
166 187
166 188
166 189
166 190
166 191
166 192
166 194
166 195
166 197
166 213
167 168
167 170
167 172
167 173
167 174
167 178
167 179
167 180
167 181
167 182
167 183
167 185
167 186
167 187
167 188
167 192
167 193
167 196
167 197
167 203
167 247
167 355
168 169
168 171
168 173
168 174
168 175
168 176
168 178
168 179
168 183
168 184
168 185
168 186
168 187
168 188
168 190
168 191
168 192
168 193
168 194
168 196
168 197
168 231
168 318
168 402
169 170
169 171
169 172
169 174
169 175
169 176
169 177
169 179
169 180
169 181
169 184
169 185
169 186
169 188
169 189
169 190
169 193
169 195
169 198
169 199
169 300
169 412
170 171
170 172
170 173
170 174
170 175
170 176
170 178
170 179
170 180
170 183
170 184
170 186
170 187
170 189
170 196
170 198
170 199
170 236
171 172
171 173
171 174
171 175
171 176
171 177
171 182
171 183
171 186
171 187
171 190
171 191
171 192
171 194
171 195
171 196
171 198
171 199
171 241
171 291
171 366
171 368
172 173
172 174
172 177
172 178
172 179
172 180
172 183
172 185
172 186
172 187
172 188
172 190
172 191
172 192
172 194
172 195
172 196
172 278
172 325
172 343
172 468
172 484
173 174
173 175
173 176
173 178
173 179
173 180
173 181
173 182
173 183
173 184
173 185
173 189
173 190
173 191
173 196
173 198
173 199
173 248
173 374
173 437
173 438
174 175
174 177
174 178
174 180
174 181
174 182
174 184
174 185
174 186
174 188
174 189
174 190
174 191
174 195
174 196
174 197
174 198
174 199
174 351
174 422
174 484
175 177
175 178
175 182
175 183
175 184
175 187
175 189
175 191
175 193
175 194
175 195
175 197
175 199
175 355
175 428
175 436
175 450
175 462
176 177
176 178
176 179
176 180
176 181
176 182
176 185
176 186
176 187
176 189
176 192
176 193
176 195
176 197
176 198
176 209
176 418
177 180
177 181
177 182
177 184
177 186
177 188
177 189
177 191
177 193
177 195
177 196
177 199
177 234
177 268
177 281
177 403
178 179
178 180
178 183
178 185
178 186
178 187
178 189
178 191
178 192
178 195
178 196
178 197
178 199
178 390
178 380
178 445
178 455
178 472
179 180
179 181
179 182
179 183
179 184
179 185
179 186
179 187
179 188
179 189
179 191
179 192
179 195
179 196
179 197
179 198
179 199
179 463
180 181
180 182
180 183
180 184
180 185
180 186
180 188
180 189
180 190
180 192
180 193
180 194
180 195
180 196
180 197
180 198
180 264
180 306
180 333
180 365
181 184
181 185
181 186
181 187
181 193
181 197
181 199
181 311
181 314
181 377
182 184
182 186
182 187
182 188
182 190
182 191
182 199
182 240
182 499
183 187
183 188
183 189
183 190
183 193
183 196
183 197
183 199
183 265
183 358
183 376
183 403
184 185
184 187
184 188
184 190
184 191
184 193
184 195
184 196
184 198
184 199
184 428
184 459
184 461
185 186
185 188
185 190
185 191
185 192
185 193
185 196
185 197
185 198
185 243
185 310
186 187
186 188
186 191
186 193
186 194
186 195
186 199
186 479
187 189
187 190
187 192
187 193
187 195
187 196
187 197
187 198
187 199
187 372
188 189
188 190
188 192
188 193
188 194
188 195
188 196
188 197
188 198
188 210
188 402
188 482
189 190
189 191
189 192
189 194
189 195
189 197
189 209
189 288
189 326
189 388
189 412
189 441
190 192
190 193
190 195
190 196
190 198
190 199
190 301
190 436
191 193
191 194
191 195
191 196
191 199
191 313
191 352
191 421
192 194
192 197
192 198
192 261
192 269
192 323
192 404
193 194
193 196
193 197
193 199
193 310
193 317
193 319
193 348
194 198
194 199
194 242
194 377
194 448
194 483
195 197
195 198
195 199
195 207
195 349
195 468
196 197
196 292
196 327
196 358
196 361
196 448
197 318
197 395
197 396
197 373
197 382
197 461
198 199
198 293
198 397
200 201
200 203
200 207
200 208
200 213
200 215
200 217
200 218
200 219
200 220
200 223
200 224
200 226
200 230
200 231
200 233
200 234
200 237
200 240
200 241
200 243
200 244
200 246
200 247
200 248
200 273
200 314
200 329
200 463
200 497
201 203
201 204
201 206
201 207
201 208
201 209
201 210
201 211
201 215
201 219
201 221
201 223
201 224
201 225
201 226
201 227
201 228
201 230
201 231
201 232
201 233
201 234
201 235
201 236
201 237
201 239
201 240
201 241
201 244
201 248
201 249
201 425
201 483
202 203
202 204
202 207
202 208
202 209
202 211
202 214
202 215
202 217
202 218
202 219
202 221
202 223
202 224
202 226
202 227
202 228
202 232
202 233
202 235
202 237
202 238
202 239
202 240
202 241
202 243
202 244
202 245
202 248
202 249
202 285
202 330
202 458
202 499
203 205
203 208
203 209
203 210
203 212
203 213
203 214
203 215
203 216
203 217
203 220
203 221
203 223
203 224
203 225
203 227
203 228
203 230
203 231
203 232
203 233
203 235
203 237
203 238
203 239
203 241
203 244
203 246
203 247
203 248
203 269
203 446
204 206
204 207
204 209
204 210
204 212
204 213
204 214
204 217
204 219
204 220
204 225
204 226
204 227
204 228
204 230
204 232
204 233
204 235
204 236
204 237
204 238
204 239
204 241
204 242
204 243
204 244
204 246
204 247
204 329
204 394
204 465
204 469
205 206
205 208
205 209
205 210
205 211
205 212
205 215
205 217
205 218
205 220
205 221
205 223
205 225
205 226
205 233
205 236
205 237
205 238
205 239
205 240
205 241
205 242
205 244
205 245
205 246
205 248
205 249
205 337
205 420
205 429
205 458
206 210
206 211
206 212
206 214
206 215
206 218
206 222
206 223
206 225
206 226
206 227
206 228
206 229
206 230
206 231
206 232
206 233
206 234
206 235
206 237
206 239
206 240
206 241
206 244
206 245
206 246
206 249
206 327
206 332
206 339
207 209
207 211
207 213
207 214
207 216
207 220
207 221
207 224
207 225
207 227
207 228
207 231
207 232
207 233
207 234
207 235
207 236
207 239
207 240
207 241
207 243
207 244
207 245
207 247
207 248
207 443
208 209
208 210
208 211
208 217
208 224
208 226
208 227
208 228
208 229
208 230
208 232
208 233
208 239
208 240
208 241
208 242
208 244
208 246
208 247
208 249
208 306
208 467
209 211
209 212
209 214
209 217
209 218
209 219
209 221
209 222
209 223
209 224
209 225
209 226
209 229
209 233
209 234
209 235
209 236
209 238
209 239
209 240
209 241
209 242
209 244
209 247
209 249
209 275
209 375
209 479
210 211
210 213
210 214
210 215
210 216
210 217
210 218
210 220
210 221
210 223
210 224
210 225
210 227
210 229
210 230
210 231
210 232
210 233
210 234
210 235
210 237
210 238
210 239
210 240
210 243
210 244
210 246
210 247
210 248
210 340
211 212
211 213
211 214
211 215
211 216
211 217
211 218
211 220
211 221
211 223
211 225
211 226
211 227
211 229
211 232
211 235
211 236
211 238
211 245
211 246
211 247
211 248
211 281
212 213
212 214
212 215
212 217
212 219
212 221
212 223
212 224
212 225
212 226
212 228
212 229
212 232
212 233
212 234
212 238
212 239
212 241
212 242
212 243
212 244
212 247
212 248
212 446
213 214
213 215
213 217
213 218
213 221
213 225
213 226
213 229
213 230
213 232
213 233
213 236
213 237
213 238
213 240
213 241
213 242
213 243
213 244
213 249
213 275
213 353
213 403
214 217
214 219
214 221
214 222
214 223
214 224
214 226
214 228
214 229
214 230
214 231
214 232
214 233
214 234
214 235
214 236
214 239
214 245
214 246
214 248
214 249
214 280
214 323
214 346
214 368
214 446
215 218
215 219
215 220
215 221
215 223
215 224
215 225
215 226
215 231
215 232
215 233
215 238
215 239
215 240
215 242
215 243
215 244
215 308
215 320
215 415
216 217
216 218
216 219
216 220
216 222
216 223
216 225
216 226
216 229
216 231
216 232
216 235
216 236
216 237
216 238
216 239
216 240
216 243
216 244
216 246
216 248
216 249
216 295
216 311
217 218
217 220
217 225
217 226
217 227
217 230
217 231
217 233
217 234
217 237
217 238
217 240
217 242
217 244
217 245
217 246
217 248
217 454
217 457
218 219
218 222
218 224
218 225
218 227
218 228
218 230
218 232
218 235
218 236
218 237
218 238
218 242
218 243
218 245
218 247
218 248
218 249
218 333
218 424
218 431
219 220
219 221
219 222
219 224
219 229
219 230
219 233
219 234
219 235
219 237
219 238
219 239
219 241
219 243
219 244
219 245
219 246
219 247
219 248
219 408
220 222
220 223
220 224
220 226
220 227
220 228
220 229
220 230
220 231
220 232
220 233
220 234
220 235
220 236
220 241
220 242
220 244
220 245
220 386
220 394
220 424
221 222
221 224
221 225
221 227
221 229
221 231
221 232
221 233
221 236
221 239
221 240
221 241
221 242
221 243
221 244
221 245
221 246
221 249
221 373
221 378
221 476
222 223
222 224
222 225
222 226
222 228
222 230
222 231
222 232
222 234
222 241
222 242
222 244
222 245
222 246
222 247
222 248
222 249
222 463
222 493
223 225
223 228
223 229
223 231
223 232
223 234
223 235
223 236
223 237
223 238
223 239
223 240
223 242
223 243
223 244
223 246
223 248
223 249
223 275
223 314
223 446
224 227
224 232
224 233
224 235
224 237
224 239
224 240
224 243
224 245
224 247
224 266
224 364
224 436
225 227
225 228
225 229
225 230
225 234
225 236
225 237
225 238
225 240
225 241
225 242
225 243
225 244
225 247
225 248
225 249
225 308
226 229
226 231
226 233
226 235
226 236
226 237
226 238
226 245
226 246
226 247
226 261
226 359
226 376
226 436
227 230
227 231
227 233
227 235
227 236
227 237
227 238
227 239
227 240
227 241
227 242
227 243
227 244
227 247
227 248
227 367
227 369
228 230
228 231
228 232
228 235
228 236
228 238
228 242
228 243
228 244
228 247
228 249
228 353
228 372
228 442
229 233
229 234
229 235
229 236
229 237
229 238
229 239
229 240
229 242
229 243
229 246
229 247
229 249
229 352
230 232
230 236
230 237
230 239
230 240
230 241
230 243
230 244
230 245
230 248
230 249
230 272
230 496
231 233
231 236
231 239
231 241
231 246
231 247
231 248
231 249
231 318
231 409
231 486
232 235
232 236
232 237
232 241
232 243
232 244
232 245
232 246
232 247
232 249
232 387
233 235
233 236
233 238
233 239
233 240
233 241
233 242
233 243
233 246
233 278
233 375
233 420
233 440
233 469
234 235
234 236
234 240
234 241
234 243
234 244
234 246
234 257
234 315
234 367
234 370
234 468
235 238
235 239
235 240
235 241
235 244
235 246
235 248
235 249
235 264
235 287
235 326
235 409
235 435
235 445
235 482
236 238
236 241
236 242
236 243
236 244
236 245
236 246
236 247
236 265
236 320
236 364
237 238
237 239
237 240
237 242
237 243
237 245
237 247
237 248
237 306
237 328
237 471
237 492
238 239
238 240
238 241
238 243
238 244
238 245
238 246
238 247
238 324
238 360
238 446
238 473
239 240
239 241
239 242
239 244
239 245
239 246
239 247
239 249
239 385
239 490
240 242
240 243
240 245
240 246
240 249
240 253
240 330
241 243
241 246
241 247
241 248
241 249
241 344
241 407
241 447
242 243
242 244
242 245
242 246
242 247
242 249
242 347
242 390
242 379
243 244
243 245
243 246
243 248
243 264
243 405
243 417
243 454
243 455
244 245
244 246
244 247
244 248
244 249
244 339
244 349
244 391
244 414
245 247
245 248
245 249
245 278
245 250
245 353
246 247
246 248
246 303
246 345
246 347
246 364
246 440
247 248
247 263
247 255
247 352
247 374
248 264
248 281
248 363
256 257
256 259
256 260
256 262
256 263
256 264
256 265
256 266
256 267
256 269
256 270
256 271
256 272
256 274
256 275
256 276
256 278
256 279
256 280
256 282
256 283
256 286
256 287
256 288
256 290
256 291
256 293
256 294
256 296
256 298
256 299
256 250
256 253
256 254
256 255
257 258
257 259
257 266
257 267
257 268
257 269
257 270
257 271
257 272
257 273
257 281
257 282
257 283
257 285
257 286
257 287
257 288
257 289
257 290
257 292
257 293
257 295
257 297
257 298
257 299
257 250
257 251
257 252
257 253
257 255
257 454
258 260
258 261
258 262
258 263
258 264
258 265
258 267
258 269
258 270
258 271
258 273
258 274
258 276
258 277
258 280
258 282
258 285
258 287
258 289
258 290
258 291
258 292
258 295
258 296
258 298
258 299
258 252
258 253
258 254
258 359
259 261
259 262
259 263
259 265
259 266
259 267
259 268
259 271
259 274
259 276
259 278
259 280
259 284
259 285
259 287
259 288
259 289
259 293
259 294
259 295
259 297
259 298
259 299
259 250
259 254
259 410
259 462
260 262
260 269
260 270
260 271
260 272
260 273
260 277
260 278
260 280
260 282
260 285
260 286
260 287
260 289
260 290
260 292
260 293
260 294
260 295
260 299
260 250
260 251
260 254
260 255
260 357
260 358
260 471
261 262
261 263
261 265
261 266
261 267
261 268
261 269
261 272
261 273
261 275
261 276
261 277
261 278
261 279
261 280
261 281
261 282
261 283
261 293
261 294
261 295
261 297
261 298
261 299
261 251
261 253
261 255
261 311
261 367
261 382
261 413
262 263
262 266
262 270
262 274
262 280
262 281
262 282
262 284
262 285
262 286
262 287
262 288
262 289
262 290
262 291
262 292
262 293
262 295
262 296
262 297
262 250
262 251
262 252
262 253
262 254
262 318
263 265
263 266
263 267
263 268
263 271
263 274
263 275
263 276
263 278
263 281
263 283
263 284
263 285
263 287
263 291
263 292
263 294
263 295
263 296
263 297
263 298
263 299
263 252
263 254
263 474
264 267
264 268
264 272
264 273
264 274
264 275
264 276
264 277
264 280
264 284
264 285
264 286
264 287
264 289
264 290
264 291
264 293
264 294
264 295
264 296
264 298
264 250
264 251
264 252
264 253
264 254
264 255
264 327
264 386
264 438
265 266
265 267
265 268
265 269
265 270
265 272
265 273
265 274
265 277
265 278
265 279
265 280
265 281
265 282
265 283
265 284
265 285
265 287
265 288
265 289
265 291
265 292
265 293
265 294
265 296
265 298
265 299
265 251
265 252
265 255
265 399
266 271
266 275
266 276
266 277
266 278
266 279
266 281
266 283
266 284
266 285
266 286
266 288
266 289
266 291
266 293
266 294
266 295
266 296
266 297
266 298
266 299
266 250
266 251
266 253
266 324
266 350
266 455
267 268
267 269
267 270
267 271
267 273
267 274
267 275
267 277
267 278
267 280
267 281
267 283
267 287
267 288
267 292
267 295
267 296
267 297
267 251
267 252
267 254
267 333
267 363
267 371
267 452
268 272
268 275
268 276
268 277
268 279
268 280
268 281
268 282
268 285
268 287
268 289
268 290
268 291
268 292
268 294
268 296
268 299
268 252
268 253
268 254
269 270
269 272
269 273
269 275
269 276
269 277
269 278
269 280
269 281
269 282
269 283
269 287
269 290
269 291
269 292
269 293
269 294
269 296
269 298
269 250
269 251
269 322
269 328
269 344
270 272
270 273
270 275
270 278
270 280
270 281
270 282
270 283
270 285
270 286
270 288
270 289
270 290
270 291
270 295
270 297
270 298
270 253
270 428
271 273
271 274
271 275
271 276
271 277
271 278
271 284
271 289
271 290
271 291
271 293
271 294
271 296
271 298
271 299
271 250
271 251
271 311
271 344
271 397
271 431
271 452
271 494
272 273
272 277
272 278
272 279
272 281
272 283
272 284
272 285
272 286
272 288
272 294
272 295
272 296
272 298
272 299
272 250
272 251
272 253
272 254
272 255
272 357
273 275
273 276
273 277
273 278
273 279
273 285
273 288
273 289
273 295
273 297
273 298
273 250
273 346
273 351
273 448
274 275
274 276
274 278
274 279
274 280
274 282
274 283
274 284
274 286
274 287
274 288
274 292
274 294
274 296
274 297
274 250
274 252
274 253
274 254
274 255
274 309
274 392
274 433
274 456
275 277
275 278
275 280
275 281
275 284
275 286
275 289
275 290
275 292
275 293
275 294
275 295
275 296
275 252
275 255
275 354
275 490
276 278
276 282
276 285
276 286
276 288
276 289
276 291
276 294
276 295
276 296
276 297
276 298
276 252
276 253
276 254
277 279
277 281
277 282
277 284
277 286
277 287
277 288
277 291
277 292
277 293
277 295
277 296
277 299
277 250
277 252
277 254
277 255
278 279
278 280
278 282
278 283
278 285
278 286
278 287
278 289
278 290
278 291
278 292
278 294
278 295
278 297
278 298
278 250
278 251
278 309
278 474
278 495
279 283
279 285
279 286
279 287
279 288
279 289
279 290
279 291
279 292
279 293
279 294
279 296
279 297
279 298
279 299
279 250
279 251
279 252
279 254
279 255
279 320
279 321
280 281
280 282
280 283
280 285
280 287
280 289
280 290
280 291
280 293
280 294
280 295
280 296
280 297
280 299
280 252
280 255
280 398
281 283
281 285
281 286
281 288
281 291
281 293
281 295
281 296
281 297
281 251
281 252
281 253
281 254
281 328
281 392
281 356
281 410
281 478
282 284
282 286
282 287
282 289
282 290
282 291
282 292
282 293
282 294
282 298
282 253
282 254
282 255
282 332
283 286
283 287
283 289
283 291
283 292
283 293
283 297
283 298
283 299
283 252
283 253
283 255
283 334
284 285
284 287
284 289
284 291
284 293
284 294
284 295
284 296
284 297
284 298
284 299
284 250
284 252
284 253
284 254
284 255
284 312
284 418
284 424
285 287
285 288
285 290
285 291
285 292
285 293
285 294
285 297
285 299
285 250
285 251
285 252
285 253
285 321
285 365
285 406
286 287
286 288
286 289
286 290
286 291
286 292
286 293
286 294
286 297
286 298
286 299
286 250
286 251
286 252
286 254
286 255
286 395
286 432
287 288
287 290
287 293
287 294
287 295
287 296
287 298
287 250
287 251
287 253
287 255
287 387
287 462
287 499
288 289
288 290
288 291
288 292
288 295
288 296
288 297
288 298
288 299
288 250
288 252
288 255
288 396
288 437
288 486
288 488
289 290
289 291
289 292
289 295
289 296
289 297
289 298
289 299
289 252
289 254
289 255
289 404
289 468
290 291
290 293
290 294
290 297
290 298
290 299
290 250
290 251
290 252
290 253
290 255
290 417
290 487
291 296
291 298
291 299
291 250
291 252
291 254
291 364
291 368
292 293
292 294
292 295
292 296
292 298
292 299
292 251
292 252
292 346
292 457
293 295
293 297
293 298
293 299
293 251
293 252
293 253
293 254
293 310
294 295
294 296
294 297
294 298
294 252
294 254
294 255
294 351
295 298
295 250
295 251
295 253
295 255
295 490
296 298
296 252
296 253
296 381
296 449
297 298
297 299
297 251
297 252
297 300
297 327
297 342
297 448
298 250
298 251
298 254
298 343
298 355
298 490
299 250
299 251
299 254
299 326
250 251
250 253
250 255
250 305
251 252
251 254
251 316
251 471
251 488
252 253
252 310
253 254
253 255
253 414
253 460
253 474
254 255
254 301
254 318
254 387
254 437
254 479
255 416
300 301
300 302
300 303
300 304
300 305
300 306
300 307
300 308
300 311
300 314
300 317
300 318
300 322
300 323
300 325
300 326
300 327
300 332
300 334
300 337
300 340
300 341
300 342
300 344
300 346
300 347
300 348
300 349
301 302
301 304
301 305
301 306
301 307
301 308
301 309
301 310
301 313
301 314
301 315
301 317
301 319
301 320
301 321
301 322
301 323
301 324
301 326
301 327
301 328
301 330
301 333
301 335
301 336
301 338
301 339
301 340
301 341
301 344
301 345
301 347
301 349
301 438
301 474
302 305
302 306
302 308
302 312
302 316
302 319
302 320
302 322
302 324
302 325
302 328
302 329
302 330
302 333
302 334
302 335
302 336
302 337
302 338
302 340
302 343
302 344
302 345
302 346
302 347
302 349
302 391
302 444
302 463
303 305
303 309
303 310
303 314
303 316
303 317
303 319
303 320
303 323
303 324
303 326
303 327
303 328
303 329
303 333
303 334
303 335
303 336
303 338
303 339
303 340
303 343
303 344
303 345
303 347
303 349
303 350
303 427
303 495
304 305
304 306
304 307
304 308
304 309
304 311
304 313
304 314
304 315
304 316
304 321
304 322
304 324
304 325
304 326
304 327
304 331
304 332
304 333
304 334
304 335
304 338
304 340
304 341
304 342
304 343
304 344
304 347
304 349
304 441
305 306
305 312
305 313
305 314
305 315
305 316
305 318
305 319
305 320
305 322
305 323
305 327
305 330
305 331
305 332
305 334
305 335
305 336
305 337
305 338
305 341
305 343
305 344
305 347
305 497
306 307
306 309
306 310
306 311
306 316
306 319
306 322
306 323
306 324
306 325
306 328
306 329
306 330
306 331
306 332
306 333
306 337
306 339
306 340
306 341
306 342
306 343
306 345
306 346
306 348
306 496
307 309
307 310
307 312
307 313
307 316
307 318
307 320
307 321
307 322
307 323
307 325
307 326
307 327
307 329
307 335
307 336
307 337
307 338
307 339
307 340
307 341
307 344
307 347
307 348
307 390
307 439
308 309
308 311
308 312
308 313
308 314
308 317
308 318
308 321
308 323
308 324
308 325
308 330
308 335
308 336
308 338
308 340
308 341
308 342
308 343
308 344
309 310
309 313
309 314
309 315
309 316
309 317
309 319
309 322
309 323
309 325
309 326
309 327
309 328
309 332
309 333
309 335
309 337
309 338
309 339
309 340
309 341
309 342
309 343
309 345
309 347
309 487
310 311
310 313
310 314
310 316
310 317
310 318
310 320
310 323
310 327
310 328
310 329
310 331
310 334
310 335
310 337
310 338
310 339
310 340
310 341
310 342
310 343
310 346
310 347
310 349
311 312
311 313
311 315
311 316
311 317
311 319
311 320
311 321
311 324
311 325
311 326
311 327
311 328
311 330
311 331
311 335
311 336
311 337
311 338
311 339
311 343
311 344
311 345
311 346
311 347
311 348
311 349
312 313
312 314
312 317
312 320
312 321
312 323
312 326
312 327
312 328
312 331
312 333
312 334
312 335
312 336
312 337
312 338
312 341
312 344
312 346
312 348
312 406
313 316
313 319
313 321
313 324
313 326
313 328
313 330
313 331
313 333
313 335
313 337
313 338
313 339
313 340
313 341
313 345
313 346
313 347
313 348
313 349
313 427
314 316
314 317
314 319
314 321
314 328
314 329
314 330
314 331
314 332
314 333
314 336
314 338
314 340
314 341
314 342
314 343
314 345
315 316
315 318
315 319
315 320
315 323
315 324
315 325
315 328
315 329
315 330
315 331
315 333
315 334
315 335
315 336
315 337
315 338
315 339
315 341
315 342
315 343
315 344
315 346
315 347
315 348
315 349
315 350
315 376
315 421
315 429
315 447
316 318
316 323
316 325
316 327
316 328
316 329
316 330
316 332
316 333
316 334
316 336
316 339
316 340
316 341
316 342
316 344
316 345
316 346
316 347
316 348
316 349
317 318
317 319
317 321
317 322
317 324
317 325
317 326
317 327
317 332
317 334
317 335
317 336
317 337
317 338
317 340
317 344
317 348
317 349
318 319
318 320
318 322
318 323
318 324
318 325
318 326
318 328
318 329
318 330
318 331
318 333
318 334
318 335
318 336
318 337
318 338
318 339
318 342
318 343
318 345
318 346
318 347
318 348
318 492
319 320
319 322
319 324
319 325
319 328
319 330
319 331
319 332
319 333
319 340
319 341
319 343
319 344
319 345
319 346
319 347
319 348
319 349
319 463
320 321
320 322
320 324
320 326
320 327
320 328
320 330
320 331
320 332
320 335
320 338
320 339
320 340
320 342
320 343
321 324
321 326
321 328
321 329
321 331
321 332
321 333
321 335
321 336
321 337
321 339
321 342
321 343
321 345
321 348
322 324
322 325
322 326
322 327
322 330
322 331
322 333
322 335
322 336
322 340
322 341
322 342
322 344
322 345
322 347
322 348
323 325
323 328
323 330
323 331
323 334
323 335
323 336
323 339
323 340
323 342
323 344
323 346
323 347
323 348
324 325
324 327
324 329
324 330
324 331
324 332
324 335
324 337
324 338
324 339
324 341
324 342
324 343
324 344
324 345
324 346
324 349
324 392
324 447
325 328
325 329
325 330
325 336
325 337
325 338
325 339
325 341
325 342
325 343
325 344
325 345
325 346
325 347
325 348
325 349
325 398
325 485
326 327
326 328
326 329
326 330
326 331
326 332
326 335
326 337
326 338
326 340
326 341
326 343
326 346
326 347
326 349
326 423
327 329
327 330
327 333
327 334
327 335
327 337
327 338
327 339
327 340
327 341
327 344
327 347
327 349
327 380
328 329
328 332
328 334
328 336
328 337
328 338
328 339
328 340
328 342
328 343
328 345
328 346
328 347
328 348
328 349
329 330
329 331
329 337
329 338
329 341
329 344
329 345
329 346
329 347
329 348
329 349
329 385
329 366
330 331
330 332
330 333
330 336
330 337
330 338
330 340
330 343
330 345
330 346
330 347
330 348
330 349
331 335
331 336
331 337
331 340
331 341
331 342
331 343
331 347
331 348
331 349
331 404
331 428
332 333
332 334
332 336
332 337
332 338
332 342
332 344
332 346
332 349
333 336
333 339
333 340
333 341
333 342
333 344
333 345
333 347
333 348
333 480
334 339
334 341
334 342
334 343
334 344
334 346
334 347
334 349
334 414
334 494
335 337
335 338
335 339
335 340
335 341
335 342
335 343
335 345
335 346
335 347
335 348
335 499
336 337
336 338
336 339
336 341
336 343
336 344
336 345
336 346
336 349
336 444
336 477
337 339
337 342
337 343
337 344
337 346
337 347
337 349
337 439
338 340
338 342
338 343
338 344
338 345
338 346
338 349
338 409
338 443
339 341
339 342
339 345
339 346
339 348
339 375
339 486
340 345
340 348
340 354
340 493
341 342
341 343
341 344
341 345
341 346
341 347
341 348
341 349
341 411
342 343
342 345
342 346
342 347
342 348
342 411
343 344
343 346
343 347
343 349
343 465
344 346
344 347
344 349
345 346
345 347
345 348
345 362
346 347
346 348
346 349
346 400
347 348
347 390
347 375
347 461
347 496
348 381
348 480
349 388
349 445
349 460
349 471
384 387
384 389
384 391
384 393
384 394
384 395
384 396
384 397
384 350
384 351
384 353
384 354
384 355
384 356
384 358
384 360
384 361
384 362
384 363
384 364
384 366
384 368
384 369
384 370
384 371
384 372
384 375
384 376
384 378
384 380
384 381
384 383
384 485
385 389
385 390
385 391
385 393
385 395
385 396
385 397
385 398
385 399
385 350
385 354
385 355
385 356
385 357
385 360
385 361
385 362
385 363
385 364
385 365
385 366
385 367
385 368
385 369
385 370
385 372
385 374
385 375
385 376
385 377
385 379
385 380
385 381
385 435
385 444
386 389
386 390
386 391
386 393
386 394
386 395
386 397
386 398
386 351
386 352
386 353
386 354
386 355
386 359
386 360
386 364
386 365
386 367
386 369
386 370
386 372
386 373
386 374
386 375
386 378
386 379
386 381
386 464
387 388
387 390
387 391
387 393
387 394
387 396
387 399
387 350
387 351
387 352
387 353
387 354
387 357
387 360
387 361
387 363
387 364
387 366
387 370
387 372
387 373
387 375
387 376
387 377
387 378
387 379
387 380
387 382
387 423
388 389
388 390
388 391
388 394
388 396
388 399
388 350
388 352
388 353
388 356
388 357
388 358
388 361
388 362
388 363
388 364
388 366
388 368
388 369
388 374
388 378
388 380
388 381
388 383
389 390
389 391
389 392
389 393
389 396
389 399
389 351
389 352
389 354
389 356
389 358
389 360
389 362
389 365
389 367
389 368
389 372
389 373
389 374
389 375
389 376
389 378
389 380
389 383
389 448
390 392
390 393
390 394
390 395
390 396
390 397
390 399
390 350
390 352
390 354
390 355
390 356
390 357
390 358
390 360
390 362
390 365
390 367
390 368
390 369
390 370
390 371
390 373
390 374
390 376
390 378
390 379
390 381
390 382
391 394
391 396
391 397
391 398
391 399
391 353
391 354
391 355
391 356
391 357
391 359
391 360
391 367
391 368
391 369
391 370
391 374
391 376
391 377
391 378
391 379
391 380
391 383
391 443
392 393
392 398
392 350
392 351
392 354
392 355
392 357
392 359
392 360
392 361
392 363
392 364
392 366
392 367
392 369
392 370
392 372
392 373
392 375
392 376
392 379
392 380
393 394
393 396
393 399
393 350
393 351
393 353
393 354
393 355
393 356
393 357
393 358
393 360
393 361
393 362
393 363
393 364
393 365
393 366
393 367
393 369
393 370
393 372
393 374
393 377
393 378
393 379
393 380
394 396
394 399
394 350
394 351
394 352
394 353
394 354
394 356
394 357
394 359
394 361
394 362
394 363
394 364
394 365
394 367
394 371
394 372
394 373
394 376
394 378
394 379
394 380
394 381
394 383
394 402
394 426
394 469
395 396
395 397
395 398
395 399
395 350
395 351
395 352
395 353
395 356
395 357
395 358
395 360
395 362
395 363
395 364
395 365
395 367
395 368
395 369
395 370
395 372
395 373
395 375
395 377
395 378
395 379
395 380
395 382
396 399
396 350
396 352
396 353
396 358
396 359
396 360
396 362
396 363
396 367
396 368
396 371
396 372
396 373
396 374
396 379
396 476
397 398
397 399
397 350
397 351
397 353
397 354
397 355
397 356
397 357
397 361
397 362
397 363
397 364
397 367
397 368
397 369
397 370
397 373
397 377
397 378
397 380
397 381
397 382
397 383
398 399
398 350
398 351
398 352
398 354
398 355
398 356
398 358
398 359
398 361
398 362
398 364
398 367
398 369
398 370
398 371
398 372
398 373
398 375
398 378
399 351
399 355
399 356
399 357
399 358
399 359
399 361
399 362
399 363
399 364
399 365
399 367
399 374
399 375
399 378
399 381
399 382
399 383
350 353
350 354
350 355
350 356
350 358
350 359
350 360
350 361
350 364
350 366
350 367
350 372
350 374
350 375
350 379
350 382
350 460
351 353
351 356
351 358
351 360
351 362
351 363
351 366
351 368
351 370
351 371
351 372
351 373
351 374
351 375
351 376
351 377
351 381
351 382
351 383
351 436
351 475
352 353
352 354
352 357
352 359
352 361
352 363
352 364
352 365
352 366
352 367
352 369
352 370
352 371
352 372
352 373
352 374
352 376
352 377
352 379
352 380
352 381
352 383
352 473
353 354
353 356
353 357
353 358
353 359
353 360
353 361
353 362
353 363
353 364
353 365
353 366
353 368
353 369
353 371
353 373
353 375
353 377
353 378
353 380
353 383
353 464
354 355
354 356
354 357
354 359
354 363
354 366
354 368
354 370
354 371
354 372
354 373
354 375
354 376
354 378
354 380
354 383
355 356
355 358
355 359
355 360
355 361
355 367
355 369
355 374
355 376
355 377
355 378
355 379
355 381
355 382
355 383
355 471
356 357
356 360
356 361
356 362
356 363
356 369
356 373
356 374
356 375
356 376
356 377
356 378
356 380
356 381
356 382
356 383
356 423
356 469
357 360
357 362
357 363
357 365
357 366
357 368
357 370
357 377
357 378
357 379
357 380
357 381
358 363
358 364
358 365
358 366
358 367
358 369
358 373
358 375
358 377
358 378
358 383
359 362
359 363
359 364
359 365
359 368
359 369
359 371
359 372
359 373
359 374
359 379
359 380
359 382
359 488
360 364
360 365
360 366
360 367
360 368
360 370
360 371
360 372
360 374
360 375
360 377
360 379
360 380
360 381
360 383
360 405
360 444
361 365
361 367
361 369
361 372
361 373
361 374
361 375
361 376
361 378
361 379
361 381
361 383
362 364
362 365
362 366
362 367
362 368
362 370
362 371
362 372
362 373
362 377
362 378
362 381
362 382
362 383
362 463
362 465
363 364
363 365
363 366
363 367
363 368
363 370
363 372
363 373
363 374
363 375
363 376
363 380
363 382
363 383
363 471
364 365
364 368
364 370
364 371
364 372
364 376
364 377
364 379
364 380
364 381
364 382
364 383
365 366
365 367
365 368
365 369
365 370
365 371
365 373
365 381
365 400
365 408
365 492
366 369
366 370
366 371
366 373
366 374
366 375
366 377
366 379
366 380
366 381
366 479
366 480
366 484
367 368
367 369
367 371
367 373
367 375
367 377
367 378
367 380
367 382
367 415
367 426
367 437
368 370
368 371
368 372
368 373
368 374
368 376
368 377
368 379
368 381
368 382
368 383
368 440
369 370
369 371
369 372
369 373
369 374
369 375
369 376
369 378
369 382
369 383
369 495
370 372
370 373
370 377
370 378
370 380
370 382
371 372
371 373
371 375
371 376
371 378
371 379
371 380
371 382
371 383
372 373
372 374
372 375
372 376
372 377
372 378
372 381
372 402
373 374
373 375
373 376
373 378
373 380
373 381
373 382
374 375
374 377
374 379
374 381
374 403
374 435
374 455
375 376
375 379
375 380
375 382
376 377
376 379
376 380
376 381
376 382
376 383
377 379
377 380
377 381
377 382
377 383
377 465
378 381
378 383
379 380
379 383
379 437
381 471
382 383
383 423
400 401
400 402
400 403
400 405
400 407
400 408
400 409
400 411
400 415
400 416
400 420
400 422
400 425
400 430
400 431
400 434
400 435
400 437
400 443
400 446
400 448
400 449
401 402
401 403
401 404
401 405
401 406
401 408
401 411
401 412
401 413
401 415
401 416
401 417
401 419
401 424
401 425
401 426
401 427
401 428
401 430
401 431
401 433
401 434
401 436
401 438
401 439
401 440
401 446
401 448
401 449
402 403
402 405
402 406
402 408
402 413
402 416
402 417
402 418
402 420
402 422
402 423
402 424
402 425
402 426
402 427
402 429
402 431
402 433
402 440
402 441
402 442
402 443
402 444
402 445
402 448
402 449
403 405
403 406
403 408
403 409
403 410
403 411
403 418
403 419
403 420
403 422
403 425
403 426
403 427
403 430
403 433
403 434
403 435
403 436
403 437
403 441
403 442
403 443
403 444
403 445
403 446
403 447
403 449
403 478
403 487
404 405
404 406
404 408
404 410
404 413
404 415
404 416
404 417
404 418
404 419
404 420
404 421
404 422
404 424
404 426
404 427
404 434
404 436
404 440
404 441
404 444
404 445
405 406
405 407
405 408
405 410
405 411
405 413
405 414
405 417
405 418
405 419
405 421
405 423
405 425
405 427
405 429
405 430
405 433
405 436
405 437
405 438
405 439
405 442
405 444
405 446
405 448
405 449
405 456
406 408
406 411
406 412
406 414
406 418
406 419
406 420
406 421
406 422
406 423
406 424
406 430
406 433
406 434
406 436
406 437
406 439
406 440
406 441
406 442
406 445
406 446
406 448
407 408
407 409
407 410
407 411
407 412
407 414
407 415
407 419
407 420
407 421
407 422
407 423
407 424
407 426
407 427
407 430
407 431
407 433
407 435
407 436
407 437
407 438
407 440
407 441
407 444
407 445
407 446
407 448
408 410
408 411
408 412
408 414
408 415
408 416
408 419
408 420
408 422
408 423
408 426
408 430
408 431
408 433
408 434
408 435
408 436
408 437
408 438
408 441
408 442
408 443
408 444
408 449
409 410
409 411
409 412
409 415
409 416
409 417
409 419
409 422
409 424
409 428
409 429
409 430
409 432
409 433
409 435
409 436
409 437
409 438
409 440
409 441
409 443
409 444
409 445
409 446
409 448
409 449
410 411
410 415
410 417
410 419
410 420
410 421
410 422
410 423
410 424
410 425
410 427
410 428
410 429
410 433
410 434
410 435
410 436
410 437
410 438
410 439
410 442
410 445
410 446
410 448
410 449
411 412
411 413
411 415
411 417
411 418
411 419
411 420
411 424
411 427
411 428
411 429
411 431
411 433
411 439
411 440
411 441
411 443
411 444
411 446
411 448
411 463
412 413
412 414
412 415
412 419
412 420
412 421
412 422
412 424
412 425
412 429
412 431
412 432
412 433
412 435
412 436
412 438
412 439
412 441
412 442
412 443
412 444
412 445
412 448
412 449
412 469
413 415
413 417
413 419
413 421
413 423
413 424
413 426
413 429
413 431
413 434
413 436
413 440
413 441
413 444
413 449
413 476
414 415
414 416
414 418
414 419
414 422
414 425
414 426
414 427
414 431
414 432
414 433
414 434
414 435
414 437
414 441
414 443
414 444
414 446
414 447
414 455
414 462
415 416
415 418
415 419
415 420
415 421
415 422
415 424
415 425
415 426
415 429
415 431
415 432
415 433
415 436
415 438
415 443
415 444
415 447
415 448
416 417
416 419
416 421
416 422
416 423
416 424
416 429
416 430
416 433
416 434
416 435
416 436
416 437
416 438
416 439
416 440
416 441
416 442
416 443
416 446
416 447
416 449
416 488
417 418
417 419
417 425
417 429
417 435
417 437
417 442
418 419
418 420
418 421
418 422
418 424
418 430
418 435
418 436
418 437
418 440
418 441
418 444
418 447
418 448
418 449
419 420
419 424
419 425
419 426
419 427
419 428
419 429
419 430
419 431
419 432
419 433
419 434
419 435
419 437
419 438
419 439
419 446
419 447
419 449
420 421
420 422
420 424
420 425
420 426
420 430
420 431
420 432
420 433
420 434
420 435
420 438
420 439
420 440
420 441
420 442
420 444
420 445
420 447
420 448
420 449
421 422
421 423
421 425
421 426
421 427
421 428
421 429
421 430
421 431
421 432
421 433
421 434
421 436
421 439
421 440
421 441
421 442
421 443
421 444
421 445
421 447
421 448
421 449
422 424
422 427
422 429
422 431
422 432
422 433
422 434
422 435
422 436
422 437
422 438
422 439
422 442
422 444
422 447
422 448
422 449
423 424
423 427
423 431
423 432
423 433
423 436
423 439
423 440
423 444
423 447
423 448
423 449
424 426
424 427
424 428
424 429
424 430
424 432
424 435
424 436
424 437
424 438
424 441
424 444
424 446
424 447
424 449
424 458
424 462
425 426
425 427
425 430
425 431
425 432
425 433
425 434
425 435
425 436
425 437
425 439
425 441
425 442
425 444
425 445
425 446
425 447
425 448
426 428
426 429
426 430
426 431
426 432
426 434
426 435
426 436
426 437
426 439
426 440
426 441
426 443
426 444
426 445
426 448
426 449
426 463
427 428
427 429
427 432
427 434
427 436
427 437
427 440
427 443
427 444
427 445
427 446
427 447
427 448
427 449
427 484
427 493
428 430
428 431
428 434
428 435
428 438
428 439
428 440
428 441
428 443
428 445
428 446
428 448
428 449
429 435
429 441
429 442
429 443
429 446
429 447
429 449
429 497
430 431
430 432
430 436
430 437
430 438
430 439
430 440
430 441
430 442
430 443
430 444
430 445
430 447
430 448
430 457
431 433
431 435
431 437
431 438
431 439
431 440
431 441
431 442
431 443
431 444
431 449
432 433
432 434
432 436
432 437
432 443
432 444
432 446
432 449
433 434
433 435
433 436
433 440
433 441
433 442
433 445
433 447
433 448
433 449
433 456
434 436
434 437
434 438
434 439
434 440
434 441
434 442
434 444
434 446
434 447
434 448
434 449
435 438
435 439
435 440
435 442
435 443
435 449
435 479
436 437
436 438
436 440
436 441
436 446
436 447
436 448
437 439
437 442
437 444
437 446
438 442
438 443
438 445
438 446
438 449
439 440
439 449
439 471
440 441
440 444
440 445
440 446
440 447
440 448
441 443
441 445
441 447
442 443
442 445
442 446
442 447
443 444
443 445
443 448
444 445
444 446
444 449
445 447
445 449
445 479
445 498
446 449
447 480
448 449
448 482
450 451
450 453
450 454
450 455
450 457
450 458
450 459
450 460
450 461
450 463
450 466
450 467
450 469
450 470
450 473
450 476
450 478
450 480
450 481
450 484
450 485
450 489
450 490
450 491
450 492
450 493
450 494
450 497
450 498
451 452
451 453
451 454
451 455
451 456
451 457
451 458
451 459
451 461
451 463
451 464
451 469
451 471
451 475
451 478
451 481
451 482
451 483
451 484
451 485
451 487
451 488
451 489
451 492
451 494
451 496
451 497
451 498
452 456
452 458
452 459
452 460
452 461
452 463
452 465
452 466
452 472
452 474
452 475
452 477
452 478
452 479
452 481
452 483
452 484
452 486
452 487
452 489
452 490
452 491
452 492
452 495
452 496
452 497
452 498
453 457
453 458
453 460
453 464
453 465
453 466
453 467
453 468
453 469
453 470
453 471
453 472
453 474
453 476
453 477
453 479
453 481
453 485
453 487
453 490
453 493
453 494
453 495
453 496
453 498
454 455
454 456
454 459
454 460
454 461
454 464
454 466
454 469
454 470
454 472
454 476
454 479
454 484
454 485
454 487
454 488
454 490
454 492
454 494
454 496
454 497
454 498
455 456
455 457
455 458
455 459
455 462
455 463
455 466
455 470
455 472
455 473
455 476
455 477
455 480
455 482
455 483
455 484
455 485
455 488
455 489
455 492
455 493
455 494
455 495
455 496
455 497
455 499
456 460
456 461
456 464
456 465
456 467
456 469
456 471
456 474
456 475
456 476
456 478
456 479
456 480
456 482
456 483
456 484
456 487
456 488
456 490
456 491
456 492
456 493
456 494
456 495
456 498
456 499
457 458
457 459
457 460
457 461
457 462
457 463
457 464
457 465
457 466
457 468
457 469
457 470
457 472
457 473
457 474
457 475
457 476
457 477
457 478
457 479
457 481
457 483
457 485
457 489
457 490
457 493
457 494
457 495
457 496
457 498
457 499
458 459
458 460
458 464
458 465
458 466
458 467
458 468
458 469
458 470
458 472
458 475
458 479
458 481
458 482
458 483
458 486
458 487
458 488
458 490
458 491
458 492
458 493
458 494
458 495
458 496
458 497
458 499
459 460
459 461
459 465
459 467
459 468
459 470
459 471
459 472
459 477
459 481
459 482
459 483
459 486
459 487
459 488
459 489
459 491
459 492
459 493
459 494
459 495
459 497
460 461
460 462
460 463
460 464
460 466
460 471
460 473
460 474
460 475
460 476
460 477
460 478
460 479
460 480
460 484
460 488
460 490
460 491
460 495
460 496
460 497
460 499
461 463
461 465
461 466
461 467
461 469
461 473
461 474
461 475
461 476
461 478
461 481
461 482
461 485
461 487
461 489
461 490
461 491
461 493
461 494
461 495
461 496
461 497
461 499
462 463
462 464
462 466
462 467
462 469
462 470
462 471
462 472
462 474
462 475
462 476
462 482
462 483
462 484
462 485
462 487
462 488
462 490
462 491
462 499
463 464
463 465
463 468
463 470
463 472
463 473
463 474
463 476
463 477
463 478
463 479
463 480
463 481
463 482
463 483
463 484
463 489
463 490
463 493
463 496
463 497
463 498
463 499
464 465
464 467
464 468
464 469
464 472
464 475
464 478
464 479
464 480
464 482
464 484
464 485
464 486
464 488
464 489
464 491
464 492
464 495
464 497
465 468
465 473
465 474
465 475
465 477
465 480
465 483
465 484
465 485
465 489
465 490
465 491
465 492
465 494
465 495
465 496
465 497
465 498
465 499
466 467
466 470
466 473
466 475
466 476
466 477
466 478
466 480
466 488
466 489
466 491
466 493
466 496
466 498
467 468
467 470
467 473
467 475
467 476
467 477
467 478
467 479
467 483
467 484
467 485
467 486
467 489
467 490
467 491
467 492
467 493
467 494
467 495
467 496
467 497
467 498
467 499
468 471
468 473
468 476
468 478
468 479
468 481
468 482
468 484
468 485
468 487
468 488
468 489
468 490
468 491
468 496
468 499
469 470
469 471
469 472
469 474
469 478
469 480
469 482
469 483
469 484
469 485
469 488
469 490
469 491
469 492
469 495
469 496
469 497
470 471
470 472
470 474
470 475
470 476
470 477
470 479
470 480
470 481
470 483
470 484
470 485
470 490
470 491
470 495
470 497
470 498
470 499
471 472
471 473
471 474
471 475
471 476
471 479
471 480
471 481
471 483
471 486
471 487
471 488
471 490
471 491
471 492
471 493
471 495
471 497
471 499
472 473
472 474
472 479
472 482
472 483
472 486
472 488
472 490
472 491
472 494
472 496
472 497
472 498
472 499
473 474
473 475
473 476
473 477
473 481
473 482
473 484
473 485
473 486
473 487
473 488
473 491
473 492
473 493
473 495
473 496
473 497
473 499
474 475
474 481
474 482
474 484
474 486
474 487
474 489
474 490
474 491
474 492
474 493
474 494
474 495
474 497
474 498
474 499
475 476
475 479
475 481
475 483
475 484
475 485
475 487
475 489
475 491
475 493
475 495
475 496
475 497
475 498
476 481
476 482
476 485
476 486
476 487
476 489
476 490
476 491
476 493
476 494
476 495
476 496
476 498
477 479
477 481
477 483
477 486
477 487
477 488
477 489
477 491
477 493
477 496
477 498
477 499
478 479
478 480
478 481
478 482
478 485
478 486
478 492
478 494
478 495
478 497
478 498
479 482
479 483
479 486
479 489
479 492
479 493
479 494
479 495
479 496
479 497
479 499
480 481
480 482
480 484
480 486
480 489
480 490
480 491
480 492
480 493
480 494
480 499
481 483
481 485
481 487
481 490
481 491
481 492
481 497
481 499
482 484
482 488
482 493
482 494
482 495
482 498
482 499
483 485
483 487
483 490
483 491
483 493
483 494
483 495
483 496
483 499
484 486
484 490
484 492
484 493
484 494
484 495
484 496
484 497
485 486
485 487
485 488
485 490
485 492
485 494
485 495
485 496
485 498
486 487
486 492
486 493
486 496
487 491
487 492
487 497
487 498
487 499
488 489
488 492
488 494
488 495
488 496
488 497
488 498
488 499
489 490
489 494
489 495
489 497
489 498
490 491
490 493
490 494
490 495
490 496
490 497
490 498
490 499
491 492
491 494
491 495
492 496
492 497
493 494
493 495
493 497
493 499
494 495
494 497
494 499
495 496
495 498
495 499
497 498
497 499
