0 2
0 3
0 5
0 6
0 8
0 13
0 14
0 15
0 17
0 18
0 22
0 23
0 25
0 26
0 27
0 28
0 30
0 31
0 32
0 33
0 35
0 36
0 38
0 39
0 41
0 42
0 43
0 44
0 45
0 46
0 47
0 48
0 49
0 62
0 77
0 80
0 82
0 138
0 148
0 115
0 191
0 207
0 257
0 254
0 316
0 319
0 391
0 396
0 352
0 360
0 361
0 404
0 410
0 412
0 421
0 458
0 490
1 2
1 11
1 13
1 14
1 15
1 17
1 19
1 20
1 21
1 22
1 23
1 24
1 26
1 27
1 28
1 31
1 32
1 35
1 37
1 38
1 46
1 64
1 65
1 70
1 106
1 124
1 180
1 240
1 301
1 331
1 336
1 346
1 384
1 395
1 396
1 398
1 352
1 356
1 369
1 378
1 430
1 444
1 458
1 459
1 463
1 483
2 4
2 5
2 6
2 7
2 8
2 9
2 11
2 12
2 15
2 16
2 18
2 19
2 20
2 23
2 24
2 25
2 26
2 27
2 29
2 30
2 31
2 33
2 34
2 35
2 36
2 37
2 38
2 40
2 43
2 44
2 45
2 48
2 49
2 51
2 110
2 119
2 215
2 221
2 240
2 256
2 257
2 260
2 396
2 383
2 423
2 437
2 447
2 470
2 472
2 491
3 7
3 8
3 14
3 15
3 16
3 17
3 18
3 22
3 23
3 24
3 26
3 27
3 28
3 29
3 31
3 32
3 35
3 38
3 41
3 42
3 44
3 45
3 49
3 69
3 99
3 119
3 155
3 176
3 207
3 230
3 286
3 294
3 303
3 329
3 452
3 472
4 6
4 8
4 9
4 11
4 12
4 18
4 23
4 24
4 25
4 26
4 27
4 28
4 30
4 31
4 32
4 33
4 34
4 35
4 36
4 39
4 40
4 42
4 44
4 45
4 47
4 48
4 49
4 69
4 79
4 81
4 95
4 96
4 136
4 112
4 117
4 118
4 154
4 168
4 190
4 206
4 207
4 217
4 228
4 236
4 240
4 242
4 253
4 303
4 334
4 429
4 455
5 6
5 7
5 8
5 10
5 11
5 13
5 15
5 17
5 20
5 21
5 23
5 26
5 28
5 30
5 31
5 35
5 36
5 37
5 38
5 39
5 40
5 42
5 44
5 47
5 49
5 52
5 60
5 71
5 76
5 103
5 114
5 121
5 159
5 167
5 204
5 218
5 219
5 268
5 323
5 325
5 389
5 397
5 351
5 381
5 434
5 493
6 7
6 9
6 11
6 12
6 13
6 14
6 16
6 17
6 18
6 19
6 20
6 21
6 22
6 23
6 24
6 25
6 26
6 28
6 30
6 31
6 33
6 34
6 37
6 38
6 40
6 41
6 42
6 45
6 47
6 55
6 77
6 147
6 120
6 122
6 124
6 155
6 156
6 204
6 241
6 297
6 253
6 255
6 309
6 327
6 333
6 380
6 400
6 402
6 404
6 430
6 471
6 483
7 9
7 10
7 11
7 14
7 15
7 16
7 18
7 19
7 20
7 21
7 23
7 25
7 26
7 28
7 29
7 31
7 33
7 34
7 35
7 36
7 37
7 40
7 46
7 47
7 49
7 57
7 86
7 89
7 116
7 159
7 188
7 197
7 217
7 229
7 291
7 326
7 398
7 352
7 366
7 374
7 378
7 414
7 426
7 427
7 457
7 485
8 9
8 10
8 13
8 14
8 16
8 17
8 18
8 20
8 21
8 22
8 24
8 28
8 29
8 30
8 31
8 34
8 36
8 37
8 40
8 41
8 42
8 43
8 45
8 47
8 49
8 52
8 92
8 163
8 168
8 182
8 186
8 193
8 198
8 202
8 226
8 234
8 253
8 311
8 312
8 343
8 348
8 358
8 359
8 404
8 422
9 10
9 12
9 13
9 14
9 15
9 18
9 19
9 21
9 23
9 24
9 25
9 28
9 29
9 31
9 35
9 36
9 37
9 44
9 45
9 47
9 49
9 71
9 132
9 146
9 101
9 102
9 123
9 173
9 196
9 208
9 212
9 260
9 282
9 300
9 345
9 392
9 357
9 364
9 450
9 463
9 487
10 11
10 17
10 19
10 21
10 22
10 23
10 24
10 26
10 28
10 29
10 32
10 34
10 35
10 36
10 37
10 41
10 42
10 43
10 45
10 47
10 48
10 69
10 74
10 148
10 108
10 154
10 220
10 222
10 231
10 234
10 311
10 345
10 389
10 392
10 353
10 361
10 362
10 366
10 400
10 405
10 418
10 428
10 450
10 460
10 485
11 12
11 13
11 15
11 18
11 23
11 24
11 25
11 28
11 29
11 30
11 31
11 33
11 37
11 38
11 39
11 40
11 42
11 43
11 47
11 48
11 91
11 134
11 136
11 115
11 117
11 166
11 188
11 219
11 239
11 299
11 303
11 322
11 340
11 391
11 398
11 383
11 405
11 419
11 420
11 438
11 472
11 474
12 15
12 16
12 18
12 19
12 21
12 22
12 23
12 26
12 27
12 29
12 31
12 34
12 36
12 39
12 40
12 41
12 45
12 48
12 49
12 56
12 79
12 94
12 118
12 124
12 150
12 181
12 188
12 193
12 215
12 216
12 222
12 263
12 309
12 322
12 337
12 346
12 400
12 427
12 438
12 477
12 490
13 14
13 16
13 17
13 18
13 19
13 20
13 21
13 24
13 26
13 28
13 32
13 37
13 38
13 39
13 40
13 42
13 43
13 44
13 45
13 46
13 47
13 49
13 79
13 82
13 93
13 104
13 109
13 115
13 122
13 189
13 205
13 208
13 210
13 223
13 238
13 289
13 299
13 254
13 316
13 318
13 397
13 365
13 377
13 382
13 383
13 448
14 16
14 17
14 19
14 24
14 25
14 26
14 29
14 30
14 32
14 33
14 35
14 36
14 39
14 41
14 42
14 45
14 47
14 48
14 100
14 115
14 122
14 164
14 175
14 213
14 236
14 247
14 278
14 287
14 250
14 254
14 306
14 307
14 341
14 348
14 385
14 387
14 350
14 427
14 432
14 453
14 469
14 485
15 16
15 17
15 21
15 22
15 24
15 25
15 27
15 31
15 32
15 33
15 37
15 39
15 40
15 41
15 44
15 45
15 46
15 48
15 49
15 108
15 157
15 192
15 211
15 240
15 241
15 291
15 296
15 252
15 303
15 363
15 441
15 463
16 17
16 18
16 19
16 20
16 21
16 22
16 25
16 26
16 27
16 28
16 30
16 34
16 35
16 36
16 39
16 42
16 43
16 47
16 48
16 54
16 57
16 81
16 85
16 116
16 154
16 190
16 192
16 215
16 231
16 300
16 338
16 342
16 346
16 391
16 356
16 370
16 373
16 376
16 420
16 424
16 461
16 468
16 475
16 497
17 18
17 22
17 23
17 26
17 27
17 28
17 29
17 31
17 32
17 33
17 34
17 35
17 36
17 37
17 38
17 39
17 41
17 43
17 44
17 46
17 47
17 48
17 65
17 81
17 94
17 119
17 183
17 249
17 302
17 342
17 387
17 391
17 373
17 381
17 383
17 419
17 444
17 445
18 19
18 22
18 23
18 24
18 26
18 27
18 28
18 29
18 30
18 31
18 32
18 35
18 36
18 37
18 39
18 40
18 41
18 42
18 45
18 46
18 47
18 49
18 53
18 59
18 81
18 92
18 140
18 112
18 120
18 126
18 151
18 164
18 177
18 178
18 186
18 189
18 258
18 266
18 271
18 313
18 340
18 388
18 353
18 375
18 416
18 440
18 445
18 481
18 485
18 488
19 22
19 24
19 26
19 27
19 33
19 34
19 35
19 39
19 40
19 42
19 44
19 45
19 47
19 49
19 59
19 65
19 103
19 104
19 150
19 182
19 195
19 218
19 237
19 245
19 258
19 308
19 319
19 344
19 384
19 352
19 357
19 405
19 416
19 438
19 443
19 472
19 490
20 28
20 29
20 32
20 36
20 38
20 41
20 42
20 43
20 44
20 46
20 47
20 48
20 61
20 66
20 77
20 92
20 146
20 118
20 122
20 159
20 186
20 199
20 206
20 226
20 277
20 281
20 323
20 337
20 352
20 365
20 371
20 425
20 498
21 24
21 25
21 27
21 28
21 30
21 31
21 32
21 35
21 36
21 37
21 38
21 40
21 41
21 42
21 43
21 44
21 46
21 49
21 140
21 107
21 167
21 198
21 231
21 286
21 252
21 255
21 300
21 304
21 337
21 342
21 412
21 433
21 446
21 459
21 466
22 23
22 24
22 26
22 27
22 28
22 29
22 30
22 31
22 33
22 34
22 36
22 38
22 39
22 41
22 42
22 43
22 47
22 49
22 71
22 136
22 146
22 162
22 177
22 235
22 238
22 248
22 281
22 297
22 250
22 391
22 356
22 357
22 364
22 412
22 425
22 427
22 436
22 439
22 478
23 27
23 33
23 36
23 37
23 39
23 40
23 41
23 43
23 44
23 45
23 47
23 48
23 69
23 84
23 87
23 144
23 147
23 104
23 162
23 191
23 199
23 229
23 239
23 246
23 280
23 286
23 289
23 252
23 331
23 334
23 396
23 360
23 405
23 475
24 25
24 26
24 27
24 30
24 31
24 35
24 37
24 39
24 40
24 44
24 48
24 61
24 79
24 126
24 157
24 158
24 162
24 220
24 223
24 267
24 280
24 253
24 337
24 340
24 384
24 387
24 388
24 383
24 419
24 426
24 444
24 446
24 460
24 471
24 472
25 30
25 32
25 33
25 35
25 36
25 39
25 40
25 41
25 42
25 46
25 47
25 48
25 49
25 87
25 95
25 104
25 127
25 154
25 157
25 190
25 222
25 233
25 266
25 312
25 330
25 336
25 390
25 392
25 394
25 369
25 426
25 434
25 442
25 449
25 464
25 472
25 477
25 499
26 27
26 28
26 29
26 30
26 33
26 34
26 36
26 37
26 38
26 40
26 41
26 42
26 44
26 47
26 48
26 69
26 78
26 100
26 113
26 180
26 212
26 232
26 285
26 292
26 301
26 315
26 326
26 404
26 420
26 452
26 460
26 468
26 485
26 493
27 28
27 30
27 33
27 34
27 35
27 37
27 39
27 40
27 41
27 43
27 46
27 48
27 50
27 53
27 73
27 74
27 132
27 134
27 148
27 108
27 172
27 210
27 217
27 225
27 243
27 274
27 301
27 312
27 333
27 342
27 343
27 376
27 423
27 424
27 425
27 453
27 458
27 462
27 463
27 490
27 499
28 31
28 32
28 35
28 36
28 38
28 39
28 42
28 43
28 44
28 46
28 47
28 49
28 66
28 77
28 84
28 90
28 97
28 139
28 147
28 111
28 123
28 176
28 229
28 239
28 257
28 264
28 274
28 282
28 324
28 330
28 333
28 366
28 409
28 472
29 31
29 33
29 34
29 35
29 36
29 37
29 38
29 39
29 41
29 43
29 44
29 45
29 46
29 48
29 49
29 64
29 73
29 80
29 137
29 111
29 201
29 220
29 227
29 246
29 267
29 289
29 296
29 299
29 346
29 391
29 360
29 364
29 375
29 410
29 461
29 488
30 31
30 32
30 35
30 40
30 42
30 44
30 45
30 46
30 47
30 48
30 50
30 63
30 93
30 145
30 111
30 163
30 211
30 229
30 239
30 261
30 263
30 267
30 299
30 338
30 343
30 398
30 366
30 367
30 441
30 468
30 471
30 475
30 488
31 34
31 37
31 39
31 43
31 44
31 46
31 48
31 49
31 53
31 54
31 67
31 82
31 84
31 125
31 154
31 179
31 222
31 228
31 234
31 297
31 304
31 310
31 315
31 317
31 332
31 341
31 346
31 395
31 424
32 33
32 34
32 39
32 40
32 41
32 42
32 43
32 45
32 47
32 48
32 134
32 109
32 116
32 119
32 165
32 205
32 228
32 256
32 273
32 278
32 295
32 301
32 333
32 341
32 343
32 348
32 368
32 372
32 401
32 428
32 433
32 436
32 452
33 34
33 36
33 39
33 40
33 43
33 44
33 48
33 139
33 100
33 104
33 168
33 222
33 256
33 277
33 295
33 297
33 298
33 253
33 358
33 416
33 426
33 434
33 439
33 445
33 462
33 474
33 481
34 35
34 36
34 37
34 39
34 40
34 42
34 44
34 46
34 48
34 49
34 78
34 80
34 84
34 146
34 100
34 107
34 121
34 162
34 182
34 191
34 202
34 240
34 272
34 273
34 309
34 324
34 347
34 454
34 461
34 466
34 499
35 36
35 39
35 40
35 41
35 42
35 43
35 44
35 45
35 46
35 47
35 48
35 49
35 55
35 56
35 80
35 84
35 86
35 142
35 100
35 155
35 166
35 185
35 192
35 202
35 219
35 221
35 225
35 265
35 269
35 273
35 276
35 283
35 291
35 253
35 394
35 361
35 374
35 383
35 404
35 410
35 430
35 465
35 479
36 37
36 38
36 40
36 42
36 44
36 45
36 48
36 49
36 66
36 81
36 84
36 161
36 176
36 195
36 203
36 247
36 282
36 303
36 312
36 316
36 322
36 324
36 326
36 343
36 399
36 350
36 380
36 461
36 486
36 494
37 38
37 39
37 40
37 41
37 42
37 46
37 47
37 93
37 137
37 144
37 114
37 198
37 203
37 205
37 214
37 222
37 247
37 257
37 293
37 254
37 337
37 350
37 356
37 411
37 422
37 482
37 496
38 39
38 41
38 42
38 43
38 44
38 45
38 46
38 49
38 68
38 74
38 95
38 144
38 149
38 106
38 107
38 108
38 123
38 152
38 155
38 162
38 191
38 243
38 247
38 268
38 286
38 288
38 316
38 317
38 328
38 345
38 349
38 397
38 371
38 423
38 440
38 445
39 40
39 42
39 44
39 45
39 46
39 48
39 49
39 63
39 66
39 92
39 141
39 118
39 206
39 226
39 241
39 245
39 297
39 298
39 299
39 253
39 304
39 308
39 313
39 316
39 331
39 352
39 362
39 410
39 432
39 452
39 480
40 41
40 42
40 46
40 47
40 141
40 125
40 157
40 171
40 195
40 219
40 220
40 264
40 291
40 298
40 318
40 322
40 328
40 343
40 390
40 355
40 370
40 401
40 407
40 429
40 432
40 434
40 435
40 453
40 454
40 473
41 42
41 44
41 47
41 49
41 54
41 88
41 109
41 153
41 166
41 167
41 186
41 237
41 256
41 274
41 297
41 330
41 358
41 365
41 373
41 405
41 411
41 415
41 430
41 431
41 444
41 446
41 447
41 478
42 43
42 45
42 47
42 48
42 49
42 54
42 73
42 76
42 94
42 98
42 149
42 101
42 108
42 186
42 195
42 225
42 229
42 231
42 243
42 277
42 283
42 302
42 324
42 330
42 334
42 426
42 437
42 451
42 475
42 481
42 482
42 488
43 44
43 46
43 47
43 49
43 90
43 142
43 143
43 152
43 153
43 157
43 200
43 201
43 206
43 208
43 212
43 218
43 219
43 230
43 242
43 269
43 293
43 299
43 307
43 325
43 358
43 377
43 378
43 401
43 409
43 420
43 435
43 442
43 487
44 47
44 48
44 57
44 64
44 139
44 142
44 148
44 117
44 155
44 164
44 200
44 217
44 316
44 345
44 388
44 399
44 363
44 376
44 378
44 400
44 408
44 414
44 424
44 440
44 449
44 487
45 48
45 49
45 99
45 128
45 140
45 145
45 113
45 161
45 168
45 185
45 205
45 244
45 289
45 254
45 302
45 304
45 334
45 342
45 343
45 349
45 360
45 374
45 408
45 413
45 418
45 445
45 456
45 473
45 482
46 47
46 48
46 76
46 80
46 144
46 107
46 171
46 213
46 222
46 290
46 297
46 254
46 306
46 324
46 429
46 453
46 483
46 493
47 49
47 71
47 118
47 180
47 183
47 189
47 200
47 227
47 244
47 248
47 277
47 282
47 302
47 310
47 329
47 341
47 343
47 349
47 386
47 393
47 422
47 427
47 431
47 443
47 460
48 83
48 84
48 87
48 90
48 130
48 146
48 100
48 119
48 173
48 181
48 192
48 200
48 212
48 219
48 237
48 240
48 242
48 247
48 249
48 259
48 267
48 278
48 312
48 315
48 344
48 390
48 398
48 403
48 410
48 413
48 417
49 62
49 130
49 141
49 145
49 147
49 218
49 237
49 243
49 244
49 267
49 271
49 272
49 304
49 339
49 340
49 387
49 358
49 403
49 425
49 431
49 444
49 456
49 469
50 51
50 56
50 57
50 58
50 59
50 60
50 63
50 64
50 66
50 68
50 70
50 71
50 72
50 74
50 75
50 77
50 78
50 79
50 80
50 81
50 84
50 85
50 86
50 88
50 89
50 90
50 92
50 95
50 96
50 97
50 99
50 128
50 140
50 110
50 157
50 186
50 222
50 225
50 257
50 280
50 299
50 338
50 339
50 345
50 386
50 353
50 368
50 431
50 435
50 444
50 445
51 53
51 54
51 55
51 56
51 59
51 60
51 61
51 63
51 65
51 66
51 68
51 69
51 71
51 72
51 73
51 76
51 77
51 78
51 79
51 80
51 82
51 84
51 86
51 87
51 89
51 95
51 97
51 98
51 132
51 147
51 175
51 187
51 240
51 268
51 295
51 309
51 314
51 320
51 384
51 388
51 357
51 367
51 406
51 407
51 426
51 441
51 443
51 454
51 459
51 461
51 462
51 471
52 54
52 55
52 56
52 58
52 59
52 60
52 61
52 62
52 63
52 65
52 67
52 68
52 69
52 70
52 71
52 72
52 73
52 74
52 76
52 77
52 78
52 80
52 82
52 87
52 88
52 91
52 93
52 94
52 95
52 96
52 97
52 98
52 99
52 138
52 139
52 161
52 166
52 189
52 200
52 201
52 248
52 257
52 261
52 273
52 306
52 388
52 395
52 359
52 372
52 423
52 441
52 482
52 499
53 54
53 57
53 59
53 61
53 62
53 63
53 64
53 66
53 67
53 68
53 72
53 77
53 79
53 82
53 85
53 86
53 87
53 90
53 91
53 92
53 93
53 95
53 96
53 97
53 99
53 146
53 156
53 168
53 182
53 229
53 245
53 264
53 279
53 307
53 308
53 317
53 320
53 358
53 362
53 412
53 418
53 439
53 461
53 467
54 55
54 58
54 62
54 63
54 66
54 68
54 69
54 70
54 71
54 72
54 75
54 77
54 78
54 79
54 80
54 81
54 85
54 86
54 87
54 89
54 90
54 91
54 96
54 97
54 107
54 164
54 177
54 193
54 198
54 230
54 247
54 277
54 284
54 285
54 255
54 311
54 314
54 323
54 399
54 361
54 417
54 440
54 449
54 480
54 498
55 57
55 58
55 66
55 68
55 69
55 70
55 71
55 73
55 74
55 79
55 83
55 84
55 85
55 86
55 87
55 89
55 93
55 95
55 96
55 97
55 99
55 104
55 107
55 156
55 186
55 187
55 199
55 224
55 239
55 276
55 290
55 306
55 307
55 389
55 390
55 397
55 363
55 364
55 421
55 425
55 437
55 474
56 57
56 60
56 62
56 63
56 64
56 65
56 66
56 67
56 68
56 70
56 71
56 72
56 73
56 74
56 75
56 77
56 78
56 79
56 81
56 82
56 83
56 84
56 85
56 86
56 88
56 89
56 90
56 91
56 95
56 99
56 128
56 125
56 160
56 164
56 174
56 184
56 186
56 219
56 274
56 323
56 329
56 396
56 353
56 356
56 366
56 376
56 409
56 414
56 417
56 434
56 440
56 445
56 447
56 459
56 462
56 485
56 493
57 59
57 61
57 62
57 64
57 66
57 68
57 71
57 73
57 74
57 75
57 76
57 77
57 78
57 80
57 81
57 83
57 84
57 87
57 88
57 89
57 93
57 94
57 97
57 131
57 139
57 103
57 116
57 125
57 150
57 159
57 162
57 170
57 190
57 197
57 212
57 218
57 239
57 245
57 281
57 310
57 312
57 322
57 325
57 336
57 391
57 397
57 351
57 358
57 368
57 437
57 472
57 474
57 485
58 59
58 61
58 62
58 63
58 64
58 65
58 66
58 67
58 69
58 71
58 72
58 73
58 74
58 76
58 77
58 78
58 79
58 80
58 82
58 83
58 84
58 86
58 87
58 88
58 89
58 90
58 93
58 94
58 95
58 96
58 97
58 98
58 99
58 130
58 142
58 148
58 155
58 176
58 184
58 194
58 206
58 207
58 259
58 272
58 290
58 353
58 369
58 455
59 60
59 61
59 64
59 67
59 69
59 70
59 71
59 74
59 75
59 78
59 81
59 83
59 85
59 86
59 87
59 89
59 90
59 93
59 97
59 98
59 99
59 131
59 140
59 144
59 106
59 202
59 231
59 256
59 271
59 275
59 283
59 297
59 391
59 367
59 368
59 419
59 444
59 458
59 465
60 61
60 62
60 63
60 64
60 65
60 67
60 68
60 71
60 72
60 73
60 75
60 76
60 79
60 82
60 84
60 85
60 86
60 89
60 90
60 94
60 96
60 97
60 138
60 142
60 148
60 106
60 121
60 164
60 200
60 225
60 227
60 266
60 282
60 314
60 338
60 387
60 392
60 395
60 381
60 404
60 406
60 412
60 460
61 62
61 63
61 66
61 68
61 70
61 72
61 73
61 74
61 77
61 81
61 82
61 84
61 85
61 88
61 89
61 91
61 93
61 95
61 96
61 99
61 135
61 109
61 153
61 160
61 186
61 205
61 219
61 281
61 286
61 329
61 335
61 397
61 353
61 403
61 412
61 415
61 425
61 434
61 445
61 483
61 492
61 495
62 68
62 69
62 71
62 72
62 73
62 75
62 76
62 77
62 78
62 79
62 81
62 82
62 84
62 85
62 86
62 88
62 90
62 91
62 92
62 94
62 95
62 99
62 134
62 149
62 155
62 188
62 209
62 216
62 227
62 234
62 246
62 265
62 287
62 295
62 340
62 354
62 368
62 443
63 64
63 65
63 66
63 69
63 70
63 71
63 72
63 73
63 77
63 79
63 80
63 82
63 86
63 89
63 90
63 94
63 95
63 128
63 109
63 162
63 207
63 235
63 265
63 278
63 282
63 285
63 306
63 334
63 345
63 346
63 411
63 428
63 437
63 438
63 460
63 467
63 479
64 65
64 67
64 68
64 71
64 72
64 75
64 76
64 78
64 80
64 82
64 83
64 84
64 86
64 87
64 88
64 92
64 93
64 94
64 96
64 97
64 98
64 142
64 105
64 114
64 124
64 152
64 190
64 218
64 221
64 237
64 341
64 387
64 354
64 423
64 442
64 453
64 460
65 70
65 71
65 72
65 73
65 74
65 75
65 82
65 83
65 85
65 86
65 89
65 90
65 92
65 93
65 94
65 96
65 97
65 98
65 99
65 134
65 116
65 155
65 172
65 218
65 257
65 267
65 289
65 310
65 322
65 389
65 359
65 369
65 402
65 409
65 437
65 469
66 67
66 71
66 72
66 74
66 77
66 79
66 82
66 83
66 84
66 86
66 87
66 90
66 91
66 94
66 95
66 99
66 144
66 117
66 152
66 157
66 198
66 211
66 220
66 224
66 240
66 253
66 305
66 306
66 307
66 317
66 318
66 325
66 399
66 427
67 68
67 69
67 70
67 71
67 72
67 74
67 77
67 78
67 79
67 80
67 83
67 84
67 86
67 87
67 88
67 89
67 90
67 91
67 95
67 98
67 99
67 134
67 110
67 122
67 189
67 211
67 230
67 262
67 282
67 283
67 334
67 341
67 345
67 395
67 350
67 358
67 360
67 372
67 400
67 429
67 468
68 70
68 71
68 75
68 76
68 77
68 78
68 79
68 80
68 82
68 83
68 84
68 89
68 92
68 94
68 95
68 97
68 98
68 99
68 141
68 107
68 121
68 124
68 126
68 189
68 197
68 204
68 205
68 230
68 234
68 260
68 295
68 305
68 314
68 315
68 350
68 375
68 402
68 412
68 430
68 433
68 452
68 467
68 474
68 492
68 494
68 495
69 70
69 71
69 72
69 73
69 75
69 76
69 81
69 83
69 86
69 87
69 89
69 90
69 91
69 92
69 93
69 94
69 95
69 96
69 106
69 110
69 174
69 177
69 180
69 309
69 333
69 339
69 342
69 346
69 386
69 388
69 393
69 406
69 422
69 423
69 434
69 447
69 460
69 474
69 480
69 497
70 71
70 72
70 74
70 75
70 76
70 77
70 78
70 80
70 81
70 83
70 84
70 85
70 86
70 89
70 91
70 93
70 94
70 95
70 96
70 97
70 98
70 99
70 113
70 119
70 159
70 168
70 181
70 187
70 190
70 195
70 205
70 259
70 310
70 346
70 356
70 408
70 436
70 459
70 479
71 73
71 74
71 76
71 77
71 78
71 80
71 81
71 85
71 86
71 88
71 89
71 90
71 91
71 92
71 93
71 96
71 97
71 99
71 140
71 146
71 148
71 102
71 153
71 155
71 177
71 189
71 272
71 274
71 280
71 347
71 396
71 372
71 439
71 442
71 453
71 479
71 485
71 491
72 73
72 75
72 76
72 81
72 82
72 83
72 88
72 93
72 94
72 95
72 96
72 97
72 149
72 107
72 113
72 126
72 170
72 187
72 204
72 232
72 239
72 388
72 391
72 357
72 368
72 416
72 442
72 443
72 465
72 495
73 76
73 77
73 79
73 81
73 83
73 86
73 88
73 89
73 90
73 91
73 92
73 93
73 94
73 95
73 96
73 97
73 143
73 110
73 161
73 177
73 189
73 215
73 226
73 236
73 265
73 275
73 279
73 281
73 288
73 290
73 252
73 254
73 339
73 342
73 393
73 395
73 370
73 373
73 407
73 416
73 496
73 498
74 75
74 77
74 78
74 79
74 80
74 83
74 84
74 85
74 86
74 87
74 88
74 89
74 90
74 91
74 93
74 94
74 95
74 97
74 98
74 99
74 150
74 157
74 168
74 196
74 230
74 285
74 328
74 392
74 397
74 358
74 360
74 365
74 406
74 408
74 431
74 458
74 461
74 466
74 473
74 487
74 498
75 76
75 77
75 79
75 80
75 83
75 86
75 90
75 92
75 93
75 94
75 95
75 97
75 98
75 99
75 132
75 120
75 162
75 190
75 201
75 211
75 219
75 223
75 237
75 272
75 276
75 282
75 311
75 345
75 384
75 350
75 351
75 352
75 364
75 371
75 400
75 447
75 453
75 494
76 77
76 78
76 80
76 83
76 85
76 90
76 91
76 92
76 93
76 95
76 96
76 97
76 98
76 99
76 101
76 122
76 171
76 287
76 288
76 289
76 291
76 294
76 313
76 340
76 354
76 356
76 376
76 411
76 412
76 430
76 446
76 466
76 475
76 487
77 80
77 81
77 84
77 88
77 90
77 91
77 92
77 93
77 95
77 96
77 98
77 140
77 103
77 112
77 156
77 180
77 279
77 281
77 307
77 314
77 323
77 400
77 420
77 423
77 427
77 429
77 447
77 473
77 488
77 496
77 499
78 79
78 80
78 81
78 82
78 85
78 88
78 90
78 91
78 92
78 93
78 96
78 98
78 99
78 140
78 147
78 101
78 120
78 166
78 167
78 189
78 239
78 256
78 261
78 267
78 319
78 322
78 342
78 385
78 386
78 359
78 372
78 402
78 413
78 434
78 479
78 487
79 80
79 81
79 83
79 84
79 85
79 88
79 90
79 91
79 92
79 95
79 98
79 111
79 114
79 171
79 180
79 190
79 211
79 226
79 269
79 287
79 255
79 305
79 339
79 397
79 399
79 372
79 376
79 410
79 418
79 437
79 439
79 465
80 81
80 87
80 88
80 89
80 90
80 92
80 93
80 95
80 96
80 98
80 99
80 143
80 171
80 174
80 191
80 211
80 220
80 239
80 243
80 249
80 260
80 265
80 305
80 307
80 319
80 330
80 398
80 464
80 482
80 484
81 86
81 89
81 92
81 93
81 97
81 99
81 128
81 127
81 155
81 185
81 190
81 199
81 206
81 227
81 233
81 306
81 387
81 370
81 413
81 439
81 451
82 83
82 85
82 86
82 87
82 89
82 90
82 91
82 94
82 96
82 113
82 118
82 120
82 171
82 179
82 181
82 189
82 202
82 220
82 232
82 241
82 249
82 268
82 303
82 312
82 315
82 347
82 362
82 364
82 375
82 376
82 401
82 402
82 411
82 418
82 430
82 434
82 456
82 457
82 466
82 480
83 84
83 87
83 88
83 90
83 92
83 93
83 94
83 95
83 96
83 97
83 119
83 168
83 175
83 191
83 219
83 220
83 268
83 301
83 306
83 318
83 398
83 356
83 372
83 383
83 433
83 463
83 480
83 488
83 499
84 86
84 87
84 88
84 89
84 92
84 93
84 95
84 96
84 98
84 99
84 119
84 127
84 165
84 175
84 248
84 256
84 275
84 282
84 301
84 329
84 343
84 389
84 380
84 443
84 461
85 86
85 87
85 88
85 90
85 91
85 92
85 93
85 95
85 96
85 97
85 98
85 99
85 125
85 286
85 314
85 349
85 396
85 355
85 410
85 432
85 435
85 444
85 467
85 481
85 494
86 87
86 88
86 89
86 90
86 92
86 93
86 95
86 96
86 99
86 130
86 136
86 144
86 165
86 173
86 191
86 228
86 234
86 258
86 273
86 288
86 358
86 369
86 405
86 418
86 421
86 445
86 482
87 88
87 89
87 92
87 93
87 94
87 96
87 97
87 99
87 138
87 159
87 182
87 192
87 197
87 198
87 202
87 203
87 224
87 227
87 235
87 261
87 288
87 342
87 412
87 418
87 459
87 473
87 480
87 489
88 89
88 90
88 92
88 93
88 94
88 95
88 97
88 99
88 138
88 115
88 118
88 151
88 153
88 174
88 182
88 186
88 229
88 269
88 276
88 306
88 310
88 329
88 354
88 380
88 406
88 415
88 433
88 434
88 445
88 447
88 452
88 458
88 486
88 499
89 91
89 92
89 93
89 94
89 96
89 98
89 139
89 104
89 108
89 116
89 118
89 119
89 151
89 160
89 197
89 280
89 281
89 341
89 349
89 384
89 361
89 365
89 451
89 466
89 481
90 92
90 93
90 94
90 95
90 96
90 98
90 109
90 113
90 127
90 151
90 162
90 164
90 184
90 259
90 285
90 319
90 323
90 369
90 374
90 402
90 408
90 440
90 453
91 93
91 94
91 96
91 98
91 99
91 142
91 100
91 151
91 168
91 219
91 222
91 270
91 255
91 301
91 312
91 315
91 346
91 349
91 395
91 357
91 369
91 379
91 414
91 416
91 420
91 424
91 433
91 499
92 94
92 96
92 98
92 137
92 142
92 144
92 111
92 115
92 167
92 168
92 198
92 201
92 226
92 269
92 282
92 318
92 396
92 426
92 493
92 499
93 95
93 98
93 99
93 135
93 120
93 158
93 164
93 176
93 196
93 263
93 270
93 315
93 325
93 401
93 405
93 436
93 460
93 475
94 95
94 96
94 97
94 98
94 120
94 170
94 172
94 175
94 207
94 220
94 221
94 273
94 278
94 317
94 336
94 385
94 352
94 357
94 361
94 403
94 406
94 441
94 451
95 96
95 97
95 98
95 131
95 133
95 103
95 111
95 150
95 159
95 166
95 176
95 193
95 204
95 208
95 225
95 256
95 267
95 292
95 316
95 324
95 325
95 358
95 370
95 402
95 404
95 409
95 415
95 425
96 98
96 99
96 106
96 107
96 150
96 175
96 182
96 207
96 212
96 228
96 233
96 237
96 291
96 255
96 318
96 330
96 336
96 375
96 434
97 99
97 126
97 163
97 173
97 174
97 176
97 261
97 302
97 335
97 339
97 399
97 379
97 414
97 434
97 461
98 99
98 135
98 140
98 104
98 107
98 183
98 194
98 197
98 208
98 211
98 234
98 279
98 311
98 361
98 375
98 381
98 383
98 421
98 442
98 472
98 498
99 144
99 109
99 168
99 189
99 200
99 244
99 262
99 286
99 250
99 255
99 309
99 385
99 393
99 481
99 482
128 129
128 131
128 132
128 135
128 136
128 137
128 138
128 139
128 140
128 141
128 142
128 143
128 145
128 147
128 149
128 101
128 102
128 103
128 104
128 105
128 107
128 108
128 109
128 114
128 116
128 119
128 122
128 123
128 125
128 126
128 127
128 205
128 240
128 247
128 270
128 303
128 325
128 349
128 391
128 354
128 361
128 406
128 408
128 451
128 452
128 458
128 479
128 499
129 130
129 132
129 133
129 135
129 139
129 140
129 141
129 143
129 144
129 145
129 146
129 148
129 100
129 101
129 104
129 105
129 106
129 108
129 111
129 112
129 114
129 115
129 120
129 121
129 123
129 124
129 126
129 127
129 167
129 187
129 188
129 235
129 273
129 286
129 292
129 306
129 310
129 329
129 365
129 403
129 441
129 458
129 468
129 478
129 484
129 493
130 131
130 132
130 133
130 134
130 136
130 139
130 140
130 141
130 145
130 146
130 149
130 101
130 102
130 104
130 105
130 106
130 110
130 111
130 112
130 118
130 119
130 120
130 121
130 123
130 125
130 126
130 127
130 197
130 223
130 238
130 261
130 303
130 394
130 359
130 365
130 374
130 416
130 459
130 460
130 470
130 485
131 132
131 133
131 135
131 137
131 138
131 139
131 140
131 141
131 142
131 144
131 145
131 149
131 101
131 102
131 103
131 106
131 107
131 110
131 112
131 114
131 116
131 118
131 121
131 122
131 123
131 125
131 126
131 127
131 158
131 168
131 171
131 188
131 194
131 215
131 234
131 239
131 258
131 277
131 251
131 254
131 255
131 318
131 351
131 357
131 366
131 410
131 435
131 443
131 457
131 488
132 134
132 135
132 136
132 139
132 140
132 142
132 143
132 144
132 146
132 148
132 149
132 100
132 101
132 103
132 105
132 107
132 109
132 110
132 112
132 113
132 115
132 116
132 118
132 119
132 124
132 125
132 127
132 178
132 180
132 212
132 257
132 253
132 301
132 320
132 330
132 331
132 351
132 360
132 365
132 378
132 427
132 444
132 494
133 134
133 135
133 136
133 138
133 142
133 144
133 147
133 148
133 101
133 102
133 107
133 108
133 109
133 110
133 113
133 116
133 117
133 118
133 119
133 120
133 121
133 122
133 123
133 124
133 126
133 127
133 152
133 190
133 200
133 213
133 238
133 277
133 318
133 378
133 429
133 436
133 453
133 465
133 472
133 480
133 485
134 135
134 140
134 141
134 143
134 144
134 146
134 147
134 148
134 149
134 100
134 101
134 102
134 103
134 106
134 107
134 108
134 111
134 112
134 113
134 115
134 116
134 117
134 118
134 119
134 123
134 124
134 125
134 126
134 127
134 166
134 170
134 177
134 194
134 209
134 217
134 231
134 260
134 279
134 285
134 250
134 302
134 345
134 347
134 396
134 360
134 383
134 407
134 416
134 421
134 424
134 467
134 480
134 484
134 499
135 136
135 137
135 141
135 142
135 143
135 147
135 148
135 101
135 103
135 104
135 106
135 108
135 110
135 112
135 118
135 119
135 120
135 121
135 123
135 125
135 126
135 127
135 151
135 155
135 166
135 211
135 216
135 217
135 258
135 277
135 284
135 286
135 298
135 318
135 322
135 352
135 359
135 360
135 381
135 400
135 413
135 414
135 416
135 419
135 456
135 460
135 480
135 499
136 137
136 143
136 147
136 148
136 149
136 100
136 101
136 102
136 104
136 105
136 106
136 110
136 112
136 116
136 117
136 118
136 119
136 122
136 123
136 124
136 125
136 126
136 127
136 157
136 163
136 184
136 239
136 242
136 260
136 262
136 269
136 254
136 391
136 393
136 370
136 383
136 419
136 423
136 467
136 483
136 492
136 497
137 138
137 142
137 145
137 146
137 100
137 101
137 104
137 105
137 106
137 107
137 108
137 109
137 111
137 112
137 113
137 114
137 115
137 117
137 118
137 119
137 122
137 123
137 125
137 126
137 127
137 208
137 239
137 245
137 257
137 262
137 320
137 357
137 381
137 415
137 416
137 427
137 437
137 453
137 493
138 139
138 140
138 141
138 143
138 144
138 145
138 149
138 100
138 102
138 105
138 106
138 107
138 108
138 112
138 113
138 114
138 115
138 116
138 117
138 118
138 121
138 122
138 123
138 124
138 125
138 178
138 216
138 260
138 288
138 289
138 254
138 392
138 404
138 406
138 453
138 489
138 494
139 141
139 142
139 144
139 147
139 148
139 149
139 100
139 101
139 103
139 104
139 105
139 107
139 108
139 109
139 111
139 114
139 118
139 119
139 120
139 121
139 124
139 126
139 127
139 186
139 201
139 237
139 267
139 278
139 281
139 289
139 308
139 312
139 315
139 326
139 351
139 378
139 437
139 438
140 141
140 143
140 144
140 146
140 148
140 149
140 100
140 107
140 108
140 110
140 111
140 112
140 113
140 114
140 115
140 116
140 120
140 121
140 123
140 124
140 126
140 167
140 195
140 211
140 221
140 254
140 326
140 338
140 343
140 383
140 413
140 431
140 451
140 483
141 143
141 146
141 147
141 149
141 101
141 103
141 104
141 105
141 107
141 109
141 111
141 112
141 114
141 115
141 116
141 117
141 120
141 122
141 123
141 124
141 127
141 158
141 173
141 188
141 197
141 214
141 230
141 249
141 266
141 294
141 299
141 254
141 306
141 347
141 390
141 359
141 422
141 423
141 429
141 464
141 480
142 143
142 144
142 146
142 147
142 101
142 102
142 103
142 106
142 107
142 108
142 109
142 110
142 112
142 113
142 114
142 116
142 118
142 120
142 121
142 123
142 125
142 168
142 172
142 237
142 263
142 277
142 285
142 287
142 299
142 343
142 384
142 386
142 359
142 368
142 416
142 419
142 432
142 487
142 490
143 144
143 145
143 147
143 149
143 101
143 103
143 104
143 106
143 107
143 109
143 110
143 111
143 112
143 113
143 114
143 115
143 116
143 119
143 120
143 121
143 122
143 123
143 125
143 126
143 127
143 166
143 172
143 176
143 194
143 199
143 200
143 205
143 248
143 260
143 279
143 328
143 333
143 343
143 384
143 435
143 439
143 442
143 481
143 499
144 145
144 146
144 147
144 149
144 100
144 101
144 102
144 103
144 106
144 108
144 109
144 110
144 111
144 112
144 113
144 114
144 116
144 119
144 120
144 121
144 123
144 125
144 127
144 169
144 258
144 265
144 322
144 334
144 361
144 409
144 415
144 422
144 430
144 478
144 498
145 146
145 147
145 148
145 149
145 100
145 103
145 104
145 105
145 107
145 108
145 109
145 110
145 112
145 113
145 115
145 119
145 121
145 122
145 123
145 124
145 125
145 126
145 167
145 188
145 231
145 254
145 300
145 324
145 386
145 354
145 372
145 414
145 418
145 430
145 459
145 474
146 148
146 149
146 101
146 102
146 103
146 105
146 108
146 109
146 113
146 114
146 116
146 119
146 122
146 123
146 176
146 187
146 188
146 217
146 221
146 222
146 230
146 243
146 261
146 283
146 250
146 308
146 311
146 327
146 328
146 338
146 398
146 399
146 359
146 424
146 432
146 438
146 451
146 455
146 462
147 148
147 149
147 100
147 101
147 103
147 105
147 106
147 107
147 110
147 111
147 113
147 116
147 118
147 120
147 122
147 123
147 125
147 185
147 196
147 204
147 267
147 269
147 315
147 388
147 355
147 364
147 413
147 430
147 446
147 452
147 478
147 484
147 491
148 101
148 103
148 104
148 105
148 106
148 107
148 108
148 112
148 113
148 114
148 115
148 117
148 118
148 119
148 120
148 122
148 123
148 127
148 199
148 243
148 278
148 286
148 309
148 342
148 359
148 371
148 419
148 425
148 439
149 100
149 101
149 102
149 105
149 109
149 112
149 113
149 114
149 115
149 116
149 118
149 119
149 122
149 123
149 124
149 125
149 127
149 151
149 167
149 189
149 205
149 223
149 248
149 270
149 279
149 284
149 254
149 310
149 420
149 425
149 466
149 476
149 482
149 486
100 102
100 105
100 107
100 108
100 110
100 111
100 112
100 113
100 114
100 115
100 116
100 118
100 119
100 120
100 123
100 124
100 127
100 153
100 156
100 157
100 220
100 260
100 332
100 337
100 346
100 356
100 442
100 452
100 470
101 102
101 103
101 104
101 106
101 109
101 110
101 112
101 113
101 114
101 118
101 120
101 121
101 122
101 124
101 125
101 151
101 164
101 181
101 183
101 189
101 204
101 208
101 219
101 226
101 241
101 301
101 325
101 369
101 452
101 483
101 487
102 103
102 108
102 112
102 113
102 123
102 124
102 125
102 162
102 163
102 201
102 229
102 238
102 297
102 251
102 305
102 320
102 362
102 376
102 378
102 416
102 420
102 426
102 444
102 451
102 490
103 106
103 108
103 111
103 114
103 116
103 117
103 119
103 120
103 121
103 122
103 124
103 125
103 126
103 127
103 160
103 172
103 173
103 178
103 180
103 221
103 227
103 246
103 285
103 252
103 319
103 327
103 384
103 399
103 366
103 410
103 415
103 442
103 454
103 494
104 107
104 108
104 109
104 110
104 112
104 113
104 114
104 116
104 118
104 119
104 120
104 121
104 122
104 123
104 125
104 151
104 161
104 210
104 218
104 220
104 224
104 238
104 247
104 271
104 280
104 293
104 295
104 250
104 252
104 337
104 378
104 440
104 453
104 482
104 494
105 106
105 107
105 111
105 112
105 113
105 114
105 115
105 116
105 119
105 122
105 123
105 124
105 125
105 126
105 186
105 214
105 227
105 241
105 246
105 265
105 276
105 253
105 304
105 321
105 363
105 365
105 367
105 374
105 414
105 428
105 438
105 450
105 465
106 107
106 109
106 110
106 111
106 112
106 113
106 114
106 118
106 121
106 123
106 124
106 125
106 127
106 155
106 157
106 171
106 198
106 226
106 244
106 287
106 300
106 305
106 308
106 371
106 402
106 464
106 474
107 111
107 112
107 113
107 115
107 116
107 117
107 119
107 121
107 123
107 124
107 125
107 126
107 127
107 163
107 283
107 292
107 299
107 325
107 396
107 351
107 353
107 357
107 414
107 415
107 431
107 465
108 110
108 112
108 113
108 114
108 116
108 118
108 119
108 121
108 123
108 124
108 127
108 165
108 168
108 179
108 181
108 186
108 239
108 245
108 266
108 320
108 348
108 385
108 359
108 380
108 413
108 446
108 450
108 494
108 498
109 110
109 111
109 112
109 113
109 115
109 116
109 119
109 120
109 121
109 125
109 126
109 127
109 171
109 172
109 181
109 198
109 236
109 249
109 267
109 276
109 283
109 293
109 313
109 346
109 366
109 379
109 424
109 426
109 459
109 463
109 483
110 111
110 112
110 113
110 114
110 116
110 119
110 122
110 124
110 125
110 126
110 152
110 168
110 198
110 266
110 277
110 278
110 308
110 321
110 393
110 351
110 378
110 405
110 444
110 448
110 464
110 471
110 490
111 112
111 114
111 115
111 116
111 117
111 118
111 122
111 124
111 125
111 127
111 160
111 172
111 180
111 194
111 200
111 209
111 216
111 217
111 227
111 273
111 325
111 330
111 367
111 402
111 409
111 414
111 451
111 453
112 113
112 114
112 115
112 120
112 122
112 123
112 125
112 126
112 127
112 154
112 190
112 231
112 271
112 290
112 324
112 331
112 347
112 384
112 396
112 355
112 374
112 377
112 460
112 470
112 474
113 115
113 117
113 118
113 119
113 121
113 122
113 124
113 125
113 150
113 152
113 155
113 227
113 231
113 241
113 256
113 274
113 281
113 283
113 251
113 309
113 315
113 365
113 366
113 437
113 442
113 474
113 481
114 116
114 117
114 120
114 121
114 122
114 124
114 125
114 126
114 184
114 204
114 218
114 289
114 300
114 302
114 308
114 337
114 341
114 399
114 350
114 401
114 410
114 427
114 435
114 447
114 448
114 486
115 117
115 119
115 120
115 121
115 123
115 124
115 125
115 126
115 127
115 152
115 191
115 214
115 262
115 285
115 253
115 332
115 341
115 375
115 413
115 416
115 419
115 420
115 438
116 120
116 123
116 150
116 151
116 158
116 207
116 237
116 249
116 287
116 301
116 341
116 357
116 371
116 373
116 452
116 469
116 481
117 118
117 120
117 121
117 122
117 123
117 125
117 126
117 173
117 182
117 208
117 222
117 260
117 268
117 272
117 276
117 282
117 289
117 296
117 297
117 326
117 393
117 440
117 478
117 496
118 120
118 121
118 126
118 178
118 204
118 270
118 286
118 298
118 413
118 426
118 437
118 438
118 456
118 485
119 124
119 125
119 126
119 127
119 162
119 163
119 170
119 190
119 191
119 192
119 203
119 205
119 295
119 255
119 389
119 399
119 373
119 420
119 435
119 442
119 456
119 467
119 493
119 496
120 121
120 124
120 125
120 127
120 154
120 159
120 163
120 205
120 209
120 217
120 241
120 247
120 266
120 286
120 324
120 344
120 390
120 352
120 358
120 404
120 406
120 410
120 427
120 489
121 122
121 123
121 124
121 125
121 126
121 127
121 164
121 166
121 175
121 212
121 214
121 231
121 237
121 244
121 285
121 286
121 309
121 335
121 420
121 433
121 447
122 123
122 126
122 190
122 193
122 198
122 205
122 244
122 249
122 283
122 304
122 306
122 313
122 328
122 381
122 432
122 496
123 125
123 126
123 162
123 206
123 218
123 226
123 264
123 280
123 283
123 285
123 254
123 255
123 325
123 332
123 372
123 404
123 413
123 437
123 441
124 125
124 126
124 160
124 193
124 232
124 236
124 259
124 266
124 275
124 315
124 326
124 333
124 379
124 457
124 462
124 497
124 498
125 162
125 218
125 247
125 280
125 392
125 452
125 484
125 487
126 152
126 242
126 259
126 266
126 292
126 305
126 307
126 316
126 321
126 328
126 339
126 343
126 389
126 397
126 356
126 367
126 404
126 427
127 151
127 160
127 166
127 168
127 178
127 179
127 188
127 226
127 231
127 244
127 246
127 253
127 255
127 301
127 327
127 338
127 442
127 450
127 468
150 152
150 153
150 154
150 155
150 156
150 158
150 159
150 160
150 161
150 164
150 165
150 166
150 168
150 171
150 172
150 173
150 174
150 175
150 176
150 177
150 179
150 180
150 181
150 182
150 183
150 185
150 186
150 190
150 195
150 196
150 197
150 198
150 199
150 215
150 217
150 234
150 268
150 279
150 284
150 312
150 315
150 337
150 398
150 354
150 433
150 450
150 496
151 154
151 155
151 156
151 157
151 158
151 159
151 161
151 162
151 163
151 164
151 167
151 168
151 169
151 170
151 175
151 177
151 180
151 181
151 183
151 184
151 185
151 187
151 189
151 190
151 193
151 195
151 198
151 210
151 212
151 220
151 295
151 301
151 305
151 316
151 322
151 391
151 397
151 353
151 358
151 361
151 368
151 381
151 412
151 444
151 451
152 154
152 155
152 156
152 158
152 159
152 160
152 161
152 162
152 163
152 166
152 167
152 168
152 171
152 172
152 173
152 174
152 175
152 176
152 179
152 180
152 184
152 187
152 188
152 189
152 190
152 192
152 193
152 194
152 197
152 210
152 219
152 265
152 266
152 276
152 285
152 305
152 336
152 342
152 415
152 434
152 440
152 475
153 155
153 157
153 158
153 159
153 161
153 162
153 163
153 164
153 165
153 166
153 167
153 169
153 171
153 172
153 173
153 174
153 175
153 176
153 177
153 180
153 181
153 184
153 186
153 187
153 188
153 189
153 190
153 193
153 194
153 196
153 197
153 221
153 263
153 267
153 280
153 253
153 329
153 385
153 350
153 354
153 400
153 404
153 413
153 417
153 463
154 155
154 156
154 157
154 159
154 160
154 161
154 163
154 165
154 166
154 168
154 169
154 170
154 171
154 172
154 173
154 174
154 176
154 177
154 178
154 180
154 182
154 185
154 186
154 188
154 190
154 191
154 193
154 194
154 196
154 198
154 199
154 207
154 218
154 253
154 303
154 325
154 329
154 333
154 344
154 345
154 346
154 393
154 374
154 410
154 427
154 429
154 433
154 441
154 455
154 485
155 156
155 157
155 158
155 159
155 160
155 163
155 164
155 165
155 167
155 168
155 169
155 170
155 171
155 174
155 175
155 177
155 178
155 179
155 182
155 183
155 185
155 186
155 187
155 191
155 193
155 194
155 195
155 197
155 198
155 199
155 208
155 213
155 258
155 262
155 264
155 277
155 251
155 252
155 300
155 315
155 316
155 359
155 370
155 378
155 383
155 408
155 433
155 438
155 439
156 159
156 160
156 161
156 165
156 168
156 169
156 171
156 175
156 177
156 178
156 181
156 183
156 185
156 192
156 193
156 195
156 196
156 197
156 198
156 199
156 217
156 239
156 249
156 274
156 278
156 286
156 299
156 252
156 316
156 317
156 358
156 361
156 363
156 376
157 158
157 161
157 162
157 166
157 168
157 170
157 171
157 173
157 174
157 176
157 177
157 178
157 180
157 182
157 183
157 184
157 185
157 186
157 187
157 188
157 189
157 190
157 193
157 194
157 197
157 198
157 217
157 223
157 249
157 339
157 345
157 355
157 368
157 483
157 486
158 159
158 160
158 163
158 170
158 171
158 172
158 173
158 174
158 175
158 176
158 178
158 182
158 185
158 186
158 187
158 188
158 189
158 190
158 191
158 192
158 193
158 194
158 195
158 197
158 232
158 250
158 317
158 326
158 340
158 350
158 368
158 403
158 482
158 490
159 161
159 162
159 163
159 165
159 166
159 168
159 169
159 171
159 172
159 173
159 174
159 175
159 177
159 180
159 181
159 182
159 183
159 190
159 191
159 193
159 194
159 195
159 196
159 197
159 198
159 218
159 239
159 272
159 290
159 250
159 300
159 315
159 388
159 354
159 379
159 381
159 408
159 426
159 427
159 449
159 464
159 465
159 469
160 161
160 162
160 163
160 167
160 168
160 169
160 171
160 172
160 173
160 174
160 175
160 176
160 179
160 185
160 187
160 189
160 196
160 197
160 198
160 205
160 211
160 217
160 268
160 271
160 332
160 340
160 412
160 435
160 456
160 474
160 485
160 490
161 162
161 163
161 164
161 166
161 167
161 169
161 171
161 172
161 174
161 176
161 177
161 178
161 179
161 180
161 181
161 182
161 183
161 184
161 185
161 189
161 190
161 192
161 194
161 195
161 197
161 198
161 242
161 307
161 325
161 345
161 375
161 381
161 424
161 430
161 441
161 465
161 484
161 493
162 164
162 166
162 167
162 169
162 172
162 174
162 176
162 177
162 179
162 180
162 181
162 183
162 184
162 185
162 187
162 188
162 190
162 191
162 192
162 194
162 197
162 199
162 206
162 240
162 243
162 244
162 281
162 282
162 297
162 306
162 446
162 459
163 164
163 165
163 166
163 168
163 170
163 172
163 173
163 178
163 179
163 180
163 181
163 184
163 185
163 187
163 189
163 193
163 195
163 199
163 206
163 221
163 259
163 268
163 306
163 326
163 336
163 338
163 354
163 373
163 403
163 492
163 493
163 495
164 166
164 169
164 170
164 172
164 174
164 175
164 178
164 179
164 181
164 183
164 184
164 187
164 190
164 191
164 192
164 196
164 197
164 198
164 199
164 210
164 248
164 256
164 267
164 349
164 391
164 355
164 374
164 425
164 452
164 468
165 166
165 167
165 168
165 169
165 170
165 174
165 176
165 179
165 180
165 181
165 182
165 186
165 187
165 188
165 189
165 194
165 195
165 197
165 199
165 220
165 265
165 268
165 341
165 419
165 428
165 430
165 460
165 484
165 493
166 169
166 170
166 171
166 173
166 174
166 176
166 178
166 179
166 181
166 182
166 183
166 184
166 185
166 186
166 189
166 190
166 192
166 194
166 195
166 197
166 199
166 229
166 260
166 311
166 315
166 336
166 368
166 422
166 437
166 441
166 453
166 462
166 492
166 497
167 168
167 169
167 171
167 175
167 176
167 177
167 178
167 181
167 182
167 184
167 185
167 187
167 190
167 191
167 193
167 196
167 198
167 199
167 224
167 257
167 276
167 289
167 395
167 355
167 415
167 417
167 422
167 442
167 443
167 452
167 491
168 169
168 171
168 172
168 173
168 174
168 175
168 178
168 179
168 180
168 181
168 182
168 183
168 184
168 188
168 189
168 190
168 191
168 193
168 194
168 195
168 197
168 198
168 199
168 206
168 291
168 293
168 298
168 250
168 254
168 302
168 312
168 324
168 328
168 344
168 398
168 352
168 353
168 372
168 422
168 423
168 447
168 464
169 171
169 174
169 175
169 176
169 179
169 180
169 181
169 183
169 184
169 186
169 187
169 192
169 193
169 194
169 196
169 198
169 199
169 228
169 239
169 246
169 262
169 266
169 285
169 292
169 252
169 254
169 322
169 334
169 338
169 348
169 388
169 390
169 352
169 354
169 410
169 421
169 429
169 430
169 433
169 436
169 445
169 447
169 457
169 479
170 171
170 172
170 173
170 175
170 176
170 177
170 181
170 182
170 185
170 186
170 189
170 190
170 191
170 192
170 193
170 194
170 196
170 199
170 207
170 208
170 244
170 304
170 339
170 345
170 386
170 366
170 380
170 400
170 406
170 425
170 434
170 437
170 467
170 495
171 174
171 176
171 177
171 178
171 179
171 184
171 186
171 187
171 189
171 190
171 192
171 194
171 195
171 196
171 199
171 213
171 257
171 268
171 300
171 307
171 324
171 349
171 384
171 385
171 391
171 399
171 354
171 369
171 376
171 409
171 456
171 476
171 483
171 497
172 175
172 176
172 177
172 178
172 179
172 180
172 181
172 182
172 183
172 184
172 186
172 190
172 191
172 193
172 194
172 196
172 198
172 239
172 259
172 277
172 319
172 329
172 392
172 352
172 378
172 426
172 454
172 472
173 176
173 177
173 178
173 182
173 184
173 185
173 186
173 187
173 188
173 190
173 192
173 193
173 196
173 198
173 199
173 206
173 220
173 264
173 291
173 312
173 317
173 328
173 364
173 374
173 410
173 421
173 432
173 453
173 462
173 464
173 472
173 491
173 492
174 175
174 176
174 177
174 178
174 179
174 180
174 181
174 182
174 186
174 190
174 191
174 192
174 193
174 194
174 195
174 196
174 199
174 233
174 236
174 276
174 304
174 312
174 321
174 325
174 333
174 392
174 398
174 423
174 457
174 462
174 476
174 482
175 177
175 178
175 179
175 180
175 181
175 182
175 184
175 187
175 191
175 193
175 195
175 196
175 197
175 198
175 199
175 211
175 214
175 236
175 322
175 379
175 434
175 456
175 484
175 486
175 493
176 178
176 180
176 181
176 182
176 184
176 185
176 187
176 189
176 190
176 191
176 195
176 196
176 197
176 198
176 202
176 209
176 246
176 263
176 267
176 270
176 278
176 295
176 250
176 348
176 415
176 416
176 426
176 442
176 446
176 447
176 457
176 464
176 474
177 178
177 179
177 181
177 182
177 183
177 185
177 187
177 188
177 189
177 190
177 192
177 193
177 194
177 197
177 199
177 212
177 213
177 215
177 245
177 249
177 264
177 250
177 385
177 413
177 425
177 426
177 441
177 451
177 466
177 480
177 490
178 180
178 181
178 182
178 184
178 185
178 186
178 187
178 188
178 190
178 192
178 193
178 196
178 197
178 198
178 199
178 210
178 219
178 241
178 254
178 324
178 325
178 327
178 385
178 395
178 400
178 467
179 180
179 181
179 183
179 184
179 185
179 188
179 189
179 191
179 192
179 197
179 199
179 202
179 209
179 218
179 222
179 226
179 230
179 233
179 239
179 268
179 280
179 285
179 297
179 251
179 302
179 322
179 329
179 388
179 354
179 430
179 457
179 464
180 181
180 183
180 184
180 188
180 191
180 193
180 194
180 195
180 196
180 198
180 199
180 224
180 242
180 258
180 265
180 308
180 315
180 322
180 332
180 334
180 369
180 434
180 454
181 183
181 184
181 185
181 186
181 189
181 190
181 191
181 193
181 196
181 197
181 208
181 211
181 259
181 276
181 278
181 289
181 251
181 308
181 311
181 317
181 346
181 360
181 419
181 428
181 483
182 183
182 184
182 185
182 186
182 187
182 188
182 189
182 190
182 192
182 194
182 195
182 196
182 198
182 216
182 289
182 326
182 388
182 358
182 423
182 456
182 472
182 487
183 184
183 185
183 186
183 187
183 189
183 190
183 192
183 193
183 195
183 198
183 199
183 205
183 218
183 246
183 259
183 280
183 253
183 325
183 338
183 411
183 447
183 448
183 483
184 185
184 186
184 187
184 188
184 189
184 190
184 194
184 196
184 197
184 199
184 214
184 278
184 279
184 287
184 344
184 384
184 356
184 402
184 453
184 455
184 459
184 480
185 187
185 188
185 190
185 192
185 194
185 196
185 197
185 198
185 200
185 234
185 235
185 282
185 285
185 299
185 252
185 255
185 335
185 338
185 352
185 354
185 380
185 403
185 411
185 432
185 488
186 187
186 189
186 190
186 191
186 192
186 193
186 195
186 196
186 197
186 198
186 199
186 280
186 285
186 360
186 361
186 412
186 426
186 434
186 440
186 443
187 189
187 191
187 192
187 193
187 194
187 195
187 196
187 197
187 199
187 210
187 216
187 222
187 223
187 273
187 317
187 343
187 344
187 386
187 394
187 395
187 366
187 382
187 465
187 469
188 189
188 190
188 194
188 195
188 196
188 198
188 205
188 209
188 211
188 238
188 249
188 259
188 287
188 289
188 291
188 317
188 323
188 330
188 338
188 347
188 351
188 368
188 430
188 453
188 471
188 481
189 190
189 192
189 193
189 194
189 195
189 196
189 197
189 198
189 232
189 261
189 273
189 250
189 320
189 342
189 360
189 378
189 443
189 479
189 484
189 489
190 191
190 192
190 193
190 196
190 198
190 199
190 236
190 242
190 268
190 278
190 298
190 304
190 311
190 388
190 368
190 411
190 433
190 455
190 464
190 474
190 494
191 192
191 198
191 202
191 212
191 225
191 227
191 229
191 242
191 265
191 274
191 282
191 293
191 307
191 314
191 328
191 333
191 367
191 378
191 418
191 431
191 433
191 483
191 486
192 194
192 195
192 196
192 197
192 198
192 199
192 215
192 233
192 244
192 282
192 392
192 394
192 353
192 375
192 416
192 455
192 464
192 481
193 195
193 196
193 197
193 244
193 291
193 331
193 396
193 408
193 428
193 439
193 465
193 468
194 195
194 196
194 197
194 199
194 218
194 235
194 241
194 260
194 275
194 277
194 297
194 313
194 328
194 400
194 435
194 436
194 439
194 480
194 482
194 487
195 196
195 198
195 199
195 215
195 229
195 268
195 254
195 303
195 338
195 393
195 352
195 356
195 357
195 360
195 369
195 380
195 400
195 424
195 429
195 437
195 438
195 441
195 450
195 479
195 480
195 497
196 200
196 232
196 233
196 259
196 269
196 289
196 296
196 251
196 309
196 324
196 405
196 435
196 437
196 472
197 199
197 230
197 237
197 248
197 266
197 294
197 305
197 312
197 326
197 350
197 382
197 383
197 406
197 408
197 430
197 447
197 448
197 480
198 199
198 211
198 230
198 231
198 273
198 283
198 326
198 329
198 388
198 355
198 417
198 423
198 442
198 469
198 478
198 480
199 232
199 240
199 257
199 259
199 270
199 300
199 311
199 387
199 389
199 351
199 361
199 377
199 412
199 437
199 445
199 447
199 454
199 479
199 493
199 494
200 201
200 202
200 203
200 207
200 208
200 210
200 211
200 212
200 213
200 214
200 215
200 217
200 218
200 220
200 221
200 224
200 227
200 229
200 230
200 231
200 232
200 236
200 237
200 238
200 240
200 241
200 242
200 245
200 248
200 249
200 260
200 283
200 328
200 349
200 443
200 445
200 471
200 497
201 202
201 203
201 209
201 210
201 211
201 212
201 213
201 214
201 217
201 218
201 219
201 220
201 221
201 222
201 223
201 225
201 226
201 227
201 229
201 231
201 232
201 235
201 236
201 239
201 242
201 243
201 244
201 246
201 248
201 249
201 284
201 302
201 332
201 386
201 405
201 408
201 436
201 443
201 444
202 205
202 206
202 207
202 209
202 211
202 212
202 215
202 221
202 223
202 224
202 226
202 228
202 229
202 230
202 232
202 233
202 237
202 239
202 240
202 241
202 242
202 244
202 246
202 247
202 248
202 250
202 301
202 328
202 386
202 402
202 414
202 429
202 487
203 206
203 207
203 208
203 209
203 210
203 212
203 213
203 214
203 215
203 216
203 217
203 218
203 220
203 222
203 223
203 224
203 225
203 226
203 227
203 229
203 230
203 231
203 232
203 233
203 235
203 238
203 240
203 241
203 242
203 244
203 248
203 249
203 276
203 285
203 293
203 252
203 301
203 302
203 338
203 396
203 351
203 461
204 205
204 206
204 208
204 209
204 216
204 217
204 218
204 224
204 225
204 226
204 227
204 228
204 229
204 230
204 233
204 234
204 237
204 239
204 240
204 246
204 247
204 248
204 249
204 267
204 308
204 391
204 393
204 376
204 379
204 409
204 410
204 419
204 422
204 448
204 472
205 206
205 207
205 208
205 211
205 213
205 216
205 217
205 218
205 222
205 223
205 224
205 225
205 227
205 229
205 230
205 231
205 232
205 233
205 234
205 236
205 237
205 238
205 239
205 241
205 242
205 243
205 245
205 248
205 249
205 287
205 300
205 311
205 337
205 366
205 368
205 370
205 380
205 400
205 416
205 417
205 432
205 436
205 469
205 499
206 208
206 211
206 213
206 214
206 215
206 216
206 218
206 220
206 223
206 225
206 226
206 227
206 230
206 231
206 232
206 233
206 235
206 239
206 241
206 242
206 243
206 245
206 246
206 247
206 248
206 249
206 278
206 284
206 290
206 312
206 330
206 349
206 392
206 399
206 363
206 368
206 407
206 450
206 460
206 481
206 484
206 489
206 499
207 208
207 209
207 211
207 212
207 213
207 214
207 220
207 222
207 223
207 224
207 230
207 231
207 232
207 234
207 235
207 239
207 240
207 241
207 242
207 243
207 244
207 245
207 246
207 248
207 249
207 277
207 255
207 301
207 317
207 332
207 333
207 340
207 385
207 395
207 358
207 437
207 457
207 481
207 490
207 491
208 210
208 211
208 212
208 214
208 215
208 218
208 219
208 221
208 223
208 224
208 228
208 229
208 230
208 231
208 234
208 239
208 240
208 242
208 244
208 245
208 246
208 248
208 269
208 304
208 322
208 361
208 362
208 375
208 379
208 421
208 425
208 432
208 437
208 452
208 476
209 213
209 214
209 215
209 218
209 221
209 222
209 224
209 225
209 227
209 228
209 229
209 230
209 231
209 234
209 236
209 238
209 239
209 240
209 242
209 243
209 245
209 246
209 247
209 248
209 249
209 254
209 310
209 339
209 377
209 415
209 421
209 427
209 460
210 212
210 215
210 216
210 217
210 220
210 222
210 223
210 224
210 227
210 231
210 233
210 234
210 235
210 237
210 238
210 239
210 240
210 241
210 242
210 243
210 245
210 246
210 249
210 285
210 290
210 303
210 317
210 348
210 387
210 391
210 357
210 359
210 383
210 420
210 440
210 444
210 457
210 474
210 486
210 491
210 496
211 213
211 220
211 221
211 223
211 227
211 228
211 229
211 230
211 231
211 232
211 235
211 236
211 237
211 239
211 240
211 242
211 245
211 247
211 249
211 270
211 278
211 294
211 295
211 304
211 326
211 389
211 372
211 373
211 382
211 404
211 415
211 424
211 437
211 438
211 455
211 495
212 213
212 215
212 220
212 221
212 222
212 225
212 228
212 230
212 231
212 233
212 234
212 236
212 241
212 243
212 245
212 248
212 249
212 281
212 285
212 295
212 296
212 297
212 252
212 253
212 386
212 390
212 364
212 366
212 421
212 445
212 454
212 478
212 489
213 214
213 216
213 217
213 218
213 221
213 223
213 226
213 229
213 233
213 234
213 242
213 243
213 247
213 289
213 291
213 293
213 343
213 352
213 367
213 409
213 418
213 491
214 215
214 216
214 217
214 218
214 219
214 221
214 222
214 223
214 225
214 226
214 227
214 228
214 229
214 231
214 233
214 234
214 235
214 236
214 237
214 238
214 239
214 240
214 241
214 243
214 244
214 247
214 248
214 249
214 267
214 298
214 317
214 343
214 389
214 399
214 357
214 370
214 410
214 449
214 466
215 217
215 218
215 219
215 220
215 222
215 223
215 224
215 225
215 228
215 229
215 230
215 233
215 234
215 235
215 236
215 237
215 240
215 241
215 242
215 243
215 244
215 246
215 262
215 277
215 287
215 329
215 332
215 339
215 387
215 367
215 372
215 417
215 466
215 479
215 494
215 495
216 217
216 219
216 220
216 222
216 223
216 228
216 230
216 231
216 233
216 234
216 236
216 239
216 240
216 241
216 242
216 246
216 249
216 268
216 288
216 302
216 308
216 309
216 312
216 317
216 321
216 354
216 360
216 379
216 403
216 450
216 461
216 465
216 466
216 479
217 219
217 223
217 224
217 225
217 226
217 227
217 228
217 229
217 231
217 233
217 237
217 238
217 242
217 243
217 244
217 246
217 248
217 271
217 316
217 325
217 336
217 368
217 438
217 459
217 460
217 467
218 221
218 222
218 223
218 225
218 226
218 228
218 231
218 235
218 238
218 242
218 243
218 246
218 249
218 261
218 270
218 299
218 252
218 301
218 314
218 326
218 345
218 403
218 417
218 421
218 422
218 434
218 444
218 448
218 450
218 455
218 471
219 227
219 230
219 231
219 232
219 233
219 235
219 237
219 238
219 239
219 241
219 242
219 243
219 244
219 246
219 247
219 249
219 268
219 294
219 301
219 317
219 349
219 353
219 366
219 400
219 403
219 436
219 451
219 457
219 460
219 469
219 476
219 486
219 499
220 221
220 223
220 224
220 226
220 230
220 231
220 233
220 234
220 235
220 236
220 237
220 239
220 240
220 241
220 242
220 244
220 246
220 247
220 249
220 284
220 327
220 399
220 373
220 437
220 489
220 498
221 222
221 227
221 228
221 229
221 232
221 234
221 235
221 236
221 237
221 238
221 240
221 244
221 247
221 248
221 249
221 273
221 279
221 313
221 394
221 356
221 371
221 426
221 432
221 454
222 223
222 225
222 226
222 230
222 232
222 233
222 235
222 237
222 241
222 243
222 246
222 248
222 249
222 295
222 317
222 319
222 331
222 399
222 351
222 439
222 442
222 463
222 473
222 475
223 225
223 227
223 228
223 229
223 232
223 234
223 235
223 236
223 239
223 240
223 241
223 242
223 245
223 246
223 247
223 248
223 249
223 264
223 277
223 280
223 296
223 332
223 339
223 371
223 402
223 456
223 481
223 492
224 225
224 227
224 228
224 229
224 230
224 231
224 232
224 233
224 234
224 235
224 237
224 238
224 239
224 241
224 245
224 247
224 249
224 278
224 291
224 250
224 251
224 322
224 334
224 335
224 355
224 365
224 404
224 408
224 409
224 414
224 467
225 226
225 228
225 229
225 230
225 233
225 234
225 236
225 237
225 238
225 239
225 241
225 243
225 246
225 247
225 248
225 249
225 279
225 295
225 298
225 301
225 307
225 320
225 331
225 332
225 339
225 346
225 370
225 383
225 409
225 442
225 458
225 463
225 480
225 489
225 495
225 498
226 228
226 229
226 230
226 231
226 232
226 234
226 235
226 236
226 238
226 239
226 241
226 242
226 243
226 245
226 246
226 247
226 248
226 255
226 323
226 326
226 342
226 387
226 391
226 360
226 400
226 401
226 423
226 430
227 229
227 230
227 232
227 236
227 238
227 240
227 243
227 246
227 259
227 264
227 316
227 337
227 396
227 367
227 416
227 420
227 427
227 439
227 459
227 487
228 230
228 231
228 232
228 233
228 234
228 236
228 237
228 238
228 239
228 241
228 243
228 244
228 245
228 246
228 247
228 249
228 264
228 293
228 302
228 305
228 313
228 393
228 371
228 430
228 433
228 437
228 439
228 450
228 466
228 491
229 230
229 231
229 232
229 234
229 238
229 240
229 242
229 243
229 244
229 245
229 246
229 247
229 248
229 249
229 258
229 267
229 300
229 304
229 319
229 389
229 398
229 418
229 447
230 232
230 233
230 234
230 236
230 239
230 241
230 242
230 243
230 248
230 249
230 269
230 270
230 304
230 319
230 325
230 327
230 424
230 440
230 453
230 460
230 470
230 472
230 496
231 232
231 235
231 236
231 238
231 239
231 240
231 241
231 242
231 243
231 244
231 246
231 247
231 248
231 265
231 290
231 312
231 313
231 330
231 335
231 396
231 351
231 359
231 406
231 407
231 422
231 423
231 428
231 439
231 442
231 471
231 477
231 494
232 233
232 235
232 239
232 241
232 242
232 244
232 245
232 246
232 247
232 248
232 249
232 261
232 268
232 271
232 273
232 274
232 288
232 393
232 394
232 355
232 364
232 407
232 424
232 448
232 465
232 487
232 498
233 234
233 235
233 236
233 238
233 239
233 240
233 242
233 243
233 248
233 249
233 267
233 272
233 293
233 253
233 340
233 364
233 368
233 380
233 406
233 426
233 445
233 475
234 237
234 238
234 239
234 240
234 242
234 243
234 246
234 247
234 248
234 249
234 271
234 279
234 312
234 315
234 320
234 328
234 397
234 421
234 452
234 461
235 236
235 237
235 239
235 241
235 242
235 245
235 246
235 247
235 272
235 273
235 287
235 305
235 315
235 320
235 327
235 328
235 411
235 457
235 458
235 489
235 493
236 237
236 239
236 241
236 244
236 245
236 247
236 248
236 272
236 282
236 308
236 385
236 391
236 398
236 411
236 449
236 464
236 471
236 475
236 490
237 241
237 242
237 243
237 244
237 249
237 261
237 262
237 266
237 299
237 322
237 396
237 351
237 363
237 419
237 452
237 493
238 239
238 240
238 242
238 243
238 246
238 247
238 248
238 283
238 254
238 325
238 326
238 330
238 340
238 386
238 408
238 418
238 459
238 491
239 240
239 242
239 243
239 245
239 248
239 262
239 292
239 294
239 333
239 396
239 354
239 400
239 446
239 449
239 481
240 241
240 242
240 243
240 244
240 245
240 246
240 248
240 249
240 258
240 271
240 285
240 384
240 360
240 368
240 429
240 437
240 470
240 472
240 489
241 243
241 247
241 248
241 249
241 282
241 315
241 327
241 334
241 344
241 381
241 402
241 406
242 243
242 245
242 246
242 248
242 275
242 293
242 250
242 307
242 313
242 324
242 326
242 397
242 379
242 441
242 460
242 480
242 481
242 494
242 498
243 245
243 246
243 247
243 248
243 288
243 292
243 319
243 347
243 386
243 391
243 352
243 358
243 365
243 368
243 400
243 408
243 446
243 468
243 499
244 245
244 246
244 267
244 296
244 387
244 396
244 355
244 401
244 407
244 419
244 433
244 440
244 441
244 444
245 250
245 385
245 392
245 355
245 365
245 376
245 449
245 457
245 493
246 247
246 249
246 302
246 307
246 334
246 367
246 373
246 382
246 407
246 411
246 417
246 441
247 248
247 258
247 315
247 324
247 329
247 387
247 392
247 376
247 380
247 407
247 419
247 458
248 249
248 280
248 303
248 322
248 337
248 339
248 389
248 391
248 358
248 403
248 421
248 433
248 451
248 481
249 267
249 322
249 326
249 386
249 359
249 361
249 369
249 402
249 412
249 450
249 451
249 456
256 257
256 261
256 262
256 265
256 267
256 268
256 269
256 272
256 274
256 275
256 276
256 277
256 278
256 279
256 280
256 282
256 283
256 284
256 285
256 286
256 288
256 291
256 294
256 295
256 296
256 299
256 250
256 251
256 252
256 253
256 254
256 301
256 329
256 345
256 366
256 417
256 431
256 453
256 475
256 491
257 258
257 259
257 261
257 262
257 264
257 266
257 267
257 268
257 269
257 271
257 272
257 273
257 276
257 278
257 279
257 281
257 284
257 286
257 287
257 288
257 289
257 290
257 291
257 295
257 296
257 297
257 299
257 250
257 251
257 252
257 253
257 255
257 306
257 326
257 333
257 385
257 350
257 360
257 434
257 442
257 445
257 488
258 259
258 265
258 268
258 269
258 270
258 271
258 272
258 275
258 276
258 278
258 283
258 287
258 289
258 290
258 291
258 292
258 293
258 294
258 296
258 297
258 298
258 299
258 250
258 253
258 254
258 255
258 302
258 310
258 311
258 319
258 331
258 389
258 367
258 412
258 419
258 429
258 456
258 463
258 467
258 469
258 477
258 492
259 262
259 264
259 265
259 266
259 267
259 271
259 272
259 274
259 276
259 277
259 278
259 279
259 280
259 281
259 282
259 283
259 284
259 285
259 287
259 289
259 291
259 293
259 296
259 254
259 321
259 346
259 384
259 390
259 363
259 365
259 370
259 379
259 382
259 413
259 435
259 436
259 450
259 458
259 489
259 492
260 262
260 263
260 264
260 265
260 269
260 270
260 271
260 272
260 274
260 275
260 277
260 278
260 279
260 280
260 284
260 287
260 288
260 289
260 290
260 292
260 293
260 294
260 296
260 297
260 298
260 250
260 252
260 253
260 254
260 316
260 319
260 370
260 403
260 404
260 435
260 440
260 450
260 494
261 262
261 266
261 269
261 274
261 275
261 277
261 278
261 280
261 281
261 282
261 283
261 285
261 289
261 292
261 293
261 294
261 295
261 296
261 250
261 252
261 253
261 378
261 414
261 416
261 450
261 458
261 478
262 264
262 265
262 268
262 269
262 271
262 272
262 273
262 275
262 279
262 280
262 281
262 282
262 283
262 285
262 286
262 288
262 293
262 295
262 296
262 297
262 298
262 250
262 251
262 252
262 255
262 311
262 348
262 380
262 415
262 453
262 479
263 265
263 266
263 267
263 270
263 273
263 275
263 277
263 278
263 279
263 281
263 282
263 285
263 287
263 288
263 289
263 292
263 293
263 294
263 298
263 299
263 250
263 251
263 255
263 386
263 390
263 370
263 377
263 401
263 423
263 443
263 473
263 483
263 494
264 266
264 267
264 268
264 269
264 271
264 273
264 274
264 276
264 278
264 280
264 281
264 282
264 284
264 287
264 288
264 289
264 291
264 292
264 298
264 299
264 251
264 252
264 254
264 313
264 317
264 324
264 328
264 341
264 357
264 409
264 413
264 442
264 449
264 459
264 466
264 469
264 477
264 485
264 486
265 266
265 269
265 272
265 273
265 275
265 279
265 280
265 282
265 283
265 284
265 285
265 287
265 288
265 289
265 291
265 292
265 296
265 297
265 298
265 299
265 250
265 254
265 255
265 305
265 307
265 317
265 346
265 370
265 382
265 418
265 442
265 446
265 455
265 461
265 482
265 484
265 486
266 269
266 270
266 271
266 273
266 274
266 275
266 276
266 278
266 281
266 282
266 283
266 284
266 286
266 288
266 289
266 290
266 292
266 293
266 294
266 296
266 297
266 298
266 299
266 251
266 254
266 255
266 302
266 340
266 356
266 375
266 383
266 402
266 436
266 449
266 455
266 461
266 462
266 485
267 269
267 271
267 272
267 274
267 275
267 277
267 280
267 281
267 282
267 283
267 285
267 288
267 290
267 291
267 292
267 294
267 298
267 299
267 251
267 252
267 253
267 254
267 310
267 330
267 356
267 421
267 461
267 472
267 476
267 481
267 484
267 487
268 269
268 270
268 271
268 272
268 273
268 274
268 276
268 277
268 281
268 282
268 284
268 286
268 287
268 289
268 290
268 291
268 292
268 293
268 294
268 296
268 298
268 299
268 250
268 251
268 252
268 254
268 255
268 300
268 390
268 407
268 416
268 451
268 463
268 467
268 470
268 492
269 270
269 271
269 272
269 273
269 274
269 275
269 277
269 278
269 279
269 280
269 281
269 282
269 284
269 286
269 287
269 289
269 290
269 291
269 293
269 294
269 252
269 254
269 255
269 302
269 384
269 386
269 392
269 396
269 378
269 402
269 418
269 431
269 432
269 434
269 462
269 494
270 272
270 275
270 276
270 277
270 279
270 280
270 282
270 283
270 286
270 287
270 288
270 292
270 293
270 294
270 295
270 296
270 297
270 298
270 251
270 252
270 254
270 301
270 328
270 396
270 374
270 408
270 468
270 496
271 273
271 274
271 275
271 276
271 277
271 278
271 279
271 280
271 281
271 285
271 286
271 289
271 291
271 293
271 294
271 295
271 296
271 250
271 251
271 252
271 254
271 255
271 326
271 337
271 345
271 399
271 427
271 429
271 434
271 454
271 480
271 490
272 275
272 276
272 278
272 279
272 281
272 282
272 284
272 285
272 286
272 287
272 289
272 290
272 294
272 297
272 298
272 299
272 250
272 251
272 252
272 253
272 254
272 255
272 316
272 319
272 328
272 341
272 362
272 372
272 414
272 418
272 435
272 444
272 446
272 463
272 470
272 490
273 274
273 275
273 281
273 282
273 283
273 284
273 286
273 288
273 289
273 290
273 294
273 295
273 297
273 298
273 250
273 251
273 252
273 253
273 305
273 333
273 340
273 390
273 395
273 367
273 412
273 419
273 452
273 465
273 470
273 477
274 275
274 276
274 277
274 283
274 285
274 287
274 289
274 290
274 292
274 294
274 295
274 298
274 299
274 250
274 251
274 252
274 254
274 255
274 324
274 343
274 356
274 366
274 418
274 431
274 442
274 447
275 277
275 278
275 279
275 280
275 281
275 283
275 284
275 287
275 290
275 292
275 293
275 295
275 297
275 299
275 251
275 252
275 255
275 339
275 342
275 343
275 348
275 380
275 381
275 410
275 412
275 455
275 482
276 277
276 280
276 286
276 287
276 290
276 292
276 294
276 295
276 299
276 250
276 251
276 252
276 253
276 301
276 307
276 352
276 361
276 362
276 368
276 415
276 445
276 457
276 458
276 467
276 484
276 492
277 281
277 283
277 284
277 285
277 287
277 288
277 289
277 291
277 292
277 293
277 294
277 299
277 250
277 251
277 252
277 253
277 254
277 255
277 341
277 345
277 355
277 383
277 450
277 456
277 464
277 471
277 477
278 279
278 280
278 282
278 283
278 285
278 286
278 287
278 288
278 291
278 292
278 293
278 295
278 296
278 298
278 251
278 252
278 253
278 254
278 313
278 331
278 334
278 342
278 423
278 455
278 470
278 478
278 486
279 280
279 282
279 283
279 284
279 285
279 286
279 289
279 291
279 292
279 293
279 295
279 296
279 297
279 299
279 254
279 315
279 337
279 466
279 469
279 473
280 281
280 283
280 286
280 287
280 292
280 295
280 296
280 297
280 250
280 253
280 336
280 387
280 381
280 409
280 412
280 459
280 465
280 480
281 284
281 287
281 288
281 290
281 291
281 293
281 294
281 296
281 297
281 298
281 299
281 252
281 254
281 307
281 332
281 392
281 393
281 407
281 409
281 460
281 493
282 283
282 284
282 285
282 286
282 287
282 288
282 289
282 290
282 292
282 294
282 296
282 298
282 299
282 251
282 253
282 254
282 255
282 337
282 346
282 385
282 392
282 356
282 363
282 368
282 401
282 430
282 443
282 454
282 458
282 480
282 491
283 285
283 286
283 287
283 288
283 290
283 292
283 293
283 294
283 295
283 299
283 251
283 252
283 255
283 301
283 321
283 323
283 337
283 340
283 352
283 366
283 376
283 403
283 414
283 428
283 452
283 459
283 465
283 473
283 482
284 287
284 288
284 289
284 290
284 291
284 294
284 298
284 299
284 250
284 253
284 255
284 302
284 306
284 319
284 384
284 391
284 360
284 369
284 371
284 382
284 404
284 471
284 477
285 286
285 287
285 288
285 289
285 292
285 293
285 294
285 295
285 296
285 297
285 298
285 299
285 250
285 251
285 252
285 253
285 255
285 328
285 392
285 408
285 414
285 464
285 469
285 473
285 480
286 288
286 289
286 290
286 291
286 292
286 294
286 296
286 299
286 250
286 252
286 254
286 255
286 389
286 411
286 434
286 461
286 475
286 486
287 288
287 289
287 291
287 292
287 294
287 296
287 297
287 299
287 251
287 252
287 253
287 254
287 322
287 345
287 384
287 396
287 399
287 354
287 359
287 372
287 489
288 290
288 291
288 292
288 293
288 295
288 296
288 297
288 298
288 299
288 250
288 251
288 252
288 254
288 317
288 324
288 336
288 342
288 345
288 352
288 358
288 377
288 453
288 474
288 487
288 490
288 499
289 293
289 294
289 295
289 296
289 297
289 250
289 251
289 254
289 308
289 315
289 324
289 347
289 363
289 367
289 424
290 292
290 293
290 294
290 296
290 297
290 251
290 255
290 303
290 320
290 325
290 332
290 340
290 341
290 371
290 373
290 376
290 445
290 464
290 495
291 292
291 293
291 295
291 297
291 250
291 251
291 252
291 253
291 255
291 303
291 317
291 345
291 403
291 408
291 412
291 433
291 465
291 473
291 478
292 293
292 294
292 295
292 297
292 298
292 299
292 251
292 252
292 255
292 339
292 366
292 407
292 455
292 457
292 461
292 484
293 294
293 295
293 296
293 297
293 298
293 299
293 250
293 251
293 253
293 254
293 255
293 309
293 319
293 326
293 384
293 387
293 444
293 450
293 472
294 296
294 297
294 298
294 299
294 253
294 254
294 255
294 314
294 347
294 349
294 408
294 448
294 462
294 465
295 296
295 298
295 250
295 255
295 309
295 334
295 345
295 361
295 408
295 426
295 428
295 438
295 485
295 499
296 298
296 250
296 251
296 253
296 255
296 307
296 316
296 326
296 330
296 339
296 384
296 364
296 411
296 442
296 448
296 469
296 483
296 486
297 298
297 299
297 251
297 253
297 255
297 301
297 307
297 312
297 348
297 395
297 372
297 374
297 430
297 460
297 473
297 487
298 250
298 251
298 252
298 253
298 307
298 325
298 330
298 387
298 354
298 375
298 422
298 430
298 435
298 447
298 461
298 475
298 484
298 493
299 250
299 253
299 254
299 255
299 304
299 333
299 342
299 355
299 370
299 380
299 406
299 410
299 433
299 462
299 469
299 471
299 475
299 493
250 251
250 252
250 253
250 254
250 255
250 323
250 333
250 386
250 396
250 400
250 401
250 433
250 442
250 443
250 463
250 467
250 470
251 254
251 255
251 308
251 312
251 314
251 368
251 432
251 446
251 449
251 461
251 463
251 497
252 253
252 254
252 393
252 364
252 365
252 377
252 382
252 439
252 456
252 478
252 482
252 485
252 490
252 498
253 254
253 255
253 318
253 330
253 332
253 348
253 366
253 369
253 404
253 447
253 456
254 255
254 305
254 318
254 334
254 386
254 356
254 410
254 414
254 429
254 447
254 456
254 466
254 489
255 300
255 323
255 338
255 384
255 382
255 415
255 416
300 302
300 304
300 307
300 309
300 310
300 314
300 317
300 318
300 319
300 321
300 322
300 323
300 325
300 327
300 328
300 329
300 330
300 332
300 333
300 334
300 335
300 336
300 338
300 340
300 341
300 343
300 345
300 347
300 348
300 361
300 411
300 433
300 436
300 455
300 478
300 493
301 302
301 303
301 306
301 308
301 309
301 312
301 313
301 315
301 316
301 317
301 319
301 321
301 322
301 323
301 324
301 325
301 326
301 327
301 332
301 333
301 334
301 336
301 338
301 339
301 340
301 341
301 342
301 343
301 345
301 348
301 349
301 472
302 303
302 305
302 306
302 307
302 309
302 310
302 311
302 312
302 314
302 317
302 318
302 319
302 320
302 323
302 324
302 329
302 333
302 334
302 336
302 338
302 339
302 340
302 341
302 342
302 343
302 344
302 346
302 347
302 349
302 376
302 404
302 414
302 440
302 453
302 459
302 463
302 470
302 475
302 486
303 307
303 308
303 309
303 311
303 312
303 314
303 317
303 319
303 321
303 322
303 325
303 326
303 327
303 329
303 330
303 331
303 332
303 339
303 340
303 342
303 346
303 347
303 348
303 349
303 356
303 368
303 423
303 476
303 486
304 306
304 309
304 310
304 311
304 313
304 314
304 316
304 317
304 318
304 319
304 321
304 325
304 326
304 327
304 329
304 332
304 333
304 335
304 337
304 339
304 341
304 343
304 345
304 346
304 348
304 365
304 374
304 400
304 412
304 431
304 459
304 497
305 308
305 310
305 311
305 314
305 315
305 316
305 318
305 320
305 321
305 324
305 325
305 326
305 327
305 328
305 329
305 330
305 331
305 332
305 333
305 334
305 335
305 336
305 337
305 339
305 340
305 342
305 346
305 347
305 348
305 349
305 385
305 395
305 399
305 357
305 375
305 376
305 407
305 446
306 307
306 309
306 312
306 314
306 318
306 322
306 326
306 327
306 328
306 332
306 334
306 335
306 336
306 337
306 338
306 340
306 341
306 342
306 343
306 347
306 349
306 404
306 408
306 420
306 448
306 455
306 456
306 463
306 485
306 489
306 491
307 308
307 309
307 310
307 311
307 315
307 316
307 317
307 318
307 319
307 322
307 324
307 326
307 327
307 328
307 329
307 330
307 331
307 334
307 335
307 336
307 338
307 339
307 340
307 341
307 343
307 344
307 346
307 348
307 349
307 388
307 414
307 417
307 423
307 465
307 475
307 496
307 497
308 309
308 311
308 312
308 314
308 315
308 317
308 318
308 322
308 323
308 325
308 326
308 327
308 328
308 329
308 330
308 331
308 332
308 333
308 335
308 336
308 337
308 339
308 340
308 341
308 342
308 345
308 348
308 349
308 391
308 401
308 408
308 419
308 428
308 456
308 458
308 489
308 491
308 496
309 310
309 314
309 315
309 316
309 319
309 320
309 321
309 322
309 324
309 325
309 327
309 329
309 330
309 332
309 333
309 335
309 337
309 338
309 339
309 340
309 341
309 342
309 343
309 344
309 345
309 346
309 348
309 349
309 395
309 367
309 368
309 413
309 435
309 468
309 470
309 489
309 494
309 498
310 313
310 314
310 316
310 317
310 320
310 325
310 332
310 334
310 336
310 337
310 338
310 340
310 342
310 343
310 345
310 348
310 387
310 407
310 421
310 440
310 442
310 444
310 454
310 498
311 312
311 315
311 317
311 318
311 321
311 322
311 324
311 326
311 327
311 328
311 329
311 330
311 332
311 333
311 335
311 338
311 339
311 340
311 341
311 342
311 343
311 345
311 346
311 347
311 355
311 360
311 367
311 383
311 410
311 429
311 431
311 434
311 444
311 463
312 313
312 314
312 316
312 320
312 321
312 322
312 327
312 329
312 331
312 333
312 334
312 336
312 338
312 340
312 341
312 344
312 346
312 369
312 382
312 400
312 412
312 432
312 452
312 468
312 479
312 482
312 489
312 490
313 318
313 319
313 320
313 323
313 325
313 326
313 327
313 330
313 334
313 339
313 341
313 342
313 344
313 345
313 347
313 358
313 409
313 418
313 436
313 491
314 315
314 316
314 321
314 322
314 324
314 325
314 326
314 327
314 329
314 333
314 335
314 336
314 337
314 340
314 341
314 342
314 345
314 346
314 347
314 348
314 349
314 399
314 361
314 435
314 444
314 449
315 316
315 317
315 319
315 320
315 321
315 322
315 323
315 324
315 325
315 327
315 329
315 330
315 333
315 334
315 336
315 339
315 340
315 341
315 344
315 346
315 361
315 364
315 383
315 404
315 407
315 450
315 455
315 471
315 483
315 484
315 485
315 489
316 317
316 319
316 321
316 322
316 324
316 325
316 326
316 328
316 329
316 331
316 334
316 337
316 339
316 340
316 346
316 347
316 348
316 349
316 350
316 360
316 369
316 381
316 406
316 411
316 415
316 431
316 435
316 481
316 485
316 492
317 319
317 320
317 323
317 324
317 325
317 326
317 327
317 329
317 330
317 331
317 332
317 334
317 335
317 336
317 339
317 341
317 343
317 344
317 345
317 346
317 347
317 398
317 355
317 378
317 381
317 414
317 465
318 319
318 320
318 321
318 322
318 324
318 326
318 330
318 331
318 333
318 336
318 337
318 338
318 341
318 342
318 343
318 344
318 345
318 347
318 348
318 349
318 359
318 360
318 427
318 433
318 454
318 486
318 499
319 320
319 322
319 325
319 328
319 329
319 333
319 336
319 337
319 338
319 339
319 341
319 342
319 349
319 391
319 377
319 380
320 321
320 322
320 324
320 327
320 328
320 335
320 339
320 340
320 342
320 343
320 344
320 345
320 346
320 347
320 349
320 367
320 403
320 464
320 494
321 326
321 327
321 328
321 330
321 331
321 335
321 338
321 339
321 341
321 342
321 343
321 344
321 347
321 348
321 349
321 370
321 371
321 401
321 417
321 434
321 441
321 443
321 494
322 324
322 326
322 327
322 330
322 333
322 335
322 337
322 339
322 340
322 341
322 342
322 343
322 345
322 346
322 347
322 393
322 354
322 359
322 435
322 437
322 448
322 492
322 495
323 324
323 326
323 329
323 330
323 331
323 332
323 334
323 337
323 338
323 340
323 341
323 343
323 344
323 345
323 346
323 348
323 353
323 362
323 373
323 374
323 402
323 422
323 434
323 466
323 495
324 329
324 333
324 334
324 335
324 336
324 337
324 338
324 340
324 343
324 345
324 348
324 349
324 395
324 445
324 467
325 326
325 327
325 328
325 329
325 331
325 332
325 334
325 335
325 336
325 337
325 338
325 339
325 341
325 343
325 347
325 348
325 349
325 357
325 364
325 412
325 480
325 486
326 327
326 328
326 329
326 331
326 332
326 333
326 336
326 337
326 338
326 343
326 344
326 345
326 346
326 347
326 384
326 359
326 416
326 423
326 434
326 452
326 490
327 331
327 333
327 335
327 336
327 337
327 338
327 340
327 341
327 345
327 390
327 358
327 362
327 365
327 376
327 381
327 403
327 445
327 462
327 465
327 470
327 495
328 332
328 333
328 334
328 335
328 336
328 337
328 338
328 339
328 340
328 341
328 342
328 345
328 348
328 349
328 351
328 373
328 377
328 400
328 422
328 435
328 440
328 480
329 331
329 332
329 334
329 335
329 339
329 340
329 341
329 342
329 343
329 345
329 346
329 347
329 348
329 349
329 367
329 368
329 438
329 439
329 481
330 332
330 333
330 334
330 335
330 336
330 338
330 340
330 342
330 343
330 344
330 345
330 349
330 393
330 352
330 376
330 379
330 470
330 481
331 332
331 333
331 334
331 336
331 337
331 338
331 339
331 341
331 342
331 343
331 347
331 349
331 358
331 374
331 380
331 435
331 455
331 476
332 333
332 334
332 338
332 340
332 342
332 343
332 344
332 345
332 347
332 348
332 349
332 356
332 367
332 382
332 407
332 467
332 469
332 491
332 497
332 498
333 334
333 335
333 336
333 338
333 339
333 341
333 344
333 345
333 346
333 347
333 348
333 431
333 438
333 498
334 335
334 337
334 342
334 343
334 345
334 346
334 347
334 348
334 388
334 350
334 354
334 409
334 412
334 414
334 435
334 437
334 438
334 451
334 456
334 470
334 486
334 497
335 337
335 339
335 340
335 341
335 342
335 346
335 347
335 348
335 349
335 356
335 371
335 375
335 417
335 481
336 337
336 339
336 340
336 341
336 342
336 343
336 344
336 346
336 347
336 360
336 372
336 409
336 411
336 418
336 471
336 473
336 494
337 338
337 339
337 340
337 341
337 342
337 344
337 345
337 347
337 388
337 390
337 396
337 365
337 382
337 411
337 428
337 447
337 479
337 485
337 496
338 341
338 342
338 343
338 344
338 345
338 346
338 349
338 391
338 350
338 363
338 404
338 425
338 430
338 449
338 474
338 483
339 340
339 341
339 342
339 344
339 347
339 349
339 392
339 356
339 359
339 372
339 379
339 382
339 444
339 447
339 449
339 479
339 481
339 491
340 341
340 342
340 343
340 344
340 345
340 347
340 393
340 361
340 368
340 375
340 425
340 438
340 480
340 484
340 498
341 342
341 343
341 344
341 345
341 346
341 347
341 348
341 364
341 373
341 400
341 405
341 412
341 416
341 426
341 444
341 451
341 453
341 475
341 493
342 344
342 345
342 346
342 348
342 372
342 403
342 410
342 442
343 344
343 348
343 349
343 388
343 393
343 491
343 498
344 347
344 348
344 349
344 430
344 446
344 452
344 478
345 346
345 348
345 395
345 358
345 408
345 409
345 410
345 414
345 442
345 448
345 463
346 347
346 387
346 388
346 396
346 355
346 379
346 417
346 426
346 428
346 429
346 462
347 349
347 359
347 376
347 421
347 442
347 451
347 459
347 465
347 477
347 483
347 487
348 349
348 350
348 361
348 414
348 425
348 436
348 440
348 468
348 474
348 478
348 484
348 497
349 383
349 410
349 418
349 435
349 498
384 385
384 386
384 388
384 389
384 391
384 392
384 393
384 395
384 397
384 398
384 350
384 351
384 353
384 355
384 356
384 357
384 358
384 359
384 361
384 362
384 363
384 366
384 369
384 371
384 372
384 375
384 376
384 377
384 379
384 380
384 383
384 431
384 433
384 443
384 454
384 482
384 489
384 498
385 387
385 389
385 390
385 391
385 392
385 393
385 394
385 395
385 396
385 397
385 399
385 353
385 354
385 357
385 359
385 361
385 362
385 363
385 366
385 367
385 368
385 369
385 374
385 375
385 376
385 377
385 378
385 379
385 380
385 381
385 404
385 444
385 465
385 474
385 475
385 492
386 387
386 390
386 391
386 392
386 394
386 395
386 350
386 353
386 354
386 355
386 357
386 359
386 360
386 363
386 364
386 365
386 366
386 373
386 375
386 376
386 377
386 378
386 383
386 405
386 409
386 462
386 477
386 489
386 496
387 388
387 389
387 390
387 391
387 392
387 393
387 394
387 397
387 398
387 399
387 350
387 351
387 352
387 355
387 356
387 357
387 358
387 359
387 360
387 362
387 363
387 364
387 365
387 368
387 369
387 372
387 374
387 375
387 376
387 377
387 378
387 379
387 381
387 382
387 401
387 413
387 439
387 476
387 477
387 497
388 389
388 391
388 392
388 394
388 398
388 399
388 351
388 352
388 353
388 355
388 358
388 359
388 361
388 362
388 364
388 365
388 367
388 370
388 371
388 372
388 373
388 374
388 375
388 378
388 381
388 382
388 383
388 417
388 418
388 424
388 428
388 429
388 446
388 450
388 460
388 486
388 491
389 392
389 394
389 399
389 350
389 351
389 353
389 354
389 355
389 357
389 358
389 359
389 360
389 361
389 362
389 365
389 366
389 367
389 368
389 369
389 370
389 371
389 372
389 373
389 374
389 375
389 377
389 379
389 381
389 422
389 423
389 456
389 460
390 395
390 398
390 399
390 350
390 351
390 352
390 354
390 355
390 356
390 360
390 363
390 365
390 366
390 368
390 369
390 370
390 375
390 376
390 378
390 379
390 380
390 381
390 382
390 383
390 414
390 430
390 449
390 453
390 461
390 463
390 479
390 484
391 392
391 394
391 396
391 397
391 398
391 399
391 351
391 352
391 354
391 355
391 356
391 357
391 358
391 359
391 361
391 365
391 367
391 368
391 369
391 370
391 371
391 373
391 374
391 375
391 376
391 377
391 379
391 382
391 383
391 418
391 432
391 473
392 395
392 396
392 397
392 399
392 351
392 352
392 353
392 355
392 356
392 358
392 359
392 360
392 361
392 365
392 366
392 367
392 368
392 369
392 373
392 374
392 375
392 377
392 378
392 379
392 381
392 382
392 383
392 417
392 431
392 442
392 443
392 449
392 471
392 481
392 498
393 394
393 395
393 398
393 399
393 350
393 352
393 354
393 355
393 362
393 363
393 364
393 367
393 368
393 369
393 370
393 371
393 374
393 377
393 378
393 382
393 408
393 415
393 422
393 423
393 443
393 462
393 470
393 492
394 395
394 397
394 399
394 350
394 354
394 355
394 356
394 357
394 358
394 359
394 360
394 361
394 362
394 365
394 366
394 367
394 370
394 371
394 372
394 374
394 376
394 377
394 379
394 380
394 381
394 400
394 442
394 468
394 477
394 480
395 399
395 351
395 352
395 354
395 356
395 359
395 360
395 361
395 363
395 364
395 365
395 366
395 369
395 370
395 371
395 373
395 374
395 375
395 379
395 381
395 383
395 400
395 414
395 429
395 443
395 481
396 353
396 354
396 355
396 357
396 359
396 362
396 363
396 364
396 365
396 367
396 368
396 369
396 370
396 372
396 373
396 375
396 378
396 380
396 382
396 383
396 452
396 477
397 399
397 350
397 351
397 354
397 356
397 357
397 358
397 359
397 360
397 361
397 362
397 363
397 364
397 366
397 367
397 370
397 371
397 372
397 375
397 376
397 377
397 381
397 382
397 432
397 458
397 461
397 476
397 478
397 499
398 399
398 351
398 354
398 360
398 362
398 365
398 366
398 370
398 372
398 373
398 374
398 375
398 376
398 381
398 382
398 406
398 433
398 455
398 463
399 351
399 353
399 354
399 357
399 358
399 361
399 363
399 364
399 365
399 367
399 368
399 369
399 370
399 371
399 372
399 376
399 377
399 378
399 379
399 380
399 381
399 414
399 416
399 424
399 436
350 352
350 353
350 354
350 357
350 358
350 359
350 361
350 362
350 364
350 366
350 368
350 371
350 372
350 374
350 376
350 381
350 383
350 414
350 428
350 481
350 483
351 352
351 355
351 357
351 359
351 360
351 362
351 364
351 366
351 367
351 368
351 371
351 372
351 373
351 375
351 379
351 381
351 404
351 484
352 353
352 354
352 355
352 356
352 357
352 358
352 359
352 360
352 361
352 362
352 363
352 365
352 367
352 368
352 370
352 371
352 373
352 376
352 377
352 378
352 379
352 382
352 443
352 459
352 473
352 485
353 356
353 357
353 358
353 359
353 363
353 364
353 365
353 370
353 371
353 372
353 373
353 374
353 375
353 376
353 378
353 379
353 381
353 382
353 407
353 414
353 421
353 484
354 355
354 356
354 358
354 359
354 360
354 361
354 363
354 364
354 365
354 366
354 367
354 370
354 371
354 373
354 374
354 375
354 376
354 377
354 378
354 382
354 414
354 431
354 436
354 439
354 442
354 461
354 494
355 356
355 357
355 358
355 360
355 365
355 367
355 369
355 370
355 372
355 376
355 379
355 380
355 381
355 382
355 383
355 418
355 422
355 428
355 429
355 464
356 357
356 358
356 359
356 360
356 361
356 362
356 369
356 370
356 371
356 377
356 378
356 379
356 380
356 381
356 421
356 440
356 450
356 477
356 484
356 491
356 496
357 360
357 361
357 362
357 363
357 364
357 365
357 369
357 370
357 371
357 374
357 375
357 376
357 377
357 380
357 381
357 382
357 383
357 403
357 414
357 444
357 467
357 468
357 486
358 359
358 360
358 362
358 364
358 367
358 369
358 371
358 372
358 373
358 376
358 377
358 379
358 380
358 381
358 382
358 383
358 430
358 463
358 479
358 482
358 483
358 487
359 360
359 364
359 365
359 367
359 368
359 369
359 371
359 373
359 374
359 376
359 378
359 379
359 380
359 381
359 382
359 413
359 440
359 447
359 457
359 462
359 466
359 477
360 361
360 362
360 363
360 366
360 367
360 369
360 370
360 373
360 380
360 381
360 382
360 411
360 450
360 457
360 471
360 474
360 482
360 495
360 499
361 363
361 364
361 366
361 368
361 369
361 373
361 375
361 377
361 378
361 379
361 382
361 383
361 403
361 406
361 410
361 412
361 462
361 464
361 473
362 363
362 365
362 366
362 368
362 369
362 372
362 373
362 374
362 375
362 376
362 377
362 378
362 379
362 380
362 381
362 383
362 424
362 444
363 365
363 366
363 368
363 369
363 371
363 373
363 377
363 378
363 380
363 381
363 413
363 416
363 425
363 467
364 366
364 367
364 370
364 373
364 376
364 377
364 378
364 379
364 380
364 381
364 382
364 383
364 414
364 435
364 472
364 490
364 499
365 367
365 368
365 370
365 373
365 375
365 376
365 377
365 378
365 379
365 381
365 401
365 484
366 367
366 369
366 373
366 374
366 375
366 380
366 382
366 403
366 475
367 369
367 370
367 371
367 372
367 375
367 376
367 377
367 378
367 381
367 382
367 408
367 416
367 434
367 448
367 452
367 483
368 370
368 371
368 372
368 373
368 374
368 375
368 376
368 378
368 380
368 382
368 437
368 442
368 461
368 467
368 482
368 496
369 370
369 371
369 374
369 375
369 377
369 379
369 381
369 382
369 401
369 402
369 409
369 438
369 469
369 480
369 489
370 373
370 374
370 375
370 378
370 379
370 382
370 496
371 372
371 373
371 374
371 375
371 376
371 380
371 381
371 383
371 402
371 424
371 470
371 471
372 375
372 379
372 380
372 381
372 383
372 400
372 410
372 414
372 428
372 436
372 444
372 473
372 489
373 374
373 376
373 377
373 378
373 379
373 382
373 383
373 406
373 416
373 423
373 449
373 454
373 466
373 473
373 496
374 375
374 376
374 378
374 379
374 381
374 407
374 428
374 450
374 494
375 376
375 377
375 378
375 379
375 381
375 382
375 383
375 457
375 465
376 379
376 381
376 382
376 383
376 408
376 413
376 423
376 442
376 443
376 481
377 378
377 379
377 403
377 440
377 467
377 486
378 379
378 380
378 381
378 416
378 436
378 499
379 380
379 381
379 412
379 420
379 437
379 439
379 446
379 455
379 489
380 381
380 383
380 440
380 466
380 468
380 473
380 484
380 499
381 403
381 435
381 450
381 464
381 483
381 493
381 499
382 383
382 406
382 413
382 415
382 420
382 445
382 492
383 408
383 448
383 473
383 487
400 401
400 402
400 403
400 404
400 405
400 406
400 408
400 410
400 413
400 415
400 419
400 420
400 425
400 426
400 428
400 429
400 430
400 431
400 432
400 433
400 434
400 435
400 436
400 437
400 440
400 441
400 442
400 443
400 444
400 445
400 446
400 447
400 448
400 465
400 477
400 480
400 491
401 404
401 408
401 411
401 412
401 413
401 416
401 417
401 418
401 419
401 423
401 424
401 425
401 427
401 428
401 432
401 433
401 435
401 440
401 441
401 442
401 444
401 445
401 447
401 448
401 464
401 468
402 403
402 404
402 406
402 408
402 410
402 411
402 412
402 414
402 415
402 416
402 417
402 418
402 419
402 422
402 426
402 427
402 428
402 429
402 431
402 433
402 435
402 439
402 440
402 442
402 443
402 444
402 445
402 446
402 448
402 449
402 463
402 474
402 490
403 404
403 407
403 408
403 409
403 413
403 415
403 416
403 420
403 421
403 422
403 424
403 425
403 426
403 428
403 429
403 430
403 432
403 433
403 434
403 435
403 436
403 438
403 441
403 442
403 443
403 445
403 446
403 448
403 449
403 480
404 407
404 408
404 409
404 410
404 411
404 412
404 416
404 418
404 419
404 421
404 424
404 425
404 426
404 427
404 428
404 430
404 431
404 434
404 435
404 439
404 441
404 442
404 443
404 444
404 446
404 448
404 449
404 476
404 479
404 480
404 491
404 496
404 498
405 407
405 410
405 413
405 414
405 415
405 416
405 418
405 419
405 420
405 422
405 423
405 427
405 428
405 430
405 431
405 433
405 435
405 436
405 437
405 438
405 439
405 440
405 443
405 444
405 445
405 446
405 447
405 449
405 492
406 408
406 409
406 410
406 411
406 416
406 417
406 419
406 421
406 423
406 425
406 426
406 429
406 430
406 433
406 434
406 436
406 438
406 439
406 440
406 444
406 445
406 446
406 448
406 449
406 481
407 409
407 410
407 412
407 413
407 414
407 415
407 416
407 417
407 419
407 421
407 422
407 423
407 424
407 426
407 431
407 432
407 433
407 434
407 438
407 442
407 443
407 444
407 445
407 448
407 449
407 454
408 409
408 410
408 411
408 412
408 414
408 415
408 417
408 418
408 419
408 420
408 422
408 423
408 426
408 427
408 432
408 435
408 436
408 437
408 438
408 439
408 440
408 442
408 443
408 444
408 445
408 447
408 450
408 485
409 411
409 412
409 413
409 414
409 415
409 416
409 418
409 419
409 420
409 422
409 424
409 426
409 427
409 428
409 430
409 432
409 433
409 435
409 437
409 439
409 443
409 445
409 446
409 448
409 449
409 458
409 498
410 411
410 412
410 413
410 414
410 415
410 419
410 422
410 423
410 424
410 426
410 429
410 431
410 432
410 433
410 435
410 436
410 437
410 438
410 441
410 442
410 443
410 445
410 447
410 449
410 494
411 413
411 414
411 417
411 419
411 420
411 423
411 426
411 429
411 431
411 436
411 437
411 438
411 439
411 440
411 441
411 442
411 443
411 445
411 449
411 471
411 486
412 414
412 415
412 416
412 417
412 418
412 420
412 422
412 425
412 426
412 428
412 430
412 431
412 432
412 433
412 437
412 440
412 441
412 444
412 446
412 447
412 456
412 473
413 414
413 418
413 420
413 422
413 423
413 424
413 425
413 426
413 427
413 428
413 429
413 432
413 435
413 437
413 439
413 440
413 442
413 443
413 446
413 447
413 448
413 449
413 454
413 498
414 417
414 421
414 422
414 423
414 424
414 425
414 426
414 427
414 429
414 430
414 431
414 433
414 434
414 435
414 437
414 438
414 440
414 441
414 443
414 444
414 448
414 457
414 459
414 482
414 489
415 416
415 417
415 419
415 420
415 421
415 422
415 424
415 425
415 426
415 427
415 430
415 433
415 434
415 436
415 437
415 439
415 442
415 446
415 447
415 448
415 449
415 475
415 483
416 420
416 421
416 422
416 423
416 427
416 428
416 429
416 430
416 432
416 434
416 437
416 438
416 439
416 440
416 443
416 444
416 445
416 448
416 454
417 418
417 420
417 421
417 422
417 423
417 425
417 427
417 428
417 429
417 430
417 431
417 433
417 434
417 435
417 436
417 437
417 438
417 443
417 446
417 448
417 456
417 460
418 422
418 423
418 424
418 425
418 426
418 427
418 428
418 432
418 433
418 434
418 435
418 436
418 437
418 439
418 440
418 441
418 444
418 446
418 448
418 460
418 491
419 420
419 421
419 422
419 424
419 425
419 427
419 428
419 429
419 430
419 432
419 434
419 435
419 436
419 437
419 440
419 442
419 443
419 444
419 446
419 447
419 448
419 449
419 452
419 469
419 494
420 422
420 424
420 425
420 426
420 427
420 428
420 431
420 432
420 433
420 435
420 436
420 438
420 439
420 440
420 441
420 442
420 443
420 446
420 447
420 448
420 477
420 498
420 499
421 423
421 425
421 426
421 427
421 429
421 431
421 432
421 434
421 435
421 436
421 437
421 439
421 440
421 441
421 442
421 443
421 445
421 446
421 448
421 449
421 473
421 497
421 498
422 424
422 425
422 426
422 427
422 428
422 429
422 430
422 431
422 433
422 436
422 437
422 438
422 439
422 444
422 445
422 446
422 449
422 458
422 462
422 483
422 490
423 424
423 427
423 428
423 429
423 430
423 431
423 436
423 437
423 438
423 440
423 442
423 443
423 444
423 446
423 448
423 449
423 487
423 489
423 495
424 425
424 426
424 427
424 428
424 429
424 430
424 432
424 434
424 435
424 438
424 439
424 440
424 441
424 442
424 445
424 447
424 448
424 449
424 450
424 451
424 476
424 488
425 427
425 432
425 433
425 436
425 437
425 439
425 441
425 443
425 444
425 446
425 447
425 448
425 449
425 459
425 465
425 466
425 474
426 427
426 428
426 431
426 432
426 433
426 434
426 435
426 437
426 438
426 439
426 440
426 441
426 444
426 445
426 447
426 448
426 491
426 492
427 429
427 431
427 434
427 435
427 437
427 439
427 440
427 441
427 444
427 445
427 446
427 447
427 448
427 463
427 473
427 486
427 498
428 429
428 430
428 431
428 433
428 434
428 435
428 437
428 438
428 439
428 440
428 441
428 442
428 443
428 447
428 448
428 449
428 464
429 431
429 432
429 433
429 435
429 436
429 438
429 440
429 442
429 445
429 446
429 447
429 448
429 477
430 434
430 435
430 438
430 439
430 440
430 442
430 443
430 448
430 456
430 490
431 437
431 438
431 441
431 443
431 445
431 458
431 460
431 488
432 433
432 434
432 435
432 436
432 439
432 440
432 442
432 443
432 447
432 448
432 449
432 451
432 466
433 434
433 436
433 437
433 438
433 440
433 442
433 443
433 444
433 445
433 446
433 447
433 448
433 449
433 461
433 467
434 436
434 438
434 439
434 440
434 443
434 447
434 448
434 449
434 456
434 464
434 479
434 497
435 438
435 440
435 441
435 443
435 444
435 446
435 449
435 468
435 477
435 482
435 485
435 489
436 437
436 438
436 440
436 441
436 442
436 443
436 444
436 447
436 448
436 449
436 461
436 475
437 445
437 446
437 447
437 448
437 451
437 472
438 439
438 441
438 442
438 444
438 445
438 446
438 449
438 483
439 440
439 443
439 447
439 448
439 449
439 450
439 458
439 484
439 485
440 441
440 443
440 444
440 446
440 448
440 449
440 474
440 480
440 485
441 443
441 446
441 447
441 448
441 449
441 450
441 490
442 443
442 444
442 447
442 448
442 453
442 455
442 462
442 463
442 467
442 479
442 481
442 482
442 494
442 497
443 444
443 445
443 446
443 447
443 448
443 449
443 456
444 446
444 448
444 480
444 490
445 448
445 468
445 474
446 447
446 449
446 459
446 468
446 478
446 479
446 486
447 448
447 478
448 449
448 466
448 473
448 475
448 496
449 456
449 460
449 470
449 478
450 452
450 453
450 454
450 455
450 457
450 458
450 461
450 462
450 463
450 465
450 466
450 467
450 468
450 470
450 473
450 474
450 475
450 478
450 482
450 483
450 489
450 491
450 494
450 496
450 497
450 499
451 452
451 453
451 455
451 457
451 458
451 459
451 460
451 461
451 463
451 464
451 465
451 466
451 467
451 468
451 470
451 471
451 472
451 475
451 476
451 477
451 478
451 482
451 483
451 484
451 486
451 487
451 488
451 492
451 496
451 498
452 454
452 455
452 457
452 458
452 460
452 461
452 463
452 464
452 467
452 468
452 469
452 470
452 471
452 474
452 475
452 477
452 478
452 481
452 484
452 489
452 490
452 493
452 496
453 454
453 455
453 456
453 458
453 459
453 461
453 465
453 467
453 468
453 469
453 470
453 472
453 474
453 475
453 478
453 480
453 482
453 484
453 485
453 487
453 488
453 489
453 492
453 494
453 497
453 498
453 499
454 455
454 459
454 460
454 462
454 463
454 466
454 467
454 472
454 474
454 477
454 478
454 479
454 480
454 482
454 483
454 488
454 492
454 493
454 496
454 497
454 499
455 457
455 458
455 461
455 462
455 463
455 464
455 465
455 466
455 468
455 470
455 472
455 473
455 475
455 476
455 477
455 478
455 480
455 484
455 486
455 487
455 488
455 491
455 492
455 493
455 494
455 495
455 497
455 498
455 499
456 457
456 460
456 461
456 464
456 466
456 467
456 468
456 470
456 471
456 472
456 473
456 474
456 476
456 477
456 478
456 481
456 485
456 488
456 492
456 493
456 494
456 495
456 496
456 497
456 499
457 461
457 463
457 464
457 468
457 470
457 472
457 474
457 475
457 476
457 479
457 485
457 487
457 488
457 489
457 490
457 491
457 495
457 496
457 497
458 459
458 460
458 461
458 463
458 464
458 465
458 466
458 467
458 469
458 471
458 473
458 474
458 475
458 476
458 480
458 481
458 482
458 483
458 484
458 485
458 487
458 488
458 489
458 490
458 491
458 492
458 493
458 497
458 498
459 460
459 462
459 465
459 466
459 467
459 469
459 472
459 474
459 475
459 476
459 477
459 479
459 480
459 482
459 483
459 484
459 485
459 486
459 487
459 488
459 490
459 491
459 492
459 494
459 495
459 498
459 499
460 461
460 462
460 466
460 467
460 469
460 470
460 472
460 475
460 477
460 478
460 480
460 482
460 483
460 486
460 487
460 488
460 491
460 492
460 497
460 498
461 463
461 466
461 468
461 469
461 470
461 471
461 475
461 477
461 478
461 482
461 485
461 486
461 487
461 488
461 489
461 490
461 492
461 493
461 495
461 496
461 497
462 463
462 465
462 466
462 467
462 469
462 470
462 471
462 473
462 474
462 475
462 478
462 479
462 481
462 482
462 483
462 484
462 485
462 487
462 489
462 490
462 492
462 495
462 496
462 497
462 498
463 465
463 466
463 468
463 469
463 470
463 472
463 473
463 474
463 475
463 477
463 480
463 481
463 482
463 483
463 485
463 486
463 487
463 491
463 492
463 493
463 494
463 495
463 498
464 467
464 470
464 475
464 476
464 478
464 480
464 482
464 484
464 487
464 488
464 490
464 491
464 495
464 496
464 498
464 499
465 466
465 467
465 468
465 470
465 471
465 472
465 473
465 474
465 475
465 477
465 479
465 481
465 483
465 486
465 487
465 488
465 489
465 490
465 491
465 493
465 494
465 495
465 496
465 497
465 498
466 468
466 471
466 475
466 476
466 477
466 478
466 479
466 480
466 481
466 483
466 484
466 485
466 486
466 487
466 488
466 490
466 493
466 498
467 469
467 472
467 473
467 474
467 475
467 476
467 478
467 479
467 480
467 481
467 483
467 484
467 485
467 486
467 487
467 489
467 491
467 492
467 494
467 495
467 497
467 499
468 471
468 474
468 475
468 477
468 478
468 479
468 481
468 482
468 483
468 484
468 486
468 488
468 489
468 493
468 495
468 499
469 470
469 471
469 472
469 473
469 474
469 475
469 479
469 482
469 483
469 486
469 488
469 490
469 494
469 495
469 496
469 497
469 498
469 499
470 473
470 475
470 477
470 478
470 480
470 483
470 484
470 485
470 487
470 488
470 490
470 491
470 492
470 493
470 494
470 496
470 497
470 499
471 472
471 473
471 474
471 476
471 477
471 481
471 482
471 486
471 487
471 488
471 489
471 490
471 491
471 492
471 493
471 495
471 496
471 498
471 499
472 474
472 475
472 477
472 479
472 480
472 481
472 484
472 486
472 489
472 490
472 492
472 493
472 494
472 496
472 499
473 474
473 475
473 476
473 478
473 479
473 480
473 481
473 483
473 484
473 485
473 486
473 487
473 488
473 489
473 491
473 492
473 493
473 495
473 496
473 497
473 499
474 475
474 478
474 479
474 481
474 488
474 489
474 490
474 493
474 494
474 495
474 498
474 499
475 478
475 480
475 482
475 484
475 485
475 486
475 488
475 489
475 492
475 494
475 495
475 496
475 497
475 498
475 499
476 477
476 479
476 480
476 482
476 483
476 485
476 486
476 487
476 488
476 489
476 490
476 491
476 493
476 494
476 495
476 498
476 499
477 478
477 479
477 480
477 483
477 486
477 488
477 489
477 490
477 491
477 492
477 493
477 495
477 497
477 499
478 479
478 480
478 482
478 484
478 486
478 489
478 490
478 494
478 496
478 498
478 499
479 481
479 482
479 485
479 487
479 488
479 490
479 491
479 492
479 494
479 495
479 496
479 498
479 499
480 481
480 482
480 483
480 484
480 485
480 487
480 488
480 490
480 491
480 492
480 493
480 496
480 497
480 498
480 499
481 483
481 485
481 486
481 493
481 495
481 497
482 483
482 484
482 485
482 486
482 488
482 489
482 491
482 494
482 496
482 497
482 498
482 499
483 484
483 487
483 488
483 489
483 490
483 491
483 492
483 493
483 495
483 497
484 485
484 486
484 487
484 488
484 489
484 490
484 491
484 495
484 496
485 486
485 488
485 489
485 491
485 492
485 494
485 497
485 498
485 499
486 487
486 488
486 489
486 492
486 493
486 495
486 497
486 499
487 488
487 490
487 491
487 495
487 496
487 499
488 491
488 492
488 493
488 494
488 495
488 496
488 498
489 490
489 492
489 494
489 495
489 496
489 497
489 498
490 492
490 493
490 495
490 496
490 497
490 499
491 494
491 497
491 498
492 493
492 497
492 499
493 494
493 495
493 497
493 498
494 496
494 499
495 497
495 498
496 497
496 499
497 498
498 499
