0 1
0 2
0 3
0 4
0 5
0 7
0 8
0 13
0 14
0 16
0 17
0 18
0 19
0 21
0 23
0 24
0 25
0 26
0 27
0 28
0 31
0 32
0 33
0 35
0 36
0 37
0 38
0 41
0 43
0 45
0 46
0 47
0 428
1 2
1 5
1 6
1 7
1 10
1 12
1 13
1 14
1 16
1 17
1 18
1 20
1 22
1 26
1 28
1 29
1 31
1 32
1 34
1 36
1 37
1 38
1 39
1 40
1 42
1 44
1 45
1 46
1 47
1 48
1 49
2 3
2 4
2 5
2 7
2 8
2 9
2 10
2 11
2 13
2 15
2 16
2 18
2 19
2 20
2 23
2 24
2 25
2 28
2 29
2 30
2 31
2 34
2 35
2 39
2 43
2 45
2 47
2 49
2 193
2 300
3 4
3 9
3 10
3 13
3 14
3 17
3 19
3 21
3 22
3 25
3 26
3 28
3 29
3 30
3 34
3 38
3 39
3 41
3 42
3 45
3 47
3 49
3 136
3 284
3 371
3 375
4 6
4 8
4 11
4 12
4 13
4 14
4 15
4 17
4 18
4 19
4 20
4 21
4 22
4 28
4 30
4 33
4 34
4 35
4 36
4 37
4 38
4 39
4 40
4 42
4 43
4 44
4 46
4 48
4 49
5 6
5 7
5 8
5 9
5 12
5 15
5 16
5 17
5 18
5 20
5 22
5 24
5 27
5 28
5 29
5 30
5 31
5 32
5 33
5 34
5 35
5 36
5 37
5 39
5 41
5 42
5 45
5 47
5 242
6 7
6 8
6 9
6 10
6 14
6 18
6 19
6 21
6 22
6 23
6 26
6 27
6 30
6 31
6 33
6 40
6 41
6 42
6 43
6 44
6 45
6 47
6 257
6 340
7 9
7 15
7 18
7 19
7 20
7 21
7 23
7 24
7 25
7 27
7 29
7 30
7 31
7 32
7 35
7 36
7 37
7 38
7 42
7 43
7 44
7 45
7 48
7 49
7 74
7 209
7 329
8 12
8 13
8 14
8 15
8 17
8 18
8 19
8 20
8 21
8 27
8 28
8 29
8 30
8 34
8 36
8 37
8 38
8 39
8 40
8 44
8 47
8 49
8 161
8 429
8 460
9 10
9 11
9 13
9 14
9 15
9 16
9 17
9 19
9 23
9 24
9 25
9 26
9 27
9 29
9 33
9 36
9 39
9 40
9 43
9 47
9 49
9 277
9 379
10 11
10 12
10 13
10 14
10 15
10 16
10 18
10 19
10 22
10 23
10 26
10 27
10 29
10 30
10 31
10 32
10 34
10 36
10 37
10 38
10 39
10 40
10 41
10 42
10 44
10 45
10 46
10 250
11 14
11 16
11 17
11 19
11 20
11 22
11 23
11 24
11 25
11 27
11 28
11 29
11 30
11 31
11 32
11 38
11 40
11 43
11 44
11 45
11 46
11 47
11 49
11 66
11 177
12 13
12 14
12 16
12 17
12 18
12 19
12 22
12 24
12 25
12 26
12 27
12 28
12 29
12 30
12 32
12 34
12 36
12 37
12 38
12 40
12 42
12 43
12 44
12 45
12 46
12 47
12 49
12 205
13 15
13 16
13 19
13 21
13 22
13 23
13 24
13 26
13 27
13 28
13 29
13 30
13 36
13 37
13 38
13 41
13 43
13 45
13 46
13 47
13 48
13 49
13 155
13 215
13 229
13 381
13 470
14 18
14 19
14 20
14 21
14 23
14 24
14 26
14 27
14 29
14 30
14 31
14 32
14 33
14 35
14 37
14 38
14 42
14 43
14 44
14 45
14 46
15 16
15 17
15 20
15 23
15 25
15 26
15 27
15 30
15 31
15 33
15 34
15 35
15 38
15 39
15 40
15 42
15 45
15 47
15 48
15 49
15 231
16 18
16 19
16 21
16 22
16 27
16 28
16 29
16 30
16 31
16 32
16 35
16 36
16 37
16 38
16 39
16 40
16 41
16 42
16 44
16 46
16 49
16 325
17 20
17 21
17 23
17 25
17 26
17 27
17 28
17 29
17 30
17 31
17 33
17 35
17 37
17 39
17 40
17 42
17 45
17 46
17 47
17 48
17 318
17 343
17 389
17 486
18 20
18 22
18 23
18 24
18 26
18 27
18 28
18 30
18 35
18 36
18 40
18 41
18 44
18 45
18 48
18 49
18 172
19 20
19 23
19 24
19 25
19 26
19 27
19 28
19 29
19 32
19 35
19 38
19 40
19 42
19 44
19 46
19 49
19 92
19 201
19 253
20 23
20 24
20 29
20 33
20 35
20 36
20 37
20 38
20 39
20 41
20 42
20 44
20 56
20 59
20 316
21 24
21 26
21 28
21 31
21 32
21 33
21 34
21 36
21 38
21 39
21 41
21 43
21 44
21 45
21 46
21 47
21 48
21 150
21 305
21 398
21 407
21 461
22 24
22 26
22 28
22 29
22 30
22 32
22 35
22 36
22 37
22 41
22 44
22 47
22 49
22 430
23 24
23 25
23 27
23 28
23 29
23 31
23 32
23 33
23 35
23 36
23 41
23 42
23 44
23 140
23 115
23 347
24 26
24 27
24 28
24 29
24 31
24 33
24 39
24 41
24 42
24 43
24 47
25 27
25 30
25 31
25 32
25 34
25 35
25 37
25 40
25 41
25 42
25 43
25 44
25 45
25 47
25 433
26 27
26 28
26 29
26 31
26 32
26 34
26 41
26 42
26 44
26 46
26 47
26 49
26 156
26 226
26 297
27 30
27 31
27 32
27 33
27 34
27 35
27 36
27 37
27 38
27 41
27 42
27 45
27 46
27 48
27 49
27 117
28 29
28 31
28 33
28 35
28 38
28 39
28 40
28 41
28 43
28 45
28 48
28 52
28 83
28 316
28 452
29 30
29 31
29 32
29 35
29 36
29 37
29 38
29 39
29 42
29 43
29 45
29 46
29 47
30 32
30 34
30 35
30 36
30 37
30 38
30 39
30 40
30 42
30 43
30 44
30 46
30 47
30 48
30 49
30 166
30 356
30 463
30 465
31 32
31 33
31 34
31 35
31 37
31 38
31 39
31 41
31 42
31 44
31 45
31 46
31 47
31 48
32 34
32 36
32 37
32 38
32 40
32 42
32 44
32 46
32 49
32 235
32 243
32 265
32 402
33 35
33 37
33 40
33 43
33 45
33 47
33 48
33 49
33 458
34 36
34 37
34 38
34 43
34 44
34 45
34 46
34 47
34 49
34 147
35 36
35 37
35 40
35 41
35 42
35 43
35 44
35 46
35 48
35 49
35 125
35 186
36 37
36 38
36 39
36 41
36 46
36 48
36 53
36 104
36 482
37 41
37 42
37 44
37 46
37 47
37 49
37 63
37 107
38 39
38 40
38 41
38 44
38 46
38 116
38 398
38 434
39 42
39 46
39 48
40 41
40 42
40 43
40 44
40 45
40 49
40 53
41 46
41 177
41 389
42 43
42 44
42 45
42 46
42 47
42 48
42 49
42 210
42 229
43 44
43 45
43 46
43 47
43 48
43 53
43 334
44 46
44 48
45 49
45 211
45 402
45 431
45 470
46 48
46 49
46 58
46 146
46 225
46 256
46 267
49 315
50 51
50 52
50 54
50 57
50 58
50 60
50 61
50 62
50 63
50 64
50 65
50 66
50 67
50 68
50 69
50 71
50 72
50 73
50 74
50 75
50 76
50 77
50 82
50 83
50 84
50 85
50 86
50 87
50 88
50 90
50 91
50 92
50 97
50 98
50 99
50 124
50 302
50 358
50 368
51 52
51 53
51 54
51 55
51 56
51 57
51 58
51 59
51 60
51 61
51 62
51 64
51 68
51 69
51 70
51 72
51 73
51 74
51 75
51 76
51 78
51 82
51 85
51 90
51 91
51 92
51 93
51 94
51 95
51 96
51 97
51 99
51 157
51 275
52 53
52 54
52 55
52 57
52 58
52 59
52 60
52 64
52 65
52 66
52 67
52 68
52 69
52 70
52 71
52 72
52 74
52 76
52 78
52 79
52 80
52 81
52 83
52 84
52 86
52 87
52 89
52 90
52 92
52 93
52 95
52 96
52 97
52 99
52 253
53 54
53 55
53 58
53 59
53 61
53 62
53 67
53 68
53 69
53 74
53 75
53 76
53 77
53 78
53 79
53 81
53 82
53 84
53 85
53 86
53 87
53 89
53 90
53 92
53 93
53 94
53 95
53 96
53 98
53 320
53 329
53 486
54 56
54 59
54 60
54 61
54 62
54 64
54 67
54 69
54 70
54 71
54 72
54 73
54 74
54 77
54 78
54 81
54 82
54 83
54 85
54 86
54 87
54 89
54 91
54 94
54 95
54 96
54 98
54 118
54 193
55 56
55 57
55 59
55 60
55 61
55 62
55 63
55 65
55 67
55 68
55 71
55 73
55 77
55 78
55 80
55 81
55 82
55 83
55 84
55 85
55 88
55 90
55 93
55 94
55 95
55 96
55 99
56 57
56 58
56 59
56 62
56 65
56 68
56 73
56 74
56 77
56 78
56 81
56 82
56 83
56 85
56 87
56 88
56 89
56 90
56 91
56 92
56 94
56 95
56 96
56 97
56 98
56 99
57 59
57 61
57 62
57 66
57 67
57 68
57 70
57 72
57 73
57 74
57 76
57 77
57 81
57 82
57 84
57 86
57 88
57 90
57 92
57 93
57 94
57 95
57 96
57 97
57 98
57 395
58 62
58 66
58 67
58 69
58 70
58 74
58 75
58 76
58 78
58 79
58 80
58 82
58 83
58 85
58 86
58 87
58 88
58 89
58 93
58 95
58 96
58 98
58 99
58 439
58 445
59 60
59 61
59 62
59 63
59 65
59 68
59 71
59 72
59 75
59 77
59 79
59 80
59 81
59 82
59 83
59 84
59 88
59 89
59 90
59 92
59 95
59 96
59 97
59 98
59 99
59 145
59 252
60 61
60 62
60 63
60 64
60 65
60 66
60 67
60 68
60 69
60 70
60 71
60 73
60 74
60 75
60 76
60 77
60 79
60 80
60 81
60 83
60 84
60 85
60 87
60 89
60 90
60 91
60 92
60 93
60 94
60 95
60 99
60 426
61 62
61 67
61 68
61 70
61 71
61 73
61 76
61 79
61 80
61 83
61 87
61 89
61 90
61 91
61 93
61 94
61 96
61 98
61 126
61 153
61 182
62 63
62 64
62 67
62 68
62 69
62 73
62 77
62 78
62 79
62 82
62 85
62 86
62 88
62 89
62 90
62 92
62 95
62 97
62 375
62 380
62 435
63 68
63 69
63 70
63 71
63 72
63 74
63 77
63 79
63 80
63 81
63 82
63 83
63 85
63 86
63 88
63 89
63 92
63 93
63 94
63 95
63 96
63 97
63 99
63 310
64 65
64 66
64 67
64 69
64 70
64 72
64 73
64 74
64 75
64 77
64 80
64 81
64 83
64 88
64 90
64 91
64 92
64 95
64 97
64 98
64 99
64 465
65 66
65 68
65 69
65 70
65 72
65 75
65 78
65 81
65 83
65 84
65 87
65 88
65 89
65 90
65 92
65 93
65 94
65 95
65 96
65 98
65 213
66 67
66 69
66 71
66 72
66 73
66 74
66 75
66 76
66 79
66 80
66 81
66 82
66 83
66 84
66 85
66 87
66 88
66 90
66 94
66 96
66 97
66 98
66 99
66 247
66 385
67 73
67 74
67 75
67 77
67 79
67 82
67 85
67 86
67 88
67 89
67 90
67 92
67 93
67 95
67 96
67 99
67 258
67 411
68 70
68 73
68 75
68 76
68 77
68 80
68 84
68 87
68 88
68 89
68 94
68 95
68 97
68 98
68 399
68 448
69 70
69 71
69 74
69 76
69 77
69 78
69 79
69 80
69 83
69 84
69 87
69 88
69 90
69 91
69 93
69 94
69 95
69 97
69 98
69 397
70 72
70 74
70 77
70 78
70 80
70 81
70 82
70 83
70 84
70 85
70 86
70 87
70 89
70 91
70 97
70 98
70 99
70 263
71 74
71 75
71 76
71 77
71 80
71 81
71 85
71 86
71 88
71 89
71 90
71 92
71 96
71 97
71 98
71 404
72 73
72 74
72 75
72 76
72 77
72 79
72 81
72 82
72 84
72 86
72 87
72 88
72 89
72 91
72 92
72 95
72 96
72 97
72 98
72 99
72 231
72 291
73 75
73 76
73 79
73 80
73 81
73 83
73 84
73 85
73 86
73 87
73 88
73 90
73 93
73 95
73 96
73 97
73 98
73 99
73 252
74 75
74 76
74 79
74 80
74 81
74 84
74 86
74 89
74 91
74 92
74 93
74 94
74 95
74 97
74 99
75 76
75 77
75 80
75 84
75 85
75 86
75 87
75 90
75 91
75 92
75 96
75 97
75 98
75 99
75 105
75 218
75 242
75 375
75 457
75 464
75 480
76 77
76 78
76 81
76 83
76 84
76 85
76 86
76 88
76 89
76 90
76 91
76 92
76 96
76 98
77 78
77 85
77 86
77 87
77 88
77 92
77 93
77 94
77 95
77 96
77 98
77 201
77 254
77 356
78 80
78 84
78 86
78 87
78 88
78 89
78 90
78 91
78 92
78 93
78 99
78 198
78 326
79 81
79 86
79 88
79 90
79 91
79 92
79 96
79 97
79 98
79 99
79 198
79 393
79 476
80 81
80 82
80 83
80 86
80 87
80 88
80 89
80 92
80 95
80 242
80 392
80 494
81 82
81 85
81 86
81 91
81 92
81 93
81 95
81 96
81 97
81 98
81 99
81 221
81 243
81 441
82 84
82 85
82 86
82 89
82 90
82 92
82 95
82 96
82 97
82 98
82 99
82 102
82 110
82 216
83 84
83 87
83 89
83 90
83 92
83 93
83 94
83 95
83 96
83 98
83 130
83 307
83 441
84 85
84 86
84 87
84 89
84 90
84 92
84 94
84 95
84 96
84 98
84 99
85 86
85 87
85 89
85 90
85 92
85 93
85 95
85 96
85 97
85 98
85 165
85 195
86 87
86 88
86 89
86 92
86 93
86 96
86 98
86 205
86 376
87 88
87 89
87 90
87 91
87 92
87 93
87 94
87 96
87 99
87 308
87 354
88 90
88 91
88 92
88 93
88 94
88 95
88 96
88 97
88 99
88 437
89 90
89 91
89 92
89 93
89 94
89 95
89 96
89 98
89 99
90 91
90 96
90 98
90 398
90 441
91 92
91 96
91 97
91 98
91 211
91 431
92 93
92 95
92 96
92 97
92 99
92 297
92 481
93 94
93 95
93 97
93 98
93 198
93 331
93 464
94 96
94 97
94 108
94 292
94 344
94 462
95 96
95 97
95 98
95 111
96 97
96 98
96 463
97 98
97 99
97 182
97 194
97 388
97 381
98 320
99 344
99 409
128 132
128 133
128 135
128 136
128 138
128 140
128 142
128 145
128 146
128 147
128 148
128 101
128 103
128 104
128 105
128 106
128 110
128 112
128 113
128 114
128 115
128 116
128 117
128 120
128 121
128 122
128 123
128 126
128 127
128 438
129 130
129 131
129 132
129 133
129 135
129 136
129 138
129 139
129 142
129 144
129 145
129 147
129 149
129 101
129 103
129 104
129 106
129 108
129 109
129 111
129 112
129 113
129 115
129 118
129 119
129 120
129 122
129 123
129 126
129 127
129 404
129 408
129 494
130 131
130 134
130 136
130 137
130 140
130 141
130 142
130 143
130 144
130 147
130 100
130 101
130 102
130 106
130 109
130 111
130 112
130 113
130 114
130 115
130 116
130 118
130 119
130 120
130 121
130 122
130 124
130 126
130 127
130 163
130 291
130 389
131 133
131 135
131 136
131 137
131 138
131 139
131 140
131 142
131 143
131 144
131 145
131 102
131 103
131 104
131 110
131 111
131 112
131 113
131 115
131 116
131 118
131 120
131 122
131 123
131 124
131 125
131 126
131 127
131 196
131 249
131 277
131 278
131 469
132 133
132 134
132 135
132 136
132 137
132 139
132 141
132 142
132 143
132 145
132 146
132 149
132 101
132 102
132 103
132 104
132 105
132 106
132 107
132 109
132 112
132 113
132 116
132 119
132 120
132 121
132 122
132 123
132 124
132 125
132 126
132 127
132 408
133 134
133 136
133 137
133 138
133 139
133 141
133 143
133 146
133 147
133 148
133 149
133 101
133 103
133 104
133 106
133 109
133 111
133 112
133 113
133 114
133 115
133 116
133 119
133 126
133 304
133 404
133 410
133 453
134 137
134 138
134 141
134 143
134 145
134 148
134 149
134 100
134 101
134 102
134 103
134 105
134 108
134 109
134 110
134 112
134 113
134 114
134 116
134 119
134 120
134 121
134 122
134 123
134 127
134 229
135 136
135 139
135 144
135 145
135 147
135 148
135 100
135 102
135 103
135 104
135 105
135 107
135 108
135 109
135 112
135 113
135 114
135 115
135 121
135 123
135 124
135 126
135 249
135 269
135 328
136 137
136 138
136 139
136 140
136 142
136 144
136 145
136 147
136 102
136 103
136 104
136 105
136 106
136 108
136 110
136 111
136 112
136 114
136 115
136 116
136 118
136 119
136 120
136 121
136 122
136 123
136 125
136 467
137 139
137 142
137 143
137 145
137 148
137 149
137 100
137 102
137 103
137 104
137 108
137 109
137 111
137 112
137 115
137 116
137 117
137 118
137 119
137 120
137 121
137 122
137 123
137 124
137 125
137 127
138 140
138 145
138 147
138 148
138 100
138 103
138 105
138 106
138 107
138 109
138 111
138 112
138 117
138 118
138 120
138 122
138 125
138 126
139 140
139 141
139 145
139 146
139 147
139 149
139 100
139 101
139 105
139 108
139 109
139 110
139 112
139 113
139 115
139 116
139 117
139 118
139 119
139 120
139 121
139 123
139 125
139 198
139 351
140 141
140 142
140 143
140 145
140 147
140 148
140 100
140 101
140 102
140 103
140 104
140 105
140 106
140 107
140 108
140 112
140 113
140 116
140 118
140 121
140 122
140 125
140 127
140 471
141 144
141 145
141 146
141 147
141 148
141 149
141 102
141 103
141 105
141 107
141 108
141 109
141 110
141 111
141 112
141 113
141 115
141 116
141 119
141 122
141 123
141 126
141 127
142 143
142 146
142 147
142 148
142 100
142 101
142 102
142 103
142 104
142 105
142 106
142 107
142 109
142 110
142 113
142 114
142 115
142 116
142 117
142 118
142 122
142 123
142 125
142 126
142 451
143 144
143 146
143 100
143 102
143 106
143 108
143 112
143 113
143 114
143 115
143 117
143 118
143 119
143 121
143 124
143 125
143 126
143 127
144 145
144 146
144 147
144 148
144 149
144 100
144 103
144 104
144 105
144 106
144 107
144 109
144 110
144 111
144 112
144 113
144 114
144 115
144 116
144 118
144 119
144 120
144 123
144 124
144 126
145 147
145 149
145 100
145 102
145 103
145 105
145 108
145 109
145 115
145 116
145 117
145 118
145 120
145 121
145 122
145 124
145 125
145 127
145 484
146 147
146 148
146 149
146 100
146 101
146 102
146 103
146 108
146 109
146 110
146 111
146 112
146 113
146 116
146 117
146 119
146 120
146 122
146 123
146 124
146 383
146 484
147 148
147 101
147 102
147 103
147 104
147 108
147 110
147 112
147 113
147 114
147 115
147 117
147 119
147 123
147 124
147 127
147 388
147 380
148 149
148 100
148 101
148 103
148 104
148 105
148 106
148 108
148 110
148 111
148 112
148 114
148 115
148 116
148 117
148 118
148 121
148 124
148 125
149 100
149 102
149 104
149 108
149 109
149 110
149 112
149 113
149 114
149 115
149 116
149 117
149 118
149 119
149 120
149 122
149 123
149 126
149 127
149 248
149 325
149 405
149 475
149 485
100 101
100 102
100 104
100 106
100 110
100 113
100 114
100 116
100 120
100 121
100 122
100 124
100 125
101 102
101 104
101 106
101 108
101 109
101 112
101 113
101 116
101 120
101 121
101 122
101 124
101 125
101 126
101 127
101 491
102 105
102 106
102 107
102 109
102 112
102 113
102 114
102 115
102 116
102 118
102 119
102 121
102 122
102 124
102 125
102 127
102 426
103 104
103 105
103 106
103 107
103 108
103 110
103 111
103 112
103 113
103 115
103 117
103 118
103 119
103 120
103 121
103 122
103 124
103 127
104 106
104 107
104 109
104 110
104 111
104 112
104 119
104 122
104 125
104 451
105 107
105 108
105 110
105 112
105 113
105 114
105 117
105 121
105 122
105 404
105 412
106 108
106 110
106 111
106 112
106 113
106 114
106 115
106 116
106 120
106 122
106 123
106 124
106 125
106 126
107 108
107 112
107 113
107 114
107 115
107 117
107 118
107 121
107 123
107 124
107 154
107 447
107 450
108 109
108 112
108 113
108 114
108 115
108 118
108 119
108 121
108 122
108 124
108 125
108 126
108 127
108 174
108 281
108 328
108 464
109 110
109 112
109 114
109 116
109 117
109 118
109 121
109 124
109 126
109 127
109 269
110 111
110 112
110 113
110 114
110 115
110 116
110 117
110 118
110 123
110 124
110 126
110 127
111 112
111 113
111 114
111 117
111 120
111 123
111 126
111 127
111 377
112 113
112 117
112 118
112 119
112 120
112 121
112 122
112 124
112 125
112 126
112 127
112 152
112 365
112 464
113 114
113 116
113 118
113 119
113 120
113 122
113 123
113 125
113 126
113 127
113 406
113 467
114 115
114 118
114 121
114 123
114 125
114 126
114 358
114 492
115 116
115 117
115 120
115 121
115 122
115 125
115 126
115 127
116 119
116 120
116 121
116 122
116 123
116 126
116 127
116 233
116 243
116 277
116 334
116 467
117 118
117 121
117 122
117 125
117 127
117 345
117 407
118 119
118 121
118 123
118 124
118 125
118 126
118 127
118 305
119 120
119 121
119 122
119 123
119 125
119 127
119 318
120 122
120 123
120 124
120 125
120 171
120 189
121 122
121 124
121 125
121 126
121 127
121 188
121 294
121 486
122 123
122 124
122 126
122 127
122 167
123 126
123 383
124 126
124 127
125 127
125 330
126 127
127 179
127 294
127 305
150 151
150 153
150 157
150 158
150 160
150 161
150 163
150 164
150 168
150 169
150 170
150 171
150 172
150 175
150 176
150 177
150 178
150 180
150 181
150 182
150 183
150 184
150 185
150 186
150 188
150 189
150 190
150 197
150 414
151 152
151 153
151 158
151 159
151 160
151 161
151 163
151 164
151 166
151 167
151 168
151 169
151 171
151 172
151 173
151 178
151 179
151 181
151 185
151 198
152 153
152 155
152 157
152 159
152 162
152 163
152 164
152 165
152 169
152 171
152 172
152 173
152 176
152 179
152 181
152 182
152 183
152 187
152 188
152 189
152 190
152 191
152 195
152 196
152 199
152 218
152 326
153 155
153 156
153 157
153 158
153 160
153 161
153 165
153 166
153 167
153 169
153 170
153 171
153 172
153 174
153 176
153 178
153 180
153 182
153 184
153 185
153 186
153 187
153 188
153 190
153 191
153 192
153 193
153 194
153 196
153 198
153 199
153 264
153 433
153 436
153 471
154 158
154 159
154 160
154 161
154 163
154 165
154 166
154 167
154 169
154 170
154 173
154 174
154 175
154 176
154 178
154 179
154 181
154 182
154 184
154 186
154 187
154 189
154 190
154 191
154 193
154 194
154 195
154 196
154 197
154 198
154 199
154 463
155 157
155 159
155 161
155 162
155 163
155 165
155 166
155 171
155 173
155 176
155 177
155 178
155 179
155 181
155 182
155 183
155 184
155 187
155 188
155 189
155 190
155 191
155 197
155 198
155 199
156 157
156 159
156 160
156 161
156 162
156 163
156 164
156 165
156 167
156 168
156 173
156 175
156 177
156 178
156 179
156 184
156 185
156 186
156 187
156 188
156 191
156 192
156 193
156 195
156 197
156 303
156 396
157 158
157 159
157 160
157 161
157 165
157 166
157 167
157 168
157 169
157 170
157 173
157 175
157 178
157 180
157 181
157 182
157 185
157 186
157 187
157 188
157 189
157 191
157 193
157 194
157 196
157 197
157 316
157 342
157 451
158 159
158 160
158 162
158 163
158 164
158 165
158 168
158 169
158 170
158 173
158 174
158 175
158 177
158 178
158 181
158 182
158 184
158 186
158 187
158 188
158 192
158 196
158 199
159 160
159 161
159 162
159 165
159 166
159 167
159 168
159 169
159 171
159 173
159 175
159 178
159 179
159 181
159 183
159 184
159 187
159 188
159 190
159 191
159 192
159 193
159 194
159 196
159 198
159 199
159 397
160 161
160 163
160 164
160 165
160 166
160 167
160 169
160 170
160 171
160 174
160 175
160 176
160 177
160 178
160 179
160 181
160 182
160 183
160 184
160 185
160 187
160 188
160 189
160 190
160 194
160 196
160 197
160 198
160 439
160 478
161 162
161 165
161 167
161 168
161 170
161 171
161 172
161 173
161 174
161 179
161 181
161 182
161 183
161 184
161 186
161 187
161 192
161 195
161 196
161 199
162 163
162 165
162 166
162 167
162 173
162 174
162 175
162 176
162 177
162 178
162 179
162 181
162 182
162 184
162 186
162 187
162 188
162 189
162 191
162 192
162 194
162 195
162 196
162 197
162 199
162 225
162 326
163 165
163 166
163 168
163 169
163 171
163 173
163 175
163 176
163 177
163 178
163 179
163 181
163 182
163 183
163 189
163 190
163 192
163 193
163 194
163 197
163 198
163 199
163 306
163 329
164 165
164 168
164 169
164 170
164 172
164 173
164 179
164 180
164 184
164 185
164 186
164 187
164 188
164 190
164 195
164 196
164 197
164 199
164 279
165 166
165 172
165 173
165 176
165 177
165 179
165 180
165 181
165 184
165 185
165 187
165 189
165 193
165 198
165 199
165 383
166 167
166 170
166 171
166 172
166 173
166 178
166 179
166 180
166 181
166 182
166 183
166 184
166 185
166 187
166 188
166 190
166 191
166 192
166 193
166 196
166 199
166 292
167 168
167 170
167 175
167 177
167 179
167 181
167 184
167 186
167 187
167 188
167 192
167 195
167 196
167 198
167 199
167 228
167 487
168 169
168 172
168 174
168 177
168 182
168 183
168 184
168 185
168 186
168 187
168 190
168 191
168 192
168 194
168 195
168 198
169 172
169 174
169 175
169 176
169 177
169 178
169 183
169 184
169 185
169 186
169 188
169 190
169 194
169 195
169 196
169 198
170 171
170 174
170 176
170 177
170 179
170 180
170 183
170 184
170 185
170 186
170 189
170 190
170 191
170 192
170 194
170 196
170 197
170 198
171 172
171 175
171 176
171 178
171 182
171 183
171 184
171 185
171 186
171 188
171 189
171 190
171 192
171 193
171 194
171 197
171 198
171 199
171 204
171 374
171 491
172 174
172 175
172 179
172 181
172 182
172 184
172 186
172 187
172 188
172 190
172 191
172 192
172 194
172 195
172 196
172 197
172 198
172 199
172 330
173 175
173 178
173 180
173 183
173 186
173 187
173 188
173 191
173 193
173 194
173 195
173 196
173 197
173 199
173 229
173 373
173 413
174 175
174 176
174 178
174 179
174 180
174 182
174 184
174 185
174 186
174 187
174 189
174 190
174 191
174 192
174 193
174 194
174 195
174 197
174 198
174 199
174 440
175 176
175 178
175 180
175 182
175 183
175 184
175 185
175 188
175 189
175 190
175 191
175 192
175 193
175 194
175 195
175 197
175 293
176 177
176 179
176 181
176 182
176 183
176 184
176 185
176 187
176 188
176 190
176 191
176 192
176 193
176 195
176 196
176 222
176 266
176 314
176 404
176 409
177 179
177 180
177 181
177 182
177 183
177 185
177 186
177 191
177 192
177 193
177 194
177 197
177 198
177 199
177 275
177 334
178 180
178 182
178 184
178 185
178 189
178 192
178 195
178 197
178 199
178 365
178 400
179 180
179 182
179 183
179 186
179 188
179 189
179 193
179 195
179 196
179 197
179 220
180 182
180 185
180 186
180 189
180 192
180 193
180 195
180 197
180 198
180 199
180 400
180 441
180 471
181 184
181 185
181 186
181 187
181 188
181 190
181 192
181 193
181 194
181 196
181 199
181 371
182 183
182 186
182 188
182 192
182 194
182 196
182 197
182 198
182 199
182 421
182 450
183 185
183 186
183 187
183 189
183 191
183 192
183 194
183 195
183 197
183 198
183 199
183 260
183 263
184 185
184 187
184 188
184 189
184 190
184 191
184 192
184 194
184 196
184 197
184 198
184 199
184 460
185 187
185 189
185 191
185 192
185 193
185 194
185 195
185 196
185 197
185 198
185 199
185 317
186 187
186 190
186 192
186 193
186 195
186 196
186 197
186 387
187 189
187 190
187 191
187 195
187 196
187 197
187 199
188 189
188 190
188 193
188 194
188 196
188 197
188 198
188 199
188 337
188 365
188 495
189 190
189 193
189 194
189 196
189 197
189 198
189 199
189 260
190 191
190 192
190 193
190 194
190 195
190 196
190 198
190 422
191 192
191 193
191 194
191 196
191 244
191 442
191 484
192 194
192 196
192 197
192 198
192 199
192 307
193 194
193 195
193 196
193 197
193 199
193 234
193 352
194 196
194 199
194 338
195 196
195 199
195 456
196 198
196 453
197 289
198 199
198 200
198 261
198 490
199 228
199 277
199 350
200 203
200 205
200 206
200 207
200 208
200 209
200 211
200 212
200 213
200 214
200 217
200 218
200 219
200 222
200 224
200 225
200 227
200 228
200 229
200 231
200 232
200 233
200 234
200 235
200 236
200 237
200 241
200 242
200 243
200 245
200 247
200 248
200 249
200 331
200 355
200 469
201 202
201 203
201 204
201 205
201 206
201 207
201 209
201 210
201 211
201 213
201 214
201 218
201 219
201 220
201 221
201 224
201 226
201 227
201 229
201 230
201 231
201 232
201 233
201 235
201 236
201 237
201 238
201 239
201 241
201 242
201 243
201 244
201 245
201 248
201 249
201 443
202 203
202 205
202 206
202 207
202 209
202 212
202 213
202 215
202 216
202 218
202 219
202 220
202 222
202 223
202 224
202 227
202 228
202 229
202 230
202 231
202 233
202 238
202 241
202 242
202 243
202 244
202 245
202 248
202 249
202 449
203 204
203 205
203 208
203 209
203 210
203 212
203 216
203 218
203 219
203 220
203 221
203 223
203 225
203 226
203 228
203 229
203 230
203 231
203 233
203 234
203 235
203 236
203 238
203 240
203 242
203 244
203 245
204 205
204 206
204 207
204 208
204 209
204 210
204 211
204 214
204 216
204 217
204 218
204 219
204 220
204 221
204 222
204 224
204 225
204 229
204 230
204 231
204 232
204 234
204 237
204 238
204 239
204 240
204 241
204 243
204 244
204 245
204 246
204 249
205 206
205 207
205 208
205 211
205 212
205 213
205 217
205 218
205 220
205 223
205 224
205 225
205 228
205 229
205 230
205 231
205 233
205 234
205 236
205 237
205 238
205 239
205 240
205 241
205 243
205 245
205 247
206 208
206 209
206 210
206 211
206 212
206 213
206 215
206 218
206 221
206 222
206 225
206 226
206 228
206 231
206 234
206 235
206 236
206 237
206 239
206 242
206 243
206 244
206 247
206 249
206 267
207 208
207 209
207 211
207 212
207 213
207 214
207 215
207 217
207 218
207 220
207 221
207 222
207 224
207 227
207 228
207 231
207 235
207 236
207 240
207 242
207 243
207 248
207 249
207 410
208 209
208 210
208 212
208 213
208 219
208 221
208 222
208 224
208 225
208 226
208 228
208 229
208 230
208 232
208 233
208 234
208 235
208 236
208 237
208 242
208 243
208 244
208 245
208 247
208 249
208 275
208 314
208 396
208 405
208 486
209 210
209 211
209 212
209 213
209 214
209 219
209 221
209 224
209 226
209 227
209 228
209 229
209 231
209 232
209 233
209 235
209 236
209 237
209 239
209 240
209 241
209 244
209 245
209 246
209 247
209 248
209 249
210 211
210 215
210 218
210 220
210 221
210 222
210 223
210 224
210 227
210 228
210 229
210 230
210 231
210 232
210 233
210 237
210 238
210 240
210 241
210 242
210 247
210 249
210 292
210 326
210 358
211 212
211 213
211 214
211 216
211 217
211 218
211 219
211 221
211 224
211 225
211 227
211 228
211 229
211 230
211 232
211 233
211 234
211 236
211 237
211 238
211 239
211 241
211 243
211 247
211 249
211 370
212 214
212 215
212 216
212 218
212 219
212 220
212 221
212 224
212 228
212 229
212 231
212 232
212 235
212 236
212 238
212 239
212 241
212 242
212 245
212 248
212 322
213 215
213 216
213 217
213 219
213 221
213 223
213 226
213 227
213 228
213 230
213 231
213 232
213 233
213 235
213 238
213 239
213 241
213 243
213 245
213 246
213 248
213 249
213 368
214 218
214 219
214 221
214 222
214 223
214 225
214 229
214 231
214 232
214 233
214 235
214 236
214 238
214 241
214 244
214 245
214 246
214 247
214 390
215 218
215 219
215 224
215 225
215 227
215 228
215 231
215 233
215 234
215 235
215 239
215 240
215 244
215 245
215 388
215 358
215 482
216 217
216 219
216 221
216 222
216 223
216 230
216 231
216 234
216 235
216 238
216 241
216 243
216 244
216 245
216 249
217 218
217 219
217 221
217 222
217 225
217 230
217 231
217 234
217 235
217 236
217 237
217 241
217 242
217 244
217 246
218 220
218 221
218 224
218 225
218 226
218 227
218 228
218 230
218 231
218 232
218 234
218 237
218 238
218 240
218 241
218 242
218 244
218 245
218 418
219 220
219 221
219 224
219 226
219 227
219 230
219 231
219 234
219 236
219 237
219 238
219 239
219 240
219 241
219 243
219 245
219 246
219 247
219 248
219 249
219 253
219 492
220 222
220 223
220 224
220 226
220 227
220 228
220 229
220 233
220 234
220 236
220 237
220 238
220 239
220 241
220 242
220 243
220 245
220 247
220 249
220 313
221 223
221 224
221 227
221 228
221 232
221 233
221 237
221 240
221 241
221 242
221 243
221 245
221 249
222 224
222 225
222 226
222 229
222 230
222 231
222 232
222 234
222 237
222 240
222 245
222 246
222 247
222 263
222 254
222 326
222 347
222 482
223 225
223 228
223 229
223 232
223 234
223 236
223 237
223 238
223 242
223 243
223 246
223 247
223 248
223 249
223 437
224 226
224 229
224 232
224 233
224 235
224 236
224 237
224 239
224 240
224 241
224 243
224 244
224 245
224 246
224 247
224 249
224 317
224 437
225 226
225 228
225 229
225 230
225 231
225 232
225 233
225 234
225 235
225 236
225 237
225 238
225 240
225 243
225 245
225 246
225 247
225 248
226 227
226 228
226 229
226 231
226 232
226 234
226 235
226 236
226 238
226 241
226 242
226 245
226 247
226 248
226 249
226 346
227 228
227 230
227 231
227 232
227 236
227 237
227 238
227 239
227 240
227 241
227 242
227 244
227 247
228 230
228 231
228 233
228 234
228 235
228 237
228 239
228 240
228 241
228 242
228 243
228 244
228 245
228 247
229 230
229 231
229 232
229 234
229 235
229 236
229 237
229 239
229 241
229 242
229 243
229 245
229 246
229 247
229 248
229 249
229 379
229 470
230 232
230 233
230 234
230 235
230 236
230 237
230 238
230 240
230 241
230 242
230 243
230 245
230 247
230 249
230 489
231 232
231 233
231 235
231 237
231 238
231 241
231 243
231 244
231 245
231 247
231 249
231 269
231 378
231 462
232 234
232 237
232 238
232 239
232 240
232 241
232 242
232 245
232 246
232 248
233 235
233 236
233 238
233 239
233 240
233 241
233 242
233 246
233 247
234 236
234 237
234 239
234 240
234 243
234 244
234 245
234 246
234 247
234 299
234 334
234 347
235 236
235 237
235 238
235 239
235 241
235 243
235 244
235 245
235 248
235 249
235 326
235 390
236 237
236 243
236 244
236 248
236 249
236 253
236 361
236 362
236 375
237 238
237 239
237 241
237 242
237 243
237 245
237 247
237 360
238 239
238 242
238 243
238 244
238 245
238 248
238 249
238 465
239 240
239 241
239 242
239 243
239 245
239 246
239 247
239 248
239 249
240 241
240 242
240 244
240 246
240 248
241 244
241 247
241 248
241 423
241 431
241 441
242 245
242 248
242 249
242 399
242 439
243 244
243 245
243 247
243 248
243 324
243 440
244 246
244 247
244 248
244 346
245 273
246 247
246 248
246 249
246 310
246 342
247 248
247 249
247 399
247 478
248 326
256 258
256 260
256 264
256 265
256 266
256 268
256 272
256 273
256 274
256 277
256 280
256 284
256 285
256 286
256 287
256 288
256 289
256 290
256 292
256 297
256 299
256 250
256 251
256 252
256 253
256 254
256 343
256 350
256 369
256 481
257 258
257 259
257 261
257 263
257 265
257 266
257 267
257 271
257 272
257 273
257 274
257 275
257 276
257 279
257 280
257 281
257 282
257 283
257 284
257 285
257 288
257 289
257 291
257 293
257 294
257 295
257 297
257 298
257 299
257 252
257 254
257 255
257 411
258 261
258 265
258 266
258 267
258 269
258 271
258 272
258 273
258 274
258 277
258 279
258 281
258 283
258 284
258 285
258 286
258 287
258 288
258 289
258 290
258 291
258 292
258 293
258 294
258 295
258 296
258 298
258 299
258 250
258 252
258 253
258 254
258 255
258 346
259 261
259 262
259 263
259 264
259 265
259 266
259 267
259 270
259 273
259 275
259 277
259 278
259 279
259 281
259 282
259 286
259 287
259 288
259 292
259 293
259 294
259 296
259 299
259 250
259 251
259 253
259 418
259 460
260 264
260 266
260 267
260 271
260 272
260 273
260 274
260 275
260 277
260 279
260 281
260 282
260 283
260 284
260 286
260 287
260 290
260 291
260 294
260 295
260 297
260 299
260 250
260 251
260 252
260 254
260 369
261 263
261 264
261 265
261 266
261 267
261 268
261 271
261 272
261 273
261 276
261 277
261 279
261 280
261 281
261 284
261 285
261 286
261 287
261 288
261 289
261 291
261 292
261 293
261 294
261 295
261 296
261 297
261 298
261 252
261 253
261 255
261 314
262 265
262 266
262 267
262 270
262 273
262 274
262 275
262 276
262 278
262 279
262 280
262 281
262 282
262 287
262 288
262 289
262 290
262 291
262 292
262 293
262 294
262 296
262 299
262 250
262 254
262 255
262 473
263 265
263 266
263 272
263 274
263 278
263 279
263 280
263 281
263 282
263 283
263 285
263 287
263 288
263 289
263 290
263 293
263 295
263 296
263 297
263 298
263 250
263 252
263 253
263 254
263 433
264 265
264 266
264 267
264 268
264 269
264 270
264 271
264 272
264 274
264 276
264 277
264 280
264 281
264 282
264 285
264 286
264 287
264 289
264 290
264 291
264 293
264 295
264 298
264 250
264 251
264 253
264 254
264 360
265 267
265 269
265 270
265 271
265 274
265 275
265 276
265 277
265 278
265 279
265 280
265 283
265 285
265 287
265 288
265 289
265 290
265 292
265 293
265 294
265 295
265 298
265 299
265 250
265 251
265 252
265 254
265 369
266 267
266 268
266 269
266 271
266 273
266 274
266 275
266 277
266 278
266 280
266 283
266 285
266 286
266 287
266 288
266 289
266 290
266 291
266 292
266 293
266 296
266 297
266 298
266 253
266 254
266 255
267 268
267 269
267 271
267 272
267 274
267 276
267 278
267 279
267 281
267 282
267 283
267 284
267 286
267 288
267 289
267 290
267 291
267 293
267 299
267 251
267 253
267 254
267 255
267 306
268 269
268 270
268 273
268 274
268 275
268 276
268 277
268 280
268 281
268 282
268 284
268 285
268 288
268 289
268 291
268 292
268 293
268 294
268 295
268 298
268 299
268 250
268 251
268 252
268 253
268 255
268 419
269 270
269 272
269 274
269 275
269 276
269 277
269 278
269 279
269 281
269 283
269 284
269 286
269 287
269 289
269 290
269 291
269 292
269 294
269 296
269 299
269 251
269 252
269 253
269 254
269 310
270 271
270 273
270 275
270 276
270 277
270 278
270 280
270 281
270 283
270 284
270 286
270 287
270 288
270 290
270 291
270 292
270 293
270 294
270 296
270 250
270 251
270 253
270 255
271 273
271 274
271 276
271 277
271 279
271 280
271 283
271 286
271 287
271 290
271 291
271 292
271 296
271 297
271 298
271 299
271 250
271 251
271 254
271 255
272 273
272 274
272 275
272 278
272 279
272 280
272 281
272 282
272 283
272 284
272 286
272 287
272 292
272 295
272 298
272 251
272 252
272 253
272 254
272 255
272 326
272 348
272 396
272 451
273 274
273 275
273 277
273 278
273 279
273 281
273 284
273 285
273 286
273 288
273 289
273 293
273 295
273 296
273 298
273 251
273 252
273 254
273 255
273 309
273 458
274 276
274 278
274 279
274 280
274 281
274 282
274 283
274 286
274 287
274 288
274 289
274 290
274 294
274 298
274 253
274 254
274 255
275 277
275 279
275 280
275 282
275 283
275 284
275 285
275 286
275 287
275 288
275 290
275 292
275 294
275 297
275 299
275 250
275 252
275 253
275 398
276 277
276 278
276 280
276 281
276 282
276 283
276 284
276 285
276 287
276 288
276 289
276 291
276 294
276 295
276 297
276 298
276 299
276 251
276 252
276 253
276 254
276 255
276 308
276 357
276 478
277 278
277 279
277 280
277 282
277 283
277 285
277 286
277 289
277 292
277 293
277 296
277 297
277 299
277 252
277 255
278 279
278 280
278 282
278 283
278 285
278 286
278 289
278 290
278 292
278 293
278 296
278 250
278 252
278 253
278 254
279 280
279 283
279 287
279 288
279 289
279 290
279 293
279 297
279 298
279 299
279 251
279 252
279 253
279 254
279 255
279 355
279 364
280 281
280 282
280 283
280 285
280 288
280 289
280 290
280 294
280 296
280 297
280 298
280 299
280 250
280 252
280 253
280 342
280 467
281 282
281 283
281 284
281 286
281 287
281 288
281 289
281 292
281 293
281 294
281 296
281 297
281 298
281 299
281 250
281 252
281 253
281 254
281 255
281 354
281 477
282 284
282 285
282 287
282 289
282 292
282 293
282 294
282 295
282 296
282 297
282 298
282 299
282 250
282 251
282 252
282 253
282 255
282 426
283 284
283 285
283 288
283 291
283 292
283 295
283 297
283 298
283 299
283 250
283 251
283 252
283 253
283 254
283 255
283 448
284 286
284 287
284 288
284 289
284 290
284 291
284 292
284 294
284 296
284 298
284 299
284 250
284 251
284 252
284 253
285 286
285 287
285 288
285 289
285 290
285 299
285 251
285 252
285 253
285 254
285 343
286 289
286 290
286 291
286 292
286 293
286 295
286 299
286 250
286 251
286 253
287 288
287 289
287 290
287 292
287 293
287 295
287 296
287 298
287 299
287 250
287 251
287 252
287 254
287 255
288 289
288 291
288 292
288 293
288 295
288 296
288 297
288 298
288 299
288 250
288 252
288 310
288 422
288 452
289 291
289 292
289 293
289 295
289 297
289 298
289 299
289 250
289 252
289 254
289 255
290 291
290 294
290 295
290 296
290 297
290 250
290 251
290 252
290 253
290 255
290 442
290 463
291 292
291 293
291 294
291 295
291 296
291 297
291 298
291 250
291 251
291 252
291 254
291 255
291 313
292 293
292 294
292 295
292 297
292 250
292 251
292 252
292 253
292 255
292 411
293 294
293 295
293 299
293 251
293 252
293 253
293 255
293 454
294 295
294 296
294 297
294 298
294 299
294 251
294 253
294 254
294 255
294 450
295 296
295 297
295 298
295 250
295 252
295 253
295 254
295 255
295 339
296 297
296 298
296 251
296 252
296 253
296 255
297 250
297 252
297 253
297 255
297 381
298 299
298 250
298 252
298 253
298 255
299 418
299 453
250 251
250 252
250 255
251 254
251 479
252 253
252 254
253 254
253 495
254 255
255 386
300 302
300 303
300 304
300 305
300 306
300 307
300 308
300 310
300 312
300 313
300 315
300 318
300 320
300 321
300 322
300 323
300 324
300 325
300 326
300 327
300 331
300 333
300 335
300 336
300 337
300 338
300 339
300 340
300 341
300 343
300 344
300 345
300 347
300 348
300 349
301 303
301 305
301 306
301 307
301 308
301 309
301 310
301 312
301 316
301 318
301 319
301 320
301 321
301 323
301 324
301 326
301 327
301 328
301 329
301 331
301 332
301 337
301 338
301 339
301 348
302 305
302 306
302 307
302 309
302 311
302 312
302 320
302 323
302 325
302 326
302 327
302 328
302 330
302 332
302 333
302 336
302 338
302 339
302 340
302 341
302 343
302 345
302 346
302 348
302 349
302 414
303 304
303 308
303 309
303 312
303 314
303 317
303 319
303 321
303 322
303 324
303 325
303 327
303 330
303 332
303 334
303 335
303 336
303 337
303 339
303 340
303 342
303 343
303 345
303 346
303 348
303 349
303 355
304 305
304 306
304 310
304 311
304 312
304 313
304 315
304 316
304 317
304 321
304 323
304 326
304 327
304 333
304 337
304 338
304 340
304 344
304 346
304 348
304 349
304 449
305 308
305 309
305 312
305 315
305 316
305 320
305 322
305 326
305 329
305 331
305 336
305 338
305 339
305 340
305 341
305 342
305 344
305 345
305 347
305 348
305 349
305 444
306 308
306 311
306 315
306 316
306 319
306 320
306 321
306 323
306 324
306 326
306 328
306 330
306 333
306 334
306 335
306 337
306 339
306 341
306 342
306 344
306 345
306 346
306 348
306 349
306 418
306 430
307 308
307 310
307 311
307 312
307 313
307 314
307 315
307 316
307 319
307 320
307 321
307 322
307 324
307 325
307 328
307 329
307 331
307 333
307 335
307 336
307 341
307 345
307 346
308 309
308 310
308 312
308 314
308 315
308 316
308 317
308 318
308 320
308 322
308 323
308 325
308 326
308 328
308 330
308 333
308 334
308 335
308 336
308 337
308 338
308 339
308 343
308 345
308 346
308 348
309 311
309 313
309 315
309 317
309 318
309 320
309 322
309 323
309 325
309 330
309 331
309 335
309 337
309 338
309 339
309 341
309 342
309 343
309 344
309 345
309 346
309 349
309 479
310 312
310 313
310 314
310 316
310 317
310 318
310 319
310 320
310 322
310 323
310 324
310 326
310 327
310 329
310 331
310 333
310 334
310 335
310 337
310 339
310 340
310 342
310 344
310 345
310 346
310 347
310 349
311 313
311 317
311 320
311 321
311 322
311 323
311 325
311 327
311 330
311 331
311 332
311 334
311 336
311 337
311 338
311 340
311 342
311 344
311 345
311 346
311 347
311 349
311 397
312 315
312 316
312 317
312 318
312 319
312 321
312 323
312 324
312 325
312 327
312 328
312 331
312 333
312 334
312 336
312 341
312 342
312 343
312 346
312 349
312 497
313 315
313 316
313 320
313 325
313 326
313 328
313 332
313 335
313 336
313 338
313 339
313 340
313 341
313 342
313 343
313 345
313 346
313 348
313 424
314 321
314 324
314 325
314 326
314 327
314 328
314 329
314 330
314 332
314 338
314 345
314 346
314 348
315 320
315 327
315 328
315 329
315 331
315 332
315 333
315 334
315 335
315 338
315 341
315 343
315 348
315 349
315 439
316 319
316 320
316 321
316 322
316 323
316 325
316 326
316 327
316 328
316 330
316 331
316 332
316 333
316 334
316 338
316 339
316 340
316 343
316 344
316 346
316 347
316 348
316 484
317 318
317 319
317 320
317 322
317 323
317 324
317 325
317 326
317 327
317 328
317 330
317 332
317 333
317 334
317 335
317 337
317 339
317 340
317 341
317 342
317 343
317 346
317 347
317 348
317 396
318 321
318 324
318 325
318 327
318 328
318 331
318 336
318 337
318 338
318 339
318 340
318 344
318 345
318 346
318 347
318 348
318 349
318 389
318 471
319 321
319 324
319 327
319 328
319 329
319 330
319 332
319 333
319 334
319 335
319 337
319 338
319 339
319 342
319 344
319 346
319 347
319 348
319 349
319 478
320 321
320 322
320 323
320 324
320 326
320 328
320 331
320 332
320 334
320 336
320 337
320 340
320 341
320 343
320 344
320 348
320 349
321 322
321 325
321 326
321 327
321 328
321 329
321 330
321 332
321 333
321 334
321 337
321 339
321 340
321 341
321 343
321 344
321 345
321 347
321 348
321 349
322 323
322 325
322 327
322 328
322 329
322 330
322 331
322 333
322 334
322 337
322 338
322 340
322 341
322 342
322 343
322 344
322 345
322 349
323 324
323 327
323 328
323 330
323 333
323 335
323 337
323 338
323 339
323 340
323 341
323 343
323 344
323 345
323 348
323 349
323 399
324 325
324 328
324 329
324 331
324 332
324 333
324 334
324 338
324 339
324 341
324 343
324 344
324 347
325 326
325 327
325 328
325 329
325 330
325 331
325 332
325 333
325 336
325 338
325 339
325 341
325 342
325 343
325 345
325 347
325 349
325 484
326 327
326 328
326 331
326 332
326 333
326 335
326 336
326 337
326 340
326 341
326 342
326 345
326 346
326 348
326 349
327 329
327 330
327 331
327 332
327 333
327 334
327 335
327 336
327 339
327 340
327 342
327 343
327 344
327 345
327 346
327 348
328 329
328 333
328 336
328 338
328 339
328 340
328 343
328 346
328 347
328 348
328 349
328 470
329 330
329 333
329 334
329 336
329 337
329 338
329 339
329 342
329 343
329 344
329 346
329 347
329 348
329 471
330 334
330 336
330 338
330 339
330 340
330 345
330 346
330 347
330 348
330 452
331 334
331 335
331 340
331 341
331 342
331 343
331 344
331 347
332 334
332 336
332 338
332 342
332 344
332 345
332 347
332 348
332 413
332 493
333 334
333 335
333 338
333 341
333 342
333 344
333 345
333 346
333 347
333 349
334 338
334 340
334 343
334 344
334 346
334 347
334 349
334 398
335 336
335 338
335 340
335 342
335 343
335 345
335 347
335 348
336 337
336 338
336 339
336 340
336 341
336 342
336 343
336 346
336 347
336 348
337 338
337 339
337 340
337 342
337 344
337 347
337 434
338 340
338 342
338 343
338 345
338 346
338 347
339 342
339 343
339 344
339 347
339 349
340 341
340 342
340 344
340 349
341 342
341 343
341 345
341 346
341 347
341 349
341 370
342 343
342 345
342 347
343 344
343 346
343 381
343 444
344 345
344 346
344 348
344 349
344 357
345 346
345 347
345 348
345 383
345 413
346 347
346 348
346 349
348 349
348 374
349 464
384 385
384 387
384 388
384 389
384 390
384 393
384 395
384 396
384 397
384 398
384 350
384 351
384 352
384 354
384 355
384 356
384 358
384 359
384 360
384 361
384 363
384 364
384 365
384 366
384 368
384 370
384 371
384 372
384 374
384 377
384 378
384 379
384 380
384 381
384 382
384 383
385 388
385 389
385 391
385 392
385 394
385 399
385 350
385 351
385 352
385 353
385 354
385 355
385 356
385 358
385 361
385 364
385 368
385 369
385 370
385 371
385 372
385 373
385 374
385 376
385 379
385 381
385 382
385 383
385 428
386 387
386 389
386 392
386 393
386 395
386 399
386 350
386 352
386 356
386 359
386 361
386 362
386 364
386 366
386 369
386 371
386 372
386 373
386 374
386 377
386 378
386 379
386 380
386 382
386 383
387 388
387 389
387 390
387 391
387 393
387 395
387 396
387 397
387 398
387 351
387 352
387 353
387 361
387 363
387 365
387 366
387 368
387 370
387 372
387 375
387 376
387 377
387 378
387 379
387 383
387 407
388 389
388 390
388 391
388 392
388 394
388 395
388 396
388 397
388 350
388 351
388 352
388 355
388 356
388 357
388 359
388 361
388 364
388 366
388 368
388 372
388 374
388 375
388 377
388 379
388 380
388 381
388 383
389 391
389 394
389 395
389 396
389 398
389 399
389 350
389 353
389 354
389 355
389 356
389 360
389 362
389 363
389 364
389 365
389 367
389 368
389 369
389 370
389 374
389 375
389 376
389 377
389 378
389 380
389 382
389 383
390 391
390 392
390 393
390 394
390 397
390 398
390 399
390 350
390 351
390 353
390 362
390 363
390 364
390 369
390 370
390 372
390 373
390 376
390 377
390 378
390 382
390 383
391 393
391 394
391 396
391 397
391 398
391 350
391 351
391 355
391 357
391 362
391 363
391 365
391 366
391 370
391 371
391 372
391 373
391 374
391 376
391 378
391 380
391 383
391 449
392 393
392 394
392 397
392 399
392 350
392 352
392 354
392 355
392 356
392 358
392 359
392 360
392 361
392 366
392 368
392 369
392 370
392 371
392 373
392 374
392 375
392 379
392 380
392 381
392 382
392 383
392 417
392 462
392 495
393 394
393 350
393 351
393 353
393 354
393 355
393 357
393 358
393 359
393 360
393 361
393 363
393 364
393 365
393 366
393 369
393 372
393 373
393 374
393 376
393 377
393 378
393 379
393 380
393 381
393 483
394 397
394 398
394 399
394 350
394 352
394 353
394 354
394 355
394 357
394 359
394 360
394 361
394 363
394 364
394 365
394 367
394 370
394 371
394 373
394 374
394 375
394 376
394 377
394 378
394 380
394 381
394 382
395 396
395 398
395 350
395 351
395 352
395 353
395 354
395 356
395 357
395 358
395 360
395 361
395 362
395 363
395 364
395 366
395 369
395 370
395 372
395 373
395 374
395 375
395 376
395 377
395 378
395 379
395 380
395 382
395 460
396 399
396 350
396 352
396 354
396 357
396 358
396 362
396 364
396 371
396 373
396 374
396 375
396 377
396 380
396 381
396 382
396 383
397 398
397 350
397 351
397 352
397 353
397 356
397 357
397 359
397 360
397 363
397 364
397 365
397 366
397 368
397 370
397 371
397 372
397 374
397 375
397 376
397 378
397 379
397 381
397 382
397 383
397 473
398 399
398 350
398 351
398 352
398 353
398 356
398 360
398 361
398 363
398 365
398 367
398 368
398 369
398 371
398 372
398 373
398 374
398 376
398 377
398 378
398 379
398 380
398 381
398 382
398 383
398 412
398 470
399 350
399 351
399 352
399 355
399 356
399 358
399 359
399 360
399 361
399 362
399 363
399 365
399 366
399 367
399 368
399 369
399 371
399 372
399 374
399 376
399 378
399 379
399 437
350 351
350 352
350 353
350 354
350 355
350 356
350 359
350 361
350 362
350 363
350 365
350 366
350 368
350 369
350 371
350 372
350 374
350 375
350 377
350 378
350 379
350 381
350 382
350 401
350 456
351 352
351 353
351 355
351 356
351 357
351 358
351 359
351 360
351 361
351 363
351 364
351 366
351 369
351 370
351 371
351 372
351 373
351 375
351 377
351 380
351 381
351 415
351 442
352 353
352 354
352 356
352 358
352 360
352 364
352 365
352 366
352 367
352 368
352 369
352 371
352 373
352 374
352 375
352 376
352 377
352 379
352 380
352 382
352 383
352 410
353 354
353 355
353 357
353 358
353 361
353 365
353 370
353 371
353 372
353 373
353 377
353 378
353 380
353 381
353 383
354 356
354 358
354 359
354 360
354 361
354 362
354 364
354 366
354 367
354 369
354 370
354 375
354 377
354 379
354 380
354 381
354 382
355 357
355 358
355 359
355 360
355 364
355 366
355 372
355 373
355 374
355 376
355 378
355 382
356 357
356 358
356 360
356 361
356 363
356 364
356 365
356 366
356 367
356 369
356 370
356 372
356 373
356 374
356 375
356 377
356 380
356 382
356 383
357 358
357 359
357 360
357 361
357 362
357 363
357 364
357 365
357 367
357 368
357 370
357 373
357 377
357 379
357 380
357 382
357 383
358 360
358 361
358 362
358 365
358 366
358 367
358 368
358 372
358 374
358 375
358 376
358 378
358 379
358 380
358 382
359 361
359 363
359 367
359 369
359 370
359 375
359 376
359 377
359 378
359 379
360 362
360 363
360 364
360 368
360 369
360 372
360 373
360 376
360 378
360 381
360 382
360 383
361 362
361 363
361 364
361 365
361 367
361 368
361 369
361 372
361 373
361 375
361 376
361 377
361 378
361 380
361 381
362 363
362 365
362 368
362 369
362 371
362 372
362 374
362 375
362 379
362 380
362 381
362 383
362 419
362 485
362 498
363 364
363 366
363 368
363 369
363 370
363 371
363 372
363 373
363 374
363 375
363 378
363 380
363 382
363 383
364 365
364 366
364 367
364 368
364 369
364 375
364 377
364 378
364 381
364 383
365 366
365 367
365 368
365 369
365 370
365 371
365 375
365 378
365 380
365 381
365 383
365 473
366 368
366 369
366 371
366 373
366 374
366 376
366 377
366 378
366 380
366 381
366 383
367 370
367 372
367 373
367 375
367 376
367 378
367 379
367 380
367 382
367 473
368 369
368 371
368 372
368 374
368 375
368 378
368 381
368 382
368 383
368 409
368 420
369 370
369 371
369 372
369 376
369 379
369 382
370 371
370 372
370 373
370 374
370 375
370 377
370 379
370 380
370 382
370 383
371 373
371 375
371 376
371 377
371 378
371 380
371 382
371 383
372 373
372 374
372 375
372 376
372 377
372 378
372 379
372 381
372 383
373 375
373 377
373 379
373 380
373 382
374 377
374 378
374 480
375 376
375 377
375 378
375 379
375 381
375 382
375 430
376 377
376 378
376 380
376 381
376 382
376 383
377 378
377 379
377 381
378 379
378 380
378 381
378 382
378 383
378 428
378 432
379 380
379 381
379 498
380 381
380 382
380 383
381 382
381 383
382 406
400 402
400 407
400 409
400 410
400 411
400 413
400 414
400 415
400 417
400 419
400 420
400 421
400 422
400 424
400 426
400 427
400 428
400 429
400 431
400 434
400 437
400 441
400 442
400 444
400 447
400 449
400 458
401 402
401 403
401 404
401 405
401 406
401 407
401 411
401 413
401 414
401 416
401 417
401 419
401 420
401 422
401 423
401 426
401 428
401 429
401 430
401 431
401 433
401 434
401 436
401 437
401 438
401 440
401 442
401 444
401 445
401 446
401 447
401 449
402 404
402 405
402 409
402 412
402 414
402 415
402 417
402 419
402 420
402 423
402 424
402 429
402 430
402 432
402 435
402 436
402 437
402 440
402 441
402 442
402 443
402 444
402 448
403 404
403 405
403 407
403 412
403 414
403 415
403 416
403 418
403 420
403 421
403 422
403 425
403 426
403 427
403 428
403 429
403 432
403 434
403 435
403 436
403 437
403 438
403 439
403 440
403 442
403 443
403 444
403 445
403 447
403 448
403 449
404 405
404 406
404 408
404 410
404 413
404 414
404 417
404 420
404 422
404 423
404 424
404 427
404 428
404 432
404 433
404 434
404 435
404 438
404 441
404 443
404 445
404 446
404 447
405 406
405 407
405 410
405 412
405 413
405 416
405 418
405 419
405 421
405 423
405 425
405 427
405 428
405 429
405 430
405 431
405 432
405 435
405 437
405 438
405 439
405 440
405 441
405 442
405 444
405 445
405 446
405 447
405 449
405 453
406 407
406 409
406 410
406 411
406 412
406 415
406 416
406 421
406 422
406 423
406 425
406 428
406 431
406 432
406 433
406 434
406 438
406 439
406 440
406 442
406 444
406 448
407 408
407 409
407 410
407 411
407 413
407 414
407 415
407 416
407 417
407 422
407 425
407 427
407 428
407 433
407 435
407 436
407 437
407 438
407 439
407 441
407 442
407 443
407 449
407 497
408 409
408 413
408 415
408 416
408 417
408 418
408 419
408 421
408 422
408 423
408 425
408 428
408 429
408 430
408 431
408 432
408 434
408 435
408 436
408 437
408 439
408 440
408 442
408 444
408 445
408 448
408 490
409 410
409 413
409 417
409 418
409 420
409 421
409 423
409 424
409 426
409 428
409 429
409 430
409 434
409 435
409 436
409 437
409 438
409 439
409 440
409 443
409 444
409 446
409 476
409 499
410 412
410 413
410 414
410 416
410 417
410 421
410 423
410 424
410 426
410 428
410 429
410 430
410 432
410 437
410 438
410 440
410 441
410 443
410 444
410 445
410 447
410 448
410 449
410 453
411 412
411 413
411 415
411 416
411 418
411 419
411 420
411 421
411 422
411 423
411 425
411 428
411 431
411 432
411 433
411 434
411 435
411 436
411 442
411 443
411 446
411 448
411 449
412 414
412 415
412 416
412 417
412 418
412 419
412 420
412 421
412 422
412 423
412 426
412 428
412 432
412 433
412 434
412 437
412 438
412 439
412 440
412 443
412 445
412 448
412 449
412 477
412 497
413 415
413 416
413 417
413 421
413 423
413 424
413 426
413 428
413 429
413 433
413 434
413 435
413 437
413 438
413 439
413 440
413 441
413 442
413 443
413 444
413 445
413 446
413 448
413 449
414 415
414 417
414 419
414 420
414 421
414 422
414 424
414 425
414 426
414 427
414 428
414 429
414 430
414 431
414 433
414 434
414 435
414 436
414 437
414 441
414 442
414 443
414 444
414 445
414 448
414 449
415 416
415 419
415 423
415 424
415 425
415 426
415 427
415 429
415 430
415 432
415 434
415 435
415 436
415 438
415 439
415 440
415 441
415 444
415 445
415 447
415 448
416 417
416 420
416 421
416 422
416 424
416 425
416 426
416 427
416 428
416 429
416 430
416 431
416 433
416 434
416 435
416 436
416 439
416 440
416 442
416 446
417 418
417 419
417 420
417 421
417 426
417 427
417 428
417 431
417 435
417 436
417 437
417 439
417 441
417 442
417 444
417 445
417 447
417 448
417 449
418 419
418 422
418 424
418 425
418 426
418 427
418 428
418 429
418 430
418 432
418 433
418 436
418 437
418 438
418 439
418 440
418 442
418 445
418 446
418 448
418 449
419 420
419 421
419 424
419 428
419 430
419 431
419 432
419 434
419 437
419 438
419 440
419 443
419 445
419 446
419 447
419 471
420 421
420 423
420 424
420 425
420 427
420 428
420 429
420 432
420 436
420 438
420 440
420 441
420 442
420 443
420 444
420 445
420 446
420 447
420 449
421 424
421 427
421 428
421 429
421 431
421 433
421 436
421 437
421 438
421 439
421 441
421 442
421 443
421 446
421 447
421 448
421 449
421 486
422 426
422 430
422 431
422 433
422 434
422 437
422 438
422 439
422 440
422 441
422 442
422 445
422 447
422 448
422 449
423 424
423 425
423 426
423 429
423 430
423 432
423 433
423 435
423 437
423 439
423 440
423 441
423 443
423 444
423 445
423 446
423 447
423 448
423 449
424 427
424 428
424 429
424 431
424 432
424 433
424 434
424 438
424 439
424 440
424 443
424 445
424 446
424 449
425 426
425 427
425 428
425 429
425 430
425 431
425 432
425 433
425 434
425 436
425 437
425 438
425 439
425 440
425 443
425 444
425 445
425 446
425 447
425 449
426 427
426 430
426 431
426 432
426 433
426 436
426 438
426 440
426 441
426 442
426 445
426 446
426 489
427 429
427 430
427 431
427 434
427 436
427 437
427 441
427 442
427 443
427 444
427 445
427 446
427 447
427 449
428 431
428 432
428 433
428 434
428 435
428 436
428 437
428 439
428 440
428 442
428 443
428 444
428 446
428 447
428 448
428 472
428 481
429 431
429 432
429 433
429 435
429 437
429 438
429 439
429 440
429 441
429 442
429 443
429 444
429 445
429 449
430 432
430 435
430 436
430 437
430 442
430 443
430 444
430 445
430 447
430 448
431 432
431 433
431 436
431 438
431 440
431 441
431 442
431 443
431 444
431 445
431 447
431 449
432 433
432 434
432 436
432 438
432 440
432 441
432 442
432 443
432 444
432 446
432 447
433 434
433 436
433 438
433 439
433 441
433 444
433 445
433 447
433 448
433 449
434 435
434 436
434 438
434 439
434 440
434 441
434 442
434 444
434 445
434 447
435 437
435 438
435 439
435 440
435 441
435 443
435 444
435 446
435 447
435 448
435 449
435 476
436 439
436 441
436 442
436 443
436 444
437 439
437 440
437 441
437 443
437 444
437 445
437 446
437 447
437 449
437 485
438 440
438 441
438 442
438 444
438 446
438 448
438 449
439 441
439 442
439 443
439 444
439 445
439 446
439 447
439 449
440 441
440 442
440 444
440 445
440 447
440 448
440 449
441 444
441 445
441 446
441 447
441 448
442 443
442 444
442 445
442 447
442 448
442 449
443 444
443 445
443 447
444 447
444 448
444 449
444 459
445 449
445 483
446 447
446 449
447 448
447 449
448 449
450 451
450 453
450 455
450 457
450 458
450 459
450 460
450 461
450 462
450 468
450 469
450 470
450 471
450 473
450 477
450 478
450 479
450 480
450 482
450 483
450 484
450 489
450 490
450 491
450 492
450 494
450 495
450 497
450 498
450 499
451 453
451 456
451 458
451 459
451 460
451 461
451 462
451 463
451 464
451 466
451 467
451 469
451 470
451 471
451 472
451 473
451 475
451 476
451 478
451 480
451 481
451 484
451 487
451 488
451 489
451 490
451 491
451 492
451 494
451 495
451 496
451 498
451 499
452 453
452 456
452 457
452 459
452 462
452 463
452 464
452 465
452 467
452 468
452 471
452 476
452 477
452 479
452 480
452 481
452 484
452 485
452 487
452 488
452 490
452 491
452 492
452 493
452 495
452 497
452 498
453 454
453 455
453 456
453 457
453 461
453 462
453 463
453 465
453 466
453 467
453 469
453 470
453 471
453 473
453 474
453 480
453 482
453 483
453 485
453 486
453 487
453 488
453 490
453 493
453 496
453 497
453 498
453 499
454 455
454 457
454 458
454 459
454 460
454 462
454 463
454 464
454 465
454 466
454 468
454 470
454 472
454 473
454 474
454 475
454 476
454 479
454 480
454 482
454 483
454 484
454 485
454 487
454 488
454 490
454 492
454 493
454 494
454 496
454 498
454 499
455 458
455 461
455 462
455 463
455 465
455 466
455 469
455 471
455 472
455 473
455 475
455 477
455 480
455 483
455 487
455 488
455 489
455 493
455 496
455 498
456 458
456 460
456 461
456 462
456 463
456 465
456 467
456 468
456 469
456 470
456 472
456 473
456 474
456 475
456 477
456 478
456 482
456 483
456 484
456 485
456 486
456 487
456 490
456 492
456 493
456 494
456 497
456 498
457 458
457 459
457 460
457 461
457 463
457 464
457 465
457 471
457 472
457 474
457 477
457 478
457 480
457 482
457 484
457 486
457 489
457 491
457 492
457 493
457 494
457 496
457 497
457 498
458 459
458 461
458 462
458 463
458 465
458 466
458 467
458 468
458 474
458 475
458 477
458 479
458 482
458 484
458 485
458 486
458 489
458 492
458 493
458 495
458 496
458 497
459 460
459 461
459 463
459 468
459 470
459 476
459 479
459 481
459 482
459 483
459 487
459 490
459 492
459 493
459 498
460 465
460 466
460 467
460 468
460 469
460 470
460 472
460 473
460 475
460 476
460 477
460 480
460 481
460 482
460 484
460 485
460 486
460 488
460 489
460 490
460 491
460 495
460 496
460 497
460 498
461 462
461 463
461 468
461 469
461 470
461 472
461 473
461 475
461 476
461 478
461 480
461 481
461 482
461 483
461 484
461 485
461 486
461 487
461 489
461 490
461 491
461 492
461 495
461 496
461 498
461 499
462 463
462 464
462 465
462 466
462 467
462 471
462 472
462 473
462 477
462 480
462 481
462 482
462 483
462 484
462 486
462 487
462 488
462 489
462 491
462 492
462 493
462 494
462 495
462 497
462 499
463 465
463 466
463 468
463 470
463 471
463 472
463 473
463 475
463 476
463 477
463 478
463 479
463 482
463 483
463 484
463 485
463 486
463 487
463 489
463 494
463 495
463 497
463 498
463 499
464 468
464 469
464 471
464 472
464 473
464 477
464 482
464 483
464 485
464 486
464 487
464 488
464 489
464 492
464 494
464 496
464 499
465 467
465 468
465 470
465 471
465 472
465 473
465 475
465 476
465 477
465 478
465 480
465 482
465 483
465 485
465 486
465 487
465 488
465 490
465 491
465 492
465 493
465 495
465 496
465 497
465 498
466 467
466 468
466 471
466 472
466 473
466 475
466 476
466 478
466 479
466 480
466 481
466 483
466 484
466 490
466 491
466 496
466 498
466 499
467 468
467 469
467 474
467 475
467 476
467 481
467 483
467 484
467 485
467 488
467 489
467 490
467 491
467 494
467 495
467 496
467 499
468 469
468 471
468 472
468 475
468 476
468 477
468 481
468 482
468 483
468 484
468 485
468 489
468 491
468 492
468 493
468 494
468 496
468 497
468 499
469 473
469 478
469 479
469 481
469 482
469 484
469 485
469 486
469 488
469 489
469 490
469 491
469 492
469 493
469 494
469 495
469 496
469 497
469 498
470 471
470 472
470 473
470 474
470 476
470 478
470 479
470 480
470 481
470 482
470 484
470 485
470 486
470 487
470 491
470 493
470 494
470 496
470 497
470 498
470 499
471 472
471 473
471 474
471 475
471 478
471 482
471 483
471 484
471 486
471 490
471 491
471 492
471 493
471 494
471 497
471 499
472 473
472 476
472 478
472 479
472 480
472 481
472 482
472 484
472 485
472 487
472 489
472 491
472 492
472 495
472 497
472 499
473 474
473 475
473 476
473 477
473 482
473 483
473 484
473 485
473 487
473 488
473 489
473 492
473 493
473 494
473 495
473 496
473 499
474 475
474 477
474 480
474 482
474 483
474 484
474 485
474 486
474 488
474 491
474 492
474 495
474 496
474 497
475 476
475 477
475 478
475 481
475 484
475 485
475 486
475 487
475 490
475 491
475 493
475 494
475 495
475 497
475 498
475 499
476 479
476 481
476 482
476 483
476 484
476 487
476 488
476 490
476 491
476 492
476 493
476 496
476 497
476 498
477 480
477 482
477 483
477 484
477 485
477 487
477 488
477 492
477 498
477 499
478 479
478 480
478 481
478 483
478 484
478 488
478 489
478 490
478 493
478 495
478 496
478 497
478 498
478 499
479 480
479 481
479 482
479 483
479 484
479 485
479 486
479 487
479 488
479 489
479 490
479 491
479 493
479 494
479 495
479 496
479 497
479 499
480 481
480 482
480 483
480 484
480 485
480 487
480 488
480 489
480 490
480 491
480 493
480 494
480 497
480 498
480 499
481 482
481 483
481 484
481 485
481 486
481 487
481 488
481 489
481 490
481 492
481 493
481 496
481 498
481 499
482 483
482 486
482 488
482 489
482 490
482 491
482 492
482 493
482 494
482 495
482 496
482 497
483 484
483 486
483 487
483 489
483 491
483 494
483 497
483 498
483 499
484 486
484 487
484 489
484 490
484 491
484 493
484 494
484 498
484 499
485 486
485 488
485 489
485 490
485 493
485 498
485 499
486 487
486 489
486 490
486 491
486 493
486 494
486 496
486 497
486 498
486 499
487 488
487 489
487 490
487 493
487 495
487 496
487 497
488 489
488 492
488 494
488 496
489 490
489 493
489 495
489 497
489 499
490 492
490 493
490 494
490 496
490 497
490 498
490 499
491 493
491 495
491 496
491 498
492 493
492 494
492 496
492 499
493 494
493 495
493 497
493 498
493 499
494 495
494 496
494 497
494 498
495 499
496 497
496 499
497 498
497 499
498 499
