0 1
0 2
0 3
0 5
0 7
0 9
0 10
0 12
0 13
0 15
0 16
0 17
0 18
0 19
0 21
0 26
0 29
0 30
0 33
0 34
0 38
0 39
0 41
0 42
0 43
0 44
0 45
0 48
0 49
0 304
1 3
1 4
1 5
1 6
1 7
1 8
1 10
1 11
1 13
1 14
1 17
1 18
1 19
1 20
1 21
1 26
1 27
1 28
1 29
1 30
1 31
1 32
1 34
1 36
1 37
1 39
1 41
1 42
1 43
1 45
1 46
1 47
1 48
1 49
1 403
2 4
2 7
2 9
2 10
2 11
2 13
2 14
2 16
2 21
2 23
2 24
2 26
2 27
2 28
2 30
2 31
2 32
2 33
2 39
2 40
2 41
2 43
2 44
2 45
2 46
2 49
3 4
3 8
3 9
3 10
3 11
3 13
3 14
3 15
3 17
3 18
3 20
3 26
3 29
3 31
3 32
3 34
3 35
3 36
3 38
3 40
3 41
3 42
3 43
3 44
3 48
3 49
3 235
4 6
4 7
4 9
4 10
4 12
4 13
4 14
4 15
4 16
4 17
4 19
4 21
4 23
4 24
4 25
4 26
4 27
4 28
4 30
4 31
4 33
4 34
4 35
4 36
4 37
4 38
4 39
4 40
4 42
4 44
4 45
4 46
4 48
4 49
5 7
5 8
5 9
5 10
5 12
5 15
5 17
5 18
5 19
5 20
5 21
5 22
5 23
5 24
5 25
5 26
5 27
5 29
5 31
5 35
5 36
5 37
5 38
5 40
5 42
5 44
5 45
5 46
5 47
5 48
5 358
6 7
6 9
6 10
6 12
6 14
6 17
6 18
6 23
6 24
6 25
6 27
6 29
6 33
6 37
6 39
6 41
6 43
6 44
6 47
6 441
7 8
7 9
7 11
7 13
7 14
7 17
7 18
7 19
7 20
7 21
7 22
7 23
7 24
7 25
7 28
7 29
7 30
7 34
7 35
7 37
7 39
7 41
7 49
8 9
8 11
8 12
8 13
8 14
8 15
8 16
8 18
8 24
8 26
8 29
8 30
8 32
8 33
8 34
8 35
8 36
8 38
8 39
8 41
8 44
8 45
8 47
8 49
8 98
8 100
9 11
9 12
9 13
9 15
9 17
9 18
9 19
9 20
9 21
9 24
9 26
9 27
9 28
9 29
9 30
9 31
9 34
9 35
9 37
9 41
9 47
9 48
9 49
9 160
10 13
10 14
10 16
10 17
10 18
10 19
10 20
10 22
10 23
10 25
10 26
10 27
10 29
10 31
10 32
10 34
10 36
10 38
10 39
10 40
10 42
10 44
10 47
10 48
10 49
11 15
11 18
11 20
11 22
11 24
11 26
11 28
11 29
11 31
11 32
11 35
11 38
11 39
11 40
11 41
11 46
11 47
11 49
12 13
12 15
12 17
12 18
12 19
12 21
12 24
12 25
12 26
12 28
12 32
12 35
12 36
12 37
12 39
12 41
12 42
12 43
12 47
12 48
12 49
13 14
13 15
13 16
13 18
13 21
13 23
13 24
13 26
13 27
13 29
13 30
13 32
13 33
13 35
13 36
13 37
13 39
13 40
13 42
13 44
13 45
13 48
13 49
14 15
14 16
14 17
14 18
14 19
14 21
14 24
14 25
14 27
14 28
14 30
14 32
14 33
14 35
14 36
14 39
14 40
14 41
14 43
14 44
14 45
14 46
14 47
14 48
14 49
14 331
15 16
15 21
15 23
15 24
15 25
15 26
15 33
15 37
15 38
15 43
15 44
15 45
15 47
15 48
16 18
16 19
16 20
16 21
16 23
16 24
16 25
16 26
16 28
16 29
16 30
16 36
16 37
16 38
16 41
16 43
16 44
16 45
16 46
16 48
17 18
17 19
17 20
17 25
17 26
17 27
17 29
17 33
17 35
17 37
17 38
17 41
17 43
17 44
17 46
17 49
18 20
18 22
18 25
18 28
18 33
18 34
18 35
18 36
18 38
18 39
18 40
18 42
18 43
18 45
19 20
19 21
19 22
19 23
19 25
19 26
19 27
19 28
19 31
19 33
19 34
19 36
19 38
19 39
19 41
19 43
19 44
19 45
19 46
19 47
19 49
19 462
20 21
20 25
20 26
20 27
20 28
20 31
20 33
20 34
20 35
20 36
20 37
20 38
20 39
20 42
20 43
20 44
20 45
20 47
20 49
20 275
21 22
21 23
21 25
21 26
21 27
21 28
21 29
21 30
21 33
21 34
21 35
21 36
21 39
21 40
21 41
21 42
21 46
21 49
21 366
22 23
22 26
22 27
22 30
22 35
22 37
22 39
22 40
22 42
22 43
22 46
22 47
22 48
22 49
22 88
22 262
22 364
22 482
23 24
23 25
23 26
23 27
23 28
23 29
23 30
23 31
23 34
23 35
23 37
23 40
23 41
23 46
23 47
24 26
24 28
24 31
24 32
24 35
24 37
24 38
24 41
24 43
24 44
24 45
24 48
24 49
25 27
25 28
25 31
25 33
25 34
25 35
25 37
25 38
25 42
25 44
25 48
25 49
25 303
26 27
26 28
26 29
26 31
26 32
26 34
26 35
26 37
26 39
26 41
26 44
26 45
26 46
26 48
26 214
27 28
27 30
27 31
27 32
27 33
27 34
27 35
27 37
27 38
27 39
27 42
27 43
27 44
27 45
28 31
28 32
28 33
28 34
28 37
28 39
28 41
28 42
28 44
28 45
28 47
29 30
29 32
29 34
29 35
29 38
29 39
29 40
29 42
29 44
29 46
29 49
29 424
30 31
30 33
30 35
30 36
30 38
30 39
30 40
30 42
30 44
30 45
30 47
30 48
30 49
30 72
31 32
31 33
31 34
31 36
31 38
31 39
31 40
31 42
31 44
31 45
31 46
31 47
32 33
32 34
32 35
32 36
32 37
32 40
32 42
32 43
32 44
32 46
32 47
32 48
32 49
32 498
33 34
33 37
33 41
33 42
33 44
33 45
33 47
33 48
33 49
33 226
34 35
34 36
34 37
34 39
34 40
34 41
34 43
34 44
34 45
34 47
35 38
35 39
35 42
35 46
35 49
36 40
36 42
36 44
36 45
36 47
36 49
37 38
37 39
37 40
37 41
37 43
37 44
37 46
37 49
38 40
38 41
38 44
38 46
38 48
38 49
38 135
39 40
39 43
39 44
39 46
39 47
39 48
39 49
39 278
39 288
40 42
40 43
40 44
40 46
40 48
40 49
41 42
41 43
41 47
41 49
42 44
42 45
42 46
42 132
43 44
43 47
44 45
44 47
44 48
45 46
45 49
46 48
46 49
46 298
47 223
47 423
48 49
50 53
50 54
50 57
50 58
50 59
50 64
50 66
50 67
50 68
50 72
50 74
50 75
50 77
50 79
50 81
50 82
50 83
50 84
50 87
50 88
50 89
50 92
50 94
50 95
50 97
50 98
50 99
51 52
51 54
51 57
51 58
51 59
51 60
51 61
51 62
51 68
51 69
51 70
51 72
51 73
51 74
51 75
51 82
51 83
51 85
51 87
51 88
51 90
51 91
51 92
51 93
51 95
51 97
51 98
51 114
52 56
52 58
52 59
52 62
52 64
52 65
52 71
52 72
52 73
52 76
52 78
52 79
52 81
52 82
52 83
52 84
52 87
52 89
52 91
52 96
52 97
52 98
52 99
52 373
53 54
53 55
53 56
53 57
53 60
53 61
53 62
53 64
53 66
53 67
53 68
53 69
53 70
53 71
53 73
53 74
53 75
53 76
53 78
53 79
53 80
53 81
53 82
53 83
53 84
53 85
53 86
53 87
53 88
53 89
53 91
53 92
53 93
53 94
53 97
53 99
54 55
54 56
54 58
54 61
54 62
54 64
54 65
54 70
54 71
54 72
54 74
54 77
54 80
54 82
54 84
54 85
54 90
54 91
54 93
54 94
54 95
54 96
54 97
54 98
54 99
54 445
55 56
55 57
55 58
55 59
55 60
55 61
55 62
55 63
55 68
55 70
55 71
55 74
55 76
55 77
55 78
55 81
55 82
55 83
55 85
55 86
55 87
55 89
55 90
55 91
55 92
55 93
55 94
55 95
55 98
55 99
56 58
56 59
56 60
56 63
56 65
56 66
56 67
56 68
56 70
56 71
56 72
56 74
56 75
56 76
56 77
56 78
56 81
56 83
56 84
56 85
56 86
56 89
56 91
56 92
56 93
56 95
56 97
56 98
56 99
57 58
57 59
57 62
57 63
57 65
57 69
57 72
57 76
57 78
57 81
57 83
57 84
57 86
57 87
57 88
57 89
57 90
57 91
57 92
57 93
57 95
57 97
57 98
57 400
58 59
58 60
58 61
58 62
58 63
58 64
58 65
58 67
58 68
58 70
58 71
58 72
58 76
58 79
58 82
58 91
58 92
58 97
58 98
58 99
59 61
59 62
59 64
59 65
59 66
59 67
59 68
59 69
59 70
59 71
59 72
59 73
59 76
59 77
59 78
59 81
59 84
59 85
59 86
59 88
59 89
59 93
59 94
59 95
59 98
59 99
59 460
60 62
60 65
60 66
60 67
60 68
60 69
60 70
60 72
60 73
60 74
60 77
60 78
60 86
60 88
60 90
60 91
60 92
60 93
60 95
60 96
60 97
60 98
60 99
60 336
61 62
61 63
61 66
61 70
61 71
61 72
61 73
61 76
61 77
61 78
61 79
61 80
61 81
61 82
61 83
61 84
61 85
61 87
61 88
61 89
61 90
61 92
61 93
61 95
61 96
61 97
61 99
62 63
62 64
62 65
62 66
62 67
62 70
62 71
62 73
62 76
62 77
62 80
62 83
62 85
62 87
62 88
62 89
62 91
62 93
62 94
62 96
62 97
62 98
62 99
62 449
63 64
63 65
63 66
63 68
63 69
63 71
63 72
63 74
63 75
63 76
63 78
63 79
63 81
63 82
63 83
63 84
63 85
63 88
63 89
63 90
63 91
63 92
63 96
63 97
64 74
64 75
64 77
64 79
64 81
64 82
64 83
64 84
64 85
64 86
64 87
64 90
64 91
64 92
64 94
64 96
64 97
64 98
64 99
65 66
65 70
65 71
65 77
65 78
65 79
65 80
65 81
65 82
65 83
65 84
65 85
65 88
65 90
65 91
65 92
65 95
65 97
65 98
65 372
66 67
66 72
66 75
66 76
66 77
66 78
66 79
66 80
66 81
66 82
66 85
66 86
66 88
66 90
66 91
66 92
66 94
66 95
66 96
66 98
66 99
67 68
67 70
67 71
67 72
67 73
67 75
67 76
67 77
67 81
67 83
67 84
67 85
67 86
67 87
67 88
67 89
67 90
67 91
67 96
67 97
67 98
67 99
67 194
68 76
68 82
68 83
68 84
68 88
68 90
68 91
68 92
68 94
68 97
68 98
68 99
68 468
69 70
69 71
69 73
69 74
69 75
69 79
69 80
69 81
69 82
69 85
69 86
69 87
69 88
69 90
69 92
69 93
69 94
69 95
69 97
69 99
69 198
70 71
70 72
70 73
70 74
70 75
70 76
70 77
70 79
70 81
70 84
70 85
70 87
70 88
70 89
70 91
70 93
70 94
70 95
70 96
70 98
71 72
71 73
71 75
71 76
71 78
71 79
71 80
71 81
71 82
71 83
71 85
71 86
71 88
71 89
71 92
71 93
71 95
71 98
71 99
72 74
72 75
72 77
72 79
72 80
72 82
72 83
72 84
72 86
72 87
72 88
72 89
72 91
72 92
72 93
72 94
72 95
72 97
72 99
72 324
73 75
73 79
73 80
73 81
73 84
73 85
73 86
73 88
73 91
73 92
73 93
73 95
73 96
73 97
73 98
73 166
73 188
73 269
74 75
74 76
74 78
74 79
74 81
74 83
74 84
74 86
74 88
74 89
74 90
74 91
74 92
74 93
74 94
74 95
74 97
74 197
74 293
75 76
75 78
75 81
75 82
75 85
75 87
75 88
75 90
75 91
75 93
75 94
75 97
75 98
75 99
75 191
76 77
76 78
76 79
76 80
76 81
76 82
76 83
76 85
76 87
76 88
76 89
76 91
76 95
76 96
76 98
77 79
77 81
77 82
77 83
77 87
77 89
77 92
77 94
77 98
77 99
78 83
78 84
78 85
78 86
78 87
78 88
78 89
78 92
78 93
78 94
78 99
79 80
79 81
79 82
79 83
79 85
79 87
79 88
79 89
79 91
79 92
79 93
79 96
79 98
79 99
79 135
80 81
80 82
80 84
80 85
80 86
80 87
80 88
80 91
80 92
80 93
80 94
80 95
80 97
80 99
81 84
81 85
81 86
81 87
81 89
81 91
81 92
81 93
81 94
81 95
81 98
81 99
81 319
82 84
82 87
82 90
82 91
82 94
82 95
82 96
82 97
82 99
83 84
83 85
83 86
83 88
83 89
83 90
83 92
83 96
83 97
83 98
84 85
84 86
84 87
84 89
84 93
84 94
84 97
84 98
84 99
85 86
85 89
85 90
85 91
85 92
85 93
85 94
85 95
85 97
85 98
86 88
86 89
86 91
86 93
86 94
86 95
86 97
86 98
86 99
86 378
87 88
87 90
87 92
87 93
87 94
87 95
87 96
87 97
88 89
88 92
88 93
88 95
88 96
88 97
88 99
89 90
89 91
89 93
89 94
89 97
89 99
90 92
90 94
90 95
90 96
90 97
90 98
91 92
91 93
91 94
91 95
91 96
91 97
91 98
92 94
92 95
92 96
92 98
92 424
93 95
94 95
95 97
95 98
96 97
96 98
96 99
96 297
97 98
97 99
97 202
97 302
98 99
99 122
99 379
128 130
128 132
128 133
128 134
128 135
128 136
128 138
128 139
128 141
128 142
128 143
128 144
128 147
128 100
128 101
128 102
128 104
128 105
128 106
128 107
128 108
128 111
128 113
128 114
128 116
128 119
128 121
128 122
128 125
128 126
129 130
129 133
129 137
129 140
129 144
129 145
129 146
129 147
129 148
129 100
129 101
129 102
129 103
129 106
129 108
129 110
129 112
129 115
129 116
129 121
129 122
129 125
129 126
130 131
130 132
130 134
130 137
130 139
130 140
130 141
130 142
130 144
130 145
130 146
130 101
130 102
130 103
130 106
130 107
130 109
130 110
130 111
130 114
130 115
130 117
130 118
130 120
130 121
130 122
130 124
130 126
130 127
131 132
131 136
131 138
131 139
131 140
131 141
131 142
131 143
131 145
131 148
131 100
131 101
131 103
131 104
131 106
131 107
131 110
131 113
131 115
131 116
131 118
131 121
131 122
131 123
131 125
132 135
132 137
132 138
132 139
132 141
132 142
132 144
132 145
132 146
132 147
132 148
132 149
132 101
132 102
132 103
132 104
132 105
132 107
132 109
132 113
132 115
132 116
132 118
132 119
132 120
132 123
132 125
132 499
133 134
133 135
133 137
133 138
133 139
133 141
133 143
133 144
133 146
133 147
133 149
133 101
133 102
133 103
133 104
133 106
133 107
133 108
133 109
133 110
133 111
133 112
133 115
133 116
133 117
133 120
133 122
133 124
133 125
133 126
134 136
134 138
134 142
134 143
134 144
134 145
134 146
134 148
134 149
134 101
134 102
134 103
134 106
134 107
134 110
134 111
134 112
134 113
134 114
134 115
134 120
134 121
134 122
134 123
134 126
134 127
134 446
135 137
135 138
135 139
135 140
135 141
135 143
135 145
135 147
135 149
135 100
135 101
135 102
135 104
135 105
135 109
135 112
135 113
135 114
135 115
135 117
135 118
135 119
135 123
135 124
135 126
135 127
135 385
136 138
136 139
136 140
136 142
136 146
136 147
136 148
136 100
136 102
136 103
136 104
136 105
136 106
136 107
136 110
136 112
136 114
136 115
136 116
136 119
136 120
136 121
136 122
136 123
136 124
136 126
136 127
137 138
137 139
137 142
137 143
137 144
137 145
137 146
137 149
137 100
137 101
137 102
137 105
137 106
137 107
137 108
137 112
137 113
137 114
137 116
137 117
137 118
137 119
137 120
137 122
137 123
137 125
137 126
138 139
138 140
138 141
138 143
138 144
138 148
138 100
138 102
138 105
138 106
138 107
138 108
138 109
138 110
138 111
138 112
138 113
138 114
138 115
138 116
138 117
138 119
138 120
138 121
138 122
138 125
138 126
139 141
139 143
139 146
139 147
139 149
139 101
139 102
139 103
139 104
139 105
139 106
139 108
139 109
139 110
139 112
139 114
139 115
139 116
139 117
139 118
139 119
139 120
139 123
139 124
139 127
140 144
140 100
140 103
140 104
140 107
140 108
140 109
140 114
140 115
140 116
140 117
140 119
140 120
140 122
140 123
140 124
140 125
140 126
140 127
140 262
141 143
141 145
141 146
141 148
141 101
141 102
141 104
141 106
141 107
141 108
141 109
141 111
141 112
141 113
141 114
141 115
141 118
141 119
141 122
141 123
141 125
141 127
142 144
142 145
142 146
142 148
142 149
142 100
142 101
142 102
142 103
142 104
142 107
142 110
142 112
142 113
142 114
142 115
142 117
142 118
142 119
142 120
142 121
142 122
142 124
142 125
143 146
143 148
143 100
143 102
143 103
143 106
143 107
143 108
143 109
143 113
143 116
143 118
143 121
143 123
143 124
143 125
143 209
144 146
144 147
144 148
144 149
144 100
144 105
144 106
144 107
144 109
144 111
144 112
144 113
144 115
144 116
144 119
144 120
144 124
144 126
144 127
145 146
145 147
145 148
145 149
145 101
145 102
145 105
145 107
145 108
145 109
145 110
145 111
145 112
145 113
145 115
145 119
145 122
145 123
146 147
146 149
146 101
146 102
146 104
146 106
146 107
146 108
146 109
146 112
146 114
146 115
146 116
146 117
146 118
146 120
146 125
147 148
147 149
147 100
147 102
147 104
147 105
147 106
147 108
147 110
147 111
147 112
147 114
147 119
147 122
147 123
147 125
147 126
147 127
147 335
148 100
148 101
148 102
148 104
148 106
148 107
148 108
148 109
148 110
148 111
148 112
148 115
148 116
148 117
148 118
148 121
148 122
148 123
148 125
148 126
148 127
149 100
149 101
149 102
149 105
149 107
149 109
149 110
149 112
149 116
149 117
149 118
149 119
149 120
149 121
149 122
149 123
149 124
149 125
149 126
100 101
100 107
100 109
100 110
100 111
100 114
100 115
100 117
100 118
100 119
100 122
100 124
100 125
100 126
100 127
101 102
101 103
101 107
101 108
101 110
101 111
101 113
101 114
101 115
101 116
101 120
101 121
101 123
101 124
101 126
101 127
102 103
102 106
102 108
102 109
102 110
102 111
102 112
102 113
102 114
102 118
102 120
102 121
102 122
102 124
102 125
103 104
103 106
103 107
103 108
103 109
103 110
103 114
103 115
103 118
103 119
103 120
103 121
103 122
103 124
103 126
104 106
104 107
104 110
104 111
104 113
104 114
104 115
104 116
104 117
104 119
104 120
104 121
104 122
104 123
104 124
104 125
104 126
104 127
105 106
105 109
105 113
105 114
105 115
105 116
105 119
105 121
105 122
105 123
105 126
105 127
105 166
105 192
106 108
106 109
106 110
106 111
106 112
106 114
106 116
106 117
106 119
106 123
106 124
106 125
107 110
107 111
107 113
107 114
107 115
107 116
107 117
107 118
107 119
107 120
107 121
107 124
107 126
107 127
107 330
108 109
108 110
108 112
108 113
108 114
108 119
108 120
108 121
108 122
108 125
108 126
108 260
109 110
109 114
109 115
109 116
109 119
109 122
109 123
109 125
109 126
109 127
110 112
110 114
110 119
110 123
110 125
110 126
111 115
111 116
111 117
111 120
111 121
111 122
111 123
111 124
111 126
111 127
112 113
112 115
112 119
112 122
112 124
112 125
112 126
113 114
113 116
113 121
113 122
113 123
113 124
113 125
113 127
114 115
114 116
114 117
114 118
114 120
114 121
114 122
114 124
114 125
114 127
115 116
115 117
115 118
115 120
115 122
115 123
115 125
115 126
115 127
115 198
115 210
115 331
115 463
116 118
116 121
116 122
116 125
117 118
117 119
117 120
117 121
117 123
117 125
117 126
117 307
117 437
118 119
118 120
118 121
118 127
119 120
119 122
119 123
119 124
119 126
119 127
120 121
120 124
120 125
121 122
121 124
121 125
121 126
121 127
121 151
122 123
122 124
122 126
123 126
123 127
124 127
126 127
126 329
150 151
150 154
150 155
150 156
150 157
150 158
150 159
150 160
150 162
150 164
150 165
150 168
150 169
150 170
150 171
150 173
150 174
150 175
150 177
150 178
150 179
150 182
150 184
150 185
150 186
150 187
150 189
150 191
150 192
150 193
150 195
150 196
150 198
150 349
150 482
151 155
151 158
151 160
151 161
151 163
151 165
151 166
151 167
151 168
151 169
151 171
151 173
151 176
151 179
151 180
151 182
151 183
151 184
151 185
151 186
151 187
151 189
151 190
151 191
151 192
151 193
151 194
151 196
151 198
151 241
152 153
152 154
152 155
152 156
152 158
152 159
152 160
152 163
152 165
152 166
152 169
152 170
152 171
152 172
152 175
152 176
152 177
152 179
152 181
152 183
152 185
152 186
152 187
152 188
152 189
152 191
152 192
152 193
152 195
152 196
152 197
153 154
153 155
153 156
153 157
153 158
153 159
153 162
153 163
153 164
153 166
153 167
153 169
153 171
153 172
153 173
153 174
153 179
153 180
153 181
153 183
153 185
153 186
153 187
153 188
153 189
153 190
153 193
153 194
153 195
153 197
153 220
154 155
154 156
154 157
154 160
154 162
154 165
154 166
154 169
154 171
154 174
154 175
154 176
154 178
154 179
154 181
154 183
154 185
154 187
154 188
154 189
154 190
154 191
154 196
154 198
155 156
155 157
155 160
155 162
155 164
155 171
155 173
155 174
155 177
155 178
155 179
155 180
155 182
155 185
155 188
155 189
155 190
155 191
155 196
155 198
156 158
156 160
156 161
156 163
156 165
156 167
156 169
156 170
156 172
156 173
156 175
156 176
156 179
156 180
156 182
156 184
156 185
156 189
156 190
156 191
156 192
156 194
156 196
156 197
156 198
157 158
157 160
157 161
157 163
157 164
157 165
157 166
157 167
157 168
157 169
157 170
157 171
157 172
157 173
157 175
157 177
157 179
157 181
157 182
157 184
157 186
157 187
157 188
157 189
157 190
157 192
157 193
157 194
157 198
157 199
157 264
157 282
158 159
158 160
158 162
158 164
158 165
158 167
158 168
158 173
158 176
158 178
158 182
158 183
158 184
158 185
158 187
158 188
158 189
158 190
158 191
158 193
158 196
158 197
158 199
159 164
159 165
159 168
159 169
159 173
159 174
159 176
159 180
159 182
159 183
159 184
159 185
159 188
159 189
159 190
159 191
159 192
159 197
159 198
159 199
160 163
160 164
160 165
160 166
160 168
160 169
160 170
160 175
160 176
160 182
160 183
160 189
160 192
160 193
160 194
160 195
160 196
160 198
160 199
160 467
161 162
161 163
161 164
161 168
161 171
161 172
161 173
161 174
161 177
161 179
161 183
161 185
161 186
161 187
161 188
161 190
161 191
161 192
161 194
161 197
161 199
161 256
162 164
162 165
162 169
162 170
162 176
162 177
162 180
162 181
162 183
162 184
162 186
162 191
162 194
162 195
162 196
162 199
163 164
163 165
163 166
163 167
163 168
163 169
163 170
163 171
163 172
163 174
163 175
163 176
163 178
163 180
163 181
163 182
163 183
163 184
163 186
163 191
163 192
163 193
163 194
163 195
163 197
163 199
164 173
164 174
164 175
164 176
164 178
164 180
164 181
164 182
164 183
164 185
164 186
164 191
164 192
164 193
164 196
164 197
164 198
164 199
165 166
165 167
165 170
165 173
165 174
165 176
165 177
165 178
165 179
165 183
165 184
165 189
165 190
165 191
165 193
165 194
165 195
165 196
165 197
165 198
165 199
165 401
166 170
166 171
166 172
166 173
166 174
166 175
166 176
166 177
166 180
166 182
166 183
166 185
166 186
166 187
166 189
166 190
166 193
166 194
166 195
166 197
166 417
167 168
167 169
167 171
167 172
167 173
167 176
167 179
167 180
167 181
167 184
167 186
167 187
167 189
167 191
167 192
167 194
167 198
167 199
168 171
168 174
168 178
168 179
168 180
168 182
168 183
168 184
168 187
168 188
168 191
168 192
168 193
168 194
169 170
169 171
169 172
169 173
169 175
169 177
169 181
169 182
169 183
169 185
169 188
169 189
169 192
169 193
169 194
169 196
169 197
169 254
170 173
170 174
170 176
170 179
170 180
170 181
170 183
170 185
170 186
170 188
170 189
170 190
170 191
170 193
170 194
170 195
170 196
170 198
170 199
171 172
171 173
171 174
171 175
171 176
171 177
171 178
171 179
171 181
171 183
171 186
171 187
171 189
171 190
171 191
171 193
171 194
171 195
171 197
171 198
171 199
172 173
172 175
172 177
172 178
172 179
172 181
172 183
172 184
172 185
172 186
172 188
172 189
172 192
172 194
172 197
172 199
173 177
173 179
173 181
173 182
173 185
173 190
173 192
173 194
173 195
173 197
174 175
174 177
174 179
174 181
174 182
174 183
174 184
174 185
174 187
174 188
174 192
174 196
174 197
174 198
174 216
175 176
175 177
175 180
175 182
175 184
175 185
175 186
175 189
175 191
175 192
175 194
175 195
175 196
175 199
175 212
175 328
176 177
176 178
176 179
176 180
176 181
176 182
176 184
176 186
176 187
176 189
176 191
176 192
176 195
176 196
176 197
176 199
177 182
177 183
177 185
177 186
177 187
177 188
177 189
177 190
177 191
177 192
177 193
177 195
177 196
177 198
177 199
178 179
178 180
178 182
178 185
178 187
178 192
178 193
178 195
178 196
178 197
178 198
179 180
179 181
179 183
179 184
179 185
179 186
179 187
179 189
179 190
179 191
179 192
179 193
179 194
179 195
179 197
179 198
179 199
180 181
180 182
180 183
180 185
180 186
180 188
180 191
180 192
180 194
180 196
180 197
180 199
181 183
181 185
181 187
181 188
181 189
181 190
181 192
181 193
181 198
181 199
182 183
182 184
182 186
182 187
182 188
182 191
182 192
182 195
182 196
182 197
182 198
182 199
182 200
182 320
183 184
183 185
183 186
183 189
183 192
183 193
183 194
183 195
183 196
183 197
183 199
184 185
184 188
184 189
184 192
184 193
184 196
184 197
185 186
185 189
185 190
185 192
185 194
185 199
185 207
186 187
186 188
186 189
186 190
186 191
186 192
186 193
186 194
186 195
186 197
186 199
187 189
187 190
187 192
187 194
187 195
187 197
187 198
188 191
188 192
188 194
188 197
188 199
188 269
189 190
189 191
189 195
189 196
189 197
189 198
189 199
190 191
190 193
190 194
190 196
190 198
190 199
190 426
191 192
191 193
191 194
191 195
191 197
191 199
192 195
192 196
192 197
193 194
193 195
193 196
193 199
193 322
193 356
194 196
194 198
194 199
194 379
195 196
195 197
196 197
196 198
197 199
200 201
200 203
200 205
200 208
200 210
200 211
200 212
200 215
200 217
200 219
200 220
200 222
200 223
200 224
200 227
200 229
200 230
200 231
200 232
200 234
200 235
200 236
200 237
200 238
200 240
200 241
200 243
200 245
200 246
200 248
200 249
201 202
201 205
201 206
201 208
201 210
201 213
201 215
201 220
201 222
201 224
201 225
201 229
201 232
201 233
201 234
201 235
201 236
201 237
201 238
201 239
201 240
201 242
201 245
201 246
201 248
201 249
202 203
202 204
202 207
202 208
202 209
202 212
202 214
202 218
202 219
202 220
202 222
202 224
202 225
202 228
202 231
202 234
202 236
202 237
202 240
202 241
202 242
202 243
202 244
202 245
202 247
202 249
203 207
203 208
203 209
203 211
203 212
203 213
203 216
203 217
203 218
203 221
203 224
203 227
203 229
203 230
203 231
203 233
203 234
203 236
203 237
203 238
203 239
203 240
203 243
203 244
203 245
203 246
203 247
204 206
204 207
204 208
204 209
204 210
204 211
204 213
204 215
204 216
204 218
204 222
204 223
204 224
204 225
204 226
204 227
204 230
204 233
204 235
204 238
204 240
204 242
204 244
204 245
204 246
204 249
205 206
205 207
205 209
205 210
205 211
205 212
205 213
205 214
205 215
205 216
205 217
205 218
205 222
205 223
205 224
205 227
205 228
205 229
205 231
205 232
205 233
205 234
205 236
205 237
205 238
205 239
205 241
205 243
205 244
205 246
205 247
206 207
206 210
206 212
206 213
206 214
206 218
206 221
206 223
206 224
206 226
206 229
206 230
206 231
206 232
206 233
206 234
206 235
206 236
206 237
206 238
206 239
206 241
206 242
206 243
206 244
207 208
207 209
207 213
207 215
207 216
207 217
207 218
207 221
207 227
207 230
207 231
207 232
207 234
207 235
207 236
207 237
207 238
207 239
207 240
207 242
207 243
207 245
207 248
207 249
208 209
208 210
208 212
208 214
208 215
208 216
208 217
208 220
208 221
208 222
208 224
208 225
208 226
208 227
208 228
208 229
208 230
208 231
208 234
208 237
208 240
208 241
208 242
208 243
208 244
208 245
208 248
209 211
209 212
209 213
209 214
209 215
209 216
209 217
209 219
209 220
209 221
209 222
209 224
209 225
209 226
209 229
209 231
209 233
209 235
209 238
209 239
209 240
209 241
209 242
209 244
209 245
209 247
209 248
209 467
210 211
210 213
210 214
210 215
210 216
210 217
210 218
210 219
210 221
210 223
210 224
210 225
210 227
210 228
210 229
210 230
210 231
210 233
210 234
210 235
210 236
210 239
210 240
210 241
210 242
210 244
210 246
210 247
210 248
210 249
210 358
211 215
211 216
211 218
211 221
211 223
211 225
211 226
211 227
211 228
211 229
211 231
211 234
211 235
211 236
211 237
211 241
211 242
211 243
211 245
211 246
211 247
211 248
211 249
212 213
212 214
212 215
212 219
212 220
212 221
212 222
212 224
212 225
212 226
212 227
212 228
212 229
212 230
212 232
212 233
212 234
212 236
212 237
212 238
212 240
212 241
212 243
212 244
212 247
212 248
213 215
213 216
213 217
213 219
213 220
213 223
213 224
213 226
213 227
213 230
213 232
213 233
213 235
213 236
213 237
213 240
213 243
213 246
213 247
213 248
214 216
214 217
214 218
214 225
214 226
214 227
214 232
214 233
214 234
214 235
214 236
214 237
214 238
214 242
214 243
214 473
215 216
215 217
215 220
215 221
215 222
215 223
215 224
215 225
215 226
215 231
215 232
215 233
215 234
215 236
215 237
215 238
215 241
215 242
215 243
215 244
215 246
216 218
216 220
216 221
216 222
216 228
216 229
216 230
216 231
216 233
216 234
216 236
216 237
216 239
216 240
216 241
216 244
216 247
216 248
216 384
217 218
217 221
217 222
217 223
217 226
217 228
217 229
217 231
217 232
217 233
217 234
217 235
217 236
217 237
217 239
217 241
217 242
217 243
217 246
217 249
218 222
218 224
218 225
218 227
218 228
218 231
218 232
218 234
218 238
218 239
218 240
218 241
218 242
218 243
218 244
218 246
218 249
219 222
219 224
219 226
219 230
219 232
219 236
219 237
219 239
219 240
219 241
219 243
219 244
219 247
219 249
220 221
220 222
220 224
220 225
220 227
220 228
220 229
220 230
220 231
220 233
220 238
220 240
220 241
220 242
220 243
220 245
220 247
220 249
221 225
221 227
221 234
221 239
221 240
221 242
221 246
222 223
222 225
222 226
222 227
222 228
222 229
222 232
222 234
222 235
222 236
222 237
222 242
222 244
222 246
222 248
222 249
223 224
223 225
223 227
223 230
223 231
223 234
223 236
223 238
223 240
223 241
223 242
223 246
223 247
223 248
223 249
224 227
224 229
224 231
224 234
224 235
224 237
224 239
224 245
224 247
224 248
225 227
225 229
225 231
225 232
225 233
225 234
225 235
225 236
225 239
225 242
225 244
225 246
225 247
225 249
226 227
226 228
226 229
226 230
226 233
226 234
226 236
226 239
226 240
226 241
226 242
226 244
226 245
226 246
226 248
226 249
227 230
227 232
227 233
227 234
227 235
227 237
227 238
227 240
227 241
227 242
227 246
227 248
227 249
228 229
228 231
228 232
228 234
228 235
228 236
228 239
228 240
228 242
228 247
228 249
229 230
229 231
229 232
229 233
229 235
229 236
229 237
229 239
229 242
229 243
229 245
229 247
229 248
229 249
230 232
230 233
230 235
230 236
230 237
230 238
230 239
230 240
230 241
230 242
230 243
230 244
230 247
230 249
231 232
231 235
231 236
231 237
231 238
231 239
231 240
231 242
231 244
231 247
231 249
231 491
232 234
232 236
232 237
232 238
232 240
232 241
232 243
232 246
232 247
232 248
232 304
233 235
233 236
233 238
233 242
233 243
233 247
233 248
234 235
234 237
234 238
234 240
234 241
234 242
234 243
234 246
234 248
234 249
235 236
235 237
235 238
235 239
235 240
235 241
235 246
235 247
235 248
235 249
236 238
236 241
236 245
236 246
236 247
236 249
236 304
236 307
237 238
237 239
237 240
237 241
237 242
237 243
237 245
237 246
237 247
237 248
237 249
237 471
238 242
238 244
238 247
238 248
238 249
238 455
239 242
239 244
239 246
239 247
239 248
239 249
240 241
240 242
240 244
240 246
240 247
240 249
241 243
241 246
241 247
241 249
242 243
242 247
242 248
242 249
243 244
243 245
243 246
243 247
244 245
244 246
244 344
245 246
245 248
245 249
246 248
246 249
247 248
247 249
248 249
248 337
256 257
256 258
256 259
256 260
256 261
256 263
256 264
256 265
256 266
256 267
256 268
256 270
256 271
256 273
256 274
256 275
256 276
256 277
256 278
256 280
256 283
256 285
256 286
256 290
256 291
256 292
256 299
256 252
256 253
256 255
257 262
257 263
257 264
257 265
257 266
257 267
257 268
257 270
257 271
257 273
257 278
257 279
257 281
257 283
257 285
257 286
257 287
257 289
257 290
257 294
257 296
257 297
257 298
257 299
257 250
257 251
257 253
257 499
258 259
258 260
258 262
258 263
258 264
258 265
258 267
258 268
258 269
258 272
258 274
258 277
258 278
258 280
258 282
258 283
258 284
258 286
258 288
258 291
258 292
258 295
258 297
258 250
258 252
258 452
259 261
259 264
259 265
259 269
259 270
259 271
259 272
259 277
259 278
259 284
259 285
259 286
259 287
259 288
259 289
259 290
259 291
259 293
259 294
259 295
259 299
259 250
259 251
259 253
260 261
260 262
260 265
260 267
260 269
260 276
260 277
260 279
260 280
260 283
260 286
260 288
260 290
260 291
260 293
260 295
260 296
260 297
260 298
260 251
260 252
260 253
260 254
260 255
261 262
261 264
261 265
261 266
261 269
261 270
261 271
261 272
261 273
261 274
261 276
261 277
261 279
261 280
261 281
261 282
261 285
261 286
261 288
261 291
261 292
261 297
261 251
261 252
261 253
261 254
261 255
261 456
262 264
262 265
262 266
262 273
262 274
262 275
262 277
262 278
262 280
262 281
262 282
262 284
262 285
262 286
262 287
262 288
262 290
262 291
262 295
262 296
262 297
262 298
262 299
262 251
262 252
262 253
262 255
262 311
263 264
263 265
263 266
263 268
263 269
263 270
263 273
263 274
263 275
263 278
263 280
263 283
263 286
263 287
263 288
263 289
263 290
263 291
263 293
263 295
263 296
263 297
263 298
263 250
263 252
263 254
264 265
264 266
264 268
264 269
264 270
264 272
264 274
264 275
264 276
264 280
264 281
264 282
264 283
264 285
264 287
264 290
264 291
264 293
264 294
264 295
264 296
264 297
264 298
264 250
264 252
264 253
264 254
264 255
265 267
265 269
265 270
265 271
265 272
265 273
265 274
265 281
265 282
265 284
265 285
265 286
265 287
265 288
265 292
265 293
265 294
265 295
265 297
265 299
265 250
265 251
265 254
265 255
266 268
266 269
266 270
266 271
266 272
266 273
266 274
266 276
266 277
266 278
266 279
266 280
266 281
266 282
266 284
266 288
266 290
266 291
266 292
266 293
266 296
266 297
266 250
266 251
266 253
266 254
266 480
267 268
267 269
267 270
267 271
267 272
267 273
267 275
267 277
267 281
267 283
267 284
267 285
267 286
267 287
267 289
267 290
267 291
267 292
267 293
267 294
267 296
267 298
267 299
267 250
267 251
267 252
267 254
268 269
268 272
268 273
268 275
268 277
268 279
268 281
268 283
268 284
268 287
268 289
268 290
268 291
268 292
268 293
268 294
268 295
268 296
268 297
268 298
268 299
268 250
268 251
268 255
269 270
269 271
269 273
269 274
269 278
269 279
269 280
269 282
269 284
269 286
269 287
269 288
269 290
269 291
269 292
269 295
269 296
269 297
269 298
269 250
269 254
269 255
270 271
270 272
270 273
270 274
270 275
270 276
270 277
270 278
270 279
270 281
270 282
270 285
270 286
270 287
270 289
270 291
270 293
270 297
270 298
270 253
270 440
271 272
271 273
271 274
271 278
271 279
271 283
271 286
271 288
271 289
271 290
271 292
271 294
271 296
271 298
271 253
271 254
271 255
271 362
272 278
272 280
272 281
272 282
272 285
272 286
272 288
272 290
272 291
272 294
272 296
272 299
272 254
272 255
273 275
273 277
273 278
273 279
273 282
273 284
273 287
273 289
273 290
273 292
273 293
273 295
273 297
273 298
273 250
273 251
273 252
273 253
273 255
274 275
274 279
274 280
274 281
274 282
274 283
274 284
274 285
274 286
274 288
274 293
274 294
274 296
274 297
274 299
274 250
274 252
274 253
274 255
274 452
275 276
275 277
275 278
275 279
275 280
275 281
275 282
275 283
275 284
275 285
275 286
275 287
275 289
275 290
275 291
275 292
275 293
275 294
275 295
275 297
275 299
275 250
275 254
275 255
276 278
276 279
276 282
276 287
276 288
276 289
276 293
276 295
276 296
276 297
276 298
276 252
276 253
276 254
276 255
277 278
277 279
277 281
277 284
277 286
277 290
277 291
277 293
277 294
277 295
277 296
277 298
277 299
277 250
277 253
277 255
278 279
278 280
278 281
278 283
278 284
278 285
278 287
278 291
278 292
278 293
278 294
278 295
278 296
278 298
278 250
278 251
278 254
279 280
279 281
279 282
279 283
279 288
279 291
279 293
279 295
279 297
279 250
279 251
279 252
279 255
280 282
280 283
280 285
280 289
280 290
280 291
280 292
280 294
280 298
280 299
280 250
280 251
280 253
280 254
280 255
281 283
281 284
281 285
281 290
281 291
281 292
281 294
281 296
281 298
281 299
281 250
281 251
281 253
281 254
282 283
282 284
282 285
282 286
282 287
282 288
282 289
282 293
282 297
282 298
282 250
282 252
282 253
283 284
283 289
283 290
283 292
283 293
283 294
283 295
283 297
283 299
283 250
283 251
283 253
283 255
284 288
284 290
284 292
284 293
284 294
284 296
284 297
284 298
284 250
284 251
284 252
284 253
284 254
285 286
285 291
285 292
285 293
285 297
285 298
285 250
285 251
285 252
285 253
285 255
285 310
286 288
286 289
286 290
286 291
286 293
286 294
286 295
286 296
286 297
286 298
286 299
286 250
286 251
286 252
286 254
286 302
287 288
287 289
287 290
287 292
287 293
287 295
287 296
287 250
287 253
288 289
288 292
288 293
288 294
288 297
288 298
289 290
289 293
289 295
289 298
289 299
289 250
289 252
289 254
290 292
290 293
290 294
290 296
290 297
290 298
290 299
290 250
291 292
291 294
291 295
291 296
291 299
291 250
291 251
291 253
291 254
291 255
292 293
292 296
292 297
292 299
292 250
292 251
292 252
292 254
292 255
293 295
293 296
293 297
293 298
293 299
293 250
293 251
293 252
293 254
293 255
294 298
294 299
294 250
294 251
294 252
294 253
294 254
295 296
295 298
295 250
295 251
295 254
295 389
296 297
296 298
296 299
296 250
296 251
296 254
296 255
296 330
296 442
297 298
297 299
297 252
297 253
297 255
298 299
298 251
298 252
298 253
298 255
299 250
299 251
299 252
299 253
299 254
299 255
250 251
250 443
251 252
251 254
251 255
253 255
254 255
255 321
300 302
300 304
300 305
300 309
300 310
300 312
300 313
300 315
300 316
300 317
300 318
300 320
300 321
300 322
300 323
300 324
300 325
300 326
300 327
300 328
300 329
300 330
300 331
300 332
300 334
300 337
300 338
300 339
300 340
300 341
300 342
300 343
300 344
300 346
301 302
301 303
301 304
301 307
301 311
301 312
301 313
301 314
301 315
301 316
301 319
301 320
301 321
301 325
301 326
301 329
301 330
301 331
301 334
301 336
301 337
301 338
301 340
301 341
301 342
301 346
301 347
301 348
301 349
302 304
302 305
302 306
302 308
302 311
302 312
302 314
302 315
302 316
302 317
302 323
302 325
302 326
302 331
302 333
302 335
302 336
302 337
302 340
302 341
302 344
302 348
303 306
303 307
303 309
303 310
303 311
303 312
303 313
303 314
303 315
303 317
303 319
303 320
303 322
303 323
303 326
303 327
303 329
303 330
303 332
303 333
303 335
303 336
303 337
303 339
303 341
303 342
303 343
303 344
303 345
303 347
303 348
303 349
304 305
304 306
304 308
304 309
304 311
304 312
304 313
304 316
304 318
304 319
304 320
304 323
304 324
304 326
304 327
304 328
304 329
304 331
304 332
304 334
304 335
304 336
304 337
304 338
304 339
304 340
304 341
304 342
304 343
304 345
304 346
304 347
305 307
305 309
305 310
305 313
305 315
305 316
305 317
305 318
305 319
305 322
305 323
305 326
305 329
305 332
305 333
305 336
305 340
305 341
305 343
305 345
305 347
305 348
305 349
305 357
306 307
306 308
306 309
306 311
306 312
306 313
306 314
306 315
306 316
306 317
306 319
306 320
306 323
306 324
306 325
306 326
306 327
306 328
306 329
306 330
306 332
306 334
306 335
306 338
306 339
306 345
306 346
306 348
306 349
307 308
307 310
307 313
307 314
307 317
307 318
307 319
307 322
307 323
307 324
307 325
307 328
307 329
307 330
307 332
307 334
307 335
307 336
307 337
307 340
307 341
307 342
307 344
307 345
307 346
307 347
308 309
308 311
308 315
308 317
308 320
308 322
308 324
308 327
308 328
308 332
308 336
308 337
308 339
308 340
308 341
308 342
308 343
308 344
308 345
308 346
308 347
308 349
308 386
309 310
309 314
309 319
309 320
309 321
309 322
309 325
309 326
309 327
309 328
309 330
309 331
309 333
309 334
309 335
309 337
309 340
309 341
309 343
309 344
309 345
309 347
309 348
310 312
310 313
310 314
310 315
310 316
310 317
310 319
310 320
310 321
310 322
310 327
310 329
310 331
310 334
310 337
310 338
310 339
310 341
310 344
310 345
310 349
311 312
311 313
311 316
311 317
311 318
311 319
311 320
311 322
311 325
311 326
311 327
311 329
311 330
311 331
311 332
311 334
311 335
311 336
311 338
311 339
311 340
311 343
311 344
311 346
311 348
312 313
312 314
312 315
312 316
312 317
312 318
312 319
312 320
312 321
312 323
312 324
312 327
312 328
312 329
312 330
312 331
312 332
312 333
312 334
312 335
312 340
312 343
312 344
312 345
312 346
312 348
312 349
312 472
313 314
313 315
313 316
313 317
313 318
313 320
313 322
313 324
313 326
313 327
313 328
313 330
313 331
313 333
313 334
313 335
313 336
313 338
313 343
313 345
313 346
314 315
314 317
314 319
314 320
314 322
314 323
314 324
314 325
314 330
314 331
314 332
314 334
314 336
314 337
314 338
314 339
314 340
314 341
314 342
314 343
314 344
314 345
314 347
314 348
314 349
315 317
315 318
315 319
315 320
315 322
315 323
315 325
315 326
315 328
315 330
315 332
315 333
315 335
315 336
315 338
315 339
315 341
315 342
315 343
315 346
315 347
315 348
315 349
316 318
316 319
316 320
316 321
316 322
316 327
316 328
316 329
316 332
316 333
316 334
316 335
316 336
316 339
316 341
316 343
316 345
316 347
316 348
316 349
316 490
317 318
317 323
317 324
317 325
317 326
317 328
317 329
317 330
317 333
317 334
317 335
317 337
317 341
317 342
317 343
317 344
317 346
317 347
317 348
317 349
318 319
318 320
318 321
318 322
318 323
318 324
318 326
318 329
318 331
318 332
318 334
318 336
318 338
318 339
318 341
318 343
318 344
318 346
318 347
318 348
318 349
319 320
319 322
319 323
319 324
319 325
319 327
319 329
319 334
319 335
319 337
319 341
319 342
319 344
319 348
320 321
320 322
320 323
320 324
320 326
320 328
320 329
320 330
320 331
320 333
320 337
320 338
320 340
320 343
320 344
320 346
320 348
321 322
321 323
321 324
321 325
321 326
321 330
321 331
321 332
321 335
321 339
321 341
321 343
321 344
321 346
321 347
321 348
321 349
322 324
322 325
322 326
322 327
322 332
322 336
322 338
322 339
322 340
322 341
322 344
322 346
322 348
322 349
323 324
323 325
323 326
323 328
323 330
323 332
323 335
323 336
323 337
323 339
323 340
323 341
323 342
323 343
323 345
323 348
323 349
324 326
324 327
324 331
324 332
324 336
324 337
324 338
324 339
324 341
324 342
324 343
324 344
324 345
324 346
325 326
325 329
325 330
325 332
325 335
325 336
325 337
325 341
325 342
325 343
325 344
325 345
325 346
325 349
326 327
326 328
326 329
326 332
326 334
326 336
326 339
326 342
326 343
326 345
326 346
326 348
327 328
327 330
327 332
327 333
327 335
327 336
327 337
327 338
327 339
327 341
327 342
327 345
327 346
327 347
327 349
328 332
328 333
328 334
328 335
328 337
328 339
328 340
328 343
328 344
328 345
328 347
328 348
328 349
329 331
329 332
329 335
329 338
329 339
329 341
329 342
329 343
329 345
329 347
329 348
329 349
330 331
330 333
330 334
330 335
330 336
330 337
330 339
330 340
330 341
330 342
330 345
330 347
331 333
331 339
331 340
331 341
331 343
331 345
331 346
331 347
331 348
331 349
332 333
332 334
332 340
332 343
332 346
332 349
333 334
333 336
333 337
333 338
333 339
333 343
333 344
333 347
333 348
334 335
334 337
334 339
334 340
334 342
334 344
334 345
335 338
335 339
335 343
335 344
335 345
335 346
335 348
335 482
336 340
336 341
336 342
336 344
336 345
336 347
336 348
336 349
337 340
337 341
337 342
337 344
337 346
337 348
337 349
338 340
338 341
338 342
338 343
338 345
338 348
339 341
339 342
339 344
339 347
339 349
340 341
340 344
340 346
340 347
340 348
340 349
341 342
341 343
341 344
341 345
341 347
341 348
341 349
342 344
342 346
342 347
342 348
342 349
343 349
344 345
344 347
344 348
344 349
345 347
345 348
346 348
346 349
347 349
384 386
384 388
384 391
384 392
384 393
384 395
384 396
384 399
384 350
384 351
384 352
384 353
384 354
384 355
384 359
384 360
384 362
384 363
384 365
384 369
384 370
384 373
384 374
384 375
384 377
384 379
384 380
384 382
384 383
385 386
385 387
385 389
385 390
385 391
385 392
385 395
385 396
385 399
385 350
385 353
385 358
385 359
385 361
385 363
385 364
385 366
385 367
385 368
385 369
385 370
385 371
385 372
385 373
385 375
385 376
385 377
385 378
385 379
385 382
385 383
386 387
386 388
386 390
386 391
386 392
386 393
386 394
386 395
386 397
386 399
386 352
386 354
386 356
386 357
386 358
386 359
386 361
386 363
386 366
386 367
386 368
386 370
386 371
386 374
386 375
386 376
386 379
386 382
387 388
387 389
387 390
387 391
387 392
387 393
387 394
387 396
387 398
387 399
387 351
387 353
387 355
387 357
387 359
387 360
387 361
387 364
387 367
387 368
387 369
387 370
387 372
387 376
387 379
387 380
387 381
387 382
387 383
388 391
388 392
388 393
388 395
388 397
388 398
388 399
388 351
388 358
388 361
388 362
388 364
388 365
388 366
388 367
388 368
388 369
388 372
388 375
388 376
388 377
388 379
388 380
388 382
388 383
389 390
389 391
389 393
389 395
389 398
389 399
389 350
389 352
389 353
389 355
389 356
389 357
389 358
389 360
389 363
389 366
389 367
389 369
389 371
389 372
389 373
389 374
389 375
389 376
389 377
389 380
390 391
390 392
390 393
390 394
390 395
390 396
390 399
390 351
390 352
390 353
390 355
390 360
390 362
390 369
390 371
390 372
390 373
390 374
390 376
390 377
390 380
390 381
390 382
390 470
391 392
391 393
391 394
391 396
391 397
391 398
391 350
391 351
391 353
391 355
391 361
391 365
391 366
391 367
391 368
391 369
391 371
391 372
391 374
391 375
391 377
391 380
391 381
391 382
391 383
392 394
392 396
392 397
392 398
392 399
392 350
392 351
392 353
392 355
392 357
392 359
392 368
392 369
392 370
392 372
392 373
392 374
392 375
392 378
392 380
392 381
392 382
392 383
393 396
393 351
393 354
393 356
393 357
393 358
393 359
393 360
393 361
393 364
393 367
393 368
393 369
393 371
393 372
393 375
393 376
393 377
393 378
393 379
393 381
393 383
393 451
394 395
394 397
394 398
394 399
394 350
394 351
394 353
394 354
394 356
394 357
394 360
394 364
394 367
394 368
394 369
394 371
394 375
394 376
394 378
394 379
394 381
394 382
394 383
395 396
395 399
395 350
395 353
395 354
395 358
395 359
395 361
395 362
395 363
395 365
395 366
395 367
395 368
395 369
395 370
395 372
395 375
395 376
395 377
395 378
395 379
395 382
395 383
396 397
396 398
396 399
396 351
396 352
396 354
396 359
396 360
396 361
396 364
396 365
396 367
396 369
396 373
396 375
396 380
396 381
396 382
397 398
397 399
397 350
397 351
397 353
397 354
397 355
397 356
397 357
397 360
397 362
397 367
397 371
397 374
397 376
397 378
397 382
397 383
398 352
398 353
398 357
398 360
398 361
398 363
398 364
398 365
398 368
398 369
398 370
398 372
398 373
398 375
398 379
398 381
398 382
398 383
399 352
399 353
399 355
399 356
399 358
399 359
399 360
399 361
399 364
399 365
399 366
399 369
399 370
399 374
399 375
399 376
399 377
399 380
399 381
399 382
350 351
350 352
350 354
350 355
350 356
350 358
350 360
350 361
350 362
350 364
350 366
350 367
350 368
350 369
350 370
350 371
350 372
350 373
350 374
350 375
350 378
350 379
350 380
350 383
351 352
351 353
351 354
351 355
351 358
351 359
351 361
351 365
351 367
351 368
351 369
351 372
351 373
351 375
351 376
351 378
351 379
351 380
351 381
351 383
352 354
352 355
352 356
352 357
352 362
352 370
352 373
352 374
352 375
352 381
352 382
353 355
353 356
353 357
353 358
353 359
353 363
353 365
353 367
353 368
353 369
353 371
353 373
353 379
353 380
353 381
353 383
354 355
354 359
354 361
354 363
354 364
354 365
354 366
354 367
354 371
354 372
354 373
354 374
354 375
354 378
354 380
354 381
354 382
354 383
355 357
355 358
355 360
355 362
355 364
355 366
355 367
355 370
355 371
355 375
355 376
355 381
355 382
355 383
356 357
356 358
356 360
356 362
356 364
356 365
356 366
356 368
356 369
356 374
356 375
356 377
356 379
356 380
357 359
357 360
357 362
357 363
357 364
357 367
357 368
357 370
357 372
357 373
357 374
357 375
357 378
357 380
357 381
357 382
357 383
358 360
358 362
358 363
358 365
358 368
358 370
358 371
358 373
358 375
358 376
358 382
358 383
359 360
359 361
359 364
359 365
359 368
359 370
359 371
359 375
359 376
359 377
359 379
359 380
359 381
359 383
359 496
360 362
360 363
360 364
360 365
360 367
360 368
360 369
360 370
360 372
360 374
360 376
360 378
360 380
360 381
361 365
361 366
361 367
361 369
361 370
361 371
361 373
361 374
361 382
361 383
362 363
362 364
362 368
362 369
362 372
362 373
362 374
362 376
363 364
363 365
363 368
363 369
363 370
363 371
363 373
363 374
363 376
363 379
363 381
363 383
364 366
364 367
364 369
364 371
364 372
364 373
364 374
364 375
364 378
364 380
364 382
364 383
365 367
365 369
365 371
365 372
365 373
365 374
365 375
365 377
365 378
365 379
365 380
365 382
365 383
366 367
366 368
366 371
366 372
366 373
366 374
366 375
366 378
366 381
366 383
367 368
367 372
367 373
367 376
367 377
367 378
367 379
367 381
367 382
367 383
368 370
368 371
368 372
368 373
368 374
368 375
368 376
368 379
368 380
368 383
369 370
369 375
369 376
369 378
369 379
369 380
369 381
369 383
370 371
370 372
370 373
370 374
370 375
370 377
370 380
370 381
370 383
371 372
371 373
371 374
371 375
371 376
371 379
371 382
372 374
372 375
372 376
372 377
372 378
372 380
373 374
373 376
373 380
373 382
373 383
373 492
374 375
374 376
374 378
374 379
374 380
374 381
374 382
374 383
375 377
375 378
376 377
376 380
376 381
377 378
377 379
377 380
377 382
377 383
378 379
378 380
378 383
379 381
379 383
380 382
380 383
381 382
382 383
400 402
400 404
400 405
400 406
400 407
400 409
400 410
400 411
400 413
400 415
400 417
400 418
400 419
400 420
400 421
400 422
400 424
400 425
400 426
400 430
400 431
400 432
400 433
400 434
400 435
400 436
400 437
400 439
400 441
400 442
400 444
400 445
400 446
400 447
400 448
400 449
401 402
401 403
401 407
401 408
401 409
401 411
401 412
401 416
401 418
401 419
401 420
401 422
401 423
401 424
401 427
401 429
401 432
401 433
401 434
401 435
401 436
401 438
401 440
401 442
401 443
401 444
401 445
401 449
402 403
402 404
402 405
402 411
402 413
402 414
402 416
402 423
402 424
402 425
402 426
402 427
402 429
402 430
402 433
402 434
402 435
402 437
402 439
402 441
402 442
402 443
402 445
402 446
402 447
402 448
403 407
403 408
403 410
403 411
403 412
403 413
403 414
403 415
403 416
403 419
403 420
403 421
403 422
403 425
403 427
403 428
403 430
403 431
403 432
403 434
403 437
403 438
403 440
403 441
403 446
403 447
403 448
404 406
404 407
404 408
404 409
404 410
404 411
404 412
404 414
404 415
404 417
404 419
404 423
404 424
404 425
404 427
404 428
404 429
404 430
404 431
404 432
404 433
404 436
404 437
404 438
404 440
404 443
404 444
404 445
404 446
404 447
404 448
405 406
405 407
405 408
405 409
405 410
405 416
405 417
405 418
405 419
405 420
405 421
405 422
405 424
405 426
405 428
405 430
405 433
405 434
405 436
405 437
405 439
405 440
405 441
405 443
405 445
405 446
405 447
405 448
405 449
406 408
406 410
406 411
406 413
406 414
406 415
406 416
406 417
406 418
406 420
406 421
406 426
406 427
406 428
406 429
406 431
406 433
406 434
406 436
406 439
406 440
406 441
406 443
406 447
406 448
406 449
407 408
407 409
407 410
407 411
407 412
407 416
407 418
407 420
407 423
407 425
407 426
407 427
407 428
407 431
407 432
407 436
407 438
407 439
407 440
407 442
407 445
407 446
407 449
408 409
408 410
408 411
408 416
408 418
408 423
408 425
408 426
408 427
408 428
408 429
408 431
408 437
408 440
408 442
408 443
408 445
408 449
409 414
409 416
409 417
409 421
409 425
409 426
409 430
409 431
409 433
409 434
409 435
409 438
409 440
409 442
409 445
410 415
410 416
410 418
410 420
410 422
410 423
410 424
410 426
410 428
410 430
410 431
410 434
410 435
410 437
410 439
410 440
410 442
410 443
410 444
410 446
410 447
410 449
411 412
411 413
411 414
411 415
411 417
411 418
411 419
411 420
411 421
411 422
411 423
411 424
411 425
411 426
411 427
411 429
411 430
411 432
411 434
411 437
411 439
411 440
411 442
411 444
411 445
411 447
411 448
412 413
412 418
412 419
412 420
412 421
412 422
412 423
412 424
412 426
412 427
412 428
412 430
412 431
412 434
412 435
412 436
412 438
412 440
412 441
412 443
412 444
412 447
413 418
413 421
413 422
413 423
413 429
413 430
413 431
413 432
413 434
413 436
413 437
413 438
413 440
413 441
413 443
413 444
413 445
413 447
414 418
414 421
414 422
414 423
414 425
414 426
414 430
414 431
414 433
414 435
414 437
414 439
414 440
414 442
414 443
414 444
414 445
414 447
414 448
414 449
415 417
415 418
415 419
415 420
415 421
415 422
415 423
415 424
415 425
415 426
415 427
415 430
415 432
415 436
415 439
415 442
415 443
415 447
415 448
415 449
416 418
416 419
416 421
416 423
416 424
416 425
416 426
416 427
416 428
416 429
416 430
416 432
416 433
416 434
416 435
416 436
416 439
416 441
416 445
416 448
416 449
417 420
417 421
417 424
417 427
417 428
417 429
417 430
417 432
417 434
417 437
417 438
417 439
417 440
417 443
417 444
417 445
417 446
417 447
417 448
417 449
418 422
418 423
418 424
418 427
418 428
418 429
418 431
418 434
418 435
418 436
418 438
418 439
418 441
418 444
418 446
418 447
418 449
419 420
419 421
419 422
419 423
419 424
419 425
419 426
419 430
419 431
419 432
419 435
419 437
419 438
419 440
419 444
419 445
419 446
419 447
419 448
420 421
420 425
420 426
420 428
420 430
420 431
420 432
420 433
420 434
420 435
420 437
420 439
420 440
420 441
420 442
420 443
420 445
420 446
420 448
421 423
421 424
421 425
421 426
421 427
421 428
421 429
421 430
421 431
421 432
421 433
421 434
421 435
421 436
421 438
421 439
421 441
421 442
421 443
421 444
421 445
421 446
421 447
421 448
422 429
422 430
422 432
422 433
422 434
422 436
422 437
422 439
422 440
422 441
422 442
422 443
422 445
422 446
422 448
422 449
423 424
423 426
423 429
423 431
423 432
423 433
423 434
423 436
423 437
423 438
423 439
423 442
423 444
423 445
423 446
423 447
423 448
424 425
424 426
424 427
424 430
424 431
424 432
424 433
424 434
424 435
424 439
424 441
424 442
424 443
424 445
424 446
424 447
424 449
425 427
425 428
425 429
425 430
425 434
425 435
425 436
425 439
425 440
425 441
425 443
425 444
425 448
425 449
426 427
426 428
426 429
426 430
426 432
426 433
426 434
426 436
426 438
426 442
426 444
426 445
426 447
427 428
427 429
427 432
427 433
427 434
427 438
427 440
427 441
427 442
427 443
427 446
427 447
427 448
427 449
428 429
428 430
428 432
428 433
428 434
428 435
428 437
428 438
428 439
428 440
428 441
428 442
428 443
428 445
428 446
428 447
428 448
429 434
429 435
429 436
429 438
429 441
429 443
429 444
429 445
429 448
430 431
430 432
430 436
430 438
430 439
430 441
430 443
430 444
430 445
430 447
430 448
431 432
431 435
431 437
431 439
431 440
431 442
431 443
431 444
431 445
431 446
431 447
432 433
432 435
432 436
432 437
432 438
432 441
432 442
432 446
432 447
432 448
433 434
433 436
433 437
433 438
433 440
433 441
433 442
433 444
433 446
433 447
434 436
434 437
434 439
434 441
434 442
434 444
434 445
434 447
434 449
435 439
435 440
435 441
435 442
435 444
435 445
435 446
435 449
436 438
436 439
436 440
436 441
436 442
436 443
436 446
436 447
436 449
437 439
437 440
437 442
437 444
437 445
437 447
438 439
438 440
438 441
438 442
438 443
438 444
438 445
438 446
438 448
438 449
439 444
439 445
439 448
440 441
440 442
440 443
440 444
440 446
440 447
440 448
441 442
441 443
441 444
441 446
441 447
442 445
442 446
442 447
442 448
443 444
443 445
443 446
443 448
443 449
443 457
444 445
444 448
444 449
445 446
445 449
446 449
447 449
450 452
450 454
450 455
450 456
450 457
450 458
450 459
450 462
450 463
450 465
450 466
450 468
450 470
450 471
450 472
450 473
450 475
450 476
450 477
450 480
450 481
450 482
450 483
450 485
450 486
450 488
450 490
450 491
450 492
450 493
450 494
450 495
450 496
450 498
450 499
451 452
451 454
451 455
451 460
451 464
451 466
451 467
451 469
451 470
451 472
451 473
451 474
451 478
451 479
451 481
451 484
451 485
451 488
451 490
451 491
451 492
451 493
451 494
451 495
451 496
452 453
452 454
452 459
452 460
452 461
452 462
452 463
452 467
452 468
452 470
452 471
452 473
452 475
452 477
452 480
452 481
452 482
452 484
452 485
452 490
452 491
452 492
452 493
452 494
452 495
452 497
453 456
453 458
453 460
453 461
453 463
453 465
453 467
453 468
453 470
453 473
453 474
453 475
453 477
453 478
453 479
453 480
453 481
453 484
453 485
453 487
453 488
453 490
453 492
453 493
453 494
453 495
453 497
453 498
454 455
454 456
454 458
454 459
454 460
454 465
454 467
454 468
454 469
454 470
454 474
454 475
454 476
454 477
454 479
454 480
454 482
454 484
454 485
454 486
454 487
454 488
454 489
454 490
454 492
454 493
454 495
454 496
454 497
454 498
454 499
455 456
455 457
455 458
455 460
455 462
455 466
455 467
455 472
455 474
455 476
455 477
455 478
455 479
455 480
455 481
455 482
455 483
455 484
455 486
455 487
455 489
455 490
455 494
455 495
455 497
455 498
456 457
456 458
456 460
456 461
456 462
456 463
456 465
456 467
456 471
456 474
456 475
456 480
456 481
456 482
456 483
456 484
456 485
456 486
456 487
456 489
456 490
456 491
456 492
456 493
456 494
456 495
456 496
456 498
457 459
457 460
457 461
457 462
457 463
457 464
457 468
457 471
457 472
457 473
457 475
457 476
457 477
457 478
457 480
457 485
457 486
457 488
457 489
457 490
457 491
457 492
457 493
457 494
457 495
457 496
457 498
457 499
458 459
458 460
458 462
458 463
458 465
458 466
458 468
458 469
458 471
458 472
458 473
458 479
458 480
458 481
458 482
458 484
458 487
458 488
458 490
458 492
458 494
458 495
458 497
459 460
459 461
459 462
459 464
459 467
459 468
459 469
459 470
459 471
459 472
459 473
459 474
459 475
459 477
459 478
459 479
459 480
459 481
459 482
459 484
459 486
459 491
459 492
459 493
459 494
459 496
459 497
459 498
460 461
460 462
460 463
460 466
460 467
460 468
460 469
460 470
460 471
460 472
460 473
460 474
460 476
460 477
460 480
460 482
460 484
460 486
460 487
460 488
460 490
460 491
460 495
460 497
460 498
460 499
461 462
461 463
461 464
461 466
461 467
461 470
461 471
461 473
461 474
461 475
461 476
461 477
461 478
461 481
461 483
461 485
461 486
461 488
461 489
461 490
461 491
461 495
461 497
462 463
462 464
462 465
462 467
462 468
462 469
462 470
462 472
462 474
462 475
462 476
462 477
462 479
462 480
462 481
462 484
462 490
462 491
462 492
462 493
462 495
462 497
463 464
463 465
463 466
463 467
463 469
463 470
463 471
463 473
463 474
463 475
463 480
463 481
463 482
463 483
463 484
463 485
463 486
463 487
463 488
463 489
463 490
463 493
463 495
463 496
463 498
464 466
464 469
464 471
464 473
464 474
464 475
464 476
464 477
464 478
464 479
464 480
464 481
464 482
464 483
464 485
464 486
464 487
464 489
464 490
464 491
464 494
464 495
464 496
464 497
465 466
465 467
465 469
465 470
465 471
465 472
465 474
465 475
465 476
465 478
465 481
465 482
465 483
465 484
465 486
465 487
465 488
465 491
465 492
465 493
465 494
465 495
465 496
465 497
465 498
465 499
466 467
466 470
466 479
466 480
466 481
466 483
466 484
466 485
466 488
466 490
466 492
466 494
466 495
466 497
466 499
467 468
467 470
467 473
467 474
467 475
467 476
467 479
467 481
467 482
467 484
467 486
467 488
467 489
467 492
467 493
467 494
467 495
467 496
467 498
468 469
468 471
468 472
468 473
468 478
468 479
468 481
468 482
468 483
468 484
468 487
468 488
468 489
468 490
468 491
468 492
468 496
468 497
468 498
469 470
469 471
469 472
469 474
469 475
469 477
469 478
469 479
469 480
469 481
469 483
469 484
469 485
469 486
469 488
469 489
469 490
469 491
469 493
469 494
469 495
469 496
469 497
469 499
470 471
470 473
470 474
470 476
470 478
470 480
470 481
470 483
470 484
470 487
470 490
470 491
470 492
470 494
470 496
470 498
470 499
471 474
471 475
471 478
471 479
471 480
471 481
471 482
471 483
471 484
471 485
471 488
471 489
471 490
471 492
471 493
471 495
471 496
471 498
471 499
472 473
472 474
472 476
472 477
472 479
472 482
472 484
472 485
472 487
472 489
472 490
472 491
472 492
472 493
472 494
472 495
472 496
472 497
473 474
473 478
473 480
473 482
473 483
473 484
473 485
473 486
473 488
473 490
473 493
473 496
473 498
474 477
474 478
474 480
474 483
474 484
474 485
474 488
474 489
474 490
474 493
474 494
474 495
474 497
474 498
474 499
475 476
475 477
475 479
475 480
475 482
475 483
475 484
475 486
475 487
475 489
475 491
475 496
475 498
476 477
476 478
476 479
476 480
476 481
476 483
476 484
476 485
476 487
476 489
476 490
476 492
476 493
476 495
476 496
476 498
476 499
477 478
477 479
477 484
477 485
477 487
477 488
477 489
477 490
477 491
477 492
477 493
477 494
477 498
477 499
478 479
478 481
478 482
478 486
478 488
478 489
478 491
478 492
478 494
478 496
479 482
479 484
479 485
479 488
479 491
479 494
479 495
479 496
479 497
479 498
480 481
480 483
480 485
480 486
480 487
480 488
480 489
480 490
480 492
480 493
480 494
480 496
481 482
481 483
481 484
481 486
481 487
481 488
481 490
481 491
481 494
481 495
481 498
481 499
482 483
482 484
482 485
482 486
482 487
482 490
482 491
482 492
482 495
482 496
482 497
482 498
483 484
483 485
483 486
483 487
483 488
483 490
483 495
483 499
484 485
484 491
484 492
484 493
484 496
485 486
485 487
485 489
485 490
485 491
485 492
485 493
485 494
485 496
485 497
485 498
486 488
486 490
486 492
486 493
486 494
486 496
486 498
487 489
487 491
487 492
487 494
487 495
487 497
487 498
487 499
488 489
488 490
488 491
488 494
488 496
488 497
488 499
489 490
489 495
489 496
489 497
489 498
489 499
490 491
490 492
490 499
491 492
491 494
491 498
491 499
492 499
493 494
493 498
493 499
494 497
494 498
495 498
495 499
496 497
496 498
496 499
498 499
