0 1
0 2
0 3
0 4
0 6
0 8
0 9
0 10
0 12
0 13
0 15
0 16
0 19
0 20
0 22
0 24
0 25
0 26
0 27
0 28
0 29
0 30
0 33
0 35
0 37
0 40
0 41
0 42
0 43
0 44
0 45
0 46
0 48
0 49
0 250
0 342
1 3
1 5
1 7
1 8
1 10
1 11
1 12
1 13
1 14
1 15
1 16
1 19
1 20
1 21
1 23
1 24
1 26
1 27
1 28
1 29
1 31
1 32
1 34
1 35
1 37
1 38
1 39
1 41
1 42
1 44
1 45
1 46
1 48
1 49
1 100
1 103
1 325
1 378
2 4
2 5
2 7
2 8
2 9
2 10
2 12
2 13
2 15
2 16
2 17
2 18
2 19
2 20
2 21
2 25
2 26
2 28
2 30
2 31
2 32
2 33
2 34
2 35
2 37
2 38
2 39
2 40
2 42
2 43
2 46
2 47
2 48
2 49
2 153
2 451
2 493
3 4
3 5
3 7
3 9
3 11
3 12
3 13
3 15
3 16
3 17
3 18
3 19
3 22
3 23
3 24
3 26
3 27
3 28
3 29
3 30
3 31
3 34
3 36
3 38
3 39
3 41
3 42
3 44
3 45
3 48
3 165
3 227
3 267
3 374
4 6
4 8
4 9
4 10
4 11
4 14
4 15
4 16
4 17
4 18
4 19
4 20
4 21
4 22
4 23
4 24
4 25
4 27
4 28
4 29
4 30
4 31
4 32
4 34
4 35
4 37
4 38
4 39
4 40
4 43
4 44
4 48
4 49
4 139
4 314
4 395
4 466
5 8
5 9
5 11
5 12
5 14
5 15
5 16
5 17
5 18
5 19
5 20
5 21
5 22
5 23
5 24
5 26
5 27
5 29
5 30
5 33
5 34
5 37
5 39
5 40
5 42
5 43
5 44
5 45
5 309
5 390
5 488
6 7
6 8
6 11
6 13
6 14
6 15
6 16
6 17
6 18
6 19
6 20
6 21
6 23
6 26
6 27
6 28
6 29
6 30
6 32
6 33
6 34
6 35
6 36
6 39
6 40
6 44
6 45
6 46
6 47
6 48
6 49
6 75
6 85
6 109
6 266
6 305
6 484
7 10
7 11
7 12
7 13
7 15
7 16
7 17
7 18
7 19
7 20
7 22
7 24
7 26
7 31
7 33
7 34
7 35
7 37
7 40
7 41
7 42
7 45
7 46
7 47
7 48
7 49
7 241
7 310
7 332
7 346
7 400
7 458
7 476
8 9
8 10
8 11
8 12
8 14
8 16
8 17
8 18
8 20
8 21
8 23
8 24
8 25
8 26
8 27
8 29
8 30
8 31
8 33
8 34
8 36
8 38
8 39
8 40
8 42
8 43
8 44
8 45
8 46
8 49
8 75
8 144
8 108
8 166
8 349
8 364
8 477
9 10
9 11
9 12
9 13
9 14
9 15
9 17
9 18
9 19
9 21
9 23
9 25
9 26
9 27
9 28
9 29
9 31
9 32
9 33
9 34
9 35
9 36
9 38
9 39
9 40
9 42
9 44
9 45
9 46
9 47
9 48
9 216
9 263
9 347
9 350
9 450
10 11
10 14
10 16
10 17
10 18
10 20
10 21
10 26
10 27
10 29
10 30
10 33
10 34
10 35
10 36
10 37
10 38
10 39
10 41
10 44
10 45
10 46
10 49
10 106
10 201
10 230
10 262
10 324
10 387
10 413
10 487
11 12
11 13
11 14
11 15
11 16
11 18
11 19
11 20
11 22
11 23
11 24
11 27
11 28
11 32
11 33
11 34
11 35
11 37
11 38
11 39
11 40
11 41
11 43
11 44
11 46
11 88
11 115
11 117
11 293
11 326
12 13
12 14
12 15
12 16
12 18
12 19
12 20
12 21
12 22
12 25
12 28
12 29
12 30
12 32
12 33
12 34
12 35
12 36
12 38
12 40
12 41
12 43
12 45
12 46
12 47
12 48
12 172
13 14
13 15
13 18
13 19
13 20
13 21
13 22
13 23
13 25
13 26
13 27
13 29
13 32
13 34
13 36
13 38
13 39
13 41
13 43
13 44
13 45
13 46
13 47
13 48
13 49
13 75
13 130
13 118
13 168
13 172
13 238
13 275
13 282
13 371
13 377
13 467
14 15
14 16
14 18
14 19
14 20
14 22
14 23
14 24
14 26
14 28
14 29
14 30
14 31
14 34
14 36
14 37
14 39
14 40
14 42
14 43
14 46
14 47
14 49
14 220
14 323
14 361
14 408
15 16
15 18
15 19
15 21
15 22
15 23
15 26
15 27
15 28
15 30
15 31
15 35
15 36
15 39
15 40
15 41
15 42
15 43
15 44
15 47
15 49
15 75
15 76
15 129
15 100
15 444
15 449
16 17
16 18
16 19
16 22
16 23
16 24
16 25
16 26
16 27
16 28
16 29
16 30
16 31
16 32
16 33
16 35
16 36
16 37
16 39
16 41
16 42
16 43
16 44
16 45
16 46
16 47
16 49
16 72
16 77
16 192
16 302
16 450
16 486
16 491
17 18
17 19
17 22
17 23
17 24
17 25
17 26
17 27
17 28
17 29
17 30
17 31
17 32
17 33
17 34
17 35
17 36
17 37
17 38
17 39
17 40
17 41
17 42
17 43
17 44
17 45
17 46
17 47
17 48
17 234
17 332
17 377
17 402
18 19
18 23
18 24
18 25
18 26
18 27
18 28
18 32
18 33
18 34
18 36
18 37
18 38
18 40
18 41
18 42
18 44
18 45
18 46
18 47
18 48
18 49
18 65
18 263
18 323
18 453
18 496
19 21
19 22
19 24
19 26
19 27
19 28
19 30
19 31
19 32
19 33
19 34
19 37
19 38
19 39
19 41
19 42
19 43
19 44
19 45
19 46
19 47
19 49
19 148
19 161
19 229
19 274
19 275
19 487
20 21
20 22
20 23
20 25
20 26
20 28
20 29
20 31
20 32
20 33
20 34
20 35
20 36
20 37
20 39
20 42
20 43
20 44
20 47
20 48
20 123
20 438
20 444
21 22
21 24
21 25
21 27
21 28
21 30
21 31
21 33
21 35
21 36
21 37
21 38
21 39
21 40
21 42
21 46
21 47
21 48
21 192
21 291
22 23
22 25
22 26
22 28
22 29
22 30
22 32
22 33
22 34
22 35
22 36
22 37
22 38
22 39
22 40
22 41
22 42
22 44
22 46
22 48
22 180
22 204
22 274
23 24
23 27
23 29
23 30
23 31
23 33
23 34
23 35
23 36
23 37
23 39
23 41
23 42
23 44
23 46
23 47
23 48
23 49
23 181
23 204
23 420
24 25
24 26
24 27
24 28
24 30
24 31
24 32
24 35
24 36
24 38
24 39
24 40
24 42
24 44
24 45
24 46
24 47
24 48
24 65
24 312
24 361
24 457
25 26
25 27
25 28
25 30
25 31
25 37
25 38
25 39
25 40
25 46
25 47
25 48
25 87
25 169
25 252
25 433
25 491
26 27
26 28
26 29
26 30
26 32
26 33
26 34
26 36
26 37
26 38
26 39
26 40
26 41
26 42
26 43
26 44
26 45
26 46
26 47
26 48
26 90
26 138
26 154
26 185
26 202
26 212
26 321
26 356
26 488
27 30
27 35
27 36
27 37
27 39
27 41
27 42
27 46
27 47
27 48
27 49
27 171
27 231
27 285
28 30
28 31
28 33
28 34
28 35
28 37
28 39
28 40
28 41
28 42
28 43
28 45
28 46
28 47
28 48
28 49
28 253
29 33
29 35
29 38
29 39
29 40
29 41
29 42
29 43
29 44
29 45
29 46
29 48
29 49
29 50
29 107
29 392
29 404
30 31
30 33
30 34
30 35
30 36
30 37
30 38
30 39
30 42
30 43
30 44
30 45
30 46
30 47
30 48
30 344
30 471
31 32
31 34
31 35
31 36
31 38
31 40
31 42
31 47
31 48
31 64
31 133
31 308
31 389
31 357
31 456
31 497
32 33
32 34
32 35
32 36
32 37
32 38
32 42
32 44
32 45
32 46
32 47
32 48
32 49
32 137
32 206
32 215
32 218
32 295
32 252
32 383
32 471
33 34
33 35
33 36
33 37
33 38
33 40
33 41
33 42
33 44
33 45
33 46
33 47
33 48
33 266
33 268
33 289
33 324
33 376
33 379
34 35
34 36
34 37
34 38
34 39
34 40
34 41
34 42
34 44
34 46
34 49
34 353
35 36
35 37
35 38
35 41
35 42
35 43
35 44
35 45
35 47
35 48
35 49
35 125
35 194
35 200
35 216
35 295
35 406
35 410
35 457
35 464
35 495
36 38
36 39
36 41
36 43
36 44
36 45
36 46
36 48
36 49
36 57
36 60
36 285
36 305
36 328
37 39
37 40
37 41
37 43
37 44
37 47
37 48
37 49
37 201
37 357
37 429
38 39
38 40
38 41
38 42
38 44
38 46
38 47
38 48
38 49
38 115
38 155
38 305
38 358
38 359
38 415
39 40
39 42
39 43
39 44
39 45
39 46
39 47
39 48
39 71
39 277
39 352
39 426
39 488
40 41
40 42
40 43
40 44
40 46
40 48
40 82
40 105
40 191
40 343
40 496
41 44
41 45
41 46
41 47
41 48
41 49
41 217
41 290
41 316
41 370
42 43
42 44
42 45
42 46
42 47
42 56
42 376
43 44
43 45
43 46
43 47
43 215
43 283
43 293
43 408
43 447
44 45
44 46
44 47
44 49
44 119
44 339
44 352
44 445
45 46
45 47
45 48
45 49
45 150
45 201
45 290
45 466
46 47
46 48
46 49
46 489
47 48
47 49
47 180
47 487
47 498
48 49
48 58
48 132
48 198
48 274
48 352
49 65
49 129
49 209
49 218
49 282
49 299
49 412
50 51
50 52
50 53
50 55
50 56
50 57
50 58
50 59
50 60
50 61
50 63
50 66
50 67
50 69
50 70
50 71
50 72
50 74
50 77
50 80
50 83
50 86
50 89
50 90
50 91
50 94
50 96
50 98
50 99
50 196
50 359
50 476
50 490
51 52
51 53
51 54
51 55
51 56
51 57
51 58
51 59
51 60
51 61
51 62
51 63
51 66
51 67
51 69
51 70
51 71
51 72
51 73
51 74
51 75
51 76
51 77
51 79
51 80
51 82
51 85
51 88
51 89
51 90
51 92
51 93
51 94
51 95
51 96
51 97
51 98
51 132
51 110
51 111
51 174
51 180
51 447
52 54
52 55
52 56
52 58
52 59
52 60
52 61
52 62
52 64
52 65
52 67
52 69
52 70
52 71
52 72
52 73
52 74
52 75
52 76
52 77
52 79
52 80
52 81
52 82
52 83
52 84
52 85
52 86
52 87
52 88
52 89
52 90
52 92
52 93
52 94
52 96
52 97
52 98
52 99
52 186
52 409
52 441
53 56
53 57
53 59
53 61
53 62
53 65
53 68
53 70
53 71
53 72
53 73
53 75
53 76
53 77
53 78
53 79
53 80
53 81
53 83
53 84
53 85
53 86
53 87
53 88
53 89
53 90
53 93
53 95
53 96
53 97
53 98
53 340
53 364
53 449
54 55
54 56
54 57
54 58
54 60
54 62
54 63
54 64
54 65
54 66
54 69
54 71
54 72
54 73
54 74
54 75
54 76
54 77
54 78
54 80
54 81
54 82
54 83
54 85
54 86
54 87
54 88
54 89
54 91
54 92
54 93
54 95
54 96
54 98
54 99
54 365
55 57
55 59
55 60
55 66
55 67
55 69
55 71
55 72
55 74
55 75
55 76
55 77
55 78
55 79
55 80
55 81
55 82
55 84
55 85
55 87
55 88
55 89
55 90
55 91
55 94
55 96
55 97
55 98
55 181
55 208
55 233
55 401
55 409
56 57
56 58
56 59
56 60
56 61
56 63
56 64
56 65
56 66
56 67
56 68
56 69
56 70
56 71
56 72
56 74
56 76
56 77
56 79
56 81
56 82
56 83
56 85
56 87
56 88
56 91
56 93
56 94
56 95
56 96
56 98
56 99
56 149
56 271
56 253
56 414
57 59
57 60
57 61
57 62
57 63
57 64
57 65
57 67
57 68
57 69
57 70
57 71
57 73
57 75
57 76
57 77
57 78
57 81
57 82
57 83
57 87
57 88
57 89
57 90
57 93
57 94
57 95
57 96
57 97
57 98
57 99
57 126
57 233
57 249
57 332
57 411
57 437
57 468
57 475
58 59
58 60
58 63
58 64
58 65
58 66
58 68
58 70
58 71
58 72
58 74
58 77
58 78
58 79
58 80
58 81
58 82
58 83
58 85
58 88
58 89
58 90
58 91
58 93
58 94
58 96
58 97
58 98
58 282
58 370
59 61
59 62
59 65
59 67
59 68
59 69
59 70
59 73
59 75
59 79
59 81
59 83
59 84
59 85
59 86
59 87
59 88
59 89
59 90
59 91
59 92
59 93
59 94
59 96
59 97
59 98
59 99
59 192
59 317
59 327
59 422
60 61
60 63
60 64
60 65
60 66
60 67
60 68
60 71
60 73
60 75
60 77
60 78
60 79
60 80
60 81
60 83
60 84
60 85
60 86
60 87
60 89
60 90
60 91
60 92
60 93
60 94
60 96
60 97
60 99
60 121
60 175
60 427
61 62
61 63
61 64
61 65
61 67
61 68
61 69
61 70
61 71
61 72
61 73
61 74
61 76
61 78
61 79
61 81
61 82
61 83
61 84
61 85
61 86
61 87
61 91
61 93
61 96
61 97
61 98
61 118
61 242
61 370
62 65
62 70
62 71
62 73
62 74
62 75
62 76
62 77
62 79
62 80
62 82
62 83
62 84
62 85
62 87
62 88
62 89
62 92
62 93
62 95
62 96
62 98
62 99
62 105
62 172
62 239
62 284
63 64
63 65
63 66
63 69
63 72
63 73
63 74
63 76
63 78
63 80
63 81
63 83
63 84
63 85
63 86
63 87
63 89
63 91
63 92
63 94
63 97
63 99
63 131
63 400
63 472
64 65
64 67
64 69
64 70
64 71
64 73
64 74
64 77
64 78
64 79
64 80
64 82
64 83
64 85
64 87
64 89
64 90
64 93
64 94
64 96
64 97
64 99
64 198
64 214
64 423
65 66
65 67
65 68
65 69
65 70
65 71
65 72
65 73
65 75
65 77
65 78
65 81
65 82
65 83
65 84
65 85
65 86
65 87
65 88
65 89
65 91
65 93
65 95
65 96
65 98
65 99
66 67
66 70
66 71
66 72
66 73
66 74
66 75
66 76
66 77
66 78
66 79
66 80
66 81
66 82
66 83
66 84
66 85
66 86
66 87
66 88
66 89
66 90
66 91
66 94
66 96
66 99
66 183
66 293
66 408
66 466
67 68
67 69
67 70
67 72
67 73
67 74
67 75
67 76
67 78
67 79
67 81
67 82
67 83
67 84
67 87
67 88
67 90
67 92
67 93
67 94
67 98
67 99
67 124
67 253
67 329
67 363
67 415
68 71
68 72
68 73
68 74
68 75
68 77
68 78
68 79
68 80
68 81
68 82
68 84
68 85
68 87
68 90
68 91
68 92
68 93
68 94
68 95
68 97
68 98
68 99
68 175
68 226
68 414
68 451
69 71
69 72
69 74
69 75
69 76
69 77
69 78
69 80
69 82
69 83
69 85
69 86
69 87
69 88
69 89
69 90
69 91
69 92
69 93
69 99
69 112
69 343
69 367
69 431
70 71
70 73
70 74
70 75
70 76
70 78
70 79
70 81
70 83
70 84
70 87
70 88
70 90
70 91
70 92
70 93
70 94
70 95
70 96
70 97
70 98
70 99
70 202
70 214
70 430
70 496
71 72
71 73
71 74
71 76
71 77
71 78
71 79
71 80
71 81
71 82
71 84
71 85
71 87
71 90
71 91
71 92
71 93
71 95
71 97
71 98
71 99
71 142
71 363
71 370
71 464
72 73
72 74
72 75
72 76
72 77
72 78
72 79
72 80
72 81
72 82
72 84
72 85
72 86
72 87
72 88
72 90
72 91
72 93
72 96
72 97
72 98
72 99
72 131
72 265
72 334
72 362
72 445
73 74
73 75
73 76
73 77
73 78
73 79
73 80
73 81
73 82
73 83
73 84
73 85
73 86
73 87
73 88
73 89
73 90
73 91
73 92
73 94
73 95
73 97
73 99
73 118
73 190
73 358
73 370
74 75
74 76
74 77
74 79
74 81
74 82
74 83
74 84
74 85
74 86
74 87
74 88
74 90
74 91
74 94
74 96
74 97
74 99
74 314
74 328
74 378
75 77
75 79
75 81
75 82
75 85
75 86
75 87
75 89
75 92
75 93
75 94
75 96
75 98
75 99
75 119
75 187
75 218
75 226
75 413
76 77
76 78
76 81
76 82
76 83
76 84
76 85
76 86
76 87
76 88
76 89
76 90
76 92
76 94
76 96
76 97
76 99
76 248
76 296
77 78
77 79
77 82
77 86
77 87
77 90
77 93
77 94
77 96
77 441
77 488
78 80
78 82
78 84
78 85
78 86
78 87
78 89
78 90
78 91
78 92
78 93
78 94
78 95
78 96
78 98
78 142
78 101
78 218
78 440
79 80
79 81
79 82
79 83
79 84
79 85
79 87
79 89
79 90
79 91
79 92
79 93
79 94
79 95
79 97
79 98
79 472
80 81
80 82
80 83
80 84
80 85
80 87
80 88
80 89
80 90
80 95
80 97
80 98
80 99
80 148
80 190
80 349
80 350
80 369
80 404
80 449
80 475
81 82
81 83
81 84
81 85
81 87
81 91
81 92
81 94
81 95
81 97
81 98
81 99
81 158
81 161
81 311
82 83
82 84
82 85
82 87
82 91
82 92
82 93
82 94
82 95
82 96
82 98
82 99
82 200
82 223
82 278
82 301
82 349
82 359
82 406
82 428
82 466
83 84
83 85
83 87
83 88
83 89
83 90
83 92
83 94
83 96
83 97
83 132
83 151
83 465
84 85
84 86
84 87
84 88
84 90
84 92
84 93
84 95
84 96
84 98
84 165
84 415
85 86
85 88
85 89
85 90
85 91
85 92
85 96
85 97
85 98
85 139
85 108
85 175
85 214
85 235
85 244
85 294
85 310
85 327
85 427
85 480
85 481
86 89
86 90
86 91
86 92
86 93
86 94
86 95
86 97
86 98
86 136
86 110
86 201
86 303
86 325
86 408
86 433
87 90
87 91
87 93
87 94
87 96
87 97
87 98
87 99
87 244
87 287
87 485
88 89
88 90
88 91
88 92
88 93
88 94
88 95
88 96
88 99
88 145
88 482
89 91
89 92
89 93
89 94
89 95
89 96
89 97
89 98
89 99
89 263
89 274
89 255
90 91
90 93
90 94
90 95
90 96
90 97
90 98
90 99
90 362
91 92
91 94
91 95
91 96
91 97
91 99
91 258
91 281
91 356
91 499
92 93
92 94
92 95
92 96
92 97
92 98
92 99
92 142
92 145
92 338
92 475
92 479
93 94
93 95
93 96
93 97
93 98
93 99
93 302
93 321
93 417
93 496
94 95
94 96
94 98
94 99
94 234
94 279
94 382
94 427
95 97
95 98
95 99
95 151
95 358
95 476
96 97
96 98
96 99
96 187
96 428
96 459
96 468
96 484
97 98
97 99
97 183
97 213
97 408
97 470
97 491
98 268
98 438
99 308
99 372
99 410
128 129
128 130
128 131
128 132
128 133
128 134
128 135
128 136
128 138
128 140
128 142
128 144
128 145
128 146
128 149
128 100
128 102
128 103
128 104
128 105
128 106
128 107
128 108
128 109
128 110
128 111
128 112
128 114
128 115
128 117
128 118
128 119
128 120
128 122
128 124
128 125
128 126
128 127
128 180
129 130
129 131
129 132
129 133
129 134
129 135
129 136
129 137
129 140
129 141
129 142
129 144
129 145
129 146
129 149
129 100
129 101
129 103
129 104
129 106
129 107
129 108
129 109
129 110
129 111
129 112
129 116
129 119
129 120
129 121
129 124
129 125
129 126
129 322
129 429
130 131
130 132
130 133
130 134
130 136
130 137
130 138
130 139
130 141
130 142
130 144
130 145
130 148
130 149
130 100
130 101
130 102
130 103
130 105
130 107
130 108
130 109
130 110
130 111
130 112
130 113
130 114
130 115
130 116
130 117
130 118
130 119
130 121
130 123
130 125
130 126
130 127
130 296
131 132
131 134
131 135
131 136
131 137
131 138
131 139
131 141
131 142
131 143
131 144
131 145
131 146
131 147
131 148
131 149
131 100
131 101
131 104
131 105
131 106
131 107
131 108
131 109
131 112
131 113
131 115
131 116
131 117
131 119
131 120
131 121
131 123
131 124
131 126
131 173
131 230
132 133
132 135
132 137
132 138
132 139
132 140
132 141
132 142
132 143
132 144
132 145
132 147
132 148
132 149
132 100
132 101
132 102
132 106
132 107
132 108
132 109
132 110
132 111
132 112
132 114
132 115
132 119
132 121
132 122
132 123
132 124
132 125
132 126
132 371
133 134
133 136
133 137
133 138
133 143
133 144
133 145
133 146
133 147
133 149
133 102
133 103
133 104
133 105
133 106
133 108
133 111
133 112
133 114
133 115
133 116
133 117
133 118
133 121
133 124
133 125
133 126
133 127
134 135
134 136
134 137
134 138
134 139
134 140
134 141
134 143
134 144
134 145
134 146
134 147
134 148
134 149
134 101
134 102
134 104
134 105
134 106
134 107
134 108
134 109
134 112
134 113
134 114
134 115
134 116
134 119
134 121
134 123
134 125
134 127
134 332
134 340
135 136
135 137
135 138
135 139
135 140
135 141
135 142
135 143
135 146
135 147
135 148
135 149
135 102
135 104
135 105
135 107
135 108
135 109
135 111
135 112
135 114
135 115
135 117
135 119
135 121
135 123
135 127
135 189
135 315
135 396
135 355
136 137
136 138
136 139
136 141
136 142
136 144
136 145
136 146
136 147
136 149
136 100
136 101
136 102
136 104
136 105
136 107
136 108
136 109
136 112
136 113
136 115
136 117
136 119
136 120
136 121
136 122
136 123
136 124
136 125
136 127
136 432
137 138
137 139
137 140
137 141
137 142
137 143
137 145
137 147
137 148
137 149
137 100
137 101
137 102
137 103
137 104
137 105
137 110
137 112
137 115
137 117
137 118
137 119
137 120
137 121
137 122
137 123
137 125
137 127
137 152
137 201
137 414
137 446
138 139
138 140
138 141
138 142
138 143
138 144
138 145
138 146
138 147
138 148
138 101
138 103
138 104
138 105
138 106
138 107
138 108
138 109
138 110
138 111
138 113
138 116
138 118
138 119
138 120
138 121
138 123
138 124
138 125
138 126
138 127
138 162
138 388
138 363
139 140
139 141
139 142
139 144
139 145
139 148
139 149
139 100
139 101
139 103
139 104
139 105
139 106
139 107
139 108
139 110
139 111
139 112
139 115
139 116
139 117
139 118
139 120
139 121
139 122
139 123
139 126
139 178
139 181
139 242
139 264
139 250
139 323
140 141
140 142
140 143
140 144
140 145
140 146
140 100
140 101
140 102
140 103
140 104
140 106
140 112
140 113
140 114
140 115
140 116
140 117
140 118
140 119
140 120
140 121
140 123
140 126
140 127
140 264
140 284
141 142
141 144
141 145
141 148
141 100
141 101
141 102
141 103
141 105
141 107
141 108
141 111
141 112
141 113
141 115
141 116
141 117
141 119
141 120
141 121
141 123
141 124
141 125
141 127
141 161
142 143
142 144
142 145
142 146
142 148
142 149
142 100
142 101
142 102
142 105
142 106
142 107
142 108
142 114
142 115
142 117
142 118
142 119
142 120
142 121
142 122
142 123
142 124
142 126
142 127
142 156
143 144
143 145
143 148
143 149
143 100
143 104
143 105
143 108
143 109
143 111
143 112
143 114
143 116
143 117
143 118
143 120
143 121
143 122
143 123
143 125
143 126
143 127
143 173
143 188
143 299
143 416
143 483
144 145
144 147
144 148
144 149
144 100
144 101
144 102
144 103
144 104
144 105
144 106
144 109
144 110
144 111
144 112
144 113
144 116
144 117
144 119
144 120
144 121
144 122
144 124
144 125
144 126
144 127
144 166
144 416
145 148
145 149
145 100
145 101
145 102
145 103
145 104
145 107
145 108
145 109
145 110
145 112
145 113
145 114
145 116
145 118
145 120
145 123
145 124
145 126
145 127
145 299
145 397
146 147
146 149
146 101
146 102
146 103
146 104
146 107
146 108
146 112
146 115
146 117
146 118
146 119
146 120
146 121
146 122
146 124
146 125
146 126
146 127
146 235
146 303
146 417
146 497
147 148
147 149
147 100
147 101
147 102
147 103
147 104
147 107
147 108
147 109
147 111
147 113
147 114
147 115
147 116
147 117
147 119
147 120
147 121
147 122
147 123
147 124
147 125
147 126
147 127
147 262
147 456
147 498
148 149
148 100
148 101
148 102
148 105
148 106
148 108
148 111
148 112
148 113
148 114
148 118
148 119
148 121
148 122
148 123
148 124
148 125
148 190
148 246
148 274
148 301
148 437
149 100
149 101
149 102
149 103
149 104
149 106
149 107
149 108
149 109
149 110
149 111
149 112
149 115
149 116
149 118
149 119
149 121
149 123
149 125
149 126
149 167
149 170
149 273
149 309
149 386
149 476
100 101
100 104
100 106
100 107
100 108
100 109
100 110
100 111
100 112
100 113
100 114
100 115
100 116
100 119
100 120
100 121
100 123
100 126
100 127
100 268
100 479
101 102
101 104
101 105
101 107
101 108
101 109
101 111
101 114
101 116
101 117
101 118
101 119
101 120
101 121
101 123
101 325
101 328
101 378
102 103
102 104
102 105
102 106
102 107
102 108
102 109
102 110
102 115
102 117
102 118
102 120
102 121
102 123
102 125
102 127
102 178
102 402
103 104
103 105
103 106
103 109
103 113
103 114
103 115
103 116
103 117
103 118
103 119
103 120
103 121
103 122
103 123
103 124
103 126
103 127
103 481
104 106
104 107
104 108
104 109
104 110
104 111
104 112
104 113
104 115
104 116
104 117
104 119
104 120
104 122
104 123
104 124
104 125
104 126
104 190
104 198
104 271
104 286
104 314
104 437
104 465
105 106
105 107
105 108
105 109
105 110
105 111
105 113
105 114
105 116
105 118
105 119
105 120
105 125
105 126
105 127
105 168
105 178
105 259
105 379
106 107
106 108
106 110
106 111
106 112
106 114
106 115
106 117
106 118
106 120
106 121
106 122
106 123
106 124
106 191
106 278
106 381
107 108
107 109
107 110
107 112
107 113
107 115
107 116
107 117
107 118
107 121
107 122
107 123
107 124
107 125
107 126
107 127
107 256
107 348
107 407
108 112
108 113
108 114
108 116
108 117
108 119
108 120
108 121
108 122
108 124
108 125
108 126
108 166
108 347
108 468
109 110
109 111
109 112
109 113
109 115
109 116
109 117
109 118
109 119
109 121
109 123
109 124
109 125
109 126
109 127
109 176
109 211
109 366
110 111
110 112
110 113
110 114
110 115
110 116
110 117
110 118
110 119
110 121
110 123
110 124
110 125
110 126
110 127
110 217
110 331
110 448
111 113
111 115
111 116
111 118
111 119
111 120
111 122
111 124
111 125
111 126
111 127
111 261
111 442
112 113
112 114
112 115
112 116
112 118
112 119
112 120
112 121
112 124
112 125
112 126
112 127
112 311
112 342
112 394
113 116
113 117
113 118
113 119
113 120
113 122
113 123
113 124
113 125
113 126
113 127
113 219
113 277
113 385
114 115
114 119
114 120
114 121
114 122
114 123
114 125
114 126
114 208
114 211
114 241
114 457
115 119
115 121
115 122
115 124
115 126
115 193
115 274
115 383
115 402
115 408
116 117
116 119
116 120
116 122
116 123
116 125
116 126
116 127
116 161
116 390
117 118
117 119
117 120
117 121
117 123
117 126
117 392
117 355
117 454
117 494
118 120
118 123
118 124
118 127
118 216
118 241
118 494
119 120
119 122
119 124
119 125
119 166
119 409
119 430
119 468
120 121
120 122
120 123
120 125
120 126
120 127
120 279
120 393
120 442
121 122
121 124
121 127
121 179
121 353
122 123
122 124
122 125
122 126
122 127
122 162
122 269
123 124
123 125
123 126
123 127
123 378
123 475
124 125
124 127
124 336
125 126
125 127
125 348
125 353
125 449
126 127
127 175
127 386
150 151
150 152
150 153
150 154
150 155
150 156
150 157
150 158
150 159
150 160
150 161
150 162
150 167
150 168
150 169
150 170
150 171
150 172
150 175
150 177
150 179
150 180
150 181
150 182
150 184
150 185
150 186
150 187
150 188
150 190
150 192
150 193
150 194
150 195
150 197
150 198
150 199
150 233
150 392
150 371
150 423
151 152
151 153
151 155
151 156
151 158
151 159
151 160
151 161
151 164
151 167
151 168
151 169
151 171
151 172
151 173
151 174
151 175
151 176
151 178
151 179
151 180
151 181
151 183
151 184
151 185
151 186
151 187
151 188
151 189
151 190
151 191
151 193
151 194
151 195
151 196
151 197
151 198
151 199
151 325
151 386
152 153
152 154
152 155
152 156
152 158
152 159
152 160
152 161
152 162
152 164
152 165
152 166
152 168
152 169
152 170
152 172
152 173
152 174
152 176
152 177
152 178
152 179
152 182
152 183
152 185
152 187
152 188
152 189
152 191
152 192
152 193
152 195
152 196
152 197
152 198
152 228
152 242
153 154
153 156
153 157
153 158
153 159
153 160
153 161
153 162
153 163
153 164
153 166
153 168
153 170
153 171
153 172
153 173
153 177
153 178
153 180
153 183
153 185
153 187
153 188
153 189
153 191
153 193
153 197
153 198
153 199
153 231
153 261
153 306
153 372
154 155
154 156
154 158
154 160
154 161
154 162
154 163
154 166
154 168
154 169
154 171
154 172
154 177
154 178
154 179
154 180
154 181
154 183
154 185
154 186
154 187
154 189
154 191
154 192
154 193
154 194
154 195
154 196
154 197
154 198
154 199
154 250
154 482
155 157
155 158
155 160
155 161
155 163
155 164
155 166
155 167
155 169
155 172
155 173
155 174
155 176
155 177
155 181
155 182
155 183
155 184
155 186
155 187
155 188
155 189
155 190
155 191
155 192
155 196
155 197
155 198
155 199
155 228
155 394
155 371
156 160
156 163
156 164
156 166
156 169
156 170
156 171
156 172
156 173
156 174
156 175
156 176
156 177
156 178
156 179
156 180
156 181
156 182
156 184
156 186
156 187
156 188
156 190
156 194
156 195
156 196
156 197
156 198
156 219
156 316
156 328
156 330
156 336
157 158
157 162
157 163
157 165
157 166
157 168
157 170
157 173
157 174
157 175
157 176
157 178
157 179
157 180
157 181
157 182
157 183
157 184
157 185
157 186
157 189
157 190
157 191
157 193
157 194
157 195
157 197
157 198
157 199
157 238
157 371
158 159
158 161
158 162
158 163
158 166
158 167
158 169
158 170
158 171
158 172
158 173
158 174
158 176
158 177
158 178
158 179
158 182
158 183
158 185
158 186
158 188
158 190
158 191
158 192
158 193
158 194
158 195
158 196
158 198
158 199
158 282
158 365
158 368
158 373
158 485
159 160
159 161
159 162
159 164
159 165
159 166
159 167
159 169
159 170
159 172
159 173
159 176
159 178
159 179
159 180
159 182
159 184
159 185
159 187
159 188
159 190
159 191
159 192
159 193
159 194
159 197
159 198
159 199
159 207
159 353
159 422
159 458
160 161
160 163
160 166
160 167
160 168
160 170
160 171
160 172
160 173
160 174
160 175
160 176
160 177
160 178
160 180
160 183
160 184
160 185
160 187
160 189
160 190
160 191
160 192
160 193
160 194
160 195
160 198
160 263
160 387
160 409
161 162
161 163
161 164
161 167
161 168
161 169
161 170
161 173
161 174
161 175
161 176
161 177
161 179
161 182
161 183
161 184
161 186
161 187
161 188
161 189
161 190
161 191
161 193
161 194
161 195
161 196
161 198
161 199
161 413
161 414
162 164
162 165
162 167
162 168
162 169
162 170
162 171
162 172
162 173
162 175
162 177
162 178
162 180
162 181
162 182
162 183
162 185
162 186
162 187
162 188
162 189
162 192
162 193
162 194
162 195
162 196
162 197
162 198
162 199
162 287
162 294
162 316
163 165
163 168
163 169
163 170
163 171
163 173
163 174
163 175
163 176
163 177
163 178
163 179
163 183
163 184
163 187
163 189
163 191
163 193
163 195
163 197
163 199
163 264
163 271
163 364
163 429
163 438
164 166
164 167
164 169
164 172
164 173
164 175
164 177
164 179
164 180
164 181
164 182
164 183
164 184
164 185
164 186
164 187
164 189
164 192
164 193
164 197
164 198
164 199
164 251
165 166
165 167
165 168
165 169
165 170
165 171
165 173
165 174
165 176
165 177
165 178
165 179
165 180
165 184
165 185
165 186
165 187
165 189
165 190
165 191
165 192
165 193
165 194
165 195
165 196
165 197
165 198
165 199
165 201
165 269
165 305
165 438
166 167
166 168
166 170
166 171
166 172
166 173
166 174
166 176
166 177
166 179
166 180
166 181
166 183
166 184
166 185
166 186
166 187
166 188
166 189
166 190
166 191
166 193
166 195
166 197
166 198
166 199
166 424
167 168
167 169
167 171
167 172
167 173
167 174
167 175
167 178
167 179
167 180
167 181
167 182
167 183
167 185
167 186
167 188
167 189
167 191
167 192
167 197
167 199
167 285
167 311
167 325
167 420
167 473
168 170
168 172
168 173
168 174
168 175
168 176
168 177
168 178
168 179
168 180
168 181
168 182
168 184
168 185
168 186
168 188
168 189
168 191
168 195
168 197
168 199
168 202
168 308
168 409
168 414
169 171
169 172
169 176
169 177
169 180
169 181
169 182
169 184
169 185
169 186
169 188
169 189
169 190
169 193
169 194
169 196
169 198
169 199
169 247
169 279
169 287
169 323
169 445
169 479
169 489
170 171
170 172
170 173
170 174
170 175
170 177
170 178
170 179
170 180
170 183
170 184
170 185
170 186
170 189
170 190
170 191
170 192
170 193
170 194
170 195
170 196
170 197
170 198
170 199
170 269
170 343
170 347
171 172
171 176
171 178
171 179
171 180
171 182
171 183
171 185
171 186
171 187
171 188
171 190
171 191
171 194
171 195
171 196
171 197
171 198
171 199
171 394
171 399
171 368
171 486
172 173
172 174
172 175
172 177
172 178
172 179
172 180
172 183
172 184
172 185
172 186
172 187
172 188
172 189
172 190
172 191
172 192
172 196
172 197
172 198
172 200
172 300
173 174
173 175
173 178
173 181
173 183
173 184
173 185
173 186
173 188
173 189
173 191
173 193
173 194
173 195
173 199
173 211
173 245
173 328
173 329
174 176
174 177
174 180
174 181
174 182
174 183
174 184
174 186
174 187
174 188
174 189
174 190
174 191
174 192
174 193
174 194
174 195
174 196
174 197
174 218
174 260
174 299
174 421
174 436
174 469
175 177
175 178
175 179
175 180
175 183
175 184
175 185
175 186
175 187
175 189
175 191
175 192
175 193
175 194
175 195
175 196
175 198
175 199
175 293
175 412
175 413
175 430
176 178
176 180
176 181
176 182
176 185
176 186
176 187
176 188
176 189
176 191
176 193
176 194
176 195
176 197
176 198
176 199
176 218
176 385
176 373
177 179
177 180
177 181
177 183
177 184
177 185
177 187
177 188
177 190
177 191
177 192
177 193
177 194
177 197
177 198
177 199
177 211
177 341
177 499
178 179
178 181
178 182
178 184
178 185
178 186
178 187
178 188
178 189
178 190
178 191
178 192
178 193
178 194
178 197
178 198
178 289
179 180
179 181
179 182
179 183
179 185
179 187
179 188
179 189
179 190
179 191
179 193
179 195
179 196
179 199
179 285
179 333
179 363
179 436
179 438
179 466
179 468
179 493
180 181
180 182
180 183
180 184
180 185
180 186
180 187
180 188
180 190
180 191
180 192
180 193
180 194
180 195
180 196
180 197
180 198
180 199
180 244
180 256
180 475
181 182
181 184
181 185
181 188
181 189
181 191
181 194
181 195
181 196
181 197
181 198
181 199
181 399
181 497
182 185
182 186
182 187
182 189
182 190
182 191
182 192
182 194
182 195
182 197
182 198
182 226
182 249
182 291
182 251
182 344
182 350
182 361
182 428
182 465
182 489
183 184
183 185
183 187
183 189
183 192
183 194
183 195
183 197
183 226
183 295
183 296
183 336
184 186
184 187
184 188
184 189
184 190
184 191
184 192
184 193
184 194
184 197
184 362
184 429
184 460
185 186
185 187
185 188
185 191
185 192
185 193
185 194
185 195
185 196
185 197
185 198
185 202
185 243
185 435
185 469
185 481
185 485
186 187
186 188
186 190
186 193
186 194
186 197
186 198
186 312
187 188
187 189
187 190
187 191
187 192
187 193
187 194
187 196
187 197
187 199
188 189
188 190
188 193
188 194
188 195
188 196
188 197
188 198
188 199
188 205
189 190
189 191
189 192
189 193
189 194
189 195
189 196
189 197
189 198
189 231
190 192
190 195
190 196
190 197
190 198
190 199
191 192
191 193
191 198
191 199
191 215
191 252
192 194
192 196
192 199
193 195
193 196
193 197
193 198
193 199
193 340
193 360
193 453
194 195
194 196
194 198
194 199
194 303
194 342
194 371
194 479
195 196
195 197
195 198
195 199
195 464
196 197
196 198
196 257
196 259
196 492
197 198
197 199
197 328
197 445
197 467
198 199
198 214
199 450
200 201
200 204
200 206
200 207
200 208
200 209
200 210
200 211
200 212
200 213
200 214
200 215
200 216
200 217
200 219
200 220
200 221
200 223
200 225
200 229
200 231
200 233
200 234
200 235
200 236
200 237
200 238
200 239
200 240
200 241
200 242
200 243
200 244
200 245
200 246
200 247
200 248
200 249
200 279
200 480
201 204
201 205
201 207
201 209
201 210
201 211
201 212
201 213
201 214
201 216
201 217
201 218
201 219
201 220
201 221
201 222
201 224
201 225
201 226
201 228
201 229
201 232
201 233
201 234
201 235
201 236
201 238
201 239
201 240
201 241
201 242
201 243
201 244
201 245
201 246
201 248
201 259
201 360
202 203
202 205
202 206
202 208
202 209
202 212
202 213
202 214
202 215
202 216
202 217
202 218
202 219
202 220
202 221
202 223
202 226
202 227
202 229
202 231
202 232
202 233
202 234
202 235
202 236
202 237
202 238
202 240
202 241
202 242
202 244
202 245
202 247
202 248
202 295
202 384
203 204
203 208
203 209
203 210
203 211
203 212
203 213
203 214
203 216
203 217
203 219
203 220
203 221
203 222
203 223
203 225
203 226
203 227
203 230
203 232
203 233
203 235
203 236
203 238
203 240
203 242
203 243
203 244
203 246
203 247
203 248
203 249
203 260
203 318
203 437
204 205
204 206
204 207
204 208
204 209
204 211
204 214
204 215
204 216
204 218
204 219
204 220
204 221
204 222
204 225
204 226
204 227
204 228
204 229
204 230
204 232
204 233
204 234
204 235
204 236
204 237
204 242
204 243
204 245
204 246
204 247
204 248
204 389
205 206
205 207
205 208
205 209
205 210
205 213
205 214
205 215
205 217
205 218
205 220
205 221
205 223
205 225
205 226
205 227
205 228
205 229
205 230
205 231
205 233
205 234
205 236
205 237
205 239
205 240
205 242
205 243
205 244
205 246
205 248
205 249
205 262
205 356
205 369
205 416
206 207
206 209
206 210
206 211
206 212
206 214
206 217
206 218
206 221
206 222
206 225
206 226
206 227
206 229
206 230
206 232
206 233
206 235
206 236
206 237
206 239
206 240
206 241
206 244
206 245
206 247
206 249
206 260
206 332
206 350
206 358
207 208
207 212
207 213
207 214
207 216
207 217
207 218
207 220
207 223
207 224
207 225
207 226
207 229
207 230
207 231
207 232
207 233
207 234
207 236
207 237
207 238
207 239
207 242
207 243
207 244
207 245
207 248
207 279
208 209
208 211
208 213
208 216
208 217
208 218
208 220
208 221
208 222
208 223
208 225
208 226
208 227
208 230
208 231
208 232
208 234
208 235
208 236
208 237
208 242
208 243
208 245
208 247
208 249
209 211
209 214
209 216
209 217
209 218
209 219
209 220
209 221
209 223
209 225
209 226
209 227
209 229
209 231
209 232
209 235
209 236
209 237
209 238
209 241
209 243
209 245
209 246
209 247
209 248
209 249
209 320
210 212
210 214
210 215
210 216
210 217
210 218
210 220
210 221
210 224
210 228
210 229
210 230
210 231
210 232
210 235
210 240
210 241
210 243
210 245
210 246
210 248
210 249
210 256
210 297
210 395
211 214
211 216
211 218
211 219
211 221
211 222
211 223
211 224
211 225
211 227
211 228
211 229
211 231
211 232
211 234
211 235
211 237
211 238
211 239
211 242
211 243
211 244
211 247
211 248
211 249
211 419
212 213
212 215
212 217
212 218
212 222
212 223
212 224
212 226
212 228
212 229
212 231
212 232
212 234
212 235
212 237
212 238
212 239
212 241
212 242
212 246
212 247
212 249
212 338
212 438
213 214
213 215
213 219
213 220
213 221
213 222
213 223
213 224
213 225
213 226
213 227
213 230
213 232
213 233
213 234
213 235
213 236
213 238
213 239
213 240
213 241
213 245
213 246
213 247
213 248
214 215
214 216
214 217
214 218
214 220
214 221
214 222
214 223
214 224
214 226
214 227
214 229
214 230
214 232
214 233
214 234
214 236
214 237
214 238
214 240
214 241
214 242
214 243
214 246
214 247
214 248
214 249
214 443
214 445
215 217
215 218
215 219
215 221
215 223
215 224
215 225
215 226
215 227
215 229
215 230
215 231
215 232
215 233
215 235
215 236
215 237
215 239
215 240
215 241
215 242
215 244
215 245
215 247
215 248
215 253
215 436
215 456
216 217
216 218
216 219
216 220
216 221
216 222
216 223
216 224
216 228
216 229
216 230
216 231
216 234
216 235
216 237
216 238
216 239
216 240
216 241
216 242
216 244
216 245
216 246
216 247
216 248
216 468
217 218
217 220
217 221
217 222
217 223
217 224
217 225
217 226
217 227
217 229
217 230
217 231
217 233
217 234
217 235
217 236
217 237
217 239
217 240
217 242
217 244
217 245
217 246
217 247
217 248
217 249
218 220
218 221
218 222
218 224
218 225
218 227
218 228
218 231
218 232
218 233
218 234
218 235
218 236
218 237
218 238
218 241
218 244
218 245
218 247
218 248
218 249
218 497
219 220
219 221
219 222
219 223
219 224
219 228
219 229
219 230
219 232
219 233
219 235
219 236
219 237
219 239
219 240
219 241
219 243
219 244
219 245
219 246
219 247
219 248
219 249
219 276
219 283
219 322
219 451
220 223
220 225
220 227
220 228
220 230
220 232
220 233
220 234
220 235
220 236
220 237
220 238
220 239
220 240
220 242
220 243
220 245
220 246
220 249
220 263
220 309
220 313
220 373
220 498
221 222
221 223
221 225
221 226
221 227
221 228
221 229
221 230
221 231
221 232
221 233
221 234
221 236
221 237
221 238
221 239
221 240
221 241
221 242
221 243
221 245
221 246
221 247
221 248
221 249
222 223
222 224
222 226
222 227
222 228
222 229
222 230
222 231
222 233
222 235
222 236
222 238
222 240
222 241
222 243
222 244
222 245
222 246
222 248
222 286
222 437
223 224
223 226
223 227
223 228
223 229
223 230
223 231
223 232
223 233
223 234
223 235
223 240
223 242
223 243
223 244
223 245
223 246
223 249
223 299
223 251
223 255
224 225
224 226
224 228
224 229
224 231
224 232
224 233
224 234
224 235
224 236
224 238
224 239
224 240
224 241
224 242
224 244
224 245
224 247
224 249
224 267
224 252
225 226
225 232
225 234
225 235
225 237
225 238
225 239
225 240
225 242
225 243
225 244
225 245
225 247
225 248
225 249
225 295
226 227
226 228
226 229
226 230
226 231
226 232
226 233
226 236
226 237
226 240
226 243
226 244
226 245
226 246
226 248
226 249
226 262
226 452
226 466
227 229
227 230
227 232
227 234
227 236
227 238
227 239
227 243
227 244
227 246
227 249
227 391
227 376
227 428
228 229
228 230
228 234
228 235
228 236
228 237
228 238
228 239
228 241
228 242
228 245
228 247
228 248
228 249
228 365
229 230
229 233
229 235
229 236
229 237
229 238
229 240
229 241
229 242
229 243
229 244
229 245
229 247
229 248
229 249
229 286
229 330
229 404
229 474
230 231
230 233
230 236
230 238
230 239
230 240
230 241
230 242
230 243
230 245
230 246
230 247
230 248
230 249
230 288
231 232
231 233
231 235
231 237
231 238
231 240
231 244
231 248
231 356
231 358
231 488
232 234
232 235
232 237
232 239
232 240
232 243
232 244
232 245
232 246
232 248
233 235
233 236
233 238
233 239
233 240
233 241
233 242
233 244
233 245
233 247
233 248
233 455
234 235
234 236
234 237
234 239
234 240
234 241
234 242
234 243
234 244
234 245
234 248
234 249
234 350
234 360
234 405
234 442
235 237
235 239
235 240
235 241
235 242
235 243
235 244
235 245
235 246
235 247
235 292
235 320
235 381
235 492
236 238
236 240
236 241
236 242
236 243
236 244
236 245
236 246
236 248
236 249
236 272
236 389
236 420
236 494
237 238
237 239
237 241
237 242
237 243
237 244
237 245
237 247
237 248
237 249
237 290
237 369
237 380
237 400
237 483
237 498
238 239
238 240
238 241
238 242
238 243
238 244
238 245
238 246
238 248
238 249
238 311
238 372
239 242
239 243
239 244
239 245
239 246
239 247
239 248
239 249
239 435
240 241
240 243
240 247
240 289
240 321
240 411
241 243
241 244
241 245
241 247
241 248
241 249
241 375
242 243
242 246
242 249
242 476
243 247
243 248
244 246
244 247
244 248
244 257
244 444
244 484
245 250
245 325
245 353
245 367
245 371
245 464
246 249
246 418
247 248
247 281
247 395
247 422
247 434
248 249
248 385
248 467
248 485
249 282
249 332
249 366
256 257
256 258
256 261
256 264
256 265
256 266
256 267
256 268
256 269
256 271
256 273
256 275
256 276
256 277
256 278
256 279
256 280
256 281
256 282
256 285
256 286
256 287
256 292
256 293
256 294
256 297
256 298
256 299
256 250
256 253
256 255
256 397
257 258
257 259
257 260
257 261
257 263
257 264
257 265
257 268
257 269
257 270
257 271
257 272
257 273
257 274
257 275
257 276
257 278
257 280
257 281
257 282
257 283
257 287
257 288
257 290
257 293
257 295
257 296
257 297
257 298
257 299
257 251
257 255
257 375
257 413
257 418
257 440
257 451
258 260
258 264
258 266
258 267
258 268
258 269
258 270
258 272
258 273
258 274
258 276
258 277
258 278
258 280
258 282
258 283
258 284
258 285
258 286
258 287
258 288
258 290
258 292
258 293
258 294
258 295
258 296
258 299
258 250
258 252
258 253
258 254
258 255
258 390
258 441
258 443
259 260
259 261
259 263
259 264
259 265
259 266
259 267
259 268
259 269
259 270
259 271
259 272
259 273
259 275
259 276
259 280
259 281
259 282
259 283
259 284
259 285
259 286
259 287
259 288
259 289
259 290
259 291
259 293
259 294
259 295
259 297
259 253
259 255
259 324
259 472
260 262
260 267
260 270
260 271
260 272
260 273
260 276
260 277
260 278
260 280
260 281
260 289
260 291
260 293
260 294
260 296
260 297
260 298
260 250
260 254
260 255
260 456
261 262
261 263
261 265
261 266
261 268
261 270
261 274
261 275
261 277
261 279
261 282
261 283
261 284
261 285
261 286
261 287
261 288
261 289
261 290
261 291
261 292
261 293
261 294
261 295
261 297
261 299
261 251
261 252
261 253
261 254
261 255
262 263
262 264
262 265
262 266
262 267
262 269
262 270
262 271
262 276
262 277
262 278
262 279
262 281
262 285
262 286
262 287
262 289
262 292
262 293
262 296
262 298
262 299
262 252
262 253
262 255
262 331
262 333
262 473
263 265
263 266
263 267
263 268
263 269
263 270
263 272
263 273
263 274
263 275
263 277
263 278
263 279
263 280
263 281
263 282
263 283
263 284
263 285
263 288
263 289
263 290
263 291
263 295
263 297
263 298
263 251
263 252
263 254
263 329
263 363
263 368
264 266
264 267
264 268
264 269
264 271
264 273
264 274
264 275
264 276
264 277
264 279
264 281
264 282
264 283
264 284
264 285
264 289
264 291
264 296
264 297
264 299
264 250
264 251
264 252
264 253
264 254
264 255
264 395
264 418
265 266
265 267
265 268
265 269
265 270
265 271
265 273
265 274
265 279
265 281
265 282
265 285
265 286
265 289
265 290
265 291
265 292
265 293
265 294
265 297
265 298
265 299
265 250
265 252
265 253
265 254
265 430
266 267
266 268
266 273
266 274
266 275
266 276
266 278
266 279
266 280
266 282
266 283
266 285
266 286
266 287
266 289
266 290
266 291
266 292
266 295
266 296
266 297
266 298
266 299
266 250
266 251
266 252
266 347
266 352
266 441
267 269
267 270
267 271
267 272
267 273
267 274
267 275
267 277
267 278
267 279
267 280
267 282
267 283
267 286
267 288
267 289
267 290
267 291
267 292
267 293
267 294
267 295
267 296
267 299
267 250
267 251
267 253
267 254
267 255
267 354
268 270
268 271
268 272
268 273
268 274
268 275
268 277
268 279
268 280
268 282
268 283
268 284
268 285
268 286
268 287
268 288
268 291
268 292
268 293
268 296
268 298
268 250
268 251
268 422
269 270
269 273
269 274
269 278
269 279
269 281
269 282
269 283
269 284
269 286
269 287
269 288
269 289
269 291
269 292
269 293
269 294
269 295
269 296
269 297
269 299
269 250
269 252
269 253
269 254
269 324
269 370
269 499
270 271
270 272
270 273
270 274
270 276
270 277
270 278
270 279
270 280
270 281
270 282
270 283
270 285
270 286
270 287
270 288
270 289
270 290
270 291
270 292
270 293
270 296
270 298
270 299
270 250
270 251
270 252
270 253
270 254
270 388
270 486
271 272
271 273
271 276
271 277
271 280
271 281
271 283
271 284
271 285
271 286
271 287
271 288
271 290
271 291
271 292
271 294
271 295
271 297
271 251
271 252
271 254
271 255
272 273
272 275
272 276
272 277
272 278
272 279
272 280
272 282
272 286
272 287
272 288
272 289
272 292
272 294
272 295
272 296
272 297
272 298
272 250
272 251
272 253
272 254
272 255
272 386
272 476
273 274
273 276
273 280
273 281
273 282
273 283
273 284
273 285
273 286
273 287
273 289
273 290
273 291
273 293
273 294
273 295
273 296
273 297
273 299
273 250
273 251
273 253
273 254
273 255
273 411
274 275
274 276
274 277
274 278
274 279
274 281
274 282
274 284
274 286
274 287
274 288
274 289
274 290
274 292
274 294
274 295
274 296
274 297
274 298
274 299
274 250
274 253
274 255
274 366
274 379
274 383
275 277
275 279
275 281
275 283
275 285
275 286
275 289
275 290
275 293
275 294
275 295
275 296
275 250
275 252
275 253
275 254
275 255
275 418
275 479
275 488
276 280
276 281
276 282
276 283
276 284
276 285
276 286
276 288
276 289
276 290
276 292
276 294
276 296
276 297
276 298
276 250
276 251
276 255
277 282
277 283
277 285
277 286
277 287
277 289
277 290
277 291
277 293
277 294
277 295
277 296
277 299
277 252
277 253
277 254
277 329
278 279
278 280
278 281
278 283
278 284
278 285
278 286
278 287
278 289
278 290
278 291
278 293
278 295
278 298
278 299
278 250
278 251
278 252
278 253
278 254
278 255
278 403
278 425
279 280
279 281
279 282
279 283
279 284
279 285
279 287
279 290
279 291
279 292
279 293
279 296
279 297
279 298
279 299
279 251
279 252
279 253
279 254
279 255
279 301
279 355
279 474
279 486
280 281
280 283
280 284
280 285
280 286
280 291
280 294
280 295
280 296
280 298
280 299
280 253
280 254
280 255
280 305
280 317
281 282
281 283
281 284
281 285
281 286
281 287
281 288
281 290
281 291
281 292
281 293
281 295
281 296
281 297
281 298
281 299
281 252
281 253
281 254
281 320
281 407
281 441
282 284
282 285
282 288
282 289
282 291
282 292
282 293
282 294
282 295
282 296
282 297
282 298
282 299
282 250
282 252
282 254
282 255
282 391
283 284
283 286
283 287
283 289
283 290
283 291
283 293
283 294
283 295
283 296
283 297
283 298
283 299
283 252
283 253
283 255
283 375
283 405
284 285
284 286
284 287
284 289
284 290
284 292
284 293
284 294
284 295
284 297
284 298
284 252
284 253
284 254
284 255
284 373
284 440
284 466
285 286
285 288
285 290
285 292
285 295
285 296
285 297
285 298
285 250
285 251
285 252
285 253
285 254
285 255
286 288
286 289
286 290
286 291
286 292
286 293
286 294
286 295
286 296
286 297
286 299
286 250
286 251
286 252
286 253
286 254
286 255
286 461
286 495
287 288
287 289
287 290
287 291
287 293
287 294
287 296
287 250
287 251
287 252
287 253
287 255
287 421
288 289
288 295
288 297
288 298
288 250
288 251
288 254
288 255
288 381
289 292
289 294
289 295
289 297
289 298
289 299
289 250
289 251
289 253
289 255
290 291
290 293
290 294
290 295
290 297
290 298
290 299
290 250
290 251
290 253
290 254
290 255
290 344
290 435
291 292
291 294
291 295
291 298
291 250
291 251
291 252
291 253
291 388
291 359
292 293
292 294
292 295
292 296
292 297
292 298
292 251
292 252
292 253
292 254
292 255
292 338
292 344
293 294
293 295
293 296
293 298
293 299
293 250
293 251
293 252
293 253
293 255
293 380
293 466
294 295
294 296
294 299
294 251
294 253
294 255
294 357
295 296
295 297
295 298
295 299
295 252
295 253
295 254
295 255
295 324
295 449
296 298
296 299
296 250
296 252
296 253
296 254
296 255
296 396
296 416
296 426
297 250
297 253
297 255
297 437
298 253
298 254
298 382
299 250
299 251
299 253
299 254
299 255
299 364
299 440
250 251
250 254
250 255
250 321
250 420
250 445
251 252
251 253
251 254
251 318
251 353
252 253
252 254
252 343
252 347
252 422
253 254
253 322
253 324
254 255
254 392
254 474
255 330
300 301
300 302
300 303
300 304
300 305
300 309
300 310
300 312
300 313
300 314
300 316
300 317
300 320
300 321
300 322
300 323
300 325
300 327
300 328
300 329
300 330
300 332
300 333
300 339
300 341
300 342
300 344
300 349
300 437
301 302
301 304
301 305
301 308
301 309
301 310
301 311
301 312
301 314
301 315
301 317
301 318
301 319
301 320
301 324
301 325
301 326
301 327
301 329
301 331
301 332
301 334
301 335
301 336
301 337
301 340
301 341
301 342
301 343
301 346
301 348
301 384
302 304
302 305
302 306
302 309
302 310
302 311
302 312
302 313
302 315
302 318
302 319
302 320
302 321
302 323
302 324
302 325
302 326
302 327
302 328
302 329
302 330
302 331
302 333
302 334
302 335
302 336
302 338
302 339
302 340
302 341
302 342
302 344
302 345
302 346
302 347
302 348
302 373
302 460
303 304
303 306
303 309
303 310
303 311
303 313
303 314
303 315
303 317
303 318
303 319
303 320
303 321
303 322
303 323
303 326
303 327
303 328
303 331
303 332
303 333
303 334
303 335
303 336
303 337
303 338
303 339
303 340
303 341
303 342
303 344
303 345
303 346
303 347
303 348
303 375
303 400
303 415
304 305
304 306
304 307
304 308
304 309
304 310
304 311
304 312
304 313
304 315
304 316
304 318
304 319
304 320
304 321
304 323
304 325
304 327
304 328
304 329
304 331
304 333
304 336
304 337
304 338
304 340
304 341
304 342
304 344
304 345
304 346
304 348
304 349
304 362
304 441
305 306
305 307
305 309
305 312
305 313
305 314
305 315
305 316
305 317
305 320
305 321
305 322
305 325
305 326
305 328
305 330
305 331
305 332
305 333
305 335
305 337
305 338
305 339
305 341
305 342
305 343
305 344
305 346
305 347
305 348
305 349
305 451
306 308
306 311
306 313
306 317
306 318
306 321
306 323
306 327
306 328
306 329
306 331
306 332
306 333
306 334
306 335
306 336
306 337
306 340
306 341
306 343
306 344
306 345
306 346
306 348
307 308
307 309
307 310
307 311
307 313
307 316
307 319
307 320
307 321
307 322
307 324
307 325
307 327
307 331
307 333
307 334
307 335
307 336
307 337
307 338
307 339
307 341
307 342
307 343
307 344
307 345
307 346
307 347
307 348
307 349
307 404
308 311
308 312
308 313
308 314
308 317
308 318
308 319
308 320
308 321
308 322
308 325
308 326
308 328
308 331
308 332
308 333
308 335
308 336
308 337
308 338
308 339
308 340
308 341
308 342
308 343
308 346
308 348
308 349
309 311
309 312
309 313
309 314
309 316
309 317
309 319
309 320
309 321
309 322
309 325
309 328
309 329
309 330
309 332
309 334
309 335
309 337
309 338
309 339
309 341
309 343
309 346
309 347
309 348
309 349
309 450
310 311
310 312
310 313
310 315
310 316
310 317
310 321
310 322
310 324
310 325
310 326
310 327
310 329
310 330
310 332
310 333
310 335
310 336
310 337
310 341
310 345
310 346
310 347
310 348
310 349
310 368
310 489
310 492
311 312
311 313
311 314
311 315
311 316
311 317
311 318
311 320
311 322
311 324
311 325
311 327
311 328
311 329
311 330
311 331
311 332
311 333
311 335
311 336
311 337
311 339
311 340
311 341
311 343
311 344
311 345
311 346
311 347
311 348
311 349
311 362
312 313
312 314
312 315
312 316
312 318
312 319
312 320
312 321
312 323
312 325
312 326
312 327
312 328
312 329
312 330
312 331
312 332
312 334
312 335
312 336
312 338
312 339
312 340
312 341
312 343
312 344
312 345
312 346
312 379
312 410
312 422
313 314
313 315
313 316
313 319
313 320
313 321
313 322
313 324
313 325
313 326
313 327
313 333
313 334
313 336
313 338
313 340
313 341
313 344
313 346
313 348
313 349
314 315
314 316
314 317
314 319
314 320
314 321
314 323
314 326
314 327
314 328
314 330
314 331
314 332
314 333
314 335
314 336
314 337
314 338
314 339
314 340
314 341
314 342
314 343
314 344
314 345
314 349
314 382
314 454
315 318
315 319
315 320
315 321
315 322
315 323
315 324
315 325
315 326
315 327
315 329
315 330
315 332
315 333
315 336
315 337
315 338
315 341
315 342
315 343
315 344
315 345
315 347
316 317
316 318
316 319
316 320
316 321
316 322
316 324
316 325
316 326
316 327
316 328
316 331
316 334
316 337
316 338
316 339
316 340
316 341
316 342
316 343
316 344
316 345
316 346
316 347
316 348
316 349
316 407
317 319
317 320
317 321
317 322
317 324
317 325
317 327
317 328
317 329
317 330
317 332
317 333
317 334
317 336
317 337
317 338
317 341
317 343
317 345
317 346
317 347
317 348
317 349
317 392
317 357
317 459
318 320
318 321
318 323
318 324
318 325
318 326
318 329
318 330
318 331
318 333
318 335
318 339
318 341
318 342
318 343
318 344
318 346
318 347
318 349
319 320
319 322
319 324
319 326
319 327
319 328
319 329
319 332
319 334
319 335
319 337
319 338
319 339
319 340
319 341
319 342
319 343
319 344
319 345
319 346
319 348
319 349
319 451
320 321
320 322
320 323
320 324
320 325
320 326
320 327
320 328
320 329
320 330
320 331
320 332
320 336
320 338
320 339
320 341
320 342
320 344
320 347
320 349
320 370
321 324
321 325
321 326
321 327
321 329
321 331
321 334
321 335
321 337
321 339
321 340
321 344
321 345
321 346
321 347
321 348
321 349
321 407
321 414
321 446
321 451
321 490
322 323
322 324
322 325
322 328
322 331
322 333
322 334
322 335
322 336
322 337
322 338
322 340
322 341
322 344
322 346
322 347
322 348
322 349
322 369
322 414
323 324
323 326
323 327
323 328
323 330
323 332
323 334
323 335
323 336
323 337
323 339
323 340
323 341
323 344
323 345
323 346
323 347
323 348
324 325
324 327
324 330
324 332
324 333
324 334
324 335
324 336
324 337
324 338
324 339
324 340
324 342
324 344
324 345
324 346
324 347
324 348
324 419
324 433
324 435
325 327
325 328
325 331
325 332
325 333
325 335
325 336
325 338
325 339
325 343
325 344
325 346
325 386
325 437
325 474
325 488
326 327
326 328
326 330
326 333
326 334
326 336
326 337
326 338
326 339
326 340
326 341
326 342
326 343
326 344
326 345
326 347
326 348
327 329
327 331
327 332
327 333
327 334
327 335
327 337
327 338
327 339
327 340
327 342
327 346
327 347
327 348
327 437
327 438
327 482
328 329
328 330
328 331
328 332
328 335
328 336
328 337
328 338
328 339
328 340
328 341
328 342
328 343
328 344
328 345
328 347
328 348
328 349
328 391
328 358
328 362
329 330
329 333
329 334
329 335
329 336
329 337
329 339
329 341
329 342
329 343
329 344
329 346
329 347
329 348
329 417
329 426
329 481
330 331
330 333
330 334
330 335
330 336
330 337
330 338
330 339
330 340
330 342
330 343
330 344
330 345
330 346
330 348
330 349
330 360
330 378
330 427
331 332
331 333
331 334
331 335
331 339
331 341
331 342
331 343
331 345
331 348
331 349
331 406
332 333
332 335
332 337
332 338
332 340
332 341
332 342
332 343
332 345
332 346
332 347
332 348
332 381
332 499
333 334
333 335
333 339
333 340
333 341
333 342
333 343
333 344
333 347
333 349
333 455
334 335
334 336
334 337
334 340
334 341
334 342
334 344
334 346
334 347
334 348
334 366
335 336
335 337
335 338
335 339
335 340
335 341
335 342
335 344
335 345
335 347
335 348
335 381
335 383
335 441
335 467
335 494
336 337
336 338
336 340
336 341
336 343
336 344
336 345
336 346
336 347
336 348
336 349
336 469
336 478
337 339
337 342
337 343
337 344
337 345
337 347
337 349
337 476
338 340
338 341
338 343
338 344
338 345
338 346
338 347
338 349
338 493
338 495
339 341
339 342
339 343
339 344
339 345
339 346
339 347
339 378
340 342
340 343
340 345
340 346
340 347
340 348
340 349
340 419
341 343
341 344
341 345
341 346
341 378
341 441
342 343
342 345
342 347
342 348
342 349
342 351
342 428
342 435
343 345
343 346
343 347
343 348
343 428
344 345
344 346
344 347
344 348
344 349
345 348
345 349
345 446
346 349
346 402
347 348
347 349
347 482
348 349
349 376
349 471
384 385
384 387
384 389
384 390
384 391
384 392
384 393
384 394
384 395
384 396
384 397
384 399
384 351
384 352
384 353
384 356
384 357
384 359
384 360
384 361
384 362
384 363
384 364
384 365
384 368
384 369
384 371
384 374
384 375
384 377
384 379
384 380
384 381
384 382
384 383
385 386
385 387
385 388
385 389
385 390
385 391
385 392
385 393
385 394
385 396
385 399
385 350
385 352
385 353
385 354
385 355
385 356
385 358
385 360
385 362
385 363
385 364
385 365
385 366
385 369
385 370
385 371
385 372
385 373
385 374
385 375
385 377
385 378
385 379
385 380
385 381
385 382
385 383
386 388
386 390
386 392
386 393
386 394
386 396
386 350
386 351
386 352
386 353
386 355
386 356
386 358
386 360
386 361
386 363
386 364
386 366
386 367
386 368
386 369
386 371
386 372
386 373
386 374
386 375
386 376
386 379
386 380
386 381
386 383
387 388
387 389
387 390
387 391
387 392
387 394
387 396
387 397
387 399
387 352
387 354
387 355
387 356
387 358
387 359
387 360
387 363
387 364
387 365
387 367
387 368
387 369
387 371
387 372
387 374
387 379
387 381
387 382
387 435
388 389
388 390
388 393
388 394
388 396
388 397
388 398
388 399
388 350
388 351
388 352
388 353
388 354
388 357
388 358
388 359
388 360
388 361
388 365
388 367
388 368
388 369
388 372
388 373
388 376
388 377
388 378
388 379
388 380
389 390
389 392
389 393
389 394
389 395
389 397
389 398
389 399
389 350
389 351
389 353
389 354
389 356
389 357
389 358
389 359
389 362
389 363
389 364
389 365
389 367
389 370
389 371
389 372
389 374
389 375
389 376
389 377
389 382
389 383
389 432
389 461
389 478
390 393
390 394
390 395
390 397
390 399
390 350
390 353
390 354
390 356
390 357
390 358
390 359
390 360
390 363
390 364
390 365
390 366
390 367
390 368
390 369
390 370
390 373
390 374
390 375
390 376
390 377
390 378
390 379
390 381
390 383
391 392
391 394
391 395
391 396
391 397
391 398
391 399
391 350
391 351
391 353
391 354
391 356
391 357
391 358
391 360
391 361
391 363
391 366
391 367
391 370
391 371
391 372
391 374
391 375
391 376
391 377
391 378
391 379
391 381
391 382
391 383
391 459
391 478
392 393
392 395
392 396
392 399
392 350
392 351
392 352
392 353
392 354
392 355
392 356
392 359
392 360
392 361
392 363
392 364
392 366
392 367
392 368
392 369
392 370
392 371
392 372
392 373
392 376
392 377
392 379
392 380
392 382
392 383
392 402
392 412
392 449
393 394
393 395
393 396
393 397
393 399
393 350
393 351
393 353
393 355
393 356
393 357
393 358
393 361
393 362
393 363
393 364
393 365
393 366
393 367
393 368
393 375
393 376
393 377
393 378
393 379
393 380
393 383
394 395
394 397
394 398
394 352
394 353
394 354
394 355
394 356
394 357
394 359
394 360
394 361
394 362
394 364
394 365
394 366
394 369
394 370
394 371
394 372
394 373
394 376
394 377
394 378
394 379
394 380
394 381
394 382
394 383
394 411
394 448
395 396
395 397
395 398
395 350
395 351
395 353
395 354
395 356
395 357
395 360
395 361
395 362
395 363
395 364
395 366
395 368
395 370
395 371
395 374
395 375
395 376
395 377
395 378
395 380
395 381
395 383
395 433
396 397
396 398
396 350
396 351
396 352
396 353
396 354
396 356
396 357
396 359
396 361
396 362
396 363
396 366
396 367
396 368
396 369
396 373
396 375
396 376
396 378
396 379
396 380
396 381
396 382
396 383
397 399
397 350
397 351
397 352
397 353
397 354
397 355
397 356
397 357
397 358
397 359
397 360
397 361
397 362
397 363
397 364
397 366
397 368
397 370
397 371
397 373
397 374
397 377
397 379
397 380
397 381
397 382
397 383
398 399
398 351
398 353
398 355
398 356
398 357
398 358
398 359
398 360
398 361
398 363
398 364
398 366
398 368
398 369
398 370
398 373
398 374
398 375
398 377
398 378
398 379
398 380
398 381
398 383
398 403
398 431
398 448
399 350
399 351
399 352
399 353
399 354
399 355
399 358
399 359
399 360
399 361
399 362
399 365
399 366
399 367
399 369
399 370
399 373
399 374
399 376
399 377
399 379
399 380
399 381
399 383
350 351
350 352
350 354
350 356
350 357
350 358
350 359
350 360
350 361
350 362
350 364
350 365
350 367
350 368
350 369
350 371
350 372
350 373
350 375
350 376
350 377
350 379
350 380
350 381
350 382
350 383
350 438
350 453
351 353
351 354
351 355
351 356
351 358
351 359
351 361
351 362
351 363
351 364
351 365
351 366
351 368
351 369
351 370
351 371
351 373
351 374
351 375
351 376
351 377
351 378
351 380
351 381
351 382
352 354
352 355
352 357
352 358
352 361
352 362
352 363
352 364
352 365
352 366
352 367
352 370
352 371
352 372
352 373
352 374
352 375
352 376
352 378
352 380
352 382
352 383
353 356
353 359
353 360
353 361
353 362
353 364
353 366
353 368
353 370
353 371
353 372
353 374
353 375
353 376
353 379
353 380
353 381
353 382
353 383
354 355
354 356
354 357
354 358
354 361
354 363
354 364
354 365
354 366
354 367
354 368
354 369
354 370
354 372
354 374
354 375
354 377
354 378
354 379
354 380
354 382
354 383
355 356
355 357
355 358
355 360
355 361
355 363
355 364
355 365
355 366
355 368
355 370
355 371
355 372
355 373
355 375
355 376
355 377
355 378
355 379
355 380
355 382
355 383
356 357
356 358
356 359
356 360
356 361
356 362
356 363
356 365
356 366
356 367
356 368
356 371
356 373
356 374
356 376
356 378
356 380
356 407
356 410
357 358
357 359
357 360
357 361
357 362
357 363
357 364
357 365
357 366
357 367
357 369
357 370
357 371
357 372
357 373
357 377
357 378
357 379
357 381
357 382
357 383
357 415
357 427
358 360
358 361
358 363
358 364
358 365
358 367
358 368
358 369
358 370
358 372
358 373
358 375
358 376
358 378
358 379
358 381
358 382
358 463
359 360
359 361
359 362
359 363
359 366
359 367
359 368
359 369
359 370
359 372
359 374
359 378
359 380
359 382
359 383
360 362
360 363
360 364
360 365
360 368
360 371
360 372
360 373
360 375
360 377
360 378
360 380
360 381
360 382
360 401
360 436
361 362
361 364
361 366
361 367
361 368
361 370
361 371
361 372
361 375
361 376
361 377
361 378
361 379
361 380
361 381
361 382
361 383
361 423
362 363
362 366
362 369
362 370
362 371
362 372
362 373
362 374
362 375
362 376
362 377
362 378
362 379
362 380
362 382
362 471
363 364
363 365
363 366
363 367
363 368
363 369
363 370
363 371
363 375
363 376
363 379
363 380
363 382
363 383
363 437
363 452
364 366
364 367
364 368
364 370
364 371
364 372
364 373
364 374
364 375
364 377
364 379
364 380
364 381
364 475
365 366
365 367
365 368
365 369
365 370
365 371
365 372
365 373
365 374
365 376
365 377
365 378
365 381
365 382
365 383
366 367
366 368
366 370
366 372
366 373
366 374
366 376
366 377
366 378
366 382
366 383
366 416
366 430
367 368
367 369
367 370
367 372
367 373
367 375
367 376
367 377
367 379
367 380
367 383
368 369
368 370
368 371
368 372
368 373
368 374
368 375
368 376
368 377
368 378
368 379
368 380
368 381
368 382
368 451
368 455
369 371
369 372
369 373
369 374
369 375
369 376
369 378
369 379
369 380
369 381
370 371
370 373
370 374
370 375
370 379
370 380
370 381
370 382
370 383
370 427
371 372
371 373
371 374
371 375
371 376
371 377
371 378
371 380
371 381
371 383
372 373
372 375
372 376
372 377
372 378
372 379
372 383
373 374
373 375
373 377
373 378
373 379
373 380
373 381
373 382
373 383
373 403
374 376
374 377
374 379
374 380
374 381
374 383
374 420
374 465
374 489
375 377
375 380
375 381
375 382
375 383
376 377
376 378
376 379
376 380
376 381
376 383
377 378
377 380
377 381
377 383
378 379
378 380
378 381
378 383
379 380
379 382
379 383
379 401
380 382
380 383
381 382
381 412
381 491
382 383
382 457
382 476
382 482
383 400
383 475
400 401
400 402
400 403
400 404
400 405
400 406
400 407
400 408
400 409
400 412
400 414
400 415
400 416
400 417
400 418
400 419
400 420
400 421
400 422
400 423
400 424
400 425
400 427
400 429
400 430
400 431
400 432
400 434
400 435
400 436
400 437
400 438
400 439
400 441
400 442
400 444
400 445
400 447
400 472
400 492
401 402
401 403
401 404
401 405
401 407
401 408
401 409
401 410
401 411
401 413
401 414
401 415
401 416
401 417
401 418
401 419
401 420
401 422
401 423
401 424
401 425
401 426
401 429
401 430
401 431
401 432
401 434
401 435
401 436
401 437
401 438
401 439
401 441
401 442
401 443
401 445
401 447
401 448
401 490
402 403
402 404
402 405
402 406
402 408
402 409
402 411
402 412
402 414
402 416
402 417
402 418
402 419
402 420
402 421
402 423
402 424
402 426
402 428
402 431
402 433
402 434
402 435
402 436
402 437
402 438
402 439
402 440
402 442
402 443
402 444
402 446
402 447
403 404
403 407
403 408
403 409
403 410
403 411
403 413
403 416
403 417
403 418
403 419
403 420
403 421
403 422
403 423
403 425
403 426
403 427
403 429
403 432
403 433
403 434
403 435
403 437
403 438
403 440
403 441
403 442
403 444
403 445
403 446
403 447
403 449
404 405
404 407
404 408
404 409
404 410
404 411
404 413
404 416
404 417
404 419
404 420
404 422
404 423
404 424
404 426
404 428
404 429
404 431
404 434
404 435
404 437
404 439
404 441
404 442
404 447
404 448
404 449
404 456
405 406
405 407
405 409
405 410
405 413
405 414
405 416
405 417
405 418
405 419
405 420
405 421
405 422
405 423
405 424
405 425
405 426
405 428
405 430
405 431
405 435
405 437
405 439
405 442
405 444
405 445
405 446
405 447
405 448
405 449
406 408
406 409
406 411
406 413
406 414
406 415
406 417
406 418
406 420
406 421
406 422
406 423
406 426
406 427
406 429
406 430
406 432
406 433
406 434
406 435
406 436
406 437
406 438
406 441
406 445
406 446
406 447
406 448
406 449
407 411
407 412
407 413
407 414
407 415
407 416
407 417
407 419
407 422
407 423
407 424
407 425
407 426
407 427
407 431
407 432
407 435
407 438
407 439
407 441
407 444
407 445
407 446
407 447
407 448
407 449
408 409
408 410
408 411
408 412
408 413
408 414
408 415
408 416
408 418
408 419
408 420
408 422
408 423
408 424
408 425
408 426
408 427
408 430
408 432
408 433
408 434
408 435
408 436
408 437
408 438
408 441
408 442
408 443
408 444
408 445
408 447
408 448
408 449
409 410
409 411
409 413
409 418
409 419
409 421
409 423
409 424
409 426
409 427
409 428
409 429
409 430
409 433
409 434
409 435
409 436
409 437
409 438
409 439
409 440
409 441
409 444
409 445
409 468
409 494
410 413
410 415
410 416
410 417
410 419
410 420
410 421
410 422
410 423
410 425
410 427
410 431
410 432
410 434
410 435
410 437
410 439
410 440
410 442
410 445
410 446
410 449
411 413
411 414
411 415
411 416
411 417
411 418
411 419
411 420
411 421
411 422
411 424
411 425
411 427
411 428
411 430
411 432
411 433
411 435
411 436
411 437
411 438
411 440
411 441
411 442
411 444
411 445
411 446
411 447
411 448
411 449
412 413
412 414
412 415
412 416
412 417
412 418
412 419
412 421
412 422
412 423
412 424
412 425
412 426
412 428
412 429
412 430
412 431
412 433
412 434
412 435
412 437
412 439
412 440
412 442
412 443
412 445
412 446
412 447
412 448
412 449
413 414
413 415
413 416
413 417
413 418
413 420
413 421
413 422
413 423
413 428
413 429
413 430
413 431
413 433
413 434
413 435
413 437
413 438
413 439
413 440
413 441
413 442
413 443
413 444
413 447
413 449
413 498
414 415
414 416
414 417
414 419
414 420
414 421
414 422
414 423
414 424
414 426
414 427
414 428
414 429
414 430
414 434
414 435
414 436
414 438
414 440
414 441
414 442
414 443
414 444
414 448
415 416
415 418
415 419
415 420
415 422
415 423
415 426
415 427
415 429
415 430
415 431
415 432
415 433
415 434
415 435
415 436
415 437
415 438
415 440
415 441
415 442
415 443
415 445
415 446
415 447
415 448
415 451
416 417
416 418
416 419
416 420
416 421
416 422
416 423
416 424
416 425
416 426
416 427
416 428
416 429
416 430
416 432
416 436
416 437
416 439
416 443
416 446
416 447
416 448
416 449
416 498
417 419
417 421
417 422
417 423
417 424
417 425
417 427
417 428
417 429
417 430
417 431
417 433
417 434
417 436
417 437
417 438
417 441
417 442
417 443
417 445
417 447
417 449
417 456
418 419
418 420
418 421
418 422
418 423
418 424
418 425
418 427
418 428
418 430
418 433
418 434
418 435
418 437
418 438
418 440
418 441
418 442
418 443
418 445
418 446
418 447
418 448
418 449
419 420
419 421
419 422
419 423
419 424
419 425
419 426
419 427
419 428
419 430
419 431
419 432
419 433
419 434
419 435
419 436
419 437
419 438
419 439
419 440
419 441
419 442
419 443
419 445
419 446
419 448
419 449
420 421
420 422
420 424
420 425
420 427
420 429
420 430
420 431
420 432
420 433
420 434
420 435
420 436
420 437
420 438
420 440
420 441
420 444
420 446
420 447
420 448
420 449
420 460
421 422
421 423
421 425
421 426
421 427
421 428
421 429
421 431
421 432
421 433
421 434
421 435
421 436
421 437
421 439
421 440
421 442
421 443
421 444
421 445
421 447
421 449
421 492
422 423
422 425
422 426
422 427
422 429
422 431
422 432
422 433
422 434
422 435
422 436
422 438
422 439
422 441
422 442
422 443
422 445
422 447
422 448
422 449
423 426
423 427
423 428
423 429
423 430
423 431
423 432
423 433
423 434
423 435
423 436
423 437
423 438
423 440
423 442
423 443
423 444
423 445
423 446
423 448
423 449
423 470
424 426
424 427
424 428
424 429
424 430
424 431
424 432
424 433
424 434
424 435
424 436
424 437
424 438
424 439
424 441
424 442
424 443
424 445
424 447
424 449
425 427
425 428
425 429
425 430
425 433
425 436
425 437
425 438
425 440
425 441
425 442
425 443
425 445
425 446
425 448
425 449
425 480
426 427
426 428
426 429
426 431
426 434
426 435
426 436
426 438
426 439
426 440
426 442
426 443
426 444
426 445
426 446
426 447
426 457
427 428
427 429
427 430
427 432
427 433
427 434
427 436
427 437
427 439
427 440
427 441
427 444
427 445
427 446
427 447
427 449
427 491
428 429
428 430
428 431
428 435
428 436
428 437
428 438
428 439
428 440
428 441
428 442
428 443
428 444
428 445
428 448
429 430
429 431
429 434
429 435
429 436
429 437
429 439
429 440
429 441
429 443
429 444
429 445
429 448
429 449
430 431
430 432
430 437
430 439
430 440
430 441
430 444
430 447
430 448
430 449
431 432
431 433
431 434
431 435
431 437
431 441
431 442
431 443
431 444
431 447
431 448
431 467
432 433
432 434
432 435
432 437
432 439
432 440
432 441
432 442
432 445
432 446
432 448
432 449
432 487
433 435
433 436
433 437
433 438
433 440
433 441
433 442
433 444
433 445
433 446
433 447
434 435
434 436
434 438
434 440
434 441
434 442
434 443
434 445
434 446
434 447
434 448
434 449
435 438
435 439
435 440
435 441
435 442
435 443
435 448
435 499
436 437
436 438
436 440
436 441
436 443
436 444
436 446
436 448
436 461
437 438
437 439
437 440
437 442
437 445
437 446
437 447
437 448
438 439
438 440
438 441
438 443
438 444
438 446
438 448
439 442
439 444
439 446
439 447
439 448
439 449
440 441
440 444
440 445
440 446
440 447
440 448
441 442
441 443
441 444
441 445
441 448
441 449
442 443
442 444
442 445
442 446
442 447
442 448
442 449
443 444
443 445
443 446
443 447
443 449
443 473
444 445
444 446
444 447
444 449
444 492
445 447
445 449
447 489
449 453
450 451
450 452
450 453
450 454
450 455
450 460
450 461
450 462
450 463
450 464
450 467
450 468
450 470
450 471
450 472
450 473
450 474
450 476
450 477
450 478
450 479
450 480
450 481
450 482
450 483
450 484
450 486
450 487
450 491
450 492
450 495
450 498
450 499
451 453
451 454
451 459
451 460
451 461
451 462
451 463
451 465
451 466
451 467
451 468
451 470
451 472
451 473
451 474
451 475
451 476
451 477
451 479
451 480
451 481
451 482
451 483
451 484
451 485
451 487
451 488
451 490
451 491
451 495
451 496
451 499
452 453
452 454
452 455
452 458
452 461
452 462
452 464
452 465
452 466
452 467
452 468
452 470
452 471
452 472
452 473
452 474
452 475
452 476
452 478
452 479
452 480
452 481
452 483
452 485
452 488
452 490
452 496
452 497
452 498
452 499
453 454
453 455
453 456
453 457
453 458
453 459
453 460
453 461
453 462
453 465
453 466
453 467
453 469
453 470
453 471
453 472
453 473
453 474
453 476
453 477
453 478
453 480
453 481
453 482
453 483
453 485
453 486
453 488
453 489
453 490
453 491
453 492
453 493
453 494
453 499
454 455
454 456
454 457
454 460
454 461
454 462
454 463
454 466
454 467
454 469
454 471
454 472
454 473
454 474
454 475
454 476
454 477
454 478
454 479
454 480
454 481
454 483
454 484
454 485
454 486
454 487
454 490
454 492
454 493
454 494
454 496
454 498
455 456
455 457
455 458
455 459
455 460
455 462
455 463
455 465
455 468
455 469
455 471
455 472
455 473
455 474
455 475
455 476
455 479
455 480
455 481
455 484
455 485
455 486
455 487
455 488
455 491
455 493
455 495
455 496
455 497
455 499
456 457
456 458
456 459
456 460
456 463
456 464
456 467
456 469
456 470
456 471
456 473
456 474
456 475
456 476
456 477
456 479
456 480
456 481
456 482
456 483
456 484
456 485
456 486
456 487
456 488
456 489
456 490
456 491
456 492
456 495
456 497
456 498
456 499
457 458
457 459
457 460
457 461
457 463
457 465
457 466
457 467
457 468
457 469
457 470
457 471
457 474
457 475
457 476
457 480
457 481
457 483
457 485
457 487
457 488
457 490
457 491
457 492
457 496
457 497
457 498
458 459
458 460
458 463
458 464
458 465
458 468
458 469
458 472
458 475
458 478
458 481
458 483
458 484
458 485
458 486
458 487
458 490
458 491
458 492
458 494
458 495
458 496
458 497
458 498
458 499
459 460
459 462
459 463
459 465
459 467
459 468
459 469
459 471
459 472
459 473
459 476
459 477
459 478
459 479
459 481
459 483
459 484
459 485
459 487
459 488
459 489
459 490
459 491
459 493
459 498
459 499
460 462
460 463
460 464
460 465
460 466
460 468
460 470
460 471
460 472
460 473
460 478
460 479
460 481
460 482
460 483
460 484
460 486
460 488
460 489
460 490
460 491
460 492
460 495
460 496
460 497
460 498
460 499
461 463
461 464
461 465
461 468
461 469
461 471
461 472
461 473
461 476
461 477
461 478
461 480
461 482
461 483
461 486
461 487
461 489
461 490
461 491
461 492
461 493
461 494
461 496
461 497
461 498
461 499
462 463
462 464
462 465
462 466
462 468
462 471
462 473
462 474
462 475
462 476
462 478
462 479
462 484
462 485
462 486
462 487
462 488
462 489
462 490
462 493
462 494
462 498
462 499
463 464
463 466
463 467
463 468
463 469
463 470
463 474
463 478
463 479
463 480
463 481
463 482
463 483
463 484
463 485
463 487
463 488
463 491
463 493
463 494
463 495
463 497
463 499
464 465
464 466
464 467
464 469
464 472
464 474
464 475
464 476
464 477
464 478
464 479
464 480
464 481
464 483
464 484
464 485
464 487
464 488
464 489
464 490
464 491
464 492
464 494
464 495
464 496
464 497
464 498
465 466
465 468
465 469
465 470
465 472
465 474
465 479
465 480
465 481
465 482
465 483
465 484
465 485
465 486
465 487
465 488
465 489
465 492
465 494
465 495
465 497
465 498
466 467
466 468
466 469
466 470
466 471
466 472
466 473
466 474
466 475
466 476
466 477
466 478
466 479
466 480
466 481
466 482
466 483
466 485
466 486
466 487
466 489
466 490
466 491
466 493
466 494
466 495
466 496
466 497
466 498
466 499
467 468
467 469
467 470
467 471
467 472
467 473
467 476
467 477
467 479
467 480
467 481
467 482
467 483
467 484
467 485
467 486
467 487
467 488
467 489
467 490
467 491
467 492
467 493
467 494
467 495
467 496
467 497
467 498
467 499
468 469
468 470
468 471
468 472
468 473
468 474
468 475
468 480
468 481
468 482
468 483
468 484
468 485
468 486
468 487
468 488
468 491
468 492
468 493
468 494
468 495
468 496
468 497
468 498
468 499
469 471
469 472
469 474
469 475
469 476
469 477
469 479
469 481
469 482
469 483
469 484
469 486
469 487
469 488
469 490
469 491
469 492
469 495
469 496
469 497
470 472
470 476
470 477
470 479
470 481
470 483
470 484
470 487
470 488
470 489
470 490
470 491
470 493
470 494
470 498
470 499
471 472
471 473
471 475
471 477
471 478
471 479
471 481
471 483
471 484
471 485
471 486
471 487
471 488
471 489
471 492
471 493
471 495
471 496
471 497
471 498
471 499
472 473
472 474
472 477
472 478
472 480
472 481
472 482
472 483
472 484
472 486
472 487
472 488
472 489
472 491
472 492
472 496
472 497
472 498
472 499
473 474
473 475
473 477
473 478
473 479
473 480
473 481
473 482
473 483
473 484
473 486
473 487
473 488
473 489
473 491
473 492
473 493
473 494
473 495
473 497
473 498
473 499
474 475
474 476
474 478
474 482
474 484
474 485
474 486
474 487
474 490
474 492
474 494
474 495
474 496
474 497
474 498
475 476
475 477
475 478
475 479
475 480
475 481
475 482
475 485
475 486
475 487
475 489
475 490
475 492
475 493
475 496
475 498
475 499
476 477
476 478
476 479
476 480
476 482
476 483
476 484
476 485
476 486
476 487
476 488
476 489
476 491
476 493
476 494
476 496
476 497
476 498
476 499
477 480
477 481
477 485
477 486
477 487
477 489
477 492
477 493
477 494
477 495
477 497
477 498
477 499
478 479
478 480
478 481
478 482
478 483
478 484
478 485
478 486
478 487
478 489
478 490
478 493
478 495
478 497
478 498
478 499
479 480
479 481
479 482
479 483
479 484
479 485
479 487
479 488
479 490
479 491
479 492
479 494
479 495
479 496
479 497
479 499
480 481
480 482
480 484
480 485
480 486
480 487
480 488
480 490
480 492
480 493
480 494
480 495
480 496
480 498
481 482
481 483
481 485
481 486
481 487
481 488
481 489
481 491
481 494
481 495
481 497
481 499
482 484
482 485
482 486
482 487
482 488
482 489
482 490
482 491
482 495
482 496
482 497
482 499
483 486
483 488
483 489
483 490
483 491
483 492
483 494
483 495
483 496
483 497
483 498
483 499
484 485
484 486
484 488
484 489
484 491
484 492
484 493
484 494
484 497
484 498
484 499
485 487
485 489
485 491
485 492
485 493
485 495
485 496
485 497
485 498
486 489
486 490
486 491
486 492
486 493
486 494
486 498
486 499
487 489
487 490
487 491
487 492
487 494
487 495
487 498
488 489
488 491
488 493
488 494
488 495
488 498
488 499
489 491
489 493
489 494
489 495
489 497
489 499
490 491
490 493
490 494
490 495
490 497
490 498
491 492
491 493
491 494
491 495
491 496
491 497
491 498
491 499
492 494
492 496
492 497
492 498
492 499
493 496
493 498
493 499
494 495
494 496
494 497
494 498
494 499
495 496
495 498
495 499
496 498
496 499
497 499
498 499
