0 1
0 2
0 4
0 5
0 8
0 9
0 11
0 12
0 14
0 16
0 19
0 20
0 23
0 24
0 25
0 26
0 28
0 29
0 30
0 31
0 32
0 34
0 35
0 36
0 37
0 38
0 40
0 41
0 43
0 44
0 46
0 47
0 48
0 49
0 53
0 59
0 160
0 172
0 192
0 300
0 340
0 348
0 438
0 440
0 459
0 468
1 4
1 5
1 6
1 8
1 11
1 12
1 14
1 18
1 19
1 20
1 22
1 23
1 25
1 26
1 28
1 29
1 34
1 36
1 38
1 39
1 40
1 41
1 42
1 43
1 44
1 45
1 49
1 54
1 67
1 140
1 104
1 123
1 246
1 256
1 296
1 314
1 388
1 354
1 357
1 367
1 443
1 457
2 3
2 5
2 6
2 7
2 12
2 14
2 15
2 19
2 21
2 24
2 25
2 26
2 27
2 28
2 29
2 30
2 32
2 33
2 34
2 35
2 37
2 38
2 40
2 41
2 44
2 45
2 46
2 48
2 49
2 149
2 108
2 111
2 193
2 224
2 259
2 437
3 4
3 5
3 6
3 8
3 9
3 10
3 11
3 12
3 13
3 14
3 16
3 18
3 21
3 22
3 23
3 24
3 25
3 26
3 29
3 30
3 31
3 32
3 34
3 35
3 36
3 38
3 39
3 40
3 42
3 43
3 46
3 48
3 49
3 162
3 171
3 221
3 267
3 255
3 313
3 323
3 329
3 384
3 398
3 450
3 488
3 491
3 499
4 5
4 6
4 7
4 8
4 9
4 10
4 11
4 14
4 15
4 16
4 18
4 19
4 20
4 21
4 22
4 23
4 24
4 25
4 28
4 29
4 32
4 33
4 34
4 36
4 37
4 38
4 39
4 40
4 41
4 42
4 43
4 44
4 45
4 49
4 75
4 165
4 172
4 238
4 246
4 247
4 292
4 295
4 313
4 351
4 417
4 432
5 6
5 7
5 10
5 12
5 13
5 14
5 15
5 16
5 18
5 19
5 21
5 22
5 23
5 26
5 28
5 29
5 30
5 31
5 32
5 33
5 34
5 35
5 36
5 37
5 38
5 39
5 40
5 41
5 42
5 43
5 44
5 46
5 49
5 68
5 78
5 144
5 145
5 113
5 153
5 176
5 183
5 186
5 200
5 203
5 262
5 255
5 310
5 323
5 346
5 396
5 399
5 356
5 401
5 465
5 476
6 8
6 9
6 10
6 11
6 13
6 14
6 15
6 17
6 18
6 19
6 21
6 23
6 24
6 29
6 30
6 32
6 33
6 34
6 35
6 37
6 38
6 40
6 41
6 43
6 44
6 45
6 82
6 85
6 96
6 104
6 109
6 156
6 161
6 200
6 369
6 462
6 463
6 488
7 8
7 11
7 13
7 14
7 15
7 17
7 18
7 19
7 22
7 23
7 24
7 25
7 26
7 27
7 30
7 32
7 34
7 35
7 36
7 38
7 39
7 40
7 41
7 42
7 43
7 44
7 45
7 46
7 47
7 143
7 118
7 185
7 268
7 296
7 345
7 386
7 350
7 421
7 430
7 436
7 495
8 10
8 11
8 12
8 13
8 14
8 15
8 18
8 19
8 21
8 22
8 23
8 24
8 25
8 26
8 27
8 33
8 35
8 36
8 40
8 41
8 43
8 45
8 46
8 47
8 49
8 57
8 278
8 333
8 336
8 339
8 384
8 370
8 432
8 444
8 478
9 11
9 12
9 13
9 14
9 15
9 17
9 18
9 19
9 21
9 23
9 24
9 25
9 26
9 29
9 30
9 31
9 32
9 33
9 35
9 36
9 37
9 38
9 41
9 43
9 44
9 46
9 47
9 49
9 75
9 164
9 189
9 236
9 270
9 254
9 304
9 311
9 379
9 426
10 15
10 16
10 17
10 19
10 22
10 23
10 26
10 28
10 29
10 30
10 32
10 36
10 38
10 39
10 41
10 42
10 43
10 44
10 46
10 47
10 48
10 49
10 141
10 117
10 156
10 166
10 169
10 171
10 225
10 229
10 303
10 351
10 413
10 424
10 426
10 439
10 440
10 456
10 468
11 12
11 13
11 14
11 18
11 19
11 21
11 25
11 26
11 27
11 32
11 33
11 34
11 35
11 36
11 37
11 41
11 42
11 43
11 45
11 46
11 48
11 49
11 72
11 77
11 240
11 284
11 294
11 393
11 382
12 14
12 15
12 17
12 20
12 23
12 24
12 25
12 27
12 28
12 29
12 30
12 33
12 34
12 35
12 36
12 44
12 45
12 46
12 49
12 83
12 120
12 202
12 236
12 280
12 345
12 349
12 393
12 397
12 399
12 357
12 405
12 422
12 453
12 492
13 14
13 16
13 17
13 18
13 19
13 20
13 26
13 27
13 28
13 30
13 31
13 32
13 33
13 34
13 35
13 36
13 39
13 40
13 43
13 44
13 45
13 46
13 47
13 49
13 57
13 66
13 141
13 114
13 121
13 185
13 235
13 283
13 302
13 324
13 357
13 487
14 15
14 16
14 17
14 18
14 19
14 20
14 21
14 23
14 24
14 25
14 27
14 29
14 30
14 31
14 33
14 35
14 36
14 37
14 38
14 40
14 41
14 42
14 43
14 45
14 46
14 48
14 49
14 64
14 96
14 107
14 185
14 254
14 329
14 332
14 349
14 358
14 370
14 378
14 448
14 461
15 17
15 18
15 20
15 22
15 23
15 25
15 26
15 28
15 29
15 31
15 32
15 33
15 34
15 35
15 36
15 37
15 38
15 39
15 41
15 42
15 43
15 44
15 46
15 47
15 48
15 49
15 53
15 56
15 78
15 89
15 139
15 113
15 119
15 169
15 175
15 216
15 260
15 309
15 316
15 322
15 330
15 352
15 358
15 429
15 498
16 19
16 20
16 21
16 23
16 24
16 25
16 26
16 27
16 31
16 32
16 33
16 34
16 35
16 38
16 39
16 42
16 43
16 44
16 45
16 46
16 47
16 48
16 67
16 127
16 189
16 199
16 259
16 254
16 322
16 332
16 406
16 410
16 452
16 467
17 18
17 19
17 20
17 22
17 23
17 24
17 25
17 28
17 29
17 31
17 32
17 35
17 37
17 38
17 39
17 40
17 41
17 42
17 43
17 45
17 47
17 99
17 152
17 242
17 293
17 377
17 378
17 429
17 442
17 489
17 493
18 20
18 21
18 22
18 23
18 24
18 25
18 26
18 27
18 29
18 30
18 31
18 33
18 34
18 36
18 37
18 38
18 40
18 41
18 43
18 44
18 46
18 47
18 48
18 49
18 55
18 79
18 146
18 118
18 266
18 280
18 313
18 330
18 397
18 360
18 413
18 429
18 437
18 476
18 481
19 20
19 21
19 22
19 24
19 25
19 27
19 28
19 29
19 30
19 31
19 32
19 33
19 37
19 38
19 39
19 41
19 42
19 44
19 45
19 47
19 48
19 49
19 102
19 116
19 174
19 245
19 311
19 315
19 319
19 375
19 377
19 424
19 495
20 22
20 23
20 24
20 25
20 26
20 27
20 30
20 32
20 33
20 34
20 35
20 36
20 37
20 38
20 39
20 41
20 43
20 45
20 47
20 49
20 59
20 72
20 86
20 89
20 174
20 258
20 286
20 325
20 389
20 399
20 366
20 381
20 409
20 423
20 430
20 449
20 484
21 22
21 23
21 24
21 28
21 29
21 31
21 32
21 33
21 34
21 35
21 37
21 38
21 40
21 43
21 44
21 45
21 46
21 47
21 48
21 49
21 124
21 126
21 209
21 277
21 250
21 323
21 349
21 421
21 450
22 23
22 24
22 25
22 26
22 27
22 28
22 31
22 33
22 34
22 36
22 38
22 40
22 43
22 46
22 47
22 48
22 49
22 75
22 145
22 102
22 272
22 287
22 288
22 323
22 334
22 335
22 338
22 397
22 364
22 437
22 457
23 24
23 25
23 26
23 27
23 28
23 29
23 32
23 34
23 35
23 36
23 38
23 39
23 40
23 41
23 43
23 44
23 46
23 47
23 48
23 49
23 58
23 77
23 131
23 171
23 193
23 254
23 321
23 333
23 420
23 441
23 470
24 25
24 26
24 27
24 28
24 30
24 33
24 35
24 36
24 38
24 39
24 43
24 44
24 45
24 47
24 48
24 49
24 138
24 223
24 275
24 323
24 388
24 391
24 410
24 498
25 28
25 29
25 30
25 31
25 32
25 33
25 34
25 35
25 36
25 38
25 39
25 41
25 42
25 43
25 44
25 45
25 46
25 47
25 48
25 49
25 50
25 65
25 202
25 203
25 259
25 264
25 297
25 298
25 300
25 413
25 483
26 27
26 28
26 31
26 33
26 35
26 36
26 38
26 39
26 40
26 41
26 42
26 45
26 46
26 47
26 49
26 52
26 59
26 79
26 82
26 95
26 109
26 211
26 277
26 278
26 339
26 340
26 346
26 390
26 438
27 28
27 30
27 32
27 35
27 36
27 37
27 38
27 39
27 40
27 41
27 42
27 43
27 45
27 46
27 47
27 48
27 57
27 138
27 144
27 112
27 230
27 284
27 321
27 326
27 392
27 361
27 401
27 419
27 428
27 437
27 476
27 481
27 485
28 29
28 30
28 32
28 33
28 34
28 35
28 37
28 39
28 40
28 43
28 46
28 49
28 147
28 103
28 115
28 191
28 245
28 249
28 267
28 283
28 398
28 400
28 477
28 482
29 30
29 31
29 32
29 34
29 35
29 36
29 38
29 40
29 41
29 42
29 44
29 46
29 47
29 48
29 49
29 62
29 66
29 97
29 126
29 161
29 179
29 180
29 193
29 199
29 200
29 291
29 390
29 366
29 436
29 450
29 475
30 32
30 33
30 34
30 35
30 37
30 38
30 39
30 40
30 41
30 44
30 45
30 46
30 52
30 62
30 89
30 96
30 101
30 163
30 188
30 227
30 279
30 295
30 338
30 427
30 455
30 474
30 475
31 32
31 33
31 34
31 35
31 36
31 37
31 38
31 39
31 40
31 41
31 42
31 43
31 44
31 48
31 49
31 51
31 55
31 95
31 135
31 108
31 191
31 288
31 312
31 318
31 353
31 357
31 417
31 418
31 423
31 475
32 33
32 35
32 37
32 38
32 39
32 40
32 41
32 42
32 44
32 45
32 46
32 47
32 76
32 97
32 187
32 209
32 234
32 243
32 257
32 300
32 425
32 458
32 481
33 35
33 37
33 40
33 41
33 42
33 44
33 45
33 47
33 48
33 49
33 75
33 95
33 97
33 139
33 122
33 180
33 208
33 215
33 245
33 257
33 389
33 390
33 351
33 357
33 373
33 380
33 400
33 442
33 458
33 464
33 481
33 496
34 35
34 37
34 39
34 41
34 42
34 43
34 44
34 45
34 46
34 47
34 48
34 49
34 68
34 145
34 197
34 199
34 267
34 278
34 286
34 250
34 315
34 323
34 338
34 354
34 364
34 403
35 36
35 37
35 38
35 39
35 40
35 42
35 43
35 45
35 46
35 48
35 49
35 140
35 114
35 194
35 210
35 222
35 251
35 314
35 320
35 372
35 430
35 431
35 447
35 460
35 471
35 486
36 37
36 38
36 39
36 41
36 43
36 44
36 45
36 47
36 60
36 317
36 388
36 389
36 395
37 39
37 40
37 41
37 42
37 43
37 44
37 45
37 46
37 47
37 48
37 49
37 70
37 105
37 182
37 184
37 207
37 242
37 266
37 289
37 305
37 394
37 352
37 355
37 358
37 373
37 378
37 401
37 464
37 467
37 468
38 40
38 42
38 44
38 45
38 46
38 49
38 55
38 68
38 148
38 125
38 155
38 171
38 188
38 189
38 208
38 213
38 221
38 222
38 278
38 300
38 313
38 371
38 437
38 477
39 40
39 42
39 44
39 46
39 47
39 48
39 50
39 71
39 119
39 122
39 169
39 170
39 175
39 242
39 297
39 388
39 393
39 382
39 401
39 402
39 424
39 468
39 476
39 490
40 41
40 43
40 45
40 46
40 48
40 84
40 186
40 219
40 294
40 321
40 410
40 418
40 450
40 497
41 43
41 44
41 46
41 47
41 49
41 77
41 148
41 120
41 186
41 200
41 266
41 275
41 283
41 368
41 370
41 378
41 490
42 43
42 44
42 45
42 46
42 47
42 48
42 49
42 132
42 105
42 117
42 231
42 253
42 255
42 459
43 45
43 46
43 47
43 48
43 53
43 85
43 98
43 123
43 188
43 189
43 225
43 247
43 317
43 338
43 343
43 398
43 412
43 432
43 440
43 461
43 497
44 45
44 48
44 165
44 187
44 190
44 191
44 229
44 284
45 46
45 47
45 48
45 49
45 154
45 192
45 210
45 272
45 353
45 400
45 418
45 422
45 467
45 469
45 479
46 113
46 248
46 287
46 318
46 333
46 348
46 396
46 397
46 402
46 430
46 445
47 48
47 49
47 73
47 110
47 123
47 150
47 163
47 243
47 255
47 312
47 336
47 389
47 356
47 411
47 456
48 49
48 81
48 82
48 222
48 234
48 325
48 329
48 343
48 352
48 358
48 436
48 480
48 496
49 129
49 122
49 123
49 152
49 168
49 171
49 184
49 191
49 211
49 289
49 255
49 306
49 315
49 320
49 388
49 425
49 432
49 447
49 454
50 52
50 53
50 55
50 56
50 58
50 59
50 60
50 61
50 62
50 63
50 64
50 65
50 66
50 67
50 68
50 70
50 71
50 72
50 73
50 74
50 75
50 76
50 79
50 80
50 81
50 82
50 84
50 85
50 86
50 88
50 90
50 91
50 92
50 94
50 95
50 96
50 97
50 98
50 99
50 162
50 247
50 286
50 340
50 347
50 353
50 454
50 471
50 477
50 493
51 52
51 56
51 57
51 58
51 59
51 60
51 61
51 62
51 65
51 66
51 68
51 70
51 73
51 75
51 76
51 77
51 79
51 81
51 82
51 83
51 85
51 86
51 87
51 89
51 90
51 91
51 95
51 97
51 98
51 125
51 175
51 224
51 256
51 279
51 285
51 287
51 306
51 318
51 332
51 348
51 392
51 379
51 414
51 424
51 434
51 449
51 498
52 53
52 54
52 57
52 58
52 59
52 60
52 61
52 62
52 63
52 65
52 66
52 67
52 69
52 70
52 72
52 76
52 77
52 78
52 79
52 81
52 83
52 84
52 85
52 86
52 88
52 89
52 90
52 91
52 92
52 95
52 96
52 97
52 99
52 103
52 182
52 191
52 227
52 272
52 289
52 314
52 390
52 394
52 377
52 381
52 403
52 426
53 54
53 55
53 56
53 57
53 60
53 61
53 62
53 63
53 64
53 65
53 66
53 68
53 72
53 74
53 75
53 76
53 78
53 79
53 80
53 82
53 83
53 84
53 86
53 88
53 89
53 91
53 92
53 94
53 96
53 97
53 119
53 185
53 200
53 203
53 223
53 324
53 386
53 350
53 400
53 410
53 416
53 438
53 462
53 463
53 497
54 56
54 57
54 59
54 60
54 61
54 62
54 63
54 64
54 65
54 67
54 68
54 69
54 70
54 71
54 72
54 73
54 74
54 75
54 76
54 78
54 80
54 85
54 86
54 87
54 88
54 89
54 91
54 92
54 93
54 94
54 95
54 96
54 97
54 98
54 99
54 108
54 109
54 298
54 251
54 319
54 322
54 340
54 392
54 371
54 380
54 415
54 419
54 433
54 485
55 56
55 57
55 58
55 59
55 63
55 64
55 67
55 69
55 73
55 75
55 76
55 77
55 78
55 80
55 81
55 82
55 83
55 84
55 85
55 86
55 87
55 89
55 91
55 92
55 93
55 94
55 95
55 97
55 98
55 99
55 146
55 105
55 167
55 235
55 281
55 302
55 341
55 422
55 493
56 57
56 58
56 61
56 62
56 64
56 65
56 67
56 68
56 69
56 70
56 71
56 72
56 74
56 76
56 77
56 78
56 79
56 81
56 82
56 83
56 84
56 85
56 86
56 89
56 90
56 91
56 92
56 99
56 129
56 100
56 152
56 155
56 251
56 365
56 452
56 478
56 496
57 58
57 60
57 62
57 63
57 65
57 66
57 67
57 69
57 70
57 71
57 72
57 73
57 75
57 76
57 77
57 78
57 79
57 80
57 82
57 83
57 84
57 85
57 89
57 90
57 91
57 92
57 96
57 97
57 98
57 99
57 140
57 199
57 214
57 241
57 261
57 269
57 271
57 387
57 434
57 457
57 478
57 487
58 59
58 61
58 63
58 64
58 65
58 66
58 67
58 68
58 69
58 71
58 72
58 73
58 74
58 76
58 77
58 78
58 79
58 80
58 81
58 83
58 84
58 87
58 88
58 89
58 90
58 91
58 96
58 97
58 98
58 99
58 203
58 227
58 232
58 241
58 288
58 312
58 319
58 387
58 354
58 434
58 448
58 451
58 466
58 473
59 61
59 63
59 64
59 66
59 67
59 68
59 69
59 70
59 71
59 75
59 76
59 77
59 78
59 79
59 81
59 82
59 83
59 84
59 85
59 86
59 87
59 88
59 89
59 90
59 91
59 92
59 95
59 97
59 98
59 99
59 171
59 298
59 392
59 383
59 431
59 432
59 442
59 462
59 465
59 475
60 61
60 62
60 63
60 64
60 65
60 66
60 67
60 68
60 69
60 71
60 72
60 74
60 75
60 78
60 79
60 80
60 83
60 85
60 88
60 89
60 90
60 92
60 93
60 94
60 95
60 96
60 97
60 98
60 99
60 106
60 200
60 216
60 227
60 377
60 419
60 433
60 455
60 458
60 487
61 63
61 64
61 65
61 66
61 67
61 68
61 69
61 70
61 71
61 72
61 73
61 74
61 75
61 76
61 79
61 81
61 82
61 83
61 84
61 85
61 86
61 88
61 89
61 91
61 93
61 94
61 95
61 96
61 98
61 99
61 135
61 124
61 174
61 224
61 240
61 256
61 288
61 315
61 320
61 343
61 365
61 368
61 381
61 418
61 437
61 443
61 461
61 476
62 63
62 64
62 66
62 67
62 71
62 73
62 74
62 75
62 76
62 77
62 78
62 79
62 80
62 81
62 82
62 83
62 85
62 86
62 87
62 88
62 89
62 91
62 94
62 96
62 97
62 98
62 137
62 138
62 207
62 225
62 243
62 263
62 250
62 393
62 356
62 360
62 375
62 379
62 405
62 413
62 442
63 64
63 65
63 66
63 68
63 69
63 70
63 71
63 73
63 74
63 75
63 76
63 77
63 78
63 79
63 82
63 83
63 84
63 85
63 86
63 87
63 88
63 91
63 93
63 94
63 95
63 96
63 97
63 99
63 158
63 161
63 201
63 274
63 283
63 293
63 302
63 312
63 335
63 345
63 414
63 444
63 489
64 65
64 66
64 67
64 69
64 71
64 72
64 73
64 74
64 76
64 77
64 80
64 82
64 84
64 85
64 86
64 87
64 88
64 89
64 90
64 91
64 92
64 93
64 94
64 95
64 96
64 97
64 99
64 234
64 235
64 304
64 308
64 310
64 328
64 330
64 344
64 370
64 375
64 438
65 67
65 68
65 69
65 71
65 72
65 73
65 74
65 76
65 77
65 78
65 79
65 81
65 83
65 84
65 86
65 88
65 89
65 90
65 91
65 93
65 95
65 96
65 97
65 98
65 169
65 232
65 238
65 246
65 257
65 262
65 278
65 435
65 474
66 67
66 68
66 69
66 70
66 71
66 72
66 73
66 74
66 75
66 80
66 81
66 83
66 84
66 85
66 86
66 87
66 89
66 90
66 92
66 93
66 94
66 95
66 96
66 97
66 99
66 146
66 109
66 153
66 196
66 219
66 231
66 252
66 321
66 339
66 346
66 362
66 427
66 443
66 494
66 495
67 70
67 71
67 72
67 74
67 75
67 76
67 78
67 79
67 80
67 81
67 83
67 85
67 87
67 88
67 89
67 90
67 91
67 92
67 93
67 94
67 95
67 96
67 98
67 99
67 142
67 159
67 195
67 259
67 279
67 252
67 253
67 314
67 352
67 488
68 70
68 71
68 72
68 74
68 75
68 77
68 78
68 79
68 80
68 81
68 82
68 83
68 86
68 88
68 89
68 91
68 92
68 93
68 94
68 95
68 96
68 97
68 98
68 99
68 144
68 104
68 112
68 266
68 294
68 346
68 354
68 373
68 449
68 456
68 497
69 70
69 71
69 72
69 74
69 75
69 76
69 77
69 78
69 79
69 81
69 82
69 85
69 86
69 87
69 90
69 91
69 92
69 93
69 96
69 97
69 99
69 135
69 139
69 150
69 158
69 209
69 232
69 261
69 262
69 270
69 280
69 320
69 344
69 361
69 462
69 468
69 484
69 490
70 71
70 72
70 73
70 74
70 75
70 76
70 77
70 78
70 79
70 80
70 81
70 82
70 83
70 84
70 85
70 86
70 87
70 88
70 90
70 91
70 92
70 93
70 94
70 95
70 96
70 97
70 98
70 99
70 172
70 190
70 234
70 235
70 284
70 329
70 333
70 392
70 364
70 377
70 379
70 383
70 485
71 72
71 74
71 75
71 77
71 79
71 80
71 81
71 82
71 84
71 85
71 86
71 87
71 89
71 90
71 91
71 92
71 93
71 94
71 95
71 96
71 103
71 268
71 275
71 302
71 320
71 377
71 403
71 433
71 444
71 449
72 74
72 76
72 77
72 80
72 82
72 84
72 85
72 87
72 88
72 89
72 90
72 91
72 93
72 94
72 97
72 98
72 99
72 144
72 174
72 243
72 265
72 275
72 350
72 356
72 375
73 74
73 76
73 77
73 78
73 81
73 82
73 83
73 84
73 85
73 90
73 92
73 93
73 94
73 95
73 96
73 97
73 98
73 160
73 174
73 190
73 202
73 215
73 238
73 410
73 422
73 444
73 451
74 77
74 79
74 80
74 81
74 82
74 83
74 84
74 86
74 88
74 89
74 91
74 92
74 94
74 95
74 96
74 97
74 98
74 159
74 172
74 182
74 188
74 215
74 240
74 270
74 298
74 308
74 314
74 328
74 335
74 391
74 398
74 356
74 424
74 459
74 468
75 76
75 77
75 78
75 79
75 80
75 83
75 84
75 85
75 87
75 88
75 89
75 90
75 91
75 92
75 93
75 94
75 96
75 97
75 98
75 99
75 146
75 107
75 190
75 206
75 216
75 231
75 238
75 308
75 344
75 369
75 461
75 466
75 478
75 497
76 80
76 83
76 86
76 87
76 89
76 91
76 93
76 94
76 95
76 96
76 97
76 98
76 99
76 127
76 155
76 190
76 281
76 314
76 357
76 416
76 435
76 481
77 78
77 83
77 84
77 85
77 86
77 87
77 88
77 89
77 91
77 92
77 93
77 94
77 95
77 96
77 97
77 98
77 99
77 138
77 124
77 227
77 250
77 385
77 357
77 432
77 467
77 480
78 80
78 81
78 82
78 84
78 85
78 87
78 91
78 92
78 93
78 95
78 96
78 97
78 98
78 99
78 134
78 146
78 157
78 187
78 217
78 279
78 322
78 331
78 353
78 428
78 479
78 484
79 80
79 81
79 82
79 85
79 87
79 88
79 89
79 90
79 94
79 95
79 97
79 99
79 131
79 146
79 115
79 116
79 162
79 163
79 165
79 171
79 186
79 191
79 207
79 208
79 211
79 214
79 287
79 293
79 318
79 328
79 333
79 360
79 424
79 425
79 440
80 81
80 82
80 83
80 84
80 85
80 86
80 87
80 88
80 91
80 94
80 95
80 96
80 97
80 98
80 99
80 130
80 106
80 118
80 158
80 259
80 286
80 250
80 314
80 482
81 84
81 85
81 86
81 87
81 89
81 90
81 91
81 93
81 94
81 95
81 96
81 97
81 98
81 99
81 140
81 148
81 174
81 273
81 275
81 251
81 341
81 387
81 368
81 402
81 482
82 83
82 84
82 86
82 88
82 89
82 90
82 91
82 92
82 93
82 95
82 96
82 97
82 99
82 125
82 210
82 241
82 265
82 269
82 254
82 302
82 304
82 350
82 367
82 404
82 466
82 467
82 493
83 85
83 88
83 90
83 91
83 92
83 93
83 95
83 96
83 99
83 139
83 124
83 151
83 158
83 190
83 204
83 217
83 278
83 309
83 398
83 417
83 440
83 441
83 489
84 85
84 88
84 89
84 90
84 92
84 93
84 94
84 95
84 97
84 98
84 99
84 129
84 141
84 100
84 186
84 210
84 283
84 388
84 361
84 377
84 417
84 493
85 86
85 88
85 89
85 90
85 91
85 92
85 93
85 94
85 95
85 96
85 98
85 99
85 123
85 227
85 274
85 310
85 326
85 331
85 334
85 416
85 466
85 481
86 87
86 88
86 90
86 91
86 94
86 96
86 97
86 98
86 175
86 178
86 231
86 295
86 307
86 360
86 401
86 426
86 479
87 89
87 90
87 92
87 93
87 96
87 98
87 148
87 117
87 163
87 176
87 215
87 221
87 321
87 336
87 394
87 374
87 432
87 446
87 482
87 484
88 89
88 90
88 91
88 92
88 93
88 95
88 96
88 97
88 151
88 210
88 278
88 305
88 310
88 322
88 393
89 93
89 94
89 95
89 96
89 97
89 98
89 99
89 129
89 100
89 201
89 211
89 217
89 219
89 262
89 341
89 374
89 400
89 427
89 433
89 448
89 492
90 91
90 92
90 93
90 95
90 96
90 98
90 99
90 135
90 136
90 139
90 140
90 146
90 120
90 160
90 164
90 174
90 184
90 187
90 282
90 298
90 318
90 338
90 353
91 92
91 93
91 95
91 96
91 99
91 154
91 188
91 214
91 220
91 234
91 247
91 249
91 256
91 259
91 317
91 376
91 377
92 94
92 95
92 96
92 97
92 98
92 99
92 140
92 112
92 278
92 379
92 424
92 462
92 476
92 477
92 478
93 94
93 95
93 96
93 97
93 98
93 108
93 159
93 178
93 184
93 192
93 213
93 277
93 356
93 364
93 415
94 95
94 97
94 99
94 201
94 234
94 278
94 319
94 346
94 364
94 412
94 414
94 426
94 455
95 96
95 99
95 138
95 123
95 268
95 287
95 294
95 296
95 341
95 383
95 464
95 467
95 471
96 98
96 99
96 152
96 165
96 201
96 207
96 427
96 428
96 430
96 481
96 499
97 98
97 99
97 146
97 228
97 273
97 395
97 453
97 474
98 99
98 132
98 139
98 147
98 213
98 236
98 238
98 321
98 342
98 374
98 409
98 411
98 415
98 417
98 425
98 451
98 460
98 490
98 495
99 105
99 116
99 120
99 229
99 235
99 251
99 319
99 337
99 386
99 402
99 414
99 433
99 498
128 129
128 130
128 132
128 133
128 136
128 138
128 139
128 140
128 141
128 142
128 143
128 144
128 145
128 146
128 147
128 100
128 101
128 104
128 106
128 108
128 109
128 110
128 111
128 112
128 113
128 114
128 115
128 116
128 118
128 119
128 120
128 121
128 122
128 123
128 124
128 125
128 126
128 127
128 181
128 217
128 218
128 225
128 260
128 293
128 384
128 361
128 447
129 130
129 131
129 132
129 133
129 134
129 135
129 136
129 137
129 138
129 139
129 140
129 141
129 142
129 143
129 144
129 145
129 146
129 147
129 148
129 149
129 100
129 101
129 103
129 104
129 105
129 106
129 107
129 108
129 109
129 110
129 115
129 118
129 120
129 121
129 122
129 123
129 125
129 127
129 151
129 178
129 203
129 209
129 223
129 226
129 278
129 352
129 354
129 363
129 446
130 131
130 132
130 133
130 135
130 136
130 137
130 141
130 145
130 146
130 147
130 149
130 100
130 101
130 102
130 103
130 104
130 105
130 106
130 107
130 108
130 109
130 110
130 111
130 112
130 113
130 114
130 116
130 117
130 119
130 121
130 122
130 123
130 124
130 125
130 127
130 197
130 230
130 288
130 298
130 317
130 318
130 337
130 386
130 389
130 352
130 376
130 377
130 426
130 431
130 461
131 132
131 133
131 135
131 136
131 137
131 138
131 139
131 140
131 141
131 142
131 146
131 147
131 148
131 100
131 101
131 103
131 104
131 105
131 106
131 107
131 108
131 111
131 112
131 113
131 115
131 116
131 118
131 119
131 121
131 122
131 124
131 126
131 127
131 188
131 196
131 211
131 333
131 335
131 363
131 373
131 382
131 410
131 419
131 449
131 466
132 135
132 136
132 137
132 138
132 139
132 140
132 141
132 143
132 144
132 145
132 146
132 147
132 148
132 101
132 102
132 103
132 104
132 105
132 108
132 109
132 110
132 111
132 112
132 114
132 115
132 116
132 118
132 122
132 124
132 125
132 126
132 224
132 233
132 299
132 312
132 318
132 368
132 404
132 415
132 448
133 134
133 136
133 137
133 138
133 139
133 140
133 141
133 144
133 145
133 146
133 148
133 149
133 100
133 101
133 103
133 104
133 105
133 107
133 109
133 110
133 112
133 113
133 114
133 115
133 117
133 118
133 119
133 120
133 121
133 122
133 124
133 125
133 126
133 127
133 183
133 290
133 312
133 369
133 401
133 418
133 456
133 472
134 135
134 136
134 137
134 139
134 140
134 141
134 142
134 143
134 144
134 145
134 148
134 149
134 100
134 101
134 103
134 105
134 106
134 107
134 108
134 110
134 112
134 114
134 116
134 117
134 118
134 120
134 121
134 122
134 123
134 124
134 126
134 157
134 195
134 201
134 203
134 266
134 292
134 306
134 321
134 388
134 358
134 367
134 382
135 136
135 137
135 139
135 140
135 141
135 142
135 143
135 147
135 148
135 149
135 100
135 102
135 103
135 104
135 107
135 108
135 109
135 110
135 111
135 112
135 113
135 115
135 116
135 117
135 118
135 119
135 120
135 121
135 124
135 125
135 126
135 127
135 153
135 176
135 320
135 327
135 347
135 395
135 358
135 440
135 497
136 138
136 139
136 140
136 141
136 142
136 144
136 146
136 147
136 148
136 100
136 101
136 102
136 103
136 104
136 105
136 107
136 108
136 109
136 110
136 112
136 113
136 114
136 115
136 116
136 117
136 118
136 119
136 120
136 121
136 122
136 123
136 125
136 126
136 127
136 199
136 345
137 138
137 139
137 140
137 142
137 143
137 145
137 146
137 147
137 148
137 100
137 102
137 103
137 104
137 105
137 106
137 107
137 108
137 109
137 110
137 111
137 112
137 113
137 115
137 116
137 117
137 118
137 119
137 120
137 122
137 123
137 124
137 127
137 155
137 167
137 238
137 278
137 321
137 398
137 350
137 402
137 438
137 475
137 488
138 139
138 141
138 142
138 144
138 146
138 147
138 148
138 100
138 101
138 102
138 105
138 107
138 108
138 109
138 110
138 112
138 113
138 115
138 116
138 117
138 119
138 120
138 123
138 124
138 125
138 127
138 153
138 171
138 200
138 231
138 263
138 271
138 274
138 314
138 450
138 461
139 140
139 141
139 142
139 143
139 144
139 146
139 100
139 101
139 103
139 106
139 108
139 110
139 113
139 114
139 115
139 116
139 117
139 119
139 121
139 122
139 124
139 125
139 126
139 195
139 214
139 217
139 321
139 326
139 331
139 415
139 443
140 142
140 143
140 145
140 146
140 147
140 149
140 100
140 101
140 102
140 103
140 104
140 105
140 106
140 107
140 108
140 109
140 113
140 114
140 115
140 116
140 117
140 119
140 120
140 122
140 123
140 124
140 125
140 127
140 210
140 221
140 275
140 347
140 349
140 379
141 142
141 145
141 146
141 147
141 148
141 149
141 100
141 101
141 102
141 104
141 105
141 106
141 110
141 111
141 112
141 113
141 114
141 115
141 116
141 118
141 119
141 120
141 122
141 124
141 125
141 126
141 127
141 184
141 203
141 307
141 318
141 333
141 345
141 478
141 498
142 144
142 146
142 147
142 149
142 100
142 102
142 104
142 106
142 107
142 108
142 109
142 110
142 111
142 113
142 114
142 115
142 116
142 117
142 118
142 119
142 120
142 122
142 124
142 127
142 157
142 166
142 235
142 261
142 301
142 310
142 381
142 434
142 466
142 472
143 144
143 146
143 147
143 148
143 149
143 100
143 103
143 104
143 107
143 108
143 110
143 112
143 114
143 116
143 117
143 118
143 119
143 122
143 123
143 124
143 127
143 157
143 165
143 219
143 273
143 274
143 281
143 320
143 380
143 411
143 423
143 439
143 457
143 458
144 145
144 148
144 101
144 104
144 105
144 107
144 112
144 113
144 114
144 115
144 116
144 117
144 118
144 119
144 122
144 123
144 124
144 125
144 126
144 127
144 187
144 222
144 234
144 287
144 294
144 326
144 341
144 363
144 375
144 410
144 451
144 454
144 460
144 476
145 146
145 147
145 148
145 149
145 102
145 104
145 105
145 106
145 107
145 108
145 111
145 112
145 114
145 115
145 116
145 117
145 118
145 119
145 120
145 122
145 123
145 124
145 126
145 279
145 254
145 303
145 385
145 394
145 353
145 464
145 493
146 100
146 102
146 103
146 106
146 108
146 110
146 111
146 113
146 114
146 115
146 116
146 119
146 120
146 121
146 122
146 124
146 125
146 126
146 127
146 245
146 267
146 250
146 326
146 361
146 409
146 415
146 436
146 499
147 100
147 101
147 104
147 105
147 106
147 107
147 108
147 109
147 110
147 113
147 115
147 116
147 118
147 120
147 122
147 124
147 126
147 127
147 169
147 196
147 201
147 203
147 236
147 265
147 280
147 283
147 290
147 348
147 442
148 149
148 100
148 102
148 103
148 109
148 110
148 111
148 114
148 115
148 116
148 117
148 119
148 120
148 122
148 123
148 125
148 126
148 127
148 158
148 177
148 194
148 236
148 241
148 248
148 256
148 261
148 283
148 400
149 100
149 102
149 103
149 104
149 106
149 109
149 111
149 112
149 115
149 116
149 121
149 122
149 123
149 125
149 126
149 157
149 194
149 201
149 293
149 326
149 418
149 469
149 471
149 473
100 101
100 102
100 103
100 104
100 106
100 107
100 108
100 110
100 111
100 112
100 113
100 114
100 117
100 121
100 123
100 124
100 125
100 126
100 127
100 166
100 233
100 299
100 252
100 332
100 396
100 367
100 374
100 416
100 470
100 476
101 102
101 105
101 106
101 108
101 109
101 110
101 111
101 112
101 113
101 114
101 119
101 122
101 124
101 127
101 173
101 189
101 211
101 236
101 275
101 338
101 359
101 426
101 454
102 104
102 105
102 106
102 107
102 108
102 109
102 110
102 111
102 113
102 116
102 117
102 118
102 119
102 120
102 121
102 122
102 125
102 127
102 171
102 184
102 210
102 242
102 276
102 282
102 291
102 312
102 331
102 401
102 447
102 469
102 480
103 104
103 106
103 107
103 109
103 111
103 112
103 113
103 114
103 115
103 116
103 118
103 119
103 120
103 122
103 124
103 126
103 206
103 210
103 218
103 400
103 406
103 415
103 457
103 498
104 105
104 106
104 107
104 108
104 109
104 111
104 112
104 113
104 115
104 116
104 117
104 118
104 119
104 120
104 121
104 122
104 123
104 124
104 125
104 126
104 127
104 152
104 202
104 224
104 234
104 239
104 257
104 330
104 344
104 348
104 353
104 382
104 429
104 437
104 459
104 464
105 106
105 107
105 108
105 109
105 110
105 111
105 112
105 113
105 114
105 115
105 116
105 117
105 118
105 119
105 120
105 121
105 122
105 123
105 124
105 126
105 127
105 398
105 352
105 405
105 428
106 111
106 112
106 113
106 115
106 116
106 121
106 123
106 124
106 126
106 127
106 158
106 204
106 249
106 271
106 279
106 254
106 315
106 339
106 388
106 364
106 424
106 455
106 486
107 110
107 111
107 112
107 113
107 114
107 115
107 116
107 117
107 119
107 120
107 121
107 123
107 124
107 125
107 127
107 181
107 210
107 225
107 229
107 301
107 317
107 318
107 366
107 401
107 418
107 424
107 467
107 474
107 479
107 483
108 109
108 111
108 113
108 114
108 116
108 119
108 120
108 121
108 122
108 124
108 126
108 214
108 375
108 411
108 443
109 110
109 111
109 112
109 114
109 115
109 116
109 117
109 119
109 120
109 121
109 122
109 124
109 125
109 126
109 127
109 212
109 224
109 249
109 282
109 337
109 357
109 420
109 424
109 441
109 484
110 111
110 112
110 113
110 114
110 115
110 116
110 119
110 121
110 122
110 123
110 124
110 125
110 126
110 127
110 166
110 178
110 197
110 208
110 267
110 341
110 368
110 449
110 475
110 477
110 480
111 112
111 113
111 116
111 118
111 119
111 120
111 121
111 122
111 123
111 124
111 126
111 127
111 258
111 262
111 362
111 365
111 377
111 451
112 113
112 114
112 115
112 119
112 120
112 121
112 122
112 123
112 124
112 125
112 126
112 192
112 218
112 372
112 464
113 114
113 115
113 116
113 117
113 120
113 121
113 123
113 125
113 127
113 196
113 216
113 277
113 282
113 297
113 312
113 397
113 379
113 383
113 424
113 492
114 116
114 117
114 118
114 119
114 122
114 123
114 124
114 125
114 126
114 127
114 203
114 267
114 270
114 288
114 318
114 337
114 378
114 451
114 465
114 470
115 116
115 117
115 118
115 120
115 121
115 122
115 125
115 127
115 162
115 186
115 204
115 217
115 220
115 293
115 326
115 345
115 388
115 456
116 117
116 118
116 119
116 120
116 121
116 123
116 124
116 125
116 126
116 156
116 202
116 208
116 224
116 232
116 234
116 327
116 360
116 408
116 456
117 120
117 121
117 122
117 123
117 125
117 127
117 155
117 183
117 218
117 256
117 284
117 393
117 360
117 382
117 423
117 465
117 472
118 119
118 120
118 121
118 124
118 125
118 126
118 154
118 163
118 169
118 172
118 256
118 290
118 300
118 383
118 412
118 465
118 480
118 498
119 120
119 121
119 122
119 124
119 127
119 223
119 305
119 327
119 329
119 415
119 437
119 476
120 121
120 122
120 124
120 127
120 162
120 167
120 210
120 215
120 303
120 307
120 347
120 384
120 366
120 400
120 430
120 476
120 480
121 122
121 123
121 124
121 125
121 127
121 233
121 245
121 266
121 269
121 271
121 423
121 452
121 468
122 123
122 125
122 126
122 127
122 193
122 230
122 238
122 348
122 386
122 408
122 450
123 124
123 126
123 127
123 170
123 175
123 243
123 263
123 282
123 316
123 328
123 461
123 468
123 486
123 493
124 125
124 126
124 127
124 188
124 206
124 272
124 297
124 251
124 351
124 442
124 457
124 459
124 466
124 481
124 490
124 495
125 126
125 127
125 162
125 184
125 189
125 205
125 266
125 281
125 476
125 483
125 498
126 171
126 219
126 275
126 255
126 341
126 352
126 421
126 467
127 187
127 193
127 287
127 337
127 347
127 367
127 479
150 151
150 152
150 153
150 156
150 157
150 158
150 161
150 162
150 163
150 164
150 165
150 166
150 167
150 169
150 171
150 172
150 173
150 174
150 175
150 176
150 177
150 178
150 179
150 182
150 185
150 186
150 188
150 190
150 191
150 192
150 193
150 195
150 196
150 199
150 229
150 242
150 267
150 268
150 272
150 313
150 385
150 354
150 356
150 476
150 479
151 153
151 155
151 156
151 158
151 159
151 160
151 161
151 162
151 163
151 164
151 165
151 166
151 171
151 174
151 175
151 177
151 178
151 179
151 181
151 182
151 183
151 184
151 185
151 186
151 187
151 188
151 189
151 190
151 191
151 198
151 199
151 249
151 283
151 311
151 348
151 394
151 370
151 406
152 153
152 154
152 155
152 156
152 157
152 159
152 160
152 162
152 164
152 165
152 166
152 167
152 168
152 171
152 173
152 176
152 177
152 179
152 181
152 182
152 184
152 185
152 186
152 187
152 188
152 189
152 190
152 191
152 192
152 193
152 194
152 195
152 196
152 197
152 206
152 207
152 210
152 234
152 297
152 311
152 313
152 361
152 375
152 382
152 422
152 434
152 439
152 474
153 155
153 156
153 157
153 159
153 160
153 162
153 163
153 164
153 166
153 167
153 168
153 170
153 171
153 172
153 173
153 176
153 177
153 178
153 180
153 182
153 184
153 185
153 187
153 188
153 189
153 190
153 192
153 193
153 196
153 197
153 198
153 219
153 240
153 243
153 294
153 299
153 322
153 338
153 345
153 394
153 350
153 358
153 366
153 431
153 442
153 492
154 155
154 156
154 157
154 158
154 159
154 160
154 162
154 163
154 165
154 167
154 168
154 169
154 170
154 172
154 173
154 174
154 175
154 177
154 179
154 180
154 181
154 182
154 184
154 187
154 189
154 190
154 191
154 192
154 193
154 196
154 199
154 214
154 236
154 320
154 343
154 344
154 358
154 361
154 364
154 370
154 410
154 412
154 418
154 465
154 481
155 156
155 157
155 158
155 160
155 161
155 162
155 163
155 164
155 165
155 166
155 168
155 169
155 171
155 172
155 173
155 174
155 175
155 176
155 178
155 179
155 180
155 181
155 182
155 184
155 186
155 187
155 188
155 189
155 190
155 191
155 193
155 194
155 196
155 197
155 199
155 207
155 398
156 157
156 159
156 160
156 161
156 162
156 163
156 164
156 165
156 166
156 167
156 168
156 169
156 170
156 171
156 172
156 173
156 174
156 176
156 179
156 180
156 181
156 182
156 184
156 185
156 186
156 187
156 190
156 191
156 192
156 195
156 196
156 197
156 198
156 244
156 248
156 256
156 313
156 336
156 467
156 495
157 161
157 163
157 164
157 165
157 166
157 168
157 171
157 172
157 173
157 174
157 175
157 177
157 178
157 179
157 180
157 181
157 184
157 187
157 188
157 189
157 190
157 191
157 192
157 194
157 195
157 196
157 244
157 258
157 265
157 275
157 313
157 333
157 339
157 347
157 431
157 440
157 444
157 445
157 453
157 458
157 460
157 476
157 488
158 159
158 160
158 161
158 162
158 164
158 165
158 166
158 167
158 168
158 169
158 170
158 171
158 172
158 175
158 176
158 177
158 178
158 179
158 180
158 181
158 182
158 183
158 184
158 185
158 186
158 187
158 188
158 189
158 194
158 195
158 196
158 198
158 217
158 245
158 267
158 276
158 306
158 316
158 327
158 352
158 409
158 466
158 473
159 163
159 166
159 167
159 169
159 172
159 173
159 176
159 177
159 179
159 180
159 181
159 182
159 183
159 184
159 185
159 186
159 187
159 189
159 190
159 192
159 193
159 194
159 195
159 196
159 198
159 199
159 203
159 216
159 255
159 312
159 332
159 348
159 368
159 441
159 467
159 477
159 487
160 161
160 164
160 165
160 167
160 168
160 170
160 171
160 174
160 175
160 177
160 178
160 180
160 181
160 183
160 184
160 185
160 186
160 187
160 188
160 190
160 192
160 194
160 195
160 196
160 197
160 198
160 236
160 238
160 257
160 301
160 384
160 387
160 393
160 357
160 362
160 434
160 463
161 163
161 166
161 167
161 169
161 171
161 174
161 175
161 176
161 177
161 179
161 180
161 181
161 182
161 183
161 184
161 185
161 186
161 187
161 188
161 189
161 190
161 191
161 192
161 193
161 194
161 195
161 196
161 198
161 247
161 267
161 286
161 335
161 349
161 359
161 379
161 409
161 456
161 471
162 166
162 167
162 168
162 169
162 170
162 171
162 172
162 174
162 176
162 177
162 178
162 179
162 180
162 181
162 183
162 184
162 188
162 189
162 190
162 191
162 195
162 196
162 197
162 198
162 241
162 271
162 286
162 297
162 309
162 326
162 369
162 456
162 460
162 467
163 169
163 170
163 171
163 173
163 174
163 175
163 177
163 179
163 180
163 182
163 184
163 186
163 187
163 188
163 189
163 190
163 192
163 195
163 198
163 207
163 223
163 226
163 227
163 299
163 400
163 431
163 491
164 166
164 167
164 168
164 169
164 171
164 172
164 173
164 174
164 175
164 176
164 177
164 178
164 180
164 182
164 183
164 184
164 185
164 187
164 188
164 190
164 191
164 192
164 193
164 194
164 195
164 196
164 197
164 199
164 208
164 238
164 242
164 257
164 302
164 334
164 347
164 382
164 424
165 166
165 168
165 169
165 170
165 171
165 172
165 173
165 175
165 176
165 177
165 178
165 179
165 181
165 182
165 183
165 184
165 185
165 186
165 187
165 188
165 189
165 190
165 191
165 192
165 193
165 194
165 195
165 197
165 198
165 199
165 212
165 216
165 226
165 258
165 259
165 266
165 275
165 390
165 353
165 401
165 435
166 169
166 170
166 171
166 172
166 173
166 176
166 177
166 178
166 179
166 181
166 182
166 183
166 184
166 185
166 186
166 187
166 188
166 189
166 190
166 191
166 192
166 193
166 194
166 195
166 196
166 197
166 198
166 199
166 206
166 211
166 246
166 283
166 284
166 333
166 397
166 359
166 403
166 415
166 459
166 465
167 169
167 171
167 172
167 178
167 179
167 180
167 184
167 185
167 187
167 188
167 190
167 191
167 192
167 193
167 194
167 195
167 198
167 233
167 234
167 241
167 349
167 388
167 364
167 416
167 438
167 482
167 498
168 171
168 173
168 174
168 175
168 176
168 177
168 178
168 179
168 180
168 181
168 182
168 183
168 184
168 185
168 187
168 188
168 189
168 192
168 193
168 195
168 197
168 198
168 199
168 203
168 206
168 222
168 237
168 275
168 302
168 332
168 399
168 370
168 442
169 172
169 173
169 174
169 175
169 176
169 177
169 179
169 180
169 181
169 186
169 187
169 189
169 190
169 191
169 193
169 195
169 196
169 197
169 202
169 209
169 219
169 231
169 241
169 270
169 284
169 298
169 384
169 460
169 474
170 177
170 178
170 179
170 180
170 181
170 182
170 184
170 185
170 186
170 187
170 188
170 189
170 191
170 192
170 195
170 196
170 197
170 198
170 199
170 203
170 208
170 227
170 297
170 318
170 325
170 330
170 333
170 335
170 354
170 402
170 408
170 415
170 421
170 432
171 172
171 175
171 176
171 177
171 179
171 180
171 181
171 184
171 186
171 187
171 188
171 191
171 192
171 193
171 194
171 195
171 196
171 199
171 200
171 267
171 286
171 295
171 338
171 427
172 176
172 177
172 178
172 179
172 182
172 184
172 187
172 188
172 189
172 190
172 192
172 193
172 194
172 195
172 196
172 197
172 198
172 318
172 322
172 350
172 352
172 361
172 365
172 402
172 460
172 482
173 174
173 176
173 177
173 180
173 181
173 183
173 184
173 185
173 186
173 187
173 188
173 189
173 190
173 193
173 194
173 196
173 197
173 198
173 199
173 200
173 221
173 225
173 231
173 265
173 298
173 315
173 383
173 406
173 429
173 461
173 490
174 175
174 176
174 178
174 179
174 182
174 183
174 186
174 188
174 191
174 192
174 193
174 195
174 196
174 226
174 229
174 237
174 266
174 252
174 317
174 399
174 411
174 435
174 452
174 485
174 498
175 176
175 177
175 179
175 181
175 185
175 186
175 187
175 188
175 190
175 192
175 193
175 194
175 197
175 198
175 199
175 217
175 222
175 320
176 177
176 178
176 179
176 183
176 184
176 185
176 186
176 189
176 190
176 193
176 194
176 195
176 196
176 197
176 198
176 199
176 236
176 298
176 321
176 399
176 418
176 455
176 457
176 476
176 496
177 178
177 179
177 180
177 181
177 182
177 184
177 186
177 187
177 190
177 193
177 195
177 196
177 198
177 221
177 369
177 376
177 410
177 468
178 179
178 180
178 182
178 185
178 186
178 188
178 189
178 192
178 193
178 194
178 196
178 198
178 199
178 202
178 230
178 305
178 320
178 347
178 384
178 423
178 445
179 180
179 181
179 182
179 183
179 186
179 187
179 188
179 190
179 192
179 195
179 196
179 197
179 198
179 261
179 252
179 311
179 313
179 315
179 344
179 443
179 494
180 183
180 185
180 188
180 189
180 190
180 191
180 192
180 193
180 195
180 196
180 197
180 198
180 199
180 219
180 267
180 291
180 321
180 345
180 376
180 382
180 409
180 410
180 440
180 443
180 473
180 476
180 477
180 480
181 183
181 186
181 187
181 188
181 190
181 191
181 193
181 194
181 195
181 196
181 197
181 198
181 269
181 275
181 287
181 338
181 347
181 444
181 455
181 465
181 471
181 473
181 477
182 183
182 184
182 185
182 186
182 187
182 188
182 189
182 190
182 191
182 192
182 195
182 197
182 198
182 199
182 204
182 271
182 338
182 408
182 417
182 419
182 467
182 473
183 184
183 185
183 186
183 187
183 190
183 191
183 192
183 193
183 194
183 195
183 196
183 197
183 199
183 240
183 262
183 372
183 408
183 453
183 463
184 187
184 188
184 189
184 190
184 191
184 194
184 196
184 198
184 207
184 216
184 312
184 335
184 340
184 341
184 355
184 437
184 489
185 186
185 187
185 188
185 189
185 191
185 192
185 193
185 194
185 198
185 199
185 210
185 258
185 270
185 291
185 299
185 254
185 318
185 342
185 359
185 430
185 441
186 187
186 189
186 190
186 193
186 194
186 195
186 196
186 197
186 203
186 205
186 228
186 279
186 379
186 447
186 475
186 481
187 189
187 190
187 195
187 196
187 198
187 199
187 275
187 252
187 307
187 323
187 332
187 344
187 347
187 391
187 353
187 375
188 189
188 192
188 193
188 194
188 195
188 196
188 197
188 199
188 214
188 243
188 282
188 255
188 302
188 309
188 330
188 332
188 343
188 352
188 374
188 401
188 417
188 450
189 190
189 191
189 192
189 195
189 196
189 197
189 198
189 207
189 230
189 238
189 276
189 279
189 384
189 361
189 366
189 372
189 433
189 444
189 479
189 490
190 191
190 192
190 193
190 194
190 195
190 196
190 197
190 198
190 199
190 225
190 246
190 261
190 275
190 276
190 314
190 401
190 448
190 491
190 499
191 193
191 194
191 195
191 196
191 197
191 199
191 201
191 216
191 262
191 278
191 338
191 362
191 424
191 433
191 475
191 484
191 495
192 193
192 194
192 195
192 196
192 197
192 198
192 215
192 225
192 232
192 237
192 271
192 278
192 280
192 283
192 398
192 368
192 369
192 377
192 424
193 194
193 195
193 199
193 269
193 323
193 384
193 353
193 364
193 493
194 195
194 196
194 197
194 198
194 199
194 221
194 248
194 287
194 250
194 300
194 323
194 346
194 359
194 451
194 455
194 472
195 196
195 237
195 264
195 266
195 312
195 362
195 369
195 411
195 436
196 197
196 198
196 307
196 349
196 391
196 416
196 433
196 464
196 491
197 216
197 228
197 276
197 252
197 310
197 354
197 368
197 375
198 199
198 217
198 313
198 325
198 386
198 393
198 351
198 401
198 410
198 427
198 473
199 200
199 204
199 224
199 279
199 301
199 318
199 319
199 389
199 449
199 475
199 476
199 481
199 493
200 201
200 202
200 203
200 205
200 206
200 207
200 208
200 210
200 211
200 213
200 214
200 217
200 218
200 219
200 221
200 223
200 225
200 226
200 227
200 228
200 229
200 231
200 232
200 233
200 234
200 238
200 239
200 243
200 244
200 245
200 246
200 247
200 249
200 331
200 340
200 341
200 347
200 389
200 396
200 375
200 380
200 446
200 457
201 202
201 203
201 205
201 206
201 208
201 209
201 210
201 212
201 213
201 214
201 215
201 216
201 218
201 220
201 221
201 222
201 224
201 227
201 228
201 229
201 230
201 232
201 234
201 235
201 236
201 237
201 239
201 240
201 241
201 243
201 244
201 245
201 246
201 247
201 248
201 249
201 444
201 471
202 203
202 206
202 208
202 211
202 213
202 215
202 216
202 217
202 218
202 219
202 220
202 221
202 223
202 224
202 225
202 226
202 227
202 228
202 229
202 231
202 232
202 234
202 235
202 236
202 237
202 239
202 240
202 243
202 244
202 246
202 247
202 248
202 249
202 306
202 346
202 390
202 392
202 394
202 376
202 410
202 415
202 431
202 464
203 204
203 205
203 206
203 207
203 208
203 210
203 211
203 212
203 214
203 215
203 216
203 217
203 218
203 219
203 220
203 221
203 222
203 223
203 224
203 225
203 227
203 228
203 229
203 230
203 231
203 233
203 234
203 235
203 236
203 238
203 239
203 240
203 242
203 243
203 245
203 246
203 247
203 249
203 297
203 318
203 346
203 393
203 351
203 363
203 382
203 403
203 417
203 459
203 491
204 205
204 206
204 207
204 209
204 210
204 211
204 212
204 217
204 218
204 219
204 220
204 224
204 228
204 229
204 230
204 232
204 234
204 235
204 236
204 237
204 238
204 239
204 240
204 241
204 242
204 243
204 244
204 247
204 248
204 249
204 257
204 264
204 273
204 301
204 398
204 360
204 415
204 417
204 418
204 470
204 476
204 478
204 492
205 207
205 208
205 209
205 212
205 213
205 215
205 217
205 218
205 219
205 220
205 221
205 222
205 223
205 225
205 228
205 230
205 231
205 232
205 234
205 235
205 236
205 237
205 239
205 240
205 242
205 245
205 246
205 247
205 248
205 249
205 274
205 406
205 452
206 207
206 209
206 210
206 211
206 214
206 216
206 217
206 218
206 219
206 221
206 222
206 223
206 224
206 225
206 226
206 227
206 229
206 230
206 233
206 235
206 236
206 237
206 239
206 240
206 241
206 242
206 247
206 249
206 253
206 324
206 329
206 364
206 486
207 208
207 209
207 210
207 211
207 212
207 213
207 214
207 215
207 216
207 218
207 219
207 220
207 223
207 230
207 231
207 232
207 233
207 234
207 235
207 236
207 237
207 238
207 239
207 240
207 242
207 244
207 245
207 247
207 248
207 249
207 270
207 273
207 304
207 336
207 395
207 360
207 483
208 209
208 210
208 211
208 213
208 215
208 216
208 217
208 218
208 219
208 221
208 224
208 225
208 226
208 229
208 230
208 232
208 233
208 234
208 235
208 236
208 238
208 240
208 241
208 242
208 243
208 244
208 246
208 247
208 248
208 249
208 267
208 326
208 328
208 352
208 360
208 405
208 420
208 433
208 445
209 211
209 214
209 215
209 216
209 217
209 218
209 219
209 220
209 221
209 222
209 225
209 228
209 229
209 230
209 231
209 232
209 233
209 234
209 237
209 238
209 239
209 240
209 244
209 245
209 247
209 248
209 249
209 289
209 252
209 254
209 302
209 391
209 356
209 430
209 468
210 211
210 213
210 214
210 215
210 216
210 218
210 219
210 220
210 222
210 225
210 227
210 228
210 231
210 233
210 234
210 235
210 236
210 237
210 238
210 239
210 240
210 241
210 242
210 243
210 244
210 247
210 249
210 250
210 309
210 389
210 399
210 436
210 463
211 212
211 213
211 216
211 218
211 219
211 220
211 221
211 222
211 223
211 225
211 227
211 229
211 231
211 233
211 234
211 235
211 237
211 238
211 239
211 241
211 242
211 243
211 244
211 246
211 247
211 249
211 278
211 289
211 318
211 338
211 343
211 423
211 490
211 498
212 215
212 217
212 218
212 220
212 222
212 223
212 225
212 226
212 227
212 228
212 229
212 230
212 231
212 232
212 233
212 236
212 237
212 238
212 240
212 241
212 242
212 243
212 244
212 245
212 246
212 247
212 269
212 308
212 346
212 397
212 369
212 382
212 484
213 214
213 215
213 218
213 220
213 221
213 222
213 223
213 224
213 225
213 227
213 228
213 230
213 231
213 232
213 234
213 235
213 236
213 237
213 238
213 240
213 241
213 242
213 243
213 244
213 245
213 246
213 247
213 248
213 249
213 276
213 279
213 401
213 420
213 438
213 442
213 482
214 215
214 216
214 217
214 218
214 220
214 221
214 222
214 223
214 224
214 225
214 226
214 227
214 228
214 229
214 234
214 235
214 236
214 237
214 239
214 240
214 241
214 242
214 243
214 244
214 245
214 246
214 247
214 248
214 249
214 324
214 389
214 423
214 436
214 444
214 486
215 216
215 217
215 218
215 219
215 221
215 223
215 224
215 228
215 229
215 232
215 233
215 234
215 235
215 237
215 239
215 241
215 243
215 244
215 245
215 246
215 247
215 248
215 280
215 252
215 302
215 313
215 347
215 372
215 374
215 475
215 486
215 488
216 217
216 218
216 219
216 220
216 226
216 228
216 230
216 231
216 232
216 233
216 234
216 236
216 237
216 241
216 245
216 248
216 285
216 309
216 318
216 337
216 347
216 378
216 406
216 412
216 414
216 436
216 467
216 481
217 219
217 220
217 221
217 224
217 225
217 226
217 228
217 229
217 230
217 231
217 234
217 236
217 239
217 240
217 241
217 242
217 244
217 245
217 248
217 296
217 302
217 347
217 375
217 432
217 492
218 219
218 220
218 221
218 223
218 224
218 225
218 226
218 227
218 229
218 230
218 231
218 232
218 235
218 238
218 239
218 240
218 241
218 242
218 243
218 245
218 247
218 248
218 279
218 304
218 342
218 371
218 373
218 415
218 452
218 460
218 471
219 222
219 223
219 228
219 229
219 231
219 232
219 237
219 239
219 240
219 241
219 242
219 243
219 244
219 245
219 246
219 248
219 249
219 287
219 330
219 430
219 448
220 221
220 222
220 223
220 224
220 226
220 227
220 228
220 229
220 232
220 233
220 234
220 235
220 236
220 238
220 239
220 240
220 241
220 243
220 245
220 246
220 248
220 249
220 271
220 250
220 322
220 337
220 393
220 451
221 222
221 223
221 226
221 228
221 230
221 232
221 233
221 234
221 235
221 237
221 238
221 240
221 241
221 243
221 244
221 248
221 249
221 274
221 275
221 297
221 303
221 328
221 353
221 405
221 461
222 223
222 224
222 226
222 227
222 228
222 229
222 231
222 232
222 233
222 234
222 237
222 238
222 239
222 241
222 242
222 243
222 244
222 247
222 248
222 249
222 317
222 399
222 354
222 377
222 381
222 410
222 422
222 455
222 476
222 492
223 226
223 227
223 228
223 229
223 232
223 234
223 235
223 236
223 237
223 238
223 239
223 241
223 243
223 245
223 246
223 247
223 248
223 249
223 255
223 315
223 340
223 453
223 463
224 226
224 230
224 231
224 233
224 234
224 236
224 237
224 239
224 240
224 242
224 244
224 245
224 246
224 247
224 248
224 249
224 261
224 272
224 296
224 303
224 336
224 382
224 408
224 410
224 413
224 446
224 464
225 227
225 228
225 231
225 233
225 234
225 236
225 238
225 239
225 242
225 243
225 244
225 246
225 247
225 248
225 259
225 260
225 262
225 288
225 301
225 328
225 383
225 458
226 228
226 230
226 234
226 235
226 236
226 237
226 238
226 239
226 240
226 242
226 243
226 244
226 246
226 248
226 276
226 310
226 319
226 326
226 339
226 392
226 411
226 438
226 457
226 472
227 228
227 231
227 232
227 233
227 234
227 235
227 236
227 237
227 239
227 240
227 243
227 244
227 245
227 248
227 249
227 287
227 300
227 308
227 341
227 384
227 360
227 432
228 230
228 231
228 232
228 233
228 235
228 236
228 237
228 239
228 240
228 244
228 245
228 246
228 247
228 248
228 261
228 337
228 351
228 361
228 377
228 439
228 484
229 230
229 231
229 232
229 233
229 235
229 237
229 238
229 239
229 240
229 241
229 242
229 244
229 245
229 246
229 247
229 248
229 249
229 324
229 395
229 352
229 359
229 379
229 481
230 231
230 233
230 235
230 236
230 237
230 238
230 242
230 243
230 247
230 248
230 249
230 298
230 325
230 336
230 338
230 391
230 392
230 359
230 406
230 432
230 492
231 232
231 235
231 236
231 237
231 240
231 241
231 242
231 243
231 244
231 245
231 246
231 248
231 249
231 269
231 273
231 322
231 494
232 233
232 234
232 235
232 236
232 238
232 239
232 240
232 242
232 243
232 244
232 246
232 248
232 249
232 284
232 286
232 321
232 346
232 349
232 388
232 450
232 453
233 236
233 238
233 239
233 240
233 241
233 242
233 243
233 245
233 246
233 247
233 249
233 264
233 285
233 287
233 293
233 311
233 318
233 322
233 385
233 394
233 361
233 435
233 454
233 477
234 236
234 237
234 240
234 241
234 242
234 243
234 244
234 245
234 246
234 249
234 283
234 290
234 385
234 377
234 414
234 463
234 478
235 236
235 237
235 238
235 239
235 242
235 243
235 245
235 247
235 248
235 258
235 260
235 264
235 284
235 343
235 396
235 369
235 425
235 462
235 474
235 480
236 237
236 238
236 239
236 240
236 241
236 242
236 243
236 244
236 247
236 248
236 249
236 264
236 299
236 250
236 318
236 347
236 385
236 369
236 403
236 420
236 436
236 439
236 472
237 238
237 239
237 240
237 243
237 245
237 246
237 248
237 249
237 276
237 294
237 303
237 359
237 372
238 241
238 243
238 244
238 245
238 246
238 247
238 249
238 261
238 268
238 275
238 302
238 330
238 356
238 403
238 424
238 499
239 240
239 241
239 242
239 243
239 244
239 245
239 247
239 248
239 249
239 267
239 271
239 294
239 306
239 309
239 393
239 371
239 409
239 448
239 477
239 494
240 242
240 244
240 247
240 249
240 283
240 345
240 373
240 375
240 406
240 411
240 427
241 242
241 243
241 244
241 246
241 247
241 249
241 271
241 288
241 296
241 310
241 385
241 455
241 465
241 492
242 243
242 244
242 245
242 247
242 248
242 289
242 312
242 389
242 395
242 397
242 367
242 408
242 453
242 475
242 498
243 245
243 246
243 247
243 248
243 249
243 277
243 336
243 351
243 490
244 245
244 246
244 247
244 248
244 249
244 287
244 298
244 307
244 354
244 377
244 424
244 474
244 494
245 247
245 248
245 249
245 275
245 285
245 293
245 302
245 334
245 385
245 356
245 363
245 366
245 418
245 423
245 437
245 461
245 484
245 492
246 247
246 249
246 289
246 361
246 419
246 478
247 265
247 280
247 299
247 322
247 343
247 397
247 422
247 455
247 462
247 494
248 249
248 314
248 330
248 384
248 355
248 370
248 421
248 445
248 458
248 486
249 264
249 265
249 267
249 344
249 400
249 413
249 427
249 443
249 447
256 257
256 258
256 259
256 260
256 261
256 262
256 264
256 265
256 266
256 267
256 270
256 271
256 272
256 273
256 274
256 275
256 276
256 278
256 279
256 280
256 282
256 283
256 284
256 286
256 288
256 289
256 290
256 293
256 294
256 299
256 253
256 254
256 255
256 388
256 459
256 461
256 475
257 258
257 259
257 260
257 262
257 263
257 264
257 265
257 267
257 268
257 269
257 270
257 271
257 273
257 275
257 277
257 279
257 281
257 282
257 283
257 286
257 287
257 288
257 289
257 290
257 291
257 292
257 293
257 295
257 296
257 297
257 298
257 299
257 251
257 253
257 255
257 332
257 339
257 464
258 259
258 260
258 261
258 262
258 263
258 264
258 265
258 267
258 268
258 269
258 270
258 272
258 273
258 274
258 275
258 277
258 279
258 281
258 283
258 284
258 285
258 286
258 287
258 288
258 291
258 292
258 294
258 296
258 297
258 298
258 299
258 250
258 251
258 252
258 300
258 302
258 315
258 322
258 332
258 389
258 360
258 364
258 403
258 413
258 469
259 260
259 261
259 262
259 263
259 265
259 266
259 267
259 269
259 272
259 273
259 274
259 275
259 276
259 278
259 279
259 281
259 282
259 284
259 285
259 287
259 288
259 289
259 291
259 294
259 295
259 296
259 297
259 298
259 299
259 250
259 252
259 253
259 254
259 255
259 330
259 393
259 458
260 261
260 262
260 263
260 265
260 266
260 269
260 270
260 271
260 272
260 273
260 274
260 275
260 276
260 277
260 278
260 279
260 280
260 282
260 283
260 284
260 286
260 287
260 288
260 289
260 291
260 292
260 293
260 296
260 297
260 298
260 250
260 251
260 252
260 253
260 255
260 328
260 345
260 395
260 361
260 403
260 422
260 449
261 262
261 264
261 265
261 267
261 269
261 270
261 271
261 273
261 274
261 276
261 277
261 279
261 281
261 282
261 284
261 285
261 287
261 289
261 290
261 291
261 293
261 294
261 296
261 298
261 299
261 250
261 251
261 252
261 253
261 335
261 338
261 385
261 405
261 437
261 464
261 475
262 264
262 265
262 266
262 267
262 268
262 269
262 271
262 273
262 275
262 277
262 279
262 280
262 282
262 283
262 285
262 288
262 291
262 292
262 293
262 294
262 295
262 296
262 297
262 298
262 299
262 250
262 251
262 252
262 253
262 255
262 377
262 427
262 457
263 264
263 265
263 266
263 267
263 268
263 269
263 272
263 273
263 274
263 275
263 276
263 277
263 278
263 279
263 280
263 281
263 282
263 284
263 285
263 287
263 288
263 292
263 293
263 294
263 297
263 298
263 299
263 250
263 251
263 252
263 253
263 331
263 420
263 445
263 494
264 266
264 268
264 269
264 270
264 271
264 272
264 275
264 277
264 278
264 279
264 280
264 281
264 282
264 283
264 284
264 286
264 287
264 288
264 289
264 290
264 294
264 295
264 296
264 297
264 298
264 250
264 255
264 405
264 492
265 266
265 267
265 268
265 270
265 271
265 272
265 274
265 276
265 277
265 278
265 279
265 280
265 281
265 285
265 288
265 290
265 291
265 292
265 293
265 294
265 296
265 298
265 250
265 253
265 255
265 313
265 326
265 339
265 390
265 352
265 361
265 411
265 485
266 268
266 270
266 271
266 273
266 276
266 278
266 279
266 280
266 282
266 284
266 285
266 287
266 288
266 289
266 291
266 292
266 293
266 294
266 296
266 297
266 298
266 250
266 251
266 252
266 253
266 254
266 255
266 342
266 395
266 435
266 459
266 490
266 495
267 270
267 271
267 272
267 273
267 274
267 275
267 276
267 277
267 278
267 279
267 280
267 282
267 283
267 286
267 287
267 289
267 290
267 291
267 292
267 293
267 294
267 295
267 296
267 297
267 299
267 250
267 251
267 254
267 307
267 324
267 389
267 372
267 411
267 422
267 448
268 272
268 273
268 274
268 275
268 279
268 281
268 282
268 283
268 284
268 285
268 287
268 288
268 289
268 290
268 291
268 293
268 295
268 298
268 299
268 250
268 251
268 252
268 254
268 328
268 359
268 376
268 400
268 402
268 427
268 489
269 271
269 272
269 274
269 275
269 276
269 277
269 278
269 280
269 281
269 282
269 284
269 286
269 287
269 288
269 290
269 291
269 292
269 293
269 294
269 295
269 296
269 298
269 250
269 255
269 316
269 426
269 432
270 272
270 274
270 276
270 277
270 279
270 280
270 281
270 284
270 285
270 287
270 288
270 289
270 290
270 291
270 292
270 294
270 295
270 296
270 297
270 298
270 299
270 250
270 251
270 252
270 253
270 254
270 311
270 354
270 430
270 455
271 272
271 273
271 274
271 275
271 277
271 278
271 280
271 282
271 284
271 286
271 287
271 288
271 290
271 292
271 294
271 295
271 296
271 298
271 299
271 251
271 253
271 255
271 320
271 350
271 355
271 359
271 380
271 441
271 474
272 273
272 274
272 275
272 276
272 277
272 279
272 280
272 282
272 283
272 284
272 285
272 286
272 287
272 288
272 289
272 291
272 292
272 293
272 294
272 295
272 296
272 298
272 299
272 250
272 251
272 252
272 253
272 254
272 332
272 380
272 400
272 410
272 411
272 414
272 417
272 421
272 449
272 469
273 274
273 275
273 276
273 277
273 278
273 279
273 281
273 282
273 283
273 285
273 286
273 287
273 288
273 289
273 290
273 291
273 292
273 293
273 294
273 296
273 297
273 299
273 250
273 252
273 254
273 255
273 375
273 407
273 413
274 275
274 276
274 277
274 278
274 279
274 281
274 282
274 283
274 284
274 285
274 286
274 288
274 290
274 292
274 294
274 295
274 299
274 250
274 251
274 252
274 253
274 308
274 387
274 417
274 457
274 461
274 463
274 483
274 492
275 277
275 279
275 281
275 283
275 285
275 286
275 289
275 291
275 292
275 293
275 294
275 295
275 296
275 299
275 251
275 252
275 253
275 255
275 304
275 309
275 316
275 395
275 362
275 416
275 425
275 453
275 494
276 277
276 278
276 279
276 280
276 282
276 285
276 287
276 289
276 290
276 291
276 292
276 293
276 294
276 296
276 297
276 252
276 253
276 254
276 341
276 485
276 496
277 281
277 284
277 286
277 287
277 289
277 290
277 291
277 293
277 294
277 295
277 296
277 297
277 298
277 299
277 250
277 251
277 252
277 254
277 303
277 311
277 456
277 462
277 487
278 279
278 280
278 281
278 283
278 285
278 287
278 290
278 291
278 293
278 294
278 296
278 297
278 299
278 251
278 252
278 254
278 255
278 327
278 394
278 355
278 366
278 495
279 280
279 281
279 282
279 283
279 284
279 285
279 286
279 289
279 290
279 291
279 293
279 294
279 296
279 297
279 298
279 299
279 250
279 252
279 253
279 254
279 357
279 373
279 425
279 448
279 450
279 458
280 282
280 283
280 286
280 290
280 293
280 294
280 296
280 298
280 250
280 251
280 254
280 304
280 323
280 326
280 360
280 378
280 450
280 452
281 282
281 283
281 285
281 286
281 287
281 288
281 289
281 290
281 292
281 294
281 295
281 296
281 297
281 299
281 250
281 251
281 252
281 253
281 254
281 255
281 375
281 420
281 467
281 488
282 283
282 285
282 286
282 287
282 288
282 289
282 291
282 292
282 293
282 294
282 297
282 298
282 299
282 250
282 251
282 252
282 253
282 255
282 315
282 321
282 344
282 387
282 393
282 430
282 436
282 450
282 452
282 474
282 484
283 284
283 285
283 287
283 290
283 291
283 292
283 294
283 298
283 299
283 252
283 254
283 255
283 363
283 427
283 441
284 285
284 286
284 288
284 289
284 290
284 291
284 292
284 293
284 295
284 296
284 297
284 298
284 299
284 250
284 251
284 252
284 255
284 335
284 336
284 337
284 346
284 347
284 388
284 391
284 403
284 426
284 464
284 472
284 496
285 286
285 287
285 290
285 291
285 292
285 293
285 295
285 296
285 297
285 298
285 299
285 250
285 253
285 255
285 301
285 310
285 313
285 320
285 348
285 360
285 369
286 290
286 291
286 292
286 293
286 296
286 297
286 298
286 299
286 250
286 251
286 252
286 253
286 254
286 255
286 394
286 397
286 375
286 403
287 288
287 289
287 291
287 292
287 293
287 294
287 295
287 297
287 298
287 252
287 253
287 254
287 255
287 320
287 323
287 387
287 431
287 448
287 469
287 487
287 492
288 289
288 290
288 294
288 295
288 296
288 297
288 299
288 251
288 252
288 255
288 304
288 321
288 324
288 343
288 373
288 434
288 448
288 468
289 290
289 292
289 294
289 295
289 296
289 297
289 298
289 299
289 250
289 251
289 252
289 253
289 255
289 319
289 390
289 373
289 377
289 402
289 452
289 453
289 454
289 475
289 484
289 494
290 291
290 292
290 293
290 294
290 295
290 296
290 297
290 298
290 299
290 250
290 252
290 253
290 255
290 345
290 371
290 411
290 416
290 443
290 484
291 292
291 293
291 296
291 297
291 298
291 250
291 251
291 252
291 253
291 254
291 255
291 322
291 329
291 344
291 397
291 359
291 360
291 441
291 460
291 475
292 293
292 294
292 296
292 297
292 298
292 299
292 250
292 252
292 253
292 254
292 255
292 421
292 442
292 475
293 294
293 295
293 296
293 297
293 298
293 299
293 252
293 254
293 255
293 364
293 377
293 449
293 451
293 484
294 296
294 297
294 298
294 299
294 250
294 251
294 252
294 253
294 254
294 255
294 311
294 378
294 437
294 447
294 457
294 478
295 296
295 297
295 299
295 250
295 251
295 252
295 254
295 255
295 344
295 397
295 364
295 372
295 379
295 453
296 297
296 298
296 299
296 250
296 251
296 253
296 254
296 255
296 306
296 331
296 340
296 412
296 447
297 298
297 299
297 250
297 251
297 252
297 254
297 255
297 319
297 321
297 351
297 443
298 251
298 252
298 254
298 319
298 344
298 346
298 358
298 363
298 437
299 250
299 251
299 252
299 302
299 303
299 352
299 475
250 253
250 254
250 255
250 314
250 335
250 336
250 360
250 373
250 474
251 252
251 253
251 254
251 255
251 307
251 321
251 331
251 389
251 422
251 453
251 465
251 480
251 484
252 253
252 254
252 255
252 357
252 361
252 430
252 436
252 440
252 463
253 254
253 255
253 312
253 325
253 387
253 389
253 390
253 408
253 427
253 437
253 440
253 484
253 488
253 495
253 496
254 255
254 310
254 323
254 411
254 455
254 486
254 495
255 302
255 330
255 354
255 375
255 441
255 445
300 302
300 304
300 305
300 306
300 307
300 308
300 309
300 311
300 312
300 313
300 314
300 316
300 317
300 318
300 320
300 321
300 322
300 330
300 331
300 332
300 333
300 337
300 338
300 341
300 343
300 346
300 349
300 392
300 396
300 367
300 440
301 302
301 304
301 305
301 307
301 310
301 313
301 314
301 316
301 317
301 318
301 319
301 322
301 323
301 324
301 325
301 326
301 327
301 329
301 330
301 334
301 335
301 336
301 339
301 340
301 341
301 343
301 344
301 345
301 347
301 348
301 423
301 430
301 445
301 471
302 303
302 304
302 305
302 306
302 307
302 308
302 309
302 310
302 311
302 312
302 314
302 316
302 317
302 318
302 319
302 320
302 321
302 322
302 324
302 325
302 326
302 327
302 328
302 330
302 332
302 334
302 335
302 339
302 341
302 342
302 343
302 345
302 346
302 348
302 387
302 395
302 383
302 406
302 428
302 433
302 475
302 481
302 498
303 304
303 305
303 307
303 308
303 309
303 310
303 313
303 315
303 316
303 317
303 319
303 321
303 322
303 323
303 324
303 325
303 326
303 327
303 329
303 331
303 335
303 336
303 340
303 342
303 344
303 346
303 347
303 349
303 374
303 419
303 496
303 497
304 305
304 308
304 309
304 310
304 311
304 312
304 313
304 315
304 316
304 318
304 319
304 320
304 323
304 324
304 325
304 327
304 328
304 329
304 330
304 331
304 333
304 334
304 335
304 336
304 341
304 342
304 344
304 345
304 346
304 348
304 349
304 360
304 366
304 406
304 428
304 442
304 450
304 452
305 306
305 307
305 308
305 309
305 310
305 311
305 312
305 313
305 315
305 316
305 317
305 318
305 319
305 321
305 323
305 324
305 326
305 327
305 328
305 332
305 333
305 335
305 337
305 338
305 341
305 342
305 343
305 344
305 346
305 347
305 348
305 349
305 433
305 443
305 463
305 481
305 497
306 308
306 309
306 311
306 312
306 315
306 316
306 317
306 318
306 319
306 320
306 322
306 323
306 324
306 325
306 327
306 329
306 330
306 331
306 332
306 333
306 334
306 335
306 337
306 338
306 340
306 341
306 342
306 345
306 347
306 348
306 349
306 392
306 358
306 366
306 403
306 407
306 412
306 438
306 464
306 471
307 309
307 311
307 312
307 313
307 314
307 317
307 318
307 319
307 320
307 322
307 326
307 327
307 328
307 329
307 330
307 331
307 332
307 333
307 334
307 336
307 337
307 339
307 340
307 341
307 342
307 343
307 344
307 345
307 346
307 348
307 349
307 355
307 356
307 369
307 400
307 439
308 309
308 310
308 312
308 314
308 315
308 316
308 317
308 318
308 320
308 322
308 324
308 325
308 326
308 328
308 329
308 330
308 331
308 333
308 334
308 335
308 338
308 340
308 342
308 343
308 344
308 345
308 346
308 347
308 348
308 349
308 371
308 403
309 311
309 312
309 313
309 314
309 316
309 318
309 319
309 320
309 322
309 323
309 324
309 325
309 326
309 327
309 329
309 331
309 332
309 333
309 335
309 336
309 337
309 338
309 339
309 340
309 341
309 342
309 344
309 346
309 347
309 348
309 349
309 384
309 356
309 367
309 377
309 400
309 434
309 444
309 494
310 313
310 315
310 316
310 318
310 319
310 320
310 321
310 323
310 324
310 325
310 327
310 328
310 329
310 330
310 331
310 332
310 333
310 335
310 336
310 337
310 339
310 340
310 342
310 343
310 344
310 346
310 347
310 348
310 349
310 382
310 444
310 446
311 312
311 313
311 315
311 316
311 317
311 318
311 320
311 321
311 322
311 324
311 325
311 327
311 328
311 330
311 332
311 333
311 334
311 335
311 336
311 337
311 338
311 339
311 340
311 341
311 342
311 343
311 345
311 347
311 348
311 363
311 366
311 375
311 444
311 489
312 313
312 314
312 317
312 319
312 320
312 323
312 324
312 325
312 326
312 328
312 329
312 330
312 333
312 334
312 336
312 339
312 342
312 343
312 345
312 347
312 348
312 349
312 399
312 350
312 354
312 361
312 445
312 483
313 314
313 315
313 317
313 318
313 320
313 321
313 322
313 323
313 324
313 327
313 328
313 329
313 330
313 331
313 333
313 334
313 335
313 336
313 337
313 339
313 342
313 343
313 344
313 345
313 347
313 386
313 358
313 413
313 414
313 419
313 434
313 444
313 486
314 315
314 317
314 318
314 319
314 320
314 321
314 322
314 325
314 326
314 329
314 331
314 332
314 333
314 334
314 335
314 336
314 338
314 342
314 343
314 345
314 346
314 348
314 349
314 369
314 440
314 470
314 499
315 316
315 317
315 318
315 319
315 321
315 322
315 323
315 324
315 325
315 326
315 327
315 331
315 334
315 335
315 337
315 338
315 339
315 340
315 341
315 342
315 343
315 344
315 347
315 349
315 390
315 363
315 371
315 420
315 451
315 499
316 317
316 318
316 319
316 320
316 322
316 323
316 324
316 325
316 327
316 328
316 330
316 333
316 336
316 338
316 339
316 341
316 342
316 343
316 348
316 423
316 433
316 471
317 320
317 321
317 322
317 324
317 325
317 326
317 327
317 328
317 329
317 330
317 331
317 332
317 333
317 335
317 337
317 338
317 340
317 341
317 342
317 343
317 344
317 345
317 346
317 347
317 348
317 349
317 388
317 371
317 376
317 383
317 406
317 411
317 422
317 425
317 435
317 476
318 321
318 322
318 323
318 324
318 325
318 326
318 327
318 329
318 330
318 331
318 332
318 333
318 334
318 335
318 336
318 338
318 340
318 343
318 345
318 346
318 347
318 349
318 384
318 360
318 402
318 449
318 464
319 321
319 322
319 324
319 326
319 327
319 328
319 330
319 332
319 333
319 335
319 336
319 337
319 338
319 340
319 341
319 342
319 343
319 344
319 345
319 346
319 348
319 349
319 415
319 456
319 459
320 321
320 322
320 323
320 324
320 325
320 326
320 328
320 330
320 332
320 333
320 335
320 336
320 337
320 338
320 339
320 340
320 341
320 343
320 344
320 347
320 349
320 372
320 405
320 407
321 322
321 323
321 324
321 325
321 326
321 327
321 332
321 333
321 334
321 337
321 339
321 340
321 341
321 342
321 343
321 344
321 345
321 348
321 349
321 384
321 401
321 405
321 460
322 323
322 324
322 325
322 326
322 327
322 329
322 331
322 335
322 336
322 337
322 338
322 341
322 344
322 345
322 346
322 347
322 348
322 349
322 359
322 366
322 416
322 444
322 478
323 324
323 325
323 326
323 327
323 329
323 331
323 332
323 334
323 335
323 336
323 340
323 343
323 344
323 345
323 348
323 349
323 361
323 364
323 412
323 434
323 454
323 473
323 494
324 326
324 328
324 329
324 331
324 334
324 337
324 338
324 339
324 340
324 341
324 342
324 346
324 347
324 348
324 412
324 413
324 420
324 460
325 326
325 328
325 329
325 330
325 331
325 332
325 333
325 338
325 339
325 340
325 342
325 344
325 346
325 347
325 349
325 370
325 451
325 467
325 479
326 327
326 328
326 330
326 331
326 332
326 333
326 334
326 336
326 338
326 339
326 341
326 342
326 343
326 344
326 345
326 347
326 348
326 349
326 369
326 371
326 416
327 329
327 330
327 331
327 333
327 334
327 336
327 338
327 339
327 340
327 341
327 342
327 343
327 344
327 345
327 346
327 347
327 349
327 351
327 378
328 329
328 332
328 333
328 335
328 336
328 338
328 340
328 343
328 344
328 346
328 347
328 348
328 349
328 363
328 375
328 402
328 420
328 444
329 330
329 331
329 332
329 333
329 334
329 336
329 337
329 338
329 339
329 340
329 341
329 342
329 343
329 344
329 345
329 346
329 399
329 366
329 368
330 331
330 332
330 333
330 334
330 337
330 338
330 339
330 342
330 343
330 344
330 345
330 346
330 347
330 348
330 408
330 456
330 498
331 332
331 333
331 335
331 341
331 342
331 343
331 344
331 347
331 349
331 420
331 467
332 336
332 337
332 338
332 339
332 342
332 344
332 345
332 346
332 347
332 348
332 395
332 398
332 420
332 480
333 338
333 340
333 341
333 342
333 343
333 344
333 345
333 347
333 349
333 350
333 366
333 422
333 453
334 335
334 336
334 337
334 339
334 340
334 342
334 344
334 345
334 346
334 348
334 349
334 432
334 497
335 336
335 337
335 339
335 340
335 341
335 342
335 343
335 344
335 345
335 346
335 347
335 476
335 499
336 338
336 339
336 340
336 341
336 342
336 343
336 344
336 345
336 348
336 385
336 395
336 359
336 409
336 418
336 495
337 338
337 340
337 342
337 343
337 344
337 345
337 346
337 347
337 349
337 407
337 421
337 433
337 452
337 474
338 339
338 340
338 341
338 342
338 345
338 346
338 347
338 349
338 393
338 395
338 351
338 371
338 403
338 417
339 340
339 341
339 343
339 344
339 345
339 347
339 348
339 349
339 358
339 370
339 375
339 377
339 406
339 417
339 442
339 454
339 469
339 483
339 486
340 341
340 343
340 344
340 345
340 346
340 347
340 348
340 349
340 449
340 481
341 344
341 346
341 347
341 348
341 349
341 362
341 400
341 409
341 444
341 449
341 457
342 343
342 345
342 346
342 347
342 348
342 349
342 354
342 362
342 375
342 382
342 410
342 413
342 423
342 438
342 444
343 346
343 414
343 416
343 420
343 468
343 472
344 345
344 347
344 348
344 349
344 398
344 377
344 455
344 481
345 348
345 381
345 411
345 424
345 455
345 489
345 490
346 347
346 348
346 388
346 367
346 380
346 422
346 424
346 434
346 436
347 348
347 349
347 419
347 424
347 480
348 349
348 439
349 397
349 365
349 373
349 402
349 404
384 386
384 387
384 389
384 390
384 391
384 392
384 393
384 394
384 395
384 399
384 350
384 351
384 354
384 355
384 356
384 357
384 359
384 360
384 362
384 363
384 364
384 365
384 367
384 368
384 369
384 370
384 371
384 372
384 373
384 374
384 375
384 376
384 378
384 381
384 460
385 388
385 390
385 391
385 393
385 394
385 396
385 397
385 398
385 399
385 350
385 353
385 354
385 355
385 356
385 358
385 359
385 360
385 361
385 362
385 363
385 364
385 365
385 367
385 368
385 369
385 370
385 372
385 375
385 377
385 379
385 382
385 383
385 475
386 389
386 391
386 392
386 394
386 395
386 396
386 397
386 398
386 399
386 351
386 354
386 355
386 358
386 359
386 360
386 361
386 363
386 364
386 365
386 366
386 368
386 369
386 373
386 374
386 375
386 376
386 377
386 379
386 382
386 383
386 441
386 461
387 388
387 389
387 393
387 394
387 397
387 399
387 352
387 353
387 354
387 357
387 358
387 360
387 361
387 362
387 364
387 366
387 367
387 369
387 370
387 372
387 373
387 374
387 375
387 378
387 379
387 380
387 381
387 382
387 383
387 466
387 475
388 389
388 391
388 392
388 394
388 396
388 398
388 350
388 352
388 353
388 354
388 355
388 356
388 358
388 359
388 362
388 364
388 365
388 370
388 371
388 372
388 373
388 374
388 375
388 377
388 378
388 379
388 380
388 381
388 410
388 450
388 468
389 390
389 391
389 392
389 393
389 394
389 396
389 397
389 398
389 399
389 350
389 352
389 353
389 354
389 355
389 356
389 357
389 358
389 359
389 360
389 361
389 363
389 364
389 365
389 366
389 367
389 371
389 372
389 373
389 376
389 377
389 378
389 379
389 380
389 381
389 383
389 405
389 408
389 433
389 437
389 443
389 445
389 464
389 498
390 391
390 392
390 393
390 395
390 396
390 397
390 398
390 399
390 350
390 352
390 353
390 354
390 355
390 357
390 358
390 359
390 360
390 362
390 363
390 364
390 365
390 366
390 369
390 370
390 371
390 372
390 373
390 375
390 376
390 377
390 378
390 379
390 380
390 382
390 383
390 446
390 480
390 482
391 392
391 394
391 395
391 396
391 398
391 350
391 351
391 352
391 353
391 355
391 356
391 358
391 360
391 361
391 363
391 364
391 365
391 366
391 367
391 370
391 373
391 374
391 375
391 376
391 377
391 378
391 379
391 381
391 383
391 444
392 393
392 394
392 395
392 396
392 397
392 398
392 350
392 351
392 352
392 355
392 356
392 360
392 362
392 363
392 364
392 365
392 366
392 368
392 369
392 370
392 371
392 372
392 373
392 374
392 375
392 376
392 377
392 378
392 379
392 380
392 438
392 449
393 394
393 397
393 398
393 399
393 352
393 353
393 354
393 355
393 356
393 358
393 359
393 361
393 362
393 364
393 369
393 372
393 373
393 376
393 377
393 378
393 379
393 380
393 381
393 382
393 428
393 455
394 395
394 396
394 397
394 398
394 399
394 350
394 351
394 352
394 353
394 354
394 355
394 356
394 357
394 358
394 359
394 360
394 361
394 362
394 363
394 364
394 365
394 366
394 368
394 369
394 370
394 371
394 372
394 373
394 375
394 376
394 377
394 378
394 379
394 380
394 381
394 382
394 383
394 404
394 417
394 433
394 438
394 478
395 396
395 397
395 399
395 350
395 353
395 354
395 355
395 358
395 360
395 361
395 362
395 363
395 364
395 365
395 366
395 367
395 368
395 369
395 370
395 371
395 373
395 375
395 377
395 378
395 379
395 381
395 382
395 383
395 446
395 449
395 451
395 457
395 482
396 399
396 350
396 351
396 353
396 360
396 361
396 363
396 366
396 367
396 369
396 371
396 372
396 373
396 377
396 379
396 381
396 383
396 403
396 427
396 444
396 445
396 491
397 399
397 351
397 352
397 353
397 354
397 357
397 358
397 362
397 363
397 364
397 366
397 368
397 372
397 373
397 374
397 375
397 376
397 377
397 378
397 380
397 381
397 382
397 383
397 401
397 428
397 485
398 399
398 351
398 353
398 354
398 356
398 358
398 359
398 360
398 361
398 362
398 363
398 364
398 365
398 366
398 368
398 369
398 370
398 372
398 374
398 375
398 376
398 377
398 378
398 380
398 381
398 383
398 426
398 451
398 480
399 350
399 352
399 354
399 356
399 358
399 359
399 361
399 367
399 368
399 369
399 370
399 371
399 372
399 376
399 378
399 379
399 381
399 382
399 383
399 417
399 419
399 443
399 457
350 351
350 352
350 353
350 355
350 356
350 359
350 363
350 367
350 368
350 369
350 371
350 372
350 373
350 374
350 376
350 378
350 380
350 382
350 383
350 446
350 460
350 486
350 488
351 352
351 354
351 356
351 358
351 359
351 360
351 363
351 366
351 368
351 369
351 372
351 374
351 378
351 379
351 380
351 381
351 382
351 383
351 421
351 422
351 444
351 492
351 493
352 353
352 354
352 356
352 357
352 358
352 359
352 362
352 365
352 366
352 367
352 368
352 369
352 370
352 371
352 372
352 373
352 376
352 378
352 379
352 408
352 438
353 354
353 356
353 357
353 358
353 359
353 360
353 361
353 362
353 364
353 369
353 370
353 371
353 373
353 374
353 375
353 376
353 378
353 379
353 380
353 381
353 382
353 383
353 439
353 445
353 488
354 355
354 356
354 358
354 359
354 360
354 361
354 362
354 363
354 364
354 365
354 366
354 367
354 368
354 369
354 370
354 373
354 374
354 376
354 377
354 378
354 380
354 382
354 422
354 481
355 356
355 358
355 359
355 360
355 361
355 362
355 363
355 364
355 366
355 367
355 369
355 370
355 371
355 372
355 373
355 374
355 376
355 378
355 380
355 381
355 382
355 383
355 416
355 419
355 430
355 432
355 446
355 480
356 359
356 360
356 361
356 364
356 365
356 366
356 368
356 370
356 372
356 373
356 374
356 375
356 376
356 377
356 378
356 379
356 380
356 381
356 382
356 383
356 418
356 422
356 431
356 464
357 360
357 361
357 362
357 363
357 365
357 366
357 367
357 369
357 371
357 373
357 374
357 375
357 376
357 377
357 378
357 379
357 380
357 381
357 383
357 496
358 362
358 363
358 364
358 365
358 367
358 368
358 370
358 371
358 373
358 374
358 375
358 377
358 378
358 379
358 380
358 381
358 383
358 466
358 468
358 481
358 494
359 360
359 361
359 364
359 365
359 366
359 367
359 369
359 370
359 372
359 375
359 376
359 378
359 379
359 380
359 381
359 382
359 456
359 494
360 361
360 363
360 364
360 366
360 368
360 369
360 370
360 372
360 374
360 375
360 376
360 377
360 378
360 379
360 380
360 381
360 383
360 408
360 434
360 456
360 487
361 366
361 368
361 369
361 371
361 372
361 374
361 375
361 376
361 379
361 381
361 382
361 383
361 439
362 363
362 367
362 368
362 369
362 370
362 372
362 373
362 377
362 378
362 379
362 380
362 381
362 383
362 430
362 445
362 446
362 467
362 473
362 492
363 364
363 365
363 367
363 368
363 370
363 371
363 373
363 375
363 378
363 381
363 382
363 402
363 418
363 458
363 475
364 365
364 367
364 368
364 369
364 370
364 373
364 374
364 376
364 377
364 378
364 379
364 380
364 381
364 402
364 433
364 467
365 366
365 367
365 368
365 369
365 370
365 371
365 373
365 374
365 375
365 376
365 377
365 378
365 380
365 382
365 383
365 451
365 481
365 484
365 498
366 367
366 368
366 369
366 370
366 371
366 373
366 374
366 375
366 376
366 377
366 378
366 379
366 380
366 381
366 382
366 383
366 453
366 465
367 370
367 371
367 372
367 374
367 375
367 381
367 412
367 494
367 497
368 369
368 370
368 371
368 372
368 373
368 374
368 376
368 378
368 380
368 381
368 382
368 383
368 466
368 487
368 490
369 370
369 371
369 372
369 373
369 374
369 375
369 376
369 377
369 378
369 379
369 381
369 382
370 371
370 372
370 374
370 375
370 376
370 378
370 380
370 381
370 382
370 423
370 424
370 427
370 432
370 463
371 372
371 375
371 376
371 377
371 378
371 379
371 380
371 382
371 383
371 400
371 433
371 469
372 373
372 374
372 375
372 376
372 377
372 378
372 379
372 380
372 381
372 382
372 383
372 458
373 374
373 375
373 376
373 377
373 380
373 381
373 382
373 383
373 400
373 443
373 458
373 464
374 375
374 377
374 378
374 379
374 380
374 381
374 382
374 383
374 490
374 491
374 498
375 376
375 378
375 379
375 380
375 381
375 382
375 383
375 413
375 480
375 487
375 497
376 379
376 382
376 383
376 410
376 462
376 479
377 378
377 379
377 380
377 381
377 383
377 401
377 427
377 430
377 452
377 466
378 380
378 382
378 383
379 380
379 381
379 382
379 383
379 416
379 456
379 462
379 473
380 382
380 383
380 411
380 436
380 489
380 498
381 382
381 383
381 430
381 449
381 470
382 383
382 484
382 485
383 444
400 401
400 405
400 406
400 407
400 409
400 410
400 412
400 413
400 414
400 415
400 417
400 418
400 419
400 421
400 422
400 423
400 425
400 428
400 429
400 430
400 432
400 433
400 434
400 436
400 438
400 441
400 442
400 444
400 445
400 446
400 448
400 449
401 402
401 403
401 404
401 405
401 406
401 409
401 410
401 411
401 413
401 415
401 416
401 417
401 418
401 420
401 422
401 424
401 425
401 426
401 428
401 429
401 430
401 431
401 433
401 436
401 437
401 438
401 440
401 441
401 442
401 445
401 447
401 448
401 449
401 472
402 403
402 404
402 406
402 407
402 408
402 410
402 411
402 413
402 414
402 415
402 416
402 417
402 418
402 420
402 421
402 422
402 424
402 427
402 428
402 429
402 431
402 432
402 434
402 436
402 437
402 438
402 439
402 440
402 442
402 445
402 446
402 447
402 456
402 462
403 404
403 405
403 407
403 408
403 410
403 411
403 412
403 414
403 416
403 418
403 419
403 420
403 421
403 422
403 423
403 425
403 426
403 428
403 429
403 431
403 432
403 434
403 435
403 437
403 439
403 444
403 446
403 448
403 449
403 475
404 405
404 407
404 408
404 409
404 411
404 412
404 413
404 414
404 415
404 416
404 417
404 419
404 421
404 422
404 423
404 424
404 425
404 426
404 428
404 429
404 430
404 431
404 432
404 433
404 434
404 435
404 436
404 437
404 439
404 441
404 443
404 446
404 448
404 449
405 408
405 409
405 410
405 411
405 412
405 413
405 414
405 416
405 417
405 419
405 420
405 421
405 422
405 423
405 424
405 425
405 426
405 427
405 428
405 429
405 430
405 431
405 432
405 433
405 434
405 435
405 436
405 438
405 439
405 441
405 442
405 443
405 445
405 446
405 447
405 448
405 449
405 466
406 407
406 409
406 411
406 412
406 413
406 414
406 415
406 417
406 418
406 421
406 423
406 425
406 426
406 427
406 428
406 429
406 430
406 431
406 432
406 433
406 435
406 436
406 437
406 438
406 439
406 442
406 443
406 444
406 446
406 447
406 448
406 449
406 455
406 483
407 408
407 410
407 411
407 412
407 414
407 415
407 416
407 419
407 421
407 422
407 423
407 424
407 426
407 427
407 428
407 430
407 433
407 434
407 435
407 438
407 439
407 440
407 441
407 442
407 443
407 444
407 445
407 446
407 447
407 465
408 409
408 410
408 412
408 413
408 414
408 415
408 416
408 417
408 418
408 419
408 420
408 421
408 422
408 423
408 424
408 425
408 426
408 431
408 432
408 433
408 435
408 436
408 439
408 440
408 441
408 442
408 443
408 444
408 446
408 462
408 485
409 410
409 412
409 413
409 414
409 415
409 416
409 418
409 419
409 420
409 423
409 425
409 427
409 428
409 429
409 430
409 431
409 432
409 434
409 435
409 436
409 437
409 439
409 440
409 442
409 443
409 444
409 445
409 447
409 448
409 462
409 466
410 411
410 412
410 413
410 414
410 415
410 418
410 423
410 424
410 425
410 426
410 427
410 428
410 429
410 431
410 433
410 434
410 435
410 436
410 438
410 440
410 443
410 444
410 445
410 447
410 453
411 412
411 413
411 414
411 415
411 416
411 417
411 418
411 419
411 420
411 422
411 424
411 425
411 427
411 428
411 429
411 430
411 431
411 432
411 433
411 435
411 438
411 439
411 440
411 441
411 442
411 443
411 449
411 495
412 413
412 415
412 416
412 417
412 418
412 419
412 421
412 423
412 424
412 427
412 428
412 429
412 431
412 434
412 436
412 438
412 439
412 442
412 443
412 444
412 445
412 446
412 447
412 472
413 415
413 416
413 418
413 420
413 422
413 424
413 427
413 428
413 429
413 431
413 433
413 435
413 436
413 437
413 438
413 439
413 441
413 442
413 444
413 445
413 446
413 447
413 449
413 468
414 415
414 417
414 419
414 421
414 422
414 424
414 425
414 426
414 427
414 428
414 429
414 431
414 434
414 436
414 437
414 438
414 440
414 441
414 442
414 443
414 444
414 445
414 446
414 448
414 449
414 497
415 418
415 419
415 420
415 421
415 422
415 425
415 426
415 427
415 428
415 430
415 431
415 433
415 435
415 439
415 440
415 442
415 443
415 446
415 448
415 449
416 418
416 421
416 423
416 424
416 427
416 428
416 429
416 431
416 432
416 434
416 435
416 436
416 437
416 440
416 441
416 442
416 443
416 444
416 445
416 446
416 447
416 449
416 459
416 468
416 472
416 494
417 419
417 420
417 423
417 425
417 426
417 427
417 428
417 429
417 431
417 433
417 435
417 437
417 438
417 439
417 440
417 442
417 444
417 445
417 446
417 447
417 448
417 449
417 496
418 419
418 420
418 421
418 423
418 426
418 427
418 428
418 429
418 431
418 432
418 433
418 434
418 437
418 438
418 441
418 442
418 443
418 444
418 445
418 446
418 447
418 448
418 449
418 467
419 420
419 424
419 425
419 426
419 428
419 430
419 431
419 434
419 435
419 436
419 437
419 440
419 441
419 442
419 444
419 446
419 447
419 449
419 483
420 422
420 423
420 424
420 425
420 426
420 427
420 429
420 430
420 431
420 432
420 434
420 435
420 437
420 438
420 440
420 441
420 442
420 443
420 444
420 445
420 448
420 449
420 483
421 422
421 423
421 424
421 425
421 426
421 427
421 428
421 429
421 434
421 436
421 437
421 442
421 443
421 444
421 446
421 447
421 449
421 459
421 476
421 482
421 491
421 497
422 423
422 425
422 427
422 428
422 430
422 432
422 433
422 434
422 436
422 437
422 439
422 440
422 442
422 443
422 444
422 446
422 447
422 449
422 496
423 424
423 428
423 429
423 430
423 431
423 432
423 433
423 434
423 435
423 436
423 438
423 439
423 441
423 443
423 444
423 445
423 446
423 447
423 448
423 449
423 483
424 425
424 426
424 427
424 428
424 429
424 431
424 433
424 434
424 435
424 436
424 437
424 438
424 440
424 441
424 443
424 444
424 445
424 446
424 447
424 496
425 427
425 429
425 430
425 433
425 434
425 436
425 439
425 441
425 443
425 444
425 445
425 446
425 447
425 449
425 488
425 496
426 428
426 431
426 432
426 434
426 435
426 436
426 437
426 439
426 440
426 441
426 442
426 444
426 445
426 448
426 449
427 430
427 431
427 432
427 436
427 438
427 439
427 440
427 441
427 442
427 443
427 444
427 445
427 449
427 476
427 497
428 429
428 430
428 433
428 435
428 436
428 438
428 439
428 441
428 444
428 445
428 446
428 447
428 448
428 449
428 473
428 481
428 492
429 431
429 432
429 433
429 435
429 436
429 437
429 438
429 439
429 440
429 441
429 442
429 443
429 445
429 447
429 485
430 431
430 432
430 433
430 434
430 435
430 436
430 438
430 439
430 441
430 443
430 444
430 445
430 446
430 448
430 449
431 434
431 436
431 439
431 441
431 442
431 443
431 444
431 445
431 446
431 447
431 448
431 491
432 434
432 435
432 437
432 438
432 442
432 446
432 447
432 448
432 449
432 476
432 485
433 434
433 435
433 438
433 440
433 441
433 442
433 443
433 444
433 446
433 447
433 448
433 449
433 481
434 435
434 437
434 440
434 442
434 445
434 447
434 448
435 436
435 437
435 440
435 442
435 444
435 445
435 446
435 447
435 448
435 449
435 460
436 437
436 439
436 440
436 442
436 443
436 444
436 445
436 447
436 448
437 438
437 439
437 440
437 441
437 442
437 444
437 445
437 447
437 448
437 449
438 439
438 440
438 442
438 443
438 444
438 447
438 448
438 449
439 441
439 444
439 445
439 446
439 447
439 448
439 449
439 458
440 441
440 443
440 444
440 446
440 447
440 448
440 449
440 457
440 463
440 494
441 444
441 446
441 447
441 449
441 452
441 458
441 489
442 443
442 444
442 445
442 446
442 484
443 444
443 445
443 446
443 447
443 449
443 460
444 445
444 446
444 447
444 448
444 449
444 479
444 481
445 446
445 447
445 448
445 468
446 448
446 449
446 452
446 454
446 458
446 486
447 448
447 449
447 485
448 490
449 485
450 451
450 453
450 455
450 456
450 457
450 459
450 460
450 462
450 463
450 464
450 465
450 467
450 468
450 469
450 470
450 474
450 475
450 478
450 480
450 481
450 483
450 484
450 486
450 487
450 488
450 489
450 490
450 491
450 492
450 494
450 496
450 498
451 452
451 454
451 456
451 458
451 460
451 462
451 465
451 466
451 467
451 468
451 469
451 470
451 471
451 472
451 474
451 475
451 476
451 477
451 478
451 479
451 480
451 481
451 483
451 484
451 485
451 487
451 488
451 491
451 492
451 494
451 495
451 496
451 497
451 499
452 453
452 454
452 456
452 457
452 458
452 459
452 460
452 461
452 463
452 464
452 465
452 466
452 467
452 468
452 469
452 470
452 472
452 473
452 475
452 476
452 477
452 478
452 479
452 480
452 484
452 487
452 488
452 489
452 491
452 492
452 494
452 498
453 454
453 455
453 456
453 457
453 458
453 459
453 460
453 461
453 464
453 466
453 468
453 469
453 471
453 474
453 475
453 476
453 478
453 479
453 480
453 481
453 482
453 483
453 485
453 486
453 488
453 489
453 490
453 491
453 492
453 493
453 494
453 495
453 496
453 498
453 499
454 455
454 456
454 457
454 458
454 460
454 463
454 464
454 465
454 466
454 467
454 470
454 471
454 472
454 473
454 474
454 475
454 476
454 478
454 479
454 480
454 481
454 483
454 484
454 485
454 486
454 489
454 492
454 493
454 494
454 495
454 498
455 456
455 457
455 458
455 460
455 461
455 462
455 464
455 465
455 467
455 468
455 469
455 470
455 471
455 473
455 475
455 476
455 477
455 479
455 482
455 483
455 485
455 486
455 487
455 489
455 490
455 491
455 492
455 493
455 495
455 496
455 497
455 498
455 499
456 459
456 460
456 461
456 462
456 463
456 465
456 466
456 467
456 470
456 473
456 475
456 476
456 477
456 480
456 481
456 482
456 483
456 484
456 486
456 488
456 489
456 490
456 491
456 492
456 494
456 495
456 496
456 497
457 458
457 459
457 461
457 462
457 463
457 464
457 465
457 467
457 468
457 469
457 471
457 473
457 474
457 475
457 476
457 478
457 479
457 481
457 482
457 483
457 484
457 485
457 486
457 488
457 491
457 492
457 493
457 495
457 497
457 498
457 499
458 461
458 462
458 465
458 466
458 468
458 470
458 471
458 473
458 475
458 476
458 478
458 480
458 482
458 483
458 485
458 486
458 487
458 488
458 489
458 490
458 492
458 493
458 494
458 495
458 496
458 497
458 498
458 499
459 460
459 461
459 462
459 463
459 464
459 465
459 467
459 468
459 469
459 470
459 471
459 473
459 475
459 476
459 479
459 480
459 481
459 482
459 483
459 484
459 485
459 487
459 488
459 490
459 491
459 492
459 493
459 494
459 495
459 496
459 498
459 499
460 461
460 462
460 464
460 466
460 467
460 470
460 471
460 472
460 473
460 475
460 476
460 477
460 478
460 480
460 486
460 487
460 489
460 490
460 491
460 492
460 496
460 497
460 498
460 499
461 462
461 465
461 466
461 467
461 471
461 472
461 473
461 474
461 475
461 476
461 477
461 478
461 481
461 484
461 486
461 488
461 489
461 492
461 494
461 495
461 496
461 497
462 463
462 464
462 465
462 466
462 468
462 469
462 470
462 471
462 473
462 474
462 476
462 477
462 478
462 479
462 481
462 482
462 483
462 484
462 486
462 487
462 488
462 489
462 490
462 491
462 492
462 494
462 495
462 496
462 497
462 499
463 465
463 466
463 467
463 468
463 469
463 472
463 473
463 475
463 477
463 479
463 480
463 482
463 484
463 485
463 487
463 488
463 489
463 490
463 491
463 492
463 493
463 494
463 495
463 497
463 499
464 465
464 466
464 468
464 470
464 472
464 473
464 474
464 475
464 478
464 480
464 481
464 482
464 483
464 484
464 485
464 486
464 487
464 488
464 489
464 490
464 491
464 492
464 493
464 494
464 496
464 498
464 499
465 466
465 467
465 468
465 469
465 471
465 474
465 475
465 477
465 478
465 479
465 480
465 481
465 483
465 484
465 486
465 487
465 489
465 490
465 493
465 494
465 495
465 496
465 497
465 499
466 468
466 469
466 471
466 472
466 476
466 477
466 478
466 479
466 483
466 484
466 485
466 487
466 489
466 490
466 492
466 493
466 494
466 495
466 496
466 498
466 499
467 468
467 470
467 474
467 475
467 477
467 478
467 480
467 481
467 483
467 485
467 486
467 487
467 489
467 490
467 491
467 492
467 495
467 496
467 497
467 498
467 499
468 470
468 471
468 472
468 473
468 474
468 475
468 477
468 478
468 480
468 481
468 484
468 485
468 486
468 487
468 489
468 490
468 491
468 492
468 495
468 497
468 498
468 499
469 473
469 476
469 477
469 480
469 481
469 482
469 483
469 484
469 485
469 488
469 489
469 490
469 492
469 493
469 494
469 495
469 497
469 499
470 471
470 474
470 475
470 477
470 478
470 479
470 483
470 484
470 486
470 488
470 489
470 490
470 492
470 493
470 494
470 499
471 473
471 474
471 475
471 477
471 478
471 479
471 480
471 481
471 482
471 483
471 484
471 486
471 488
471 489
471 491
471 492
471 493
471 494
471 495
471 496
471 498
471 499
472 475
472 476
472 477
472 478
472 479
472 480
472 481
472 482
472 483
472 484
472 485
472 486
472 487
472 488
472 489
472 491
472 492
472 493
472 494
472 495
472 496
472 497
472 498
473 474
473 475
473 476
473 477
473 478
473 479
473 481
473 482
473 483
473 484
473 485
473 486
473 488
473 490
473 492
473 494
473 495
473 498
474 475
474 478
474 479
474 480
474 483
474 484
474 486
474 487
474 488
474 490
474 491
474 493
474 494
474 495
474 496
474 497
474 498
474 499
475 476
475 477
475 478
475 479
475 480
475 481
475 483
475 484
475 487
475 489
475 490
475 493
475 494
475 495
475 496
475 498
476 478
476 479
476 481
476 482
476 483
476 484
476 485
476 486
476 487
476 488
476 491
476 492
476 493
476 495
476 496
476 497
476 498
476 499
477 478
477 479
477 480
477 481
477 483
477 484
477 485
477 486
477 487
477 488
477 489
477 490
477 492
477 493
477 495
477 496
477 497
477 498
477 499
478 479
478 480
478 481
478 482
478 485
478 486
478 488
478 489
478 490
478 493
478 494
478 495
478 496
478 497
478 498
478 499
479 481
479 482
479 484
479 485
479 486
479 487
479 489
479 490
479 491
479 492
479 493
479 494
479 495
479 496
479 497
479 498
480 482
480 483
480 484
480 487
480 489
480 490
480 491
480 492
480 495
480 496
480 497
480 498
481 483
481 484
481 485
481 488
481 489
481 490
481 491
481 492
481 495
481 496
481 499
482 485
482 488
482 489
482 490
482 491
482 492
482 493
482 494
482 495
482 497
482 498
483 485
483 486
483 488
483 489
483 490
483 491
483 492
483 493
483 496
483 497
483 498
483 499
484 485
484 490
484 492
484 493
484 494
484 495
484 496
484 497
484 498
484 499
485 488
485 489
485 493
485 495
485 497
485 498
485 499
486 487
486 489
486 490
486 491
486 492
486 493
486 494
486 496
486 497
486 498
486 499
487 488
487 489
487 490
487 491
487 492
487 493
487 495
487 496
487 497
487 498
487 499
488 490
488 491
488 492
488 493
488 495
488 496
488 497
489 490
489 491
489 492
489 493
489 494
489 495
489 496
490 491
490 492
490 495
490 496
490 497
490 498
490 499
491 492
491 495
491 496
491 497
491 498
491 499
492 493
492 495
492 497
492 498
492 499
493 495
493 496
493 497
493 498
493 499
494 496
494 498
494 499
495 496
495 498
495 499
496 499
498 499
