0 2
0 4
0 5
0 6
0 7
0 9
0 10
0 11
0 12
0 14
0 15
0 16
0 18
0 19
0 20
0 22
0 23
0 26
0 27
0 30
0 34
0 35
0 36
0 37
0 38
0 39
0 40
0 41
0 42
0 44
0 45
0 46
0 47
0 48
0 49
0 92
0 273
1 2
1 4
1 6
1 7
1 8
1 9
1 10
1 11
1 12
1 13
1 14
1 15
1 16
1 17
1 19
1 21
1 22
1 23
1 24
1 25
1 26
1 27
1 28
1 29
1 32
1 33
1 34
1 37
1 39
1 40
1 43
1 44
1 46
1 47
1 49
1 58
1 122
1 221
1 360
1 373
2 8
2 9
2 10
2 11
2 12
2 14
2 16
2 18
2 19
2 20
2 21
2 22
2 24
2 25
2 26
2 27
2 28
2 30
2 32
2 33
2 34
2 35
2 36
2 37
2 39
2 40
2 41
2 42
2 43
2 44
2 46
2 47
2 48
2 49
2 134
2 204
2 230
2 257
2 334
3 4
3 5
3 6
3 9
3 12
3 13
3 15
3 16
3 17
3 18
3 19
3 20
3 23
3 24
3 25
3 26
3 27
3 28
3 29
3 30
3 31
3 32
3 33
3 34
3 36
3 37
3 39
3 40
3 41
3 44
3 45
3 46
3 47
3 48
3 49
3 57
3 80
3 309
3 380
4 5
4 6
4 7
4 8
4 9
4 11
4 12
4 14
4 15
4 16
4 17
4 18
4 19
4 20
4 21
4 22
4 23
4 26
4 27
4 28
4 29
4 30
4 31
4 33
4 34
4 35
4 36
4 37
4 38
4 39
4 41
4 42
4 43
4 44
4 46
4 48
4 49
4 165
5 8
5 9
5 11
5 13
5 14
5 15
5 16
5 17
5 19
5 20
5 21
5 22
5 23
5 24
5 26
5 28
5 29
5 31
5 32
5 33
5 34
5 35
5 36
5 40
5 41
5 42
5 44
5 45
5 47
5 48
5 49
5 104
5 274
5 398
6 8
6 9
6 10
6 11
6 12
6 15
6 16
6 18
6 19
6 20
6 22
6 23
6 24
6 25
6 26
6 27
6 29
6 30
6 31
6 32
6 34
6 35
6 36
6 37
6 39
6 40
6 41
6 42
6 44
6 45
6 46
6 47
6 49
6 165
6 182
6 383
7 8
7 9
7 10
7 11
7 14
7 16
7 17
7 18
7 22
7 25
7 26
7 27
7 28
7 29
7 30
7 32
7 33
7 34
7 35
7 37
7 38
7 39
7 40
7 41
7 42
7 44
7 46
7 47
7 49
7 205
7 239
7 313
7 359
7 368
7 403
8 12
8 13
8 14
8 16
8 18
8 19
8 20
8 21
8 23
8 24
8 25
8 27
8 28
8 30
8 32
8 33
8 34
8 36
8 38
8 39
8 40
8 41
8 42
8 44
8 45
8 48
8 171
8 365
9 10
9 11
9 14
9 15
9 16
9 19
9 21
9 22
9 23
9 25
9 27
9 28
9 33
9 34
9 35
9 37
9 38
9 39
9 42
9 43
9 44
9 45
9 47
9 48
9 49
9 123
9 181
9 423
10 11
10 12
10 13
10 14
10 15
10 16
10 18
10 21
10 23
10 26
10 27
10 28
10 29
10 30
10 31
10 32
10 33
10 34
10 35
10 36
10 37
10 38
10 39
10 40
10 42
10 43
10 44
10 45
10 46
10 48
10 193
10 322
11 12
11 13
11 14
11 16
11 17
11 19
11 21
11 23
11 25
11 28
11 29
11 30
11 31
11 32
11 34
11 37
11 38
11 39
11 40
11 41
11 42
11 43
11 44
11 45
11 46
11 47
11 49
11 132
11 172
12 14
12 15
12 16
12 19
12 20
12 21
12 22
12 24
12 25
12 27
12 31
12 32
12 34
12 35
12 36
12 37
12 39
12 40
12 41
12 44
12 45
12 48
12 189
12 256
12 273
13 16
13 17
13 18
13 19
13 20
13 22
13 24
13 25
13 28
13 30
13 31
13 32
13 34
13 35
13 36
13 37
13 38
13 41
13 42
13 44
13 45
13 47
13 48
13 234
13 266
13 268
13 402
14 15
14 16
14 19
14 20
14 21
14 22
14 23
14 24
14 26
14 28
14 30
14 31
14 33
14 34
14 35
14 36
14 37
14 38
14 39
14 40
14 41
14 43
14 44
14 47
14 48
14 49
14 152
14 310
14 488
15 16
15 17
15 18
15 20
15 21
15 22
15 24
15 25
15 26
15 28
15 29
15 30
15 32
15 34
15 37
15 38
15 39
15 41
15 42
15 44
15 45
15 46
15 47
15 49
15 124
15 208
15 239
15 268
16 17
16 18
16 19
16 21
16 22
16 23
16 24
16 25
16 28
16 29
16 30
16 32
16 34
16 36
16 37
16 38
16 39
16 40
16 41
16 42
16 43
16 45
16 46
16 47
16 49
16 98
16 102
16 187
16 225
17 18
17 19
17 20
17 21
17 23
17 24
17 25
17 26
17 28
17 29
17 30
17 33
17 34
17 35
17 36
17 38
17 40
17 41
17 42
17 43
17 46
17 47
17 48
17 56
17 176
17 352
18 19
18 21
18 22
18 24
18 25
18 26
18 27
18 28
18 29
18 30
18 31
18 32
18 35
18 36
18 37
18 39
18 40
18 42
18 43
18 44
18 45
18 47
18 49
18 240
18 276
18 494
19 20
19 21
19 23
19 24
19 26
19 28
19 30
19 32
19 33
19 34
19 35
19 38
19 39
19 40
19 42
19 43
19 44
19 45
19 46
19 48
19 49
20 21
20 22
20 24
20 25
20 26
20 27
20 29
20 30
20 31
20 32
20 33
20 34
20 35
20 36
20 37
20 38
20 39
20 40
20 41
20 42
20 44
20 45
20 47
20 49
20 436
21 24
21 25
21 26
21 27
21 28
21 30
21 31
21 32
21 35
21 38
21 40
21 41
21 42
21 43
21 44
21 46
21 47
21 48
21 49
21 66
22 25
22 26
22 28
22 29
22 30
22 31
22 33
22 34
22 35
22 36
22 38
22 40
22 42
22 43
22 45
22 46
22 47
22 49
22 107
22 117
23 24
23 25
23 27
23 30
23 31
23 34
23 35
23 36
23 37
23 39
23 40
23 41
23 42
23 43
23 44
23 45
23 46
23 211
23 272
23 342
24 27
24 28
24 29
24 30
24 31
24 33
24 35
24 36
24 38
24 40
24 41
24 43
24 44
24 46
24 48
24 49
24 87
24 204
24 434
25 28
25 29
25 30
25 31
25 32
25 33
25 34
25 37
25 39
25 40
25 42
25 43
25 44
25 45
25 46
25 47
25 48
25 49
25 122
25 127
25 208
25 392
25 459
26 27
26 28
26 29
26 33
26 34
26 35
26 36
26 37
26 38
26 39
26 40
26 43
26 44
26 46
26 47
26 48
26 49
26 377
27 28
27 30
27 33
27 34
27 35
27 36
27 37
27 38
27 39
27 41
27 42
27 44
27 45
27 46
27 47
27 48
27 49
27 145
28 31
28 32
28 33
28 34
28 36
28 37
28 38
28 39
28 41
28 42
28 43
28 44
28 45
28 47
28 48
28 49
28 325
29 30
29 31
29 32
29 34
29 35
29 38
29 39
29 40
29 41
29 42
29 45
29 46
29 47
29 48
29 49
29 166
29 365
29 476
30 31
30 32
30 33
30 35
30 37
30 39
30 40
30 41
30 44
30 46
30 47
30 49
30 66
30 392
31 33
31 35
31 38
31 39
31 40
31 41
31 42
31 43
31 45
31 46
31 47
31 48
31 49
31 232
32 33
32 34
32 35
32 36
32 37
32 38
32 39
32 40
32 41
32 42
32 43
32 45
32 47
32 48
32 49
33 36
33 37
33 38
33 39
33 41
33 42
33 43
33 46
33 47
33 48
33 139
33 296
34 36
34 37
34 39
34 40
34 41
34 42
34 44
34 45
34 47
34 48
34 94
35 36
35 38
35 39
35 40
35 41
35 45
35 47
35 49
35 93
36 37
36 38
36 43
36 44
36 47
36 49
36 101
37 38
37 39
37 40
37 41
37 42
37 45
37 46
37 47
37 48
37 419
38 40
38 41
38 42
38 43
38 45
38 46
38 48
38 380
39 40
39 41
39 43
39 44
39 45
39 46
39 48
39 49
39 269
40 41
40 42
40 43
40 44
40 45
40 49
40 128
40 123
40 124
41 42
41 44
41 46
41 47
41 48
41 49
41 193
41 396
42 43
42 45
42 46
42 47
42 48
42 49
42 198
43 44
43 45
43 47
43 471
44 45
44 46
44 47
44 320
45 46
45 48
45 130
46 47
46 48
46 49
46 164
46 172
46 240
46 365
46 414
47 49
47 254
47 348
48 49
48 257
48 398
48 470
49 120
49 226
49 322
50 51
50 53
50 54
50 56
50 57
50 58
50 59
50 60
50 62
50 63
50 65
50 68
50 69
50 70
50 71
50 72
50 73
50 74
50 75
50 76
50 78
50 79
50 80
50 82
50 83
50 84
50 85
50 86
50 87
50 88
50 89
50 90
50 91
50 92
50 93
50 94
50 96
50 97
50 126
51 53
51 54
51 55
51 57
51 58
51 59
51 61
51 63
51 65
51 66
51 68
51 69
51 70
51 72
51 73
51 76
51 78
51 79
51 81
51 82
51 85
51 86
51 87
51 88
51 89
51 90
51 91
51 93
51 95
51 96
51 97
51 98
51 248
51 429
51 470
52 53
52 55
52 57
52 58
52 59
52 63
52 65
52 68
52 69
52 71
52 73
52 74
52 76
52 77
52 79
52 80
52 81
52 82
52 83
52 84
52 85
52 86
52 87
52 88
52 92
52 93
52 94
52 95
52 97
52 98
52 264
52 322
52 406
53 54
53 55
53 57
53 58
53 59
53 61
53 62
53 64
53 65
53 66
53 67
53 68
53 69
53 71
53 74
53 75
53 77
53 78
53 83
53 84
53 86
53 87
53 88
53 90
53 91
53 94
53 95
53 97
53 98
53 99
53 245
53 427
54 55
54 58
54 60
54 63
54 65
54 67
54 68
54 69
54 71
54 74
54 75
54 76
54 77
54 78
54 79
54 80
54 81
54 82
54 83
54 84
54 85
54 86
54 87
54 88
54 89
54 91
54 92
54 93
54 94
54 96
54 98
54 166
54 334
54 364
55 56
55 57
55 58
55 59
55 61
55 62
55 64
55 65
55 66
55 67
55 69
55 70
55 72
55 73
55 75
55 76
55 77
55 80
55 81
55 82
55 84
55 86
55 87
55 88
55 89
55 90
55 91
55 93
55 94
55 95
55 96
55 98
55 99
55 206
55 397
56 57
56 59
56 60
56 61
56 63
56 65
56 66
56 67
56 68
56 69
56 70
56 71
56 72
56 73
56 74
56 75
56 76
56 78
56 80
56 81
56 82
56 83
56 86
56 88
56 92
56 93
56 95
56 96
56 279
57 61
57 62
57 65
57 66
57 69
57 70
57 72
57 74
57 75
57 77
57 78
57 79
57 80
57 84
57 85
57 86
57 88
57 89
57 90
57 92
57 93
57 95
57 96
57 97
57 98
57 99
57 187
57 263
57 278
57 384
58 59
58 60
58 61
58 63
58 64
58 65
58 67
58 69
58 70
58 72
58 73
58 74
58 77
58 79
58 80
58 81
58 82
58 83
58 84
58 85
58 86
58 91
58 92
58 94
58 95
58 96
58 97
58 98
58 99
58 178
58 328
59 61
59 62
59 63
59 64
59 65
59 66
59 68
59 69
59 70
59 71
59 72
59 73
59 74
59 75
59 76
59 78
59 79
59 80
59 82
59 83
59 84
59 86
59 88
59 89
59 90
59 91
59 93
59 97
59 98
59 99
60 62
60 63
60 65
60 66
60 67
60 68
60 69
60 71
60 72
60 73
60 76
60 78
60 80
60 82
60 85
60 86
60 87
60 88
60 89
60 90
60 91
60 92
60 93
60 94
60 95
60 96
60 97
60 98
60 99
60 283
60 391
60 482
61 62
61 63
61 64
61 66
61 67
61 68
61 69
61 71
61 72
61 73
61 74
61 75
61 76
61 77
61 79
61 80
61 81
61 82
61 83
61 84
61 85
61 87
61 88
61 89
61 90
61 91
61 92
61 93
61 95
61 96
61 97
61 98
61 99
61 118
61 178
61 198
61 424
62 63
62 64
62 65
62 66
62 67
62 69
62 70
62 71
62 73
62 75
62 76
62 77
62 78
62 79
62 80
62 82
62 83
62 84
62 85
62 86
62 87
62 89
62 90
62 91
62 92
62 95
62 97
62 98
62 99
62 260
63 64
63 65
63 66
63 67
63 68
63 69
63 70
63 73
63 74
63 75
63 76
63 78
63 81
63 84
63 86
63 87
63 88
63 89
63 90
63 92
63 94
64 66
64 67
64 68
64 69
64 70
64 71
64 72
64 75
64 76
64 77
64 79
64 80
64 81
64 82
64 83
64 87
64 88
64 89
64 92
64 93
64 94
64 95
64 96
64 98
65 67
65 68
65 69
65 74
65 76
65 77
65 79
65 80
65 83
65 84
65 86
65 87
65 88
65 90
65 91
65 92
65 93
65 94
65 96
65 97
65 98
65 99
65 150
66 70
66 73
66 74
66 75
66 77
66 78
66 79
66 80
66 81
66 82
66 84
66 85
66 86
66 87
66 88
66 89
66 90
66 92
66 94
66 95
66 96
66 98
66 99
66 148
66 343
66 379
66 425
67 68
67 69
67 72
67 74
67 75
67 76
67 77
67 78
67 80
67 81
67 82
67 83
67 84
67 85
67 86
67 87
67 88
67 92
67 94
67 95
67 97
67 98
68 69
68 70
68 71
68 72
68 73
68 77
68 78
68 79
68 80
68 82
68 83
68 85
68 86
68 87
68 89
68 90
68 91
68 92
68 93
68 96
68 97
68 98
68 99
68 490
69 71
69 72
69 73
69 74
69 75
69 76
69 77
69 78
69 79
69 80
69 81
69 82
69 83
69 85
69 87
69 88
69 89
69 92
69 94
69 97
69 274
69 382
70 71
70 72
70 73
70 74
70 75
70 76
70 77
70 78
70 79
70 81
70 83
70 84
70 85
70 86
70 88
70 90
70 95
70 96
70 97
70 98
70 316
70 497
71 73
71 74
71 75
71 77
71 78
71 79
71 80
71 81
71 83
71 84
71 85
71 86
71 87
71 88
71 89
71 91
71 92
71 93
71 94
71 95
71 96
71 97
71 98
71 99
71 182
72 73
72 74
72 75
72 76
72 77
72 80
72 82
72 84
72 86
72 87
72 88
72 92
72 93
72 94
72 95
72 96
72 97
72 99
72 176
72 240
72 375
73 74
73 75
73 76
73 77
73 78
73 79
73 81
73 83
73 84
73 85
73 86
73 88
73 91
73 92
73 93
73 94
73 95
73 96
73 97
73 98
73 99
73 328
74 75
74 76
74 78
74 79
74 80
74 81
74 82
74 83
74 84
74 85
74 86
74 88
74 89
74 90
74 91
74 92
74 93
74 94
74 96
74 98
74 186
74 346
75 76
75 80
75 83
75 84
75 85
75 86
75 87
75 88
75 91
75 92
75 93
75 94
75 95
75 96
75 98
75 99
76 78
76 80
76 81
76 85
76 86
76 89
76 92
76 93
76 94
76 95
76 96
76 97
76 98
76 99
76 152
77 78
77 79
77 80
77 81
77 82
77 85
77 86
77 87
77 88
77 89
77 90
77 91
77 92
77 93
77 94
77 95
77 96
77 97
77 98
77 186
77 452
78 79
78 80
78 81
78 82
78 84
78 88
78 89
78 92
78 93
78 96
78 97
78 98
78 99
78 131
78 259
78 340
78 381
78 461
79 82
79 83
79 84
79 85
79 86
79 87
79 88
79 90
79 94
79 95
79 96
79 98
80 81
80 82
80 83
80 84
80 85
80 86
80 87
80 88
80 89
80 90
80 91
80 93
80 94
80 95
80 97
80 98
80 99
80 197
80 360
80 461
81 82
81 83
81 84
81 87
81 90
81 95
81 96
81 97
81 98
81 99
81 227
81 268
81 367
82 84
82 85
82 88
82 90
82 91
82 92
82 94
82 97
82 126
82 381
83 84
83 85
83 86
83 88
83 89
83 90
83 93
83 96
83 97
83 197
83 218
83 417
84 85
84 86
84 87
84 88
84 89
84 91
84 92
84 93
84 94
84 95
84 96
84 98
84 203
84 417
84 471
85 86
85 88
85 90
85 91
85 92
85 93
85 94
85 95
85 96
85 97
85 98
85 99
85 129
85 221
85 265
85 356
86 87
86 88
86 89
86 90
86 91
86 92
86 95
86 97
87 90
87 91
87 92
87 93
87 94
87 96
87 97
87 99
87 414
88 89
88 90
88 92
88 93
88 95
88 96
88 97
88 98
88 99
88 171
89 90
89 91
89 93
89 94
89 95
89 97
89 99
89 240
90 92
90 93
90 95
90 96
90 97
90 98
90 99
90 292
90 252
90 342
90 362
91 92
91 96
91 97
91 98
91 99
91 437
92 96
93 94
93 96
93 98
94 95
94 98
94 184
94 234
94 237
94 268
94 339
95 96
95 97
95 98
95 99
95 483
95 491
95 498
96 97
96 98
96 99
96 200
97 98
97 235
98 99
98 128
98 365
99 309
128 129
128 131
128 132
128 133
128 134
128 136
128 137
128 138
128 139
128 140
128 141
128 143
128 144
128 145
128 146
128 147
128 148
128 149
128 100
128 101
128 102
128 103
128 104
128 108
128 109
128 111
128 112
128 115
128 116
128 118
128 120
128 121
128 122
128 123
128 124
128 125
128 211
128 267
129 130
129 133
129 134
129 135
129 136
129 137
129 139
129 141
129 143
129 144
129 146
129 148
129 149
129 101
129 104
129 105
129 107
129 109
129 112
129 113
129 114
129 115
129 117
129 118
129 119
129 122
129 123
129 124
129 125
129 126
129 127
129 433
130 132
130 133
130 134
130 136
130 137
130 138
130 139
130 140
130 143
130 145
130 146
130 147
130 101
130 102
130 103
130 105
130 106
130 108
130 109
130 111
130 112
130 113
130 114
130 115
130 116
130 118
130 119
130 120
130 121
130 123
130 124
130 125
130 127
131 132
131 133
131 134
131 135
131 136
131 137
131 138
131 139
131 140
131 141
131 142
131 143
131 144
131 145
131 147
131 149
131 100
131 103
131 105
131 107
131 108
131 109
131 110
131 111
131 112
131 117
131 118
131 119
131 120
131 123
131 124
131 125
131 126
131 332
131 385
132 136
132 137
132 138
132 139
132 142
132 145
132 146
132 147
132 148
132 149
132 100
132 104
132 106
132 107
132 108
132 109
132 110
132 111
132 113
132 116
132 117
132 118
132 120
132 122
132 124
132 126
132 127
132 233
132 274
133 134
133 135
133 136
133 138
133 139
133 140
133 142
133 143
133 144
133 145
133 146
133 147
133 149
133 100
133 101
133 102
133 103
133 104
133 105
133 106
133 107
133 108
133 113
133 114
133 115
133 116
133 117
133 121
133 122
133 123
133 124
133 125
133 126
133 127
133 215
134 135
134 136
134 137
134 139
134 140
134 141
134 142
134 143
134 144
134 145
134 146
134 147
134 149
134 100
134 101
134 106
134 107
134 109
134 110
134 111
134 112
134 115
134 117
134 118
134 121
134 123
134 124
134 125
134 127
134 311
134 383
134 482
135 137
135 138
135 139
135 140
135 141
135 143
135 146
135 147
135 148
135 149
135 101
135 102
135 103
135 104
135 106
135 107
135 108
135 110
135 112
135 114
135 115
135 116
135 117
135 119
135 120
135 121
135 122
135 125
135 127
135 355
135 405
135 471
136 138
136 139
136 144
136 146
136 147
136 149
136 100
136 104
136 105
136 107
136 108
136 111
136 113
136 114
136 115
136 116
136 118
136 120
136 121
136 123
136 124
136 126
136 404
137 138
137 140
137 143
137 144
137 145
137 146
137 147
137 148
137 100
137 103
137 104
137 106
137 107
137 108
137 109
137 110
137 111
137 113
137 115
137 121
137 123
137 124
137 125
137 189
138 139
138 140
138 142
138 144
138 145
138 146
138 147
138 148
138 149
138 102
138 105
138 106
138 107
138 108
138 109
138 110
138 112
138 117
138 120
138 122
138 123
138 124
138 126
139 140
139 141
139 142
139 144
139 145
139 146
139 147
139 148
139 149
139 104
139 105
139 106
139 107
139 108
139 110
139 111
139 112
139 113
139 114
139 116
139 119
139 122
139 123
139 125
139 126
139 127
140 141
140 145
140 147
140 100
140 101
140 102
140 103
140 104
140 106
140 107
140 108
140 110
140 111
140 112
140 113
140 114
140 115
140 116
140 117
140 118
140 121
140 122
140 123
140 124
140 125
140 126
140 127
141 143
141 144
141 146
141 147
141 148
141 149
141 100
141 101
141 103
141 104
141 105
141 106
141 107
141 108
141 109
141 110
141 112
141 113
141 115
141 116
141 117
141 119
141 121
141 122
141 123
141 124
141 125
141 126
141 127
141 189
141 405
142 143
142 144
142 145
142 148
142 149
142 101
142 102
142 107
142 108
142 110
142 111
142 114
142 115
142 116
142 120
142 121
142 122
142 123
142 125
142 126
142 127
142 150
143 144
143 145
143 147
143 149
143 100
143 104
143 106
143 107
143 108
143 110
143 112
143 113
143 114
143 116
143 117
143 118
143 119
143 120
143 121
143 123
143 124
143 125
143 126
143 127
143 174
144 145
144 146
144 148
144 149
144 101
144 103
144 104
144 105
144 107
144 108
144 110
144 111
144 113
144 115
144 116
144 117
144 120
144 123
144 125
144 126
144 127
144 264
144 373
145 100
145 103
145 106
145 107
145 108
145 109
145 111
145 114
145 115
145 116
145 117
145 118
145 120
145 122
145 126
145 127
145 186
145 361
145 378
145 469
146 147
146 148
146 149
146 100
146 101
146 104
146 105
146 106
146 107
146 108
146 109
146 112
146 113
146 115
146 117
146 118
146 119
146 122
146 123
146 124
146 126
146 421
147 149
147 100
147 106
147 107
147 108
147 109
147 111
147 112
147 115
147 116
147 119
147 122
147 123
147 124
147 126
148 100
148 102
148 104
148 105
148 106
148 107
148 109
148 110
148 111
148 113
148 114
148 115
148 116
148 117
148 118
148 119
148 120
148 121
148 122
148 123
148 124
148 125
148 126
148 127
148 274
149 100
149 101
149 102
149 103
149 104
149 105
149 106
149 108
149 109
149 110
149 111
149 112
149 116
149 117
149 119
149 121
149 122
149 123
149 124
149 125
149 126
149 127
100 101
100 102
100 103
100 105
100 106
100 107
100 109
100 110
100 111
100 113
100 115
100 116
100 117
100 118
100 119
100 120
100 121
100 122
100 125
100 126
100 294
100 458
101 103
101 104
101 105
101 107
101 108
101 109
101 110
101 113
101 114
101 115
101 116
101 118
101 119
101 120
101 121
101 123
101 124
101 127
102 103
102 107
102 108
102 113
102 114
102 115
102 116
102 117
102 118
102 120
102 122
102 123
102 124
102 125
102 126
102 127
102 219
102 221
102 367
103 106
103 108
103 110
103 111
103 112
103 113
103 114
103 115
103 116
103 117
103 119
103 120
103 121
103 122
103 123
103 125
103 126
103 127
104 105
104 106
104 108
104 109
104 110
104 111
104 113
104 114
104 115
104 116
104 117
104 118
104 119
104 120
104 122
104 123
104 124
104 126
104 127
104 335
105 106
105 108
105 109
105 110
105 112
105 113
105 115
105 117
105 118
105 119
105 121
105 122
105 125
105 126
105 127
105 161
105 233
106 107
106 110
106 111
106 112
106 113
106 114
106 115
106 116
106 117
106 118
106 120
106 122
106 124
106 127
106 324
106 350
107 108
107 110
107 111
107 112
107 114
107 115
107 116
107 117
107 118
107 120
107 122
107 123
107 124
107 125
107 126
107 127
107 334
108 109
108 110
108 111
108 112
108 114
108 115
108 116
108 120
108 121
108 122
108 123
108 124
108 125
108 126
108 127
108 332
108 408
109 110
109 111
109 113
109 116
109 117
109 119
109 120
109 122
109 125
109 127
109 244
109 301
110 114
110 115
110 117
110 119
110 121
110 122
110 125
110 126
111 112
111 113
111 114
111 116
111 118
111 119
111 120
111 121
111 122
111 123
111 124
111 126
111 127
111 380
111 444
112 114
112 115
112 116
112 117
112 118
112 119
112 120
112 121
112 122
112 123
112 124
112 125
112 126
113 114
113 115
113 116
113 117
113 120
113 121
113 124
113 125
113 126
113 309
113 335
113 409
114 116
114 117
114 118
114 119
114 120
114 122
114 123
114 125
114 126
114 127
114 225
114 467
115 116
115 117
115 118
115 119
115 120
115 121
115 123
115 124
115 125
115 375
116 118
116 119
116 120
116 121
116 123
116 124
116 126
116 206
116 343
117 120
117 121
117 122
117 123
117 124
117 125
117 126
117 470
118 119
118 120
118 121
118 122
118 123
118 124
118 125
118 126
118 127
118 306
118 331
118 437
119 120
119 123
119 124
119 125
119 126
119 127
119 340
119 366
119 492
120 122
120 123
120 124
120 125
120 127
120 268
120 277
120 294
120 407
121 124
121 126
121 127
121 430
122 123
122 124
122 127
123 124
123 127
123 346
123 382
123 411
124 125
124 126
124 127
125 126
125 127
125 389
125 405
125 417
125 454
126 127
126 241
150 151
150 152
150 153
150 154
150 155
150 156
150 157
150 158
150 159
150 160
150 161
150 163
150 164
150 165
150 166
150 167
150 168
150 169
150 170
150 171
150 172
150 173
150 174
150 175
150 176
150 177
150 178
150 180
150 181
150 185
150 187
150 189
150 190
150 191
150 192
150 195
150 196
150 197
150 198
150 199
150 288
150 445
150 449
151 153
151 154
151 155
151 156
151 157
151 160
151 161
151 163
151 164
151 167
151 168
151 170
151 171
151 172
151 173
151 174
151 175
151 177
151 178
151 181
151 182
151 183
151 184
151 186
151 187
151 189
151 192
151 193
151 194
151 195
151 196
151 197
151 198
151 199
151 269
151 252
152 153
152 154
152 156
152 158
152 160
152 162
152 163
152 164
152 166
152 167
152 168
152 169
152 170
152 171
152 172
152 173
152 174
152 177
152 178
152 179
152 180
152 181
152 182
152 186
152 187
152 188
152 189
152 190
152 196
152 198
152 199
152 224
153 154
153 155
153 156
153 157
153 158
153 160
153 161
153 162
153 164
153 165
153 168
153 171
153 172
153 173
153 174
153 175
153 176
153 179
153 182
153 183
153 185
153 187
153 188
153 189
153 190
153 191
153 193
153 194
153 195
153 196
153 197
153 198
153 199
153 432
153 476
154 155
154 156
154 158
154 159
154 160
154 161
154 162
154 163
154 165
154 167
154 168
154 169
154 170
154 172
154 173
154 174
154 175
154 176
154 178
154 179
154 180
154 181
154 182
154 185
154 186
154 188
154 190
154 191
154 193
154 194
154 196
154 197
154 198
154 199
154 444
154 493
155 157
155 158
155 161
155 162
155 163
155 164
155 165
155 166
155 167
155 168
155 169
155 170
155 171
155 172
155 174
155 175
155 178
155 179
155 180
155 181
155 182
155 183
155 185
155 186
155 188
155 190
155 191
155 193
155 195
155 197
155 198
155 199
155 440
156 157
156 158
156 161
156 163
156 164
156 165
156 166
156 167
156 170
156 172
156 174
156 177
156 178
156 179
156 180
156 182
156 183
156 184
156 185
156 186
156 187
156 188
156 189
156 190
156 192
156 193
156 194
156 195
156 198
156 199
156 311
156 374
156 465
157 158
157 161
157 163
157 164
157 166
157 167
157 169
157 171
157 172
157 174
157 175
157 176
157 177
157 179
157 180
157 181
157 183
157 185
157 186
157 187
157 188
157 190
157 191
157 192
157 193
157 194
157 195
157 196
157 197
157 199
157 259
158 159
158 161
158 162
158 164
158 165
158 166
158 167
158 168
158 169
158 170
158 171
158 172
158 173
158 174
158 175
158 176
158 177
158 180
158 181
158 182
158 183
158 184
158 185
158 186
158 187
158 188
158 189
158 190
158 191
158 193
158 194
158 195
158 197
158 198
158 199
158 422
159 160
159 161
159 162
159 163
159 165
159 168
159 169
159 172
159 173
159 174
159 175
159 176
159 177
159 178
159 179
159 180
159 183
159 184
159 186
159 187
159 188
159 191
159 193
159 194
159 197
159 198
159 199
159 315
159 419
160 161
160 162
160 164
160 165
160 166
160 167
160 168
160 169
160 172
160 173
160 174
160 175
160 179
160 180
160 182
160 183
160 184
160 185
160 186
160 188
160 190
160 193
160 194
160 196
160 198
160 199
160 245
160 307
161 162
161 163
161 165
161 167
161 168
161 171
161 174
161 175
161 178
161 179
161 181
161 182
161 183
161 184
161 185
161 186
161 187
161 188
161 189
161 190
161 192
161 196
161 197
161 199
161 412
161 443
162 164
162 165
162 167
162 168
162 169
162 171
162 172
162 176
162 178
162 179
162 180
162 182
162 183
162 184
162 186
162 187
162 188
162 191
162 192
162 194
162 195
162 198
162 292
163 164
163 165
163 166
163 169
163 170
163 172
163 173
163 174
163 175
163 176
163 177
163 180
163 181
163 184
163 185
163 186
163 187
163 188
163 189
163 191
163 194
163 196
163 197
163 198
163 199
163 319
164 165
164 166
164 167
164 170
164 171
164 173
164 174
164 176
164 177
164 179
164 182
164 184
164 186
164 187
164 188
164 189
164 190
164 191
164 192
164 193
164 194
164 195
164 196
164 197
164 198
164 199
164 379
164 443
165 166
165 167
165 170
165 171
165 172
165 175
165 177
165 178
165 180
165 182
165 183
165 185
165 187
165 188
165 189
165 193
165 195
165 197
165 199
165 264
166 167
166 168
166 169
166 170
166 171
166 172
166 173
166 174
166 175
166 176
166 179
166 180
166 181
166 182
166 183
166 184
166 186
166 188
166 189
166 190
166 192
166 193
166 195
166 196
166 197
166 198
167 168
167 169
167 170
167 172
167 173
167 176
167 177
167 181
167 182
167 183
167 184
167 185
167 188
167 189
167 190
167 191
167 193
167 194
167 195
167 196
167 197
167 387
167 451
167 461
168 170
168 171
168 172
168 173
168 174
168 175
168 176
168 178
168 179
168 180
168 181
168 183
168 184
168 185
168 186
168 187
168 188
168 192
168 194
168 195
168 197
168 198
168 222
168 269
169 170
169 171
169 172
169 173
169 175
169 176
169 177
169 178
169 179
169 182
169 183
169 186
169 188
169 189
169 190
169 192
169 193
169 195
169 196
169 197
169 198
169 199
170 171
170 173
170 174
170 175
170 176
170 177
170 178
170 179
170 180
170 181
170 182
170 183
170 184
170 185
170 187
170 188
170 189
170 190
170 191
170 192
170 195
170 196
170 198
170 199
170 255
170 359
170 380
170 476
171 172
171 173
171 174
171 177
171 178
171 181
171 182
171 183
171 188
171 189
171 190
171 191
171 192
171 195
171 196
171 199
171 274
171 288
172 173
172 174
172 175
172 179
172 181
172 182
172 183
172 184
172 185
172 187
172 188
172 189
172 190
172 191
172 192
172 193
172 194
172 195
172 197
172 199
173 174
173 175
173 176
173 177
173 178
173 179
173 180
173 181
173 183
173 184
173 185
173 188
173 190
173 192
173 194
173 196
173 197
173 198
173 279
174 175
174 176
174 177
174 178
174 179
174 181
174 182
174 183
174 184
174 185
174 186
174 187
174 188
174 189
174 190
174 191
174 192
174 193
174 195
174 196
174 197
174 199
174 363
175 176
175 178
175 179
175 180
175 181
175 182
175 183
175 184
175 185
175 187
175 189
175 192
175 193
175 196
175 197
175 198
175 199
176 177
176 182
176 183
176 184
176 185
176 186
176 189
176 190
176 193
176 194
176 196
176 197
176 199
176 256
176 336
176 352
177 180
177 181
177 182
177 183
177 184
177 187
177 188
177 189
177 190
177 192
177 193
177 194
177 197
177 198
177 199
177 362
178 179
178 180
178 181
178 182
178 187
178 188
178 189
178 190
178 191
178 192
178 194
178 195
178 197
178 198
178 199
178 412
179 180
179 181
179 182
179 183
179 185
179 186
179 187
179 189
179 193
179 194
179 196
179 197
179 198
179 247
179 252
179 375
180 181
180 182
180 183
180 184
180 185
180 186
180 189
180 192
180 195
180 196
180 197
180 198
180 199
180 311
180 432
181 182
181 183
181 187
181 188
181 191
181 193
181 194
181 195
181 196
181 197
181 198
181 199
181 317
182 183
182 184
182 187
182 189
182 190
182 191
182 192
182 193
182 194
182 196
182 198
182 199
182 207
183 184
183 187
183 188
183 190
183 191
183 192
183 193
183 194
183 195
183 196
183 198
183 199
183 379
184 186
184 187
184 190
184 191
184 192
184 193
184 194
184 196
184 198
184 199
184 489
185 186
185 187
185 188
185 189
185 190
185 192
185 194
185 195
185 196
185 197
185 198
185 199
185 243
185 386
185 353
185 454
185 475
186 188
186 189
186 190
186 191
186 192
186 193
186 196
186 197
186 198
186 199
186 346
187 190
187 192
187 193
187 194
187 195
187 196
187 199
188 189
188 190
188 191
188 193
188 196
188 199
189 190
189 192
189 193
189 194
189 195
189 196
189 198
189 199
190 191
190 192
190 193
190 194
190 198
190 199
190 310
190 399
191 192
191 194
191 196
191 197
191 198
191 199
192 193
192 194
192 195
192 196
192 197
192 198
192 199
192 253
192 412
193 194
193 195
193 196
193 197
193 199
193 296
194 195
194 196
194 197
194 198
194 199
194 235
194 390
194 443
194 487
195 196
195 198
196 197
196 199
196 213
196 243
196 256
196 442
197 199
198 316
199 203
200 201
200 202
200 203
200 204
200 206
200 207
200 208
200 211
200 213
200 214
200 215
200 217
200 219
200 221
200 222
200 223
200 226
200 227
200 228
200 230
200 232
200 233
200 234
200 236
200 237
200 238
200 239
200 241
200 242
200 245
200 246
200 249
200 399
201 202
201 203
201 205
201 208
201 209
201 211
201 212
201 213
201 215
201 216
201 217
201 219
201 220
201 222
201 224
201 225
201 226
201 227
201 228
201 231
201 235
201 236
201 237
201 238
201 239
201 240
201 241
201 242
201 243
201 244
201 245
201 247
201 248
201 249
201 335
202 204
202 205
202 206
202 207
202 208
202 209
202 210
202 211
202 212
202 213
202 214
202 216
202 217
202 218
202 219
202 220
202 221
202 222
202 223
202 224
202 225
202 226
202 227
202 229
202 232
202 233
202 235
202 236
202 237
202 240
202 241
202 244
202 245
202 246
202 247
202 248
202 249
203 204
203 205
203 207
203 208
203 209
203 210
203 211
203 213
203 214
203 216
203 217
203 218
203 219
203 220
203 221
203 222
203 223
203 224
203 225
203 227
203 228
203 229
203 230
203 231
203 232
203 233
203 236
203 237
203 239
203 241
203 242
203 243
203 244
203 245
203 246
203 247
203 249
204 205
204 206
204 208
204 209
204 211
204 212
204 213
204 214
204 216
204 217
204 218
204 219
204 220
204 222
204 223
204 224
204 226
204 227
204 229
204 230
204 231
204 232
204 233
204 234
204 235
204 236
204 237
204 238
204 239
204 240
204 243
204 244
204 245
204 246
204 247
204 248
204 249
205 206
205 207
205 208
205 213
205 214
205 215
205 216
205 217
205 218
205 219
205 221
205 222
205 225
205 226
205 227
205 228
205 229
205 230
205 231
205 232
205 233
205 234
205 236
205 237
205 239
205 241
205 242
205 244
205 246
205 247
205 248
205 249
205 369
205 413
206 207
206 208
206 210
206 215
206 216
206 217
206 219
206 222
206 223
206 224
206 225
206 227
206 228
206 230
206 233
206 234
206 236
206 237
206 238
206 240
206 241
206 243
206 244
206 245
206 246
206 247
206 248
206 264
206 318
206 322
207 208
207 210
207 214
207 215
207 216
207 218
207 219
207 220
207 222
207 225
207 226
207 228
207 229
207 230
207 232
207 233
207 234
207 235
207 237
207 238
207 239
207 240
207 241
207 242
207 243
207 244
207 245
207 247
207 248
207 266
208 209
208 210
208 211
208 212
208 213
208 215
208 216
208 218
208 219
208 221
208 222
208 223
208 224
208 225
208 228
208 229
208 231
208 232
208 233
208 234
208 235
208 239
208 240
208 241
208 242
208 243
208 245
208 246
208 247
208 248
208 249
209 210
209 211
209 212
209 213
209 214
209 216
209 217
209 218
209 219
209 220
209 221
209 222
209 223
209 224
209 225
209 226
209 228
209 229
209 230
209 231
209 232
209 233
209 234
209 236
209 238
209 239
209 240
209 241
209 242
209 243
209 244
209 245
209 247
209 249
210 211
210 212
210 213
210 214
210 215
210 217
210 220
210 224
210 228
210 231
210 232
210 233
210 234
210 235
210 237
210 239
210 240
210 241
210 242
210 243
210 245
210 246
210 247
210 249
211 212
211 213
211 215
211 217
211 218
211 222
211 223
211 224
211 225
211 227
211 230
211 231
211 234
211 235
211 237
211 238
211 240
211 241
211 242
211 244
211 248
211 249
212 213
212 214
212 215
212 216
212 218
212 219
212 220
212 221
212 222
212 223
212 225
212 226
212 227
212 228
212 229
212 230
212 232
212 233
212 234
212 235
212 236
212 238
212 240
212 243
212 244
212 246
212 247
212 248
212 287
212 353
213 215
213 216
213 217
213 218
213 220
213 221
213 222
213 223
213 226
213 228
213 229
213 230
213 231
213 232
213 233
213 234
213 235
213 239
213 240
213 243
213 244
213 247
213 248
213 249
213 294
214 215
214 216
214 218
214 219
214 221
214 223
214 224
214 226
214 227
214 228
214 229
214 230
214 232
214 233
214 236
214 237
214 240
214 241
214 242
214 243
214 244
214 245
214 247
214 248
214 306
214 393
214 398
215 218
215 220
215 221
215 222
215 223
215 224
215 226
215 227
215 228
215 229
215 230
215 232
215 234
215 236
215 237
215 238
215 241
215 242
215 243
215 244
215 246
215 247
215 248
215 249
215 343
216 217
216 218
216 219
216 221
216 222
216 223
216 226
216 227
216 230
216 231
216 233
216 235
216 236
216 237
216 238
216 239
216 240
216 241
216 243
216 244
216 246
216 248
216 249
217 218
217 219
217 222
217 223
217 224
217 225
217 227
217 228
217 229
217 230
217 231
217 232
217 233
217 234
217 235
217 237
217 238
217 240
217 241
217 242
217 244
217 245
217 249
217 268
217 271
217 391
218 219
218 220
218 222
218 223
218 224
218 225
218 226
218 229
218 232
218 233
218 234
218 235
218 236
218 237
218 238
218 239
218 241
218 242
218 243
218 244
218 247
218 248
218 249
218 303
218 362
218 378
219 220
219 221
219 224
219 225
219 226
219 227
219 229
219 230
219 231
219 232
219 234
219 235
219 236
219 237
219 238
219 240
219 241
219 242
219 243
219 244
219 245
219 246
219 247
219 248
219 249
219 302
219 352
220 221
220 223
220 224
220 226
220 228
220 229
220 230
220 231
220 232
220 236
220 237
220 238
220 240
220 241
220 243
220 246
220 247
220 248
220 249
221 223
221 224
221 225
221 226
221 227
221 228
221 229
221 230
221 231
221 232
221 235
221 236
221 237
221 238
221 239
221 240
221 241
221 242
221 243
221 244
221 248
221 249
222 224
222 227
222 229
222 230
222 231
222 232
222 233
222 234
222 235
222 237
222 238
222 239
222 240
222 242
222 243
222 244
222 245
222 246
222 247
222 248
222 249
222 304
222 407
222 410
222 419
222 495
223 227
223 228
223 229
223 230
223 232
223 233
223 234
223 236
223 237
223 239
223 240
223 241
223 242
223 243
223 244
223 245
223 246
223 247
223 248
223 249
223 441
223 465
224 225
224 226
224 227
224 228
224 231
224 232
224 234
224 237
224 238
224 240
224 243
224 246
224 247
224 249
224 310
224 382
225 226
225 227
225 228
225 230
225 231
225 233
225 234
225 238
225 239
225 241
225 242
225 243
225 244
225 245
225 246
225 247
225 396
226 229
226 230
226 231
226 232
226 234
226 235
226 237
226 238
226 239
226 240
226 242
226 243
226 244
226 245
226 246
226 247
226 296
226 307
226 481
227 228
227 229
227 230
227 232
227 233
227 234
227 235
227 236
227 237
227 240
227 241
227 242
227 244
227 245
227 246
227 247
227 248
227 312
227 319
228 230
228 231
228 233
228 234
228 235
228 241
228 242
228 244
228 247
228 248
228 310
228 370
228 408
229 230
229 231
229 232
229 234
229 235
229 236
229 237
229 239
229 240
229 241
229 243
229 244
229 245
229 246
229 248
229 249
229 322
229 476
230 231
230 232
230 233
230 234
230 236
230 237
230 238
230 239
230 241
230 242
230 243
230 244
230 245
230 246
230 247
231 233
231 234
231 238
231 239
231 240
231 241
231 242
231 243
231 245
231 247
231 248
232 233
232 234
232 235
232 236
232 239
232 240
232 241
232 242
232 243
232 244
232 245
232 246
232 247
232 249
232 263
233 236
233 237
233 238
233 239
233 240
233 241
233 242
233 243
233 244
233 245
233 247
233 248
233 279
234 236
234 238
234 239
234 240
234 241
234 243
234 244
234 245
234 246
234 248
235 237
235 238
235 242
235 243
235 244
235 245
235 246
235 247
235 248
235 294
235 410
236 238
236 240
236 243
236 244
236 248
236 249
237 240
237 241
237 242
237 245
237 246
237 247
237 248
237 249
238 240
238 245
238 246
238 247
238 248
238 249
238 316
239 240
239 241
239 242
239 246
239 248
239 249
239 392
239 362
240 242
240 243
240 244
240 245
240 246
240 247
240 248
240 249
240 281
240 302
240 370
241 242
241 243
241 244
241 246
241 247
241 248
241 483
242 243
242 244
242 245
242 246
242 247
242 249
242 494
243 244
243 246
243 248
243 249
243 420
244 245
244 249
244 284
244 486
245 247
245 248
245 322
246 248
246 347
246 383
247 248
247 249
247 346
247 365
248 249
248 334
248 468
248 496
249 351
249 449
256 259
256 260
256 261
256 262
256 263
256 264
256 265
256 266
256 267
256 269
256 270
256 272
256 273
256 274
256 276
256 277
256 278
256 279
256 280
256 281
256 282
256 284
256 285
256 287
256 289
256 291
256 292
256 293
256 294
256 296
256 298
256 299
256 251
256 253
256 254
256 255
256 386
256 382
257 258
257 259
257 260
257 261
257 262
257 264
257 265
257 268
257 269
257 270
257 274
257 275
257 276
257 279
257 280
257 281
257 283
257 284
257 286
257 287
257 288
257 289
257 291
257 292
257 293
257 294
257 295
257 296
257 297
257 298
257 299
257 250
257 251
257 252
257 253
257 255
257 411
258 259
258 261
258 263
258 264
258 265
258 266
258 268
258 269
258 270
258 271
258 274
258 275
258 278
258 280
258 282
258 283
258 285
258 286
258 287
258 288
258 289
258 290
258 291
258 293
258 294
258 295
258 298
258 299
258 250
258 252
258 253
258 254
258 356
258 463
258 483
258 488
259 260
259 261
259 262
259 264
259 265
259 266
259 267
259 269
259 270
259 271
259 272
259 273
259 274
259 275
259 276
259 277
259 278
259 279
259 280
259 281
259 282
259 284
259 285
259 286
259 287
259 288
259 289
259 290
259 291
259 292
259 293
259 294
259 295
259 297
259 299
259 250
259 251
259 252
259 254
259 255
260 261
260 262
260 265
260 266
260 267
260 269
260 270
260 272
260 273
260 274
260 276
260 277
260 278
260 279
260 281
260 283
260 284
260 285
260 289
260 291
260 292
260 294
260 295
260 296
260 297
260 298
260 250
260 251
260 252
260 253
260 254
260 306
260 366
260 373
261 262
261 263
261 264
261 266
261 268
261 269
261 271
261 272
261 273
261 274
261 275
261 276
261 277
261 278
261 279
261 280
261 281
261 283
261 284
261 285
261 286
261 287
261 288
261 289
261 290
261 291
261 292
261 293
261 294
261 295
261 296
261 298
261 250
261 251
261 252
261 255
262 263
262 264
262 266
262 267
262 268
262 273
262 274
262 275
262 276
262 280
262 281
262 282
262 283
262 285
262 286
262 288
262 289
262 291
262 292
262 293
262 294
262 295
262 297
262 298
262 250
262 251
262 253
262 254
262 255
263 264
263 266
263 269
263 272
263 274
263 275
263 276
263 277
263 278
263 279
263 280
263 281
263 282
263 283
263 284
263 286
263 287
263 290
263 291
263 292
263 293
263 294
263 295
263 296
263 297
263 298
263 299
263 250
263 251
263 252
263 253
263 254
263 255
263 392
263 406
264 265
264 266
264 267
264 269
264 270
264 271
264 272
264 273
264 274
264 277
264 279
264 280
264 282
264 283
264 284
264 285
264 286
264 288
264 289
264 291
264 293
264 294
264 295
264 296
264 298
264 299
264 250
264 251
264 252
264 253
264 254
265 266
265 267
265 268
265 270
265 271
265 272
265 273
265 274
265 275
265 276
265 278
265 279
265 280
265 282
265 284
265 285
265 286
265 288
265 289
265 291
265 292
265 293
265 294
265 295
265 296
265 298
265 299
265 250
265 251
265 254
265 255
266 267
266 269
266 270
266 271
266 273
266 274
266 275
266 276
266 278
266 279
266 281
266 282
266 283
266 285
266 286
266 288
266 289
266 290
266 291
266 292
266 296
266 297
266 299
266 251
266 252
266 253
266 254
266 255
267 268
267 270
267 272
267 273
267 274
267 275
267 277
267 278
267 281
267 282
267 283
267 284
267 285
267 286
267 288
267 290
267 291
267 293
267 295
267 297
267 299
267 250
267 253
267 255
268 269
268 270
268 272
268 273
268 274
268 275
268 276
268 279
268 280
268 281
268 283
268 285
268 286
268 287
268 288
268 290
268 292
268 293
268 294
268 295
268 298
268 299
268 250
268 251
268 252
268 253
268 255
269 270
269 271
269 272
269 273
269 276
269 278
269 280
269 281
269 282
269 284
269 285
269 286
269 287
269 290
269 291
269 292
269 293
269 294
269 295
269 297
269 298
269 299
269 251
269 252
269 253
269 254
270 272
270 273
270 275
270 277
270 278
270 279
270 280
270 281
270 282
270 284
270 285
270 287
270 289
270 290
270 291
270 293
270 294
270 295
270 297
270 298
270 299
270 252
270 253
270 254
271 272
271 273
271 274
271 276
271 277
271 278
271 279
271 282
271 283
271 284
271 285
271 286
271 289
271 290
271 293
271 294
271 296
271 297
271 298
271 299
271 250
271 255
272 273
272 274
272 275
272 277
272 278
272 279
272 280
272 282
272 283
272 285
272 286
272 287
272 288
272 289
272 290
272 292
272 293
272 294
272 296
272 297
272 298
272 299
272 250
272 251
272 253
272 254
272 255
273 274
273 276
273 278
273 279
273 280
273 281
273 282
273 283
273 284
273 285
273 288
273 289
273 290
273 291
273 293
273 294
273 297
273 298
273 299
273 252
273 254
273 431
273 481
274 276
274 278
274 279
274 280
274 281
274 282
274 283
274 284
274 285
274 286
274 288
274 290
274 293
274 295
274 297
274 298
274 250
274 251
274 252
274 253
274 254
275 277
275 278
275 279
275 280
275 282
275 283
275 285
275 289
275 290
275 291
275 293
275 294
275 295
275 296
275 298
275 250
275 254
275 255
275 460
276 278
276 281
276 282
276 283
276 284
276 285
276 286
276 287
276 288
276 290
276 293
276 294
276 297
276 252
276 254
276 255
276 384
276 395
277 279
277 280
277 281
277 285
277 286
277 288
277 289
277 290
277 291
277 294
277 295
277 296
277 297
277 298
277 299
277 250
277 251
277 254
277 255
278 279
278 283
278 284
278 286
278 288
278 289
278 290
278 291
278 292
278 293
278 294
278 295
278 297
278 250
278 251
278 498
279 281
279 282
279 283
279 284
279 285
279 286
279 287
279 288
279 289
279 290
279 291
279 292
279 293
279 294
279 295
279 296
279 298
279 250
279 251
279 252
279 254
279 255
280 281
280 283
280 285
280 286
280 287
280 288
280 289
280 291
280 293
280 297
280 298
280 250
280 251
280 252
280 254
280 255
280 373
280 499
281 282
281 283
281 284
281 289
281 290
281 292
281 295
281 297
281 299
281 250
281 251
281 253
281 331
282 283
282 284
282 285
282 286
282 287
282 288
282 289
282 290
282 292
282 294
282 295
282 296
282 297
282 298
282 299
282 250
282 251
282 252
282 253
282 375
283 284
283 288
283 290
283 291
283 295
283 296
283 297
283 299
283 251
283 253
283 254
283 255
284 285
284 286
284 287
284 288
284 289
284 290
284 292
284 293
284 294
284 295
284 297
284 299
284 250
284 251
284 252
284 253
284 254
284 255
284 349
284 457
284 474
285 286
285 287
285 288
285 289
285 290
285 291
285 292
285 293
285 297
285 298
285 299
285 250
285 254
285 255
285 352
286 288
286 289
286 290
286 291
286 294
286 295
286 297
286 298
286 299
286 250
286 251
286 254
286 255
286 427
286 486
287 289
287 293
287 294
287 296
287 297
287 299
287 250
287 252
287 254
287 255
288 289
288 290
288 291
288 292
288 294
288 297
288 298
288 299
288 250
288 251
288 252
288 253
288 254
289 290
289 292
289 293
289 295
289 296
289 297
289 298
289 299
289 250
289 252
289 254
290 292
290 293
290 294
290 296
290 297
290 250
290 252
290 254
291 293
291 294
291 295
291 296
291 297
291 298
291 299
291 250
291 251
291 252
291 253
291 254
291 474
292 294
292 295
292 296
292 298
292 299
292 250
292 251
292 252
292 254
292 255
293 295
293 296
293 297
293 299
293 250
293 252
293 253
293 255
293 304
293 432
294 295
294 296
294 297
294 299
294 250
294 251
294 255
294 456
295 296
295 297
295 250
295 254
295 255
295 494
296 297
296 298
296 250
296 251
296 252
296 255
297 298
297 299
297 250
297 254
297 255
297 421
297 484
297 490
298 250
298 253
298 254
298 348
298 417
298 465
299 250
299 251
299 253
299 255
250 251
250 253
250 255
250 427
251 255
251 322
251 485
252 253
252 255
253 254
300 302
300 303
300 304
300 307
300 308
300 310
300 314
300 316
300 317
300 318
300 319
300 320
300 321
300 322
300 323
300 324
300 325
300 326
300 327
300 328
300 329
300 330
300 332
300 333
300 334
300 335
300 336
300 339
300 340
300 341
300 342
300 343
300 344
301 302
301 305
301 307
301 308
301 310
301 311
301 313
301 314
301 316
301 317
301 318
301 319
301 320
301 321
301 322
301 325
301 326
301 327
301 330
301 332
301 334
301 335
301 336
301 337
301 339
301 340
301 342
301 343
301 344
301 346
301 347
301 348
301 349
302 303
302 304
302 305
302 306
302 307
302 308
302 309
302 310
302 311
302 312
302 313
302 315
302 316
302 317
302 318
302 319
302 321
302 323
302 324
302 325
302 326
302 327
302 328
302 329
302 330
302 332
302 333
302 336
302 339
302 340
302 341
302 342
302 344
302 346
302 347
302 348
302 349
302 374
302 411
303 304
303 305
303 307
303 310
303 311
303 313
303 317
303 318
303 319
303 321
303 322
303 323
303 324
303 325
303 326
303 327
303 328
303 329
303 330
303 331
303 332
303 334
303 335
303 336
303 337
303 338
303 340
303 341
303 342
303 343
303 344
303 345
303 347
303 348
303 479
304 306
304 308
304 309
304 310
304 311
304 312
304 313
304 314
304 316
304 317
304 319
304 320
304 321
304 323
304 324
304 325
304 326
304 327
304 329
304 333
304 334
304 335
304 336
304 338
304 339
304 340
304 341
304 343
304 344
304 346
304 349
304 350
305 306
305 307
305 308
305 309
305 310
305 311
305 312
305 315
305 317
305 319
305 321
305 322
305 323
305 325
305 326
305 327
305 328
305 329
305 330
305 334
305 335
305 336
305 337
305 339
305 340
305 341
305 343
305 344
305 345
305 346
305 349
305 442
306 307
306 308
306 309
306 310
306 311
306 313
306 314
306 316
306 317
306 318
306 319
306 320
306 322
306 323
306 324
306 327
306 330
306 331
306 332
306 333
306 337
306 339
306 340
306 341
306 342
306 345
306 346
306 347
306 348
306 354
307 308
307 311
307 312
307 313
307 314
307 315
307 316
307 320
307 321
307 323
307 324
307 326
307 327
307 328
307 330
307 333
307 335
307 337
307 338
307 341
307 342
307 343
307 345
307 347
307 348
308 311
308 312
308 313
308 315
308 316
308 317
308 318
308 319
308 322
308 326
308 328
308 332
308 333
308 334
308 336
308 339
308 340
308 342
308 343
308 344
308 345
308 346
308 347
308 349
308 463
308 468
309 310
309 311
309 313
309 314
309 315
309 316
309 317
309 318
309 319
309 321
309 323
309 325
309 326
309 327
309 328
309 329
309 331
309 332
309 333
309 334
309 335
309 338
309 340
309 341
309 343
309 344
309 345
309 346
309 347
309 348
310 311
310 312
310 314
310 316
310 317
310 318
310 319
310 320
310 322
310 324
310 325
310 327
310 330
310 332
310 335
310 336
310 337
310 339
310 340
310 341
310 343
310 348
310 445
311 312
311 313
311 314
311 316
311 318
311 319
311 322
311 323
311 324
311 325
311 327
311 329
311 330
311 331
311 334
311 335
311 337
311 338
311 339
311 340
311 341
311 342
311 344
311 345
311 346
311 347
311 348
311 349
311 414
312 313
312 315
312 316
312 317
312 318
312 323
312 325
312 326
312 330
312 331
312 332
312 333
312 334
312 335
312 336
312 337
312 338
312 339
312 342
312 343
312 344
312 345
312 346
312 347
312 352
312 383
312 465
313 316
313 317
313 318
313 320
313 321
313 323
313 324
313 325
313 327
313 328
313 329
313 330
313 331
313 332
313 333
313 336
313 337
313 338
313 339
313 340
313 341
313 342
313 343
313 344
313 345
313 346
313 347
313 349
313 414
314 315
314 316
314 317
314 318
314 320
314 321
314 323
314 324
314 325
314 327
314 329
314 330
314 333
314 335
314 336
314 337
314 338
314 339
314 340
314 341
314 343
314 344
314 347
314 348
314 349
314 369
315 316
315 321
315 323
315 324
315 328
315 329
315 330
315 332
315 333
315 334
315 336
315 337
315 338
315 339
315 341
315 342
315 344
315 345
315 347
315 348
315 368
316 317
316 319
316 320
316 322
316 323
316 325
316 326
316 329
316 330
316 333
316 335
316 336
316 338
316 339
316 340
316 341
316 343
316 344
316 345
316 346
316 347
316 348
316 349
316 478
317 318
317 319
317 322
317 323
317 324
317 325
317 328
317 329
317 330
317 331
317 334
317 335
317 336
317 337
317 339
317 341
317 343
317 346
317 347
317 349
317 430
318 319
318 320
318 321
318 322
318 324
318 326
318 329
318 330
318 331
318 334
318 335
318 336
318 337
318 338
318 340
318 343
318 344
318 346
318 347
318 348
318 349
318 437
319 320
319 321
319 322
319 323
319 324
319 325
319 326
319 327
319 328
319 329
319 330
319 331
319 332
319 334
319 336
319 337
319 339
319 340
319 341
319 342
319 343
319 344
319 345
319 348
320 321
320 322
320 323
320 324
320 325
320 326
320 327
320 328
320 329
320 330
320 331
320 332
320 333
320 334
320 335
320 336
320 338
320 339
320 344
320 345
320 347
320 349
320 431
320 473
320 474
321 322
321 323
321 324
321 325
321 327
321 328
321 330
321 331
321 332
321 333
321 334
321 337
321 338
321 339
321 340
321 341
321 342
321 343
321 345
321 346
321 347
321 348
321 349
322 323
322 324
322 325
322 327
322 329
322 330
322 331
322 332
322 333
322 334
322 338
322 339
322 343
322 344
322 345
322 346
322 347
322 348
323 325
323 326
323 327
323 328
323 330
323 331
323 333
323 335
323 336
323 337
323 338
323 341
323 342
323 343
323 346
323 347
323 348
323 349
324 325
324 326
324 328
324 329
324 330
324 331
324 332
324 334
324 335
324 336
324 337
324 338
324 340
324 341
324 342
324 343
324 344
324 347
324 349
324 415
324 498
325 326
325 327
325 328
325 329
325 331
325 332
325 333
325 334
325 336
325 337
325 338
325 340
325 341
325 342
325 343
325 344
325 345
325 346
325 347
325 348
325 349
326 327
326 328
326 329
326 330
326 331
326 332
326 333
326 334
326 335
326 336
326 338
326 340
326 341
326 343
326 344
326 345
326 346
326 349
326 394
327 328
327 329
327 331
327 333
327 335
327 336
327 337
327 339
327 340
327 342
327 343
327 345
327 346
327 347
327 348
327 349
328 330
328 334
328 335
328 337
328 338
328 342
328 343
328 344
328 345
328 346
328 347
328 349
328 461
329 330
329 331
329 332
329 333
329 334
329 335
329 336
329 338
329 339
329 340
329 341
329 342
329 343
329 344
329 345
329 346
329 347
329 348
329 349
329 394
330 331
330 332
330 333
330 334
330 335
330 337
330 338
330 339
330 340
330 341
330 342
330 344
330 345
330 346
330 348
330 349
331 332
331 334
331 336
331 337
331 339
331 340
331 341
331 343
331 344
331 345
331 346
331 347
331 348
331 357
332 333
332 334
332 335
332 336
332 337
332 339
332 340
332 341
332 342
332 345
332 346
332 347
332 348
332 349
333 336
333 338
333 339
333 340
333 341
333 342
333 344
333 345
333 346
333 347
333 349
334 336
334 338
334 339
334 341
334 343
334 344
334 345
334 347
334 348
334 364
335 336
335 337
335 338
335 339
335 341
335 342
335 343
335 345
335 346
335 349
336 338
336 339
336 340
336 341
336 343
336 346
336 347
336 348
336 446
337 338
337 339
337 340
337 341
337 343
337 345
337 346
337 348
337 349
337 368
338 339
338 340
338 341
338 342
338 344
338 345
338 346
338 347
338 348
338 349
338 405
339 340
339 343
339 344
339 345
339 346
339 349
340 341
340 342
340 345
340 348
341 342
341 345
341 346
341 347
341 349
342 343
342 344
342 345
342 347
342 348
343 344
343 345
343 346
343 347
343 349
344 346
344 347
344 348
344 349
344 441
345 346
345 349
346 347
346 348
346 349
347 348
348 349
348 411
384 386
384 387
384 388
384 389
384 390
384 391
384 392
384 393
384 394
384 395
384 396
384 398
384 350
384 352
384 353
384 357
384 358
384 359
384 360
384 361
384 362
384 363
384 365
384 366
384 367
384 368
384 369
384 370
384 372
384 373
384 374
384 375
384 376
384 377
384 378
384 379
384 383
385 387
385 388
385 390
385 391
385 392
385 393
385 394
385 395
385 397
385 398
385 399
385 350
385 351
385 352
385 355
385 356
385 357
385 358
385 359
385 360
385 361
385 362
385 363
385 365
385 366
385 367
385 368
385 371
385 372
385 375
385 376
385 379
385 380
385 381
385 382
385 383
386 388
386 390
386 391
386 392
386 393
386 395
386 397
386 399
386 350
386 352
386 353
386 355
386 356
386 358
386 361
386 362
386 363
386 364
386 365
386 367
386 369
386 370
386 372
386 373
386 374
386 376
386 377
386 379
386 381
386 382
386 383
387 389
387 390
387 391
387 393
387 394
387 395
387 398
387 350
387 352
387 353
387 357
387 358
387 360
387 361
387 362
387 363
387 364
387 365
387 366
387 367
387 368
387 369
387 370
387 371
387 372
387 374
387 375
387 377
387 379
387 381
387 383
388 389
388 390
388 391
388 393
388 395
388 397
388 398
388 399
388 350
388 352
388 354
388 357
388 359
388 360
388 361
388 362
388 363
388 364
388 367
388 369
388 370
388 371
388 372
388 373
388 378
388 381
388 382
388 383
389 390
389 391
389 392
389 395
389 396
389 397
389 398
389 399
389 350
389 351
389 352
389 353
389 354
389 358
389 359
389 360
389 361
389 362
389 365
389 366
389 367
389 368
389 369
389 370
389 371
389 372
389 373
389 374
389 375
389 377
389 378
389 379
389 383
389 485
390 392
390 393
390 394
390 395
390 396
390 397
390 399
390 350
390 351
390 352
390 353
390 354
390 355
390 358
390 359
390 361
390 362
390 363
390 364
390 365
390 366
390 367
390 368
390 370
390 371
390 372
390 373
390 374
390 375
390 376
390 377
390 380
390 381
390 382
390 383
391 392
391 395
391 398
391 399
391 351
391 352
391 353
391 354
391 355
391 356
391 357
391 359
391 360
391 363
391 364
391 365
391 367
391 368
391 370
391 372
391 373
391 374
391 376
391 377
391 378
391 379
391 380
391 382
391 383
391 486
392 393
392 394
392 395
392 396
392 397
392 350
392 351
392 352
392 353
392 354
392 355
392 357
392 358
392 360
392 361
392 362
392 363
392 365
392 366
392 367
392 368
392 369
392 370
392 371
392 372
392 373
392 377
392 378
392 380
392 381
392 382
392 383
392 443
393 394
393 395
393 397
393 398
393 350
393 352
393 354
393 355
393 356
393 357
393 358
393 359
393 361
393 362
393 363
393 366
393 367
393 368
393 369
393 372
393 374
393 376
393 378
393 380
393 381
393 382
393 383
394 395
394 398
394 399
394 352
394 353
394 354
394 355
394 358
394 360
394 361
394 362
394 364
394 365
394 366
394 367
394 368
394 369
394 370
394 371
394 372
394 374
394 375
394 378
394 380
394 381
394 382
394 383
394 416
395 397
395 398
395 399
395 352
395 354
395 355
395 358
395 360
395 361
395 362
395 363
395 364
395 365
395 366
395 367
395 368
395 369
395 372
395 373
395 375
395 377
395 378
395 379
395 382
395 383
396 398
396 351
396 353
396 354
396 359
396 360
396 362
396 364
396 365
396 366
396 368
396 369
396 371
396 372
396 373
396 375
396 378
396 379
396 382
396 383
397 398
397 399
397 353
397 355
397 356
397 358
397 359
397 360
397 361
397 362
397 363
397 365
397 366
397 367
397 368
397 369
397 372
397 374
397 376
397 377
397 378
397 379
397 381
397 382
397 383
398 399
398 350
398 353
398 354
398 355
398 356
398 357
398 358
398 359
398 361
398 362
398 366
398 367
398 368
398 369
398 373
398 376
398 378
398 379
398 380
398 381
398 382
399 352
399 353
399 354
399 355
399 356
399 358
399 359
399 360
399 361
399 362
399 363
399 364
399 365
399 366
399 367
399 368
399 370
399 371
399 372
399 375
399 377
399 378
399 379
399 381
399 382
399 383
399 446
350 351
350 353
350 355
350 359
350 360
350 361
350 363
350 364
350 365
350 366
350 367
350 368
350 369
350 371
350 372
350 374
350 376
350 379
350 380
350 381
350 382
350 383
351 353
351 356
351 357
351 358
351 359
351 360
351 361
351 362
351 363
351 364
351 366
351 368
351 370
351 371
351 372
351 373
351 375
351 376
351 377
351 378
351 379
351 381
351 382
352 353
352 360
352 361
352 363
352 365
352 366
352 367
352 369
352 372
352 374
352 375
352 376
352 377
352 378
352 379
352 380
352 381
352 382
352 383
353 354
353 355
353 356
353 357
353 360
353 362
353 364
353 366
353 369
353 371
353 372
353 374
353 377
353 378
353 379
353 380
353 381
353 382
353 425
354 355
354 356
354 357
354 359
354 360
354 361
354 363
354 364
354 367
354 368
354 370
354 371
354 372
354 373
354 374
354 376
354 380
354 381
354 446
355 356
355 357
355 358
355 359
355 360
355 361
355 362
355 363
355 364
355 365
355 366
355 367
355 368
355 369
355 372
355 374
355 375
355 376
355 378
355 380
355 381
355 382
355 383
355 414
356 357
356 359
356 360
356 361
356 362
356 364
356 365
356 366
356 369
356 370
356 371
356 372
356 376
356 380
356 381
356 382
356 383
357 360
357 362
357 364
357 365
357 366
357 367
357 370
357 371
357 373
357 374
357 376
357 378
357 379
357 380
357 381
357 382
358 359
358 361
358 362
358 363
358 364
358 366
358 368
358 369
358 372
358 374
358 376
358 377
358 379
358 381
358 407
358 469
359 360
359 364
359 365
359 366
359 368
359 369
359 371
359 373
359 374
359 375
359 376
359 378
359 379
359 380
359 381
359 382
359 489
360 362
360 363
360 365
360 366
360 367
360 368
360 370
360 372
360 374
360 375
360 376
360 377
360 378
360 379
360 380
360 381
360 479
361 364
361 365
361 366
361 367
361 368
361 370
361 372
361 374
361 376
361 377
361 379
361 381
361 382
361 423
362 363
362 364
362 365
362 366
362 367
362 369
362 370
362 372
362 375
362 376
362 378
362 380
362 381
362 382
362 383
363 364
363 365
363 366
363 367
363 369
363 370
363 371
363 372
363 373
363 374
363 375
363 376
363 377
363 378
363 380
363 381
363 382
363 383
364 365
364 366
364 367
364 368
364 369
364 370
364 371
364 373
364 376
364 378
364 379
364 382
364 383
364 439
365 366
365 367
365 368
365 369
365 371
365 373
365 375
365 378
365 379
365 380
365 381
365 456
366 367
366 368
366 370
366 372
366 374
366 376
366 377
366 379
366 382
366 383
366 413
366 423
367 369
367 370
367 371
367 372
367 373
367 374
367 376
367 379
367 381
367 382
367 383
368 370
368 371
368 372
368 374
368 375
368 376
368 379
368 381
368 382
368 443
369 371
369 372
369 373
369 374
369 375
369 377
369 378
369 379
369 380
369 381
369 382
369 383
370 371
370 372
370 374
370 375
370 376
370 377
370 378
370 379
370 382
371 372
371 374
371 375
371 377
371 378
371 379
371 380
371 381
371 382
372 373
372 375
372 376
372 377
372 378
372 379
372 382
372 383
373 374
373 375
373 376
373 377
373 378
373 380
373 381
373 382
373 383
373 494
374 376
374 377
374 378
374 379
374 381
374 382
374 383
375 377
375 378
375 379
375 382
376 377
376 380
376 381
376 382
376 383
376 489
377 380
377 381
377 382
377 383
378 379
378 380
378 381
378 382
378 383
379 380
379 382
379 383
380 382
380 383
381 382
381 383
382 383
383 450
400 401
400 402
400 403
400 405
400 406
400 407
400 408
400 413
400 415
400 417
400 419
400 420
400 421
400 423
400 424
400 425
400 426
400 427
400 430
400 432
400 433
400 434
400 435
400 436
400 439
400 440
400 442
400 445
400 446
400 447
400 448
401 402
401 404
401 408
401 409
401 410
401 411
401 412
401 413
401 414
401 416
401 418
401 419
401 420
401 421
401 422
401 423
401 424
401 425
401 426
401 429
401 431
401 432
401 433
401 434
401 435
401 436
401 437
401 439
401 441
401 442
401 443
401 445
401 446
401 447
401 448
402 404
402 408
402 409
402 410
402 411
402 412
402 413
402 414
402 416
402 417
402 418
402 420
402 423
402 424
402 425
402 426
402 427
402 431
402 433
402 434
402 435
402 436
402 439
402 440
402 441
402 442
402 444
402 445
402 446
402 448
402 449
403 406
403 407
403 409
403 410
403 411
403 412
403 413
403 414
403 415
403 418
403 419
403 424
403 425
403 426
403 427
403 428
403 429
403 430
403 431
403 432
403 433
403 434
403 435
403 436
403 439
403 440
403 441
403 442
403 443
403 446
403 447
403 449
403 479
404 406
404 407
404 411
404 413
404 414
404 415
404 416
404 418
404 420
404 421
404 424
404 425
404 426
404 427
404 428
404 430
404 432
404 433
404 434
404 435
404 436
404 437
404 439
404 441
404 443
404 445
404 446
404 447
404 449
405 406
405 407
405 408
405 409
405 410
405 411
405 412
405 413
405 414
405 416
405 419
405 420
405 421
405 422
405 423
405 424
405 426
405 427
405 428
405 429
405 430
405 431
405 433
405 434
405 437
405 438
405 439
405 440
405 442
405 443
405 445
405 446
405 447
405 448
405 449
406 407
406 408
406 410
406 411
406 412
406 415
406 416
406 417
406 419
406 420
406 422
406 424
406 425
406 426
406 428
406 429
406 430
406 431
406 432
406 435
406 439
406 440
406 442
406 443
406 446
406 447
406 448
406 449
406 456
407 409
407 410
407 411
407 412
407 413
407 414
407 417
407 418
407 419
407 420
407 422
407 423
407 424
407 425
407 426
407 427
407 428
407 429
407 430
407 431
407 432
407 433
407 434
407 435
407 437
407 438
407 439
407 440
407 441
407 442
407 443
407 444
407 445
407 448
408 409
408 412
408 413
408 415
408 416
408 417
408 418
408 419
408 422
408 423
408 424
408 425
408 427
408 428
408 429
408 430
408 431
408 432
408 433
408 434
408 435
408 436
408 439
408 440
408 441
408 444
408 446
408 447
408 449
408 471
408 472
408 494
409 410
409 411
409 413
409 415
409 417
409 418
409 419
409 420
409 421
409 422
409 423
409 426
409 428
409 430
409 431
409 434
409 435
409 437
409 440
409 442
409 443
409 445
409 446
409 447
409 448
409 449
409 495
410 411
410 412
410 413
410 414
410 415
410 417
410 418
410 419
410 420
410 421
410 422
410 423
410 425
410 429
410 432
410 433
410 434
410 436
410 438
410 441
410 442
410 443
410 444
410 445
410 446
410 447
410 448
410 449
411 412
411 413
411 414
411 415
411 416
411 417
411 418
411 419
411 421
411 423
411 425
411 426
411 427
411 428
411 429
411 430
411 431
411 432
411 433
411 435
411 437
411 438
411 439
411 440
411 441
411 442
411 443
411 444
411 445
411 446
411 447
411 448
411 465
412 413
412 415
412 416
412 417
412 419
412 421
412 423
412 425
412 429
412 430
412 433
412 434
412 437
412 438
412 439
412 440
412 441
412 443
412 446
412 448
412 449
413 414
413 415
413 416
413 417
413 418
413 419
413 420
413 422
413 423
413 424
413 428
413 429
413 431
413 432
413 433
413 434
413 435
413 436
413 437
413 439
413 440
413 442
413 443
413 444
413 446
413 448
413 449
414 415
414 416
414 417
414 420
414 421
414 423
414 424
414 425
414 427
414 428
414 430
414 431
414 432
414 433
414 434
414 435
414 436
414 437
414 439
414 440
414 441
414 442
414 443
414 445
414 448
415 416
415 417
415 420
415 421
415 423
415 424
415 425
415 431
415 432
415 433
415 435
415 436
415 438
415 439
415 440
415 441
415 442
415 443
415 444
415 445
415 446
415 448
415 449
416 417
416 418
416 419
416 420
416 421
416 422
416 423
416 424
416 425
416 426
416 427
416 428
416 429
416 430
416 431
416 432
416 433
416 434
416 435
416 436
416 437
416 438
416 439
416 440
416 443
416 444
416 446
416 447
416 448
417 418
417 420
417 421
417 422
417 423
417 424
417 426
417 428
417 429
417 432
417 433
417 434
417 435
417 436
417 438
417 439
417 440
417 442
417 443
417 444
417 446
417 447
417 448
417 449
418 420
418 421
418 422
418 423
418 424
418 425
418 426
418 427
418 428
418 431
418 433
418 434
418 436
418 437
418 438
418 439
418 441
418 442
418 443
418 445
418 446
418 447
418 448
419 420
419 421
419 422
419 423
419 424
419 426
419 428
419 429
419 430
419 431
419 433
419 434
419 435
419 436
419 437
419 438
419 440
419 441
419 442
419 443
419 444
419 445
419 446
419 447
420 421
420 422
420 425
420 426
420 427
420 428
420 431
420 432
420 434
420 435
420 436
420 437
420 438
420 439
420 440
420 441
420 442
420 443
420 445
420 447
420 448
420 449
421 422
421 425
421 426
421 427
421 428
421 429
421 430
421 431
421 433
421 435
421 436
421 437
421 439
421 440
421 441
421 442
421 444
421 445
421 446
421 447
421 448
421 449
422 423
422 424
422 425
422 426
422 429
422 430
422 431
422 432
422 434
422 435
422 440
422 441
422 443
422 444
422 447
422 448
422 449
423 424
423 426
423 427
423 428
423 429
423 432
423 433
423 434
423 437
423 440
423 443
423 444
423 445
423 446
423 447
423 448
423 449
423 468
424 425
424 426
424 427
424 428
424 429
424 430
424 431
424 433
424 434
424 435
424 436
424 437
424 438
424 439
424 440
424 443
424 444
424 445
424 447
424 448
424 449
425 427
425 429
425 431
425 432
425 433
425 435
425 436
425 437
425 438
425 440
425 443
425 446
425 447
425 448
425 449
426 427
426 428
426 430
426 431
426 432
426 434
426 435
426 436
426 438
426 439
426 441
426 442
426 444
426 445
426 446
426 447
426 448
426 449
427 428
427 429
427 431
427 432
427 434
427 435
427 436
427 437
427 438
427 441
427 444
427 445
427 446
427 447
427 449
428 429
428 430
428 431
428 433
428 434
428 436
428 437
428 438
428 439
428 440
428 441
428 442
428 443
428 444
428 445
428 446
428 448
428 449
429 430
429 432
429 433
429 434
429 436
429 437
429 438
429 439
429 441
429 442
429 443
429 445
429 446
429 448
429 449
429 454
430 431
430 432
430 434
430 435
430 436
430 438
430 441
430 443
430 444
430 447
430 448
430 449
431 433
431 434
431 435
431 437
431 438
431 440
431 441
431 442
431 443
431 444
431 445
431 446
431 447
431 449
431 450
432 433
432 435
432 436
432 437
432 440
432 442
432 444
432 445
432 446
432 447
432 449
433 435
433 436
433 437
433 438
433 440
433 441
433 442
433 443
433 444
433 447
434 435
434 436
434 437
434 439
434 440
434 441
434 444
434 445
434 446
434 447
434 448
434 449
435 436
435 437
435 438
435 441
435 442
435 443
435 444
435 445
435 446
435 447
435 448
435 449
436 438
436 439
436 440
436 443
436 444
436 445
436 446
436 447
436 449
437 442
437 443
437 444
437 446
437 447
437 448
438 439
438 440
438 441
438 443
438 444
438 445
438 446
438 447
438 448
439 440
439 441
439 442
439 443
439 444
439 446
439 448
439 449
440 441
440 443
440 447
440 448
441 443
441 444
441 445
441 446
441 447
441 449
442 443
442 444
442 445
442 446
442 447
443 444
443 445
443 446
443 447
443 449
444 445
444 447
444 462
445 446
445 447
445 448
446 447
446 449
447 448
447 449
448 449
450 451
450 453
450 454
450 455
450 456
450 457
450 458
450 460
450 461
450 464
450 466
450 467
450 470
450 471
450 473
450 474
450 476
450 478
450 482
450 484
450 485
450 486
450 487
450 488
450 489
450 490
450 491
450 492
450 493
450 494
450 496
450 498
450 499
451 453
451 455
451 456
451 457
451 458
451 459
451 460
451 464
451 465
451 466
451 467
451 468
451 469
451 471
451 472
451 473
451 475
451 476
451 477
451 478
451 479
451 480
451 481
451 482
451 483
451 485
451 488
451 489
451 491
451 492
451 493
451 494
451 495
451 497
451 499
452 454
452 455
452 457
452 458
452 459
452 462
452 463
452 464
452 466
452 468
452 469
452 470
452 471
452 473
452 474
452 475
452 476
452 477
452 478
452 479
452 481
452 486
452 487
452 488
452 489
452 490
452 494
452 495
452 496
452 497
452 498
453 454
453 455
453 456
453 457
453 459
453 460
453 461
453 463
453 464
453 465
453 466
453 468
453 469
453 470
453 471
453 472
453 475
453 476
453 477
453 478
453 479
453 480
453 482
453 483
453 484
453 485
453 487
453 488
453 490
453 491
453 492
453 494
453 496
453 497
453 499
454 455
454 456
454 457
454 459
454 463
454 464
454 465
454 466
454 468
454 469
454 470
454 471
454 472
454 473
454 474
454 476
454 477
454 478
454 479
454 480
454 482
454 483
454 484
454 486
454 488
454 489
454 490
454 491
454 496
454 497
454 498
454 499
455 456
455 457
455 458
455 460
455 461
455 462
455 463
455 464
455 465
455 466
455 469
455 471
455 472
455 474
455 475
455 476
455 477
455 481
455 482
455 483
455 484
455 486
455 487
455 489
455 491
455 493
455 498
456 458
456 460
456 463
456 465
456 468
456 469
456 471
456 472
456 473
456 477
456 478
456 479
456 480
456 484
456 485
456 487
456 488
456 489
456 491
456 492
456 493
456 494
456 496
456 497
457 458
457 459
457 460
457 461
457 462
457 463
457 465
457 466
457 467
457 469
457 470
457 471
457 472
457 476
457 477
457 478
457 479
457 480
457 481
457 482
457 486
457 487
457 488
457 490
457 491
457 492
457 493
457 494
457 495
457 496
457 497
457 498
458 459
458 460
458 461
458 462
458 463
458 464
458 466
458 467
458 469
458 470
458 471
458 472
458 473
458 475
458 476
458 477
458 478
458 479
458 480
458 481
458 482
458 483
458 484
458 486
458 488
458 489
458 491
458 492
458 493
458 494
458 495
458 499
459 460
459 463
459 464
459 465
459 466
459 467
459 468
459 469
459 470
459 471
459 473
459 474
459 476
459 478
459 479
459 481
459 483
459 485
459 486
459 487
459 488
459 491
459 492
459 494
459 495
459 496
459 497
459 499
460 461
460 462
460 464
460 465
460 466
460 468
460 469
460 470
460 471
460 472
460 473
460 474
460 475
460 478
460 479
460 480
460 483
460 484
460 485
460 486
460 487
460 488
460 490
460 491
460 492
460 495
460 496
460 497
460 498
461 466
461 467
461 469
461 470
461 471
461 473
461 474
461 476
461 477
461 478
461 479
461 480
461 482
461 483
461 485
461 486
461 487
461 488
461 491
461 493
461 494
461 495
461 496
461 497
462 463
462 464
462 466
462 467
462 469
462 470
462 471
462 472
462 473
462 475
462 476
462 478
462 480
462 481
462 482
462 483
462 485
462 488
462 489
462 490
462 491
462 492
462 493
462 496
462 497
462 499
463 464
463 465
463 466
463 467
463 468
463 470
463 472
463 473
463 474
463 475
463 476
463 477
463 479
463 480
463 481
463 483
463 489
463 490
463 495
463 496
463 497
463 498
463 499
464 465
464 466
464 468
464 470
464 473
464 475
464 477
464 479
464 481
464 483
464 485
464 486
464 487
464 488
464 490
464 491
464 494
464 497
464 498
464 499
465 466
465 468
465 469
465 472
465 475
465 477
465 480
465 483
465 484
465 485
465 486
465 487
465 488
465 489
465 490
465 491
465 494
465 495
465 497
465 498
465 499
466 467
466 468
466 470
466 471
466 474
466 475
466 476
466 478
466 479
466 481
466 484
466 485
466 486
466 487
466 488
466 489
466 491
466 492
466 493
466 494
466 495
466 496
466 497
466 498
466 499
467 468
467 469
467 470
467 473
467 474
467 475
467 476
467 477
467 480
467 482
467 483
467 485
467 486
467 487
467 488
467 490
467 491
467 492
467 493
467 496
467 498
467 499
468 469
468 470
468 471
468 472
468 473
468 476
468 477
468 478
468 479
468 480
468 481
468 483
468 484
468 485
468 486
468 487
468 488
468 489
468 490
468 491
468 492
468 493
468 494
468 496
468 497
468 498
469 470
469 471
469 472
469 473
469 474
469 475
469 479
469 480
469 481
469 482
469 483
469 484
469 485
469 487
469 489
469 490
469 491
469 493
469 495
469 496
469 497
469 499
470 471
470 473
470 474
470 475
470 476
470 477
470 479
470 481
470 483
470 485
470 486
470 488
470 489
470 490
470 491
470 492
470 494
470 495
470 496
470 497
470 498
470 499
471 472
471 473
471 474
471 475
471 476
471 477
471 478
471 480
471 481
471 482
471 484
471 485
471 487
471 488
471 491
471 494
471 495
471 496
471 498
471 499
472 475
472 476
472 478
472 479
472 480
472 482
472 483
472 484
472 487
472 490
472 491
472 493
472 495
472 496
473 474
473 475
473 476
473 478
473 479
473 480
473 481
473 482
473 484
473 485
473 487
473 488
473 489
473 490
473 492
473 494
473 495
473 496
473 497
473 498
473 499
474 476
474 479
474 480
474 481
474 482
474 484
474 487
474 489
474 490
474 491
474 493
474 494
474 495
474 496
474 497
474 498
474 499
475 476
475 477
475 480
475 481
475 483
475 485
475 486
475 487
475 488
475 489
475 491
475 492
475 495
475 496
475 497
476 478
476 479
476 480
476 481
476 482
476 483
476 484
476 485
476 487
476 488
476 490
476 491
476 492
476 493
476 494
476 495
476 496
476 497
476 498
476 499
477 479
477 480
477 482
477 484
477 485
477 486
477 487
477 488
477 489
477 491
477 493
477 495
477 496
477 497
477 498
478 479
478 480
478 481
478 484
478 485
478 486
478 491
478 492
478 493
478 495
478 497
478 499
479 481
479 482
479 483
479 487
479 488
479 490
479 492
479 493
479 494
479 496
479 497
479 498
479 499
480 481
480 482
480 483
480 486
480 487
480 488
480 489
480 490
480 492
480 493
480 495
480 496
480 497
480 498
480 499
481 482
481 485
481 487
481 488
481 489
481 490
481 491
481 492
481 493
481 494
481 495
481 496
481 497
481 498
481 499
482 483
482 484
482 489
482 492
482 494
482 495
483 484
483 485
483 486
483 487
483 490
483 492
483 494
483 495
483 496
483 497
483 498
483 499
484 485
484 486
484 487
484 488
484 493
484 495
484 496
484 497
484 499
485 487
485 488
485 489
485 490
485 492
485 493
485 496
485 497
485 498
486 489
486 490
486 491
486 492
486 493
486 494
486 495
486 496
486 497
486 498
486 499
487 489
487 490
487 493
487 494
487 495
487 497
487 498
487 499
488 489
488 490
488 491
488 493
488 494
489 490
489 492
489 495
489 496
490 491
490 492
490 493
490 496
490 498
491 492
491 493
491 495
491 496
491 497
491 498
491 499
492 493
492 494
492 497
492 499
493 494
493 495
493 496
493 498
494 495
494 498
495 496
495 497
495 498
495 499
496 498
496 499
497 498
497 499
