0 1
0 4
0 5
0 6
0 7
0 8
0 9
0 10
0 11
0 12
0 14
0 16
0 17
0 18
0 19
0 20
0 22
0 24
0 26
0 27
0 28
0 29
0 30
0 31
0 32
0 33
0 35
0 37
0 38
0 39
0 40
0 41
0 42
0 43
0 44
0 45
0 46
0 47
0 48
0 49
1 2
1 3
1 4
1 5
1 6
1 8
1 9
1 11
1 12
1 13
1 15
1 17
1 18
1 19
1 20
1 21
1 22
1 23
1 24
1 25
1 26
1 27
1 28
1 29
1 30
1 31
1 33
1 34
1 36
1 37
1 38
1 39
1 40
1 41
1 43
1 44
1 45
1 46
1 47
1 49
1 66
1 120
1 389
1 448
2 3
2 4
2 5
2 7
2 8
2 10
2 11
2 12
2 13
2 14
2 15
2 16
2 17
2 18
2 19
2 20
2 21
2 22
2 23
2 24
2 25
2 26
2 27
2 28
2 29
2 30
2 31
2 32
2 33
2 34
2 36
2 37
2 38
2 39
2 40
2 41
2 42
2 43
2 44
2 45
2 46
2 47
2 48
2 49
2 167
2 259
2 416
3 4
3 5
3 6
3 7
3 12
3 13
3 14
3 17
3 18
3 19
3 20
3 23
3 24
3 25
3 26
3 27
3 28
3 32
3 33
3 34
3 35
3 36
3 37
3 40
3 41
3 42
3 43
3 44
3 46
3 47
3 48
3 49
3 50
3 167
4 5
4 7
4 8
4 9
4 10
4 11
4 12
4 13
4 14
4 15
4 16
4 19
4 20
4 21
4 22
4 23
4 24
4 25
4 26
4 29
4 30
4 32
4 33
4 34
4 35
4 36
4 38
4 39
4 40
4 41
4 42
4 43
4 44
4 45
4 46
4 47
4 48
4 49
4 131
4 236
4 246
4 303
4 345
4 431
4 485
5 6
5 7
5 8
5 9
5 12
5 13
5 15
5 16
5 18
5 20
5 22
5 23
5 24
5 25
5 27
5 28
5 29
5 30
5 31
5 32
5 33
5 34
5 36
5 37
5 38
5 39
5 41
5 42
5 43
5 44
5 45
5 46
5 47
5 48
5 49
5 102
5 247
5 442
5 443
5 447
6 7
6 8
6 9
6 12
6 13
6 14
6 15
6 16
6 18
6 19
6 20
6 21
6 22
6 23
6 24
6 25
6 26
6 28
6 29
6 31
6 33
6 34
6 35
6 36
6 37
6 38
6 40
6 41
6 42
6 43
6 44
6 45
6 46
6 48
6 65
6 81
6 161
6 182
6 186
6 327
6 329
6 342
6 350
7 8
7 10
7 11
7 13
7 14
7 16
7 17
7 19
7 20
7 21
7 22
7 24
7 25
7 28
7 29
7 30
7 31
7 34
7 35
7 36
7 37
7 38
7 39
7 40
7 41
7 45
7 47
7 48
7 49
8 9
8 10
8 11
8 13
8 14
8 15
8 16
8 17
8 19
8 20
8 21
8 22
8 23
8 25
8 26
8 28
8 29
8 30
8 31
8 34
8 35
8 36
8 37
8 39
8 40
8 42
8 43
8 44
8 46
8 47
8 135
8 116
8 216
8 243
8 416
8 455
8 458
9 10
9 11
9 12
9 13
9 14
9 17
9 18
9 19
9 20
9 21
9 22
9 23
9 24
9 25
9 26
9 27
9 28
9 29
9 30
9 31
9 32
9 35
9 37
9 38
9 39
9 40
9 44
9 45
9 46
9 47
9 48
9 49
9 82
9 225
9 254
9 304
9 392
9 353
9 374
9 383
9 471
10 12
10 13
10 14
10 15
10 16
10 17
10 18
10 19
10 21
10 22
10 24
10 25
10 26
10 27
10 29
10 30
10 31
10 32
10 33
10 34
10 35
10 36
10 37
10 38
10 39
10 40
10 41
10 42
10 43
10 44
10 46
10 47
10 48
10 49
10 99
10 200
10 354
10 364
10 432
10 491
11 13
11 14
11 15
11 16
11 18
11 19
11 20
11 21
11 23
11 24
11 25
11 26
11 27
11 28
11 29
11 30
11 31
11 34
11 35
11 36
11 38
11 39
11 40
11 41
11 42
11 43
11 44
11 45
11 46
11 67
11 391
12 13
12 15
12 17
12 18
12 19
12 20
12 21
12 22
12 24
12 25
12 26
12 27
12 28
12 30
12 32
12 33
12 34
12 35
12 36
12 37
12 38
12 40
12 43
12 46
12 48
12 49
12 217
12 258
12 351
13 14
13 15
13 16
13 17
13 18
13 19
13 20
13 22
13 23
13 24
13 25
13 26
13 27
13 28
13 29
13 30
13 31
13 32
13 34
13 35
13 36
13 37
13 38
13 39
13 40
13 41
13 43
13 44
13 46
13 48
13 49
13 121
13 270
14 15
14 16
14 17
14 18
14 19
14 20
14 21
14 22
14 23
14 24
14 25
14 26
14 27
14 28
14 29
14 31
14 32
14 33
14 34
14 35
14 36
14 37
14 38
14 39
14 40
14 41
14 42
14 45
14 46
14 47
14 48
14 57
14 297
14 327
14 387
14 374
14 422
15 17
15 18
15 19
15 20
15 21
15 22
15 24
15 25
15 27
15 28
15 30
15 32
15 34
15 35
15 36
15 37
15 38
15 39
15 40
15 41
15 42
15 43
15 44
15 45
15 46
15 47
15 48
15 161
15 196
15 274
15 290
15 334
15 348
16 18
16 19
16 20
16 21
16 24
16 25
16 27
16 28
16 30
16 31
16 32
16 33
16 34
16 35
16 36
16 37
16 38
16 39
16 40
16 41
16 42
16 44
16 45
16 46
16 350
16 407
16 458
16 461
16 484
16 494
17 18
17 19
17 20
17 21
17 22
17 24
17 26
17 27
17 28
17 29
17 30
17 33
17 34
17 35
17 36
17 38
17 39
17 40
17 41
17 44
17 47
17 61
17 288
17 433
18 19
18 20
18 22
18 23
18 24
18 25
18 26
18 27
18 28
18 29
18 30
18 31
18 32
18 33
18 34
18 35
18 36
18 37
18 38
18 40
18 41
18 42
18 43
18 44
18 45
18 46
18 47
18 48
18 54
18 100
18 152
18 321
18 345
19 20
19 21
19 22
19 24
19 25
19 27
19 28
19 29
19 30
19 31
19 33
19 34
19 36
19 37
19 38
19 39
19 40
19 42
19 43
19 44
19 45
19 47
19 49
19 191
19 226
20 21
20 22
20 23
20 24
20 25
20 26
20 27
20 28
20 30
20 32
20 33
20 35
20 37
20 38
20 39
20 40
20 41
20 44
20 46
20 47
20 49
20 128
20 153
20 279
20 299
20 435
21 22
21 23
21 25
21 28
21 29
21 30
21 31
21 32
21 33
21 34
21 35
21 36
21 37
21 38
21 39
21 40
21 41
21 43
21 44
21 45
21 46
21 47
21 48
21 49
21 75
21 232
22 23
22 24
22 26
22 27
22 28
22 29
22 30
22 31
22 32
22 33
22 34
22 35
22 36
22 37
22 38
22 40
22 41
22 43
22 44
22 45
22 47
22 54
22 126
22 223
22 241
22 349
22 442
22 480
23 24
23 25
23 27
23 28
23 29
23 30
23 31
23 32
23 33
23 34
23 35
23 37
23 38
23 40
23 41
23 42
23 43
23 46
23 47
23 48
23 49
23 135
23 197
23 278
23 393
23 467
24 25
24 26
24 27
24 28
24 29
24 30
24 32
24 33
24 35
24 36
24 37
24 38
24 39
24 40
24 41
24 42
24 43
24 44
24 45
24 46
24 47
24 48
24 49
24 59
24 69
24 177
24 290
24 407
24 486
25 27
25 29
25 30
25 32
25 33
25 34
25 35
25 37
25 39
25 40
25 41
25 42
25 43
25 44
25 45
25 46
25 47
25 49
25 120
25 175
25 279
25 333
25 344
25 491
26 27
26 28
26 29
26 30
26 31
26 33
26 34
26 35
26 36
26 37
26 41
26 42
26 43
26 44
26 45
26 47
26 48
26 161
26 257
26 422
27 28
27 29
27 30
27 31
27 32
27 33
27 36
27 38
27 39
27 40
27 41
27 42
27 43
27 45
27 46
27 47
27 48
27 49
27 68
27 92
27 142
27 117
27 398
27 399
27 445
28 30
28 32
28 33
28 34
28 35
28 36
28 37
28 38
28 39
28 40
28 41
28 42
28 43
28 45
28 47
28 48
28 432
29 31
29 33
29 34
29 35
29 36
29 37
29 38
29 39
29 40
29 42
29 43
29 44
29 45
29 47
29 48
29 49
29 98
29 203
29 226
29 353
29 356
29 361
30 31
30 32
30 33
30 34
30 36
30 39
30 40
30 41
30 42
30 43
30 44
30 47
30 48
30 49
30 247
30 259
30 362
30 364
31 32
31 33
31 34
31 35
31 36
31 37
31 38
31 39
31 40
31 41
31 42
31 43
31 45
31 47
31 48
31 49
31 125
31 201
31 203
31 238
31 380
31 422
32 33
32 34
32 36
32 37
32 38
32 39
32 40
32 41
32 43
32 45
32 46
32 47
32 48
32 49
32 242
33 34
33 35
33 37
33 38
33 39
33 40
33 41
33 43
33 44
33 45
33 46
33 47
33 49
33 90
33 150
33 213
34 35
34 36
34 37
34 38
34 39
34 40
34 41
34 42
34 43
34 44
34 46
34 47
34 48
34 49
34 163
34 393
35 36
35 37
35 38
35 39
35 40
35 41
35 42
35 43
35 45
35 46
35 47
35 48
35 49
36 38
36 41
36 42
36 43
36 44
36 47
36 49
36 75
36 80
36 99
36 136
36 257
36 381
37 38
37 39
37 41
37 42
37 43
37 44
37 45
37 46
37 47
37 48
37 193
37 391
37 365
37 414
38 40
38 41
38 42
38 44
38 46
38 47
38 48
38 49
38 66
38 147
38 200
38 333
38 343
38 376
38 435
39 41
39 43
39 44
39 45
39 46
39 47
39 48
39 225
39 262
39 339
39 350
39 440
39 448
39 488
40 41
40 42
40 43
40 44
40 45
40 46
40 48
40 49
40 61
40 323
40 354
40 457
41 42
41 43
41 44
41 45
41 46
41 47
41 48
41 49
41 139
41 121
41 156
41 181
41 411
41 413
42 43
42 44
42 45
42 46
42 89
42 134
42 124
42 187
42 240
42 259
42 324
42 452
43 44
43 45
43 47
43 48
43 49
43 291
43 356
43 411
43 426
44 45
44 48
44 49
44 217
44 355
44 360
44 440
44 486
45 46
45 47
45 48
45 49
45 283
46 47
46 48
46 49
46 137
46 185
46 207
46 271
47 48
47 49
47 78
47 87
47 410
48 49
48 50
48 113
48 162
48 239
48 437
48 468
49 67
49 186
49 201
49 242
49 392
49 379
49 470
49 488
50 51
50 53
50 55
50 56
50 58
50 59
50 61
50 62
50 63
50 64
50 65
50 67
50 68
50 69
50 70
50 71
50 72
50 73
50 75
50 76
50 77
50 78
50 79
50 80
50 83
50 84
50 85
50 86
50 88
50 89
50 90
50 91
50 92
50 93
50 94
50 97
50 98
50 99
50 239
50 357
50 402
50 433
50 486
51 52
51 53
51 54
51 56
51 59
51 60
51 61
51 62
51 63
51 66
51 67
51 68
51 69
51 70
51 71
51 73
51 75
51 76
51 77
51 78
51 79
51 80
51 82
51 83
51 84
51 85
51 86
51 89
51 90
51 91
51 92
51 94
51 96
51 97
51 98
51 99
51 207
51 388
51 466
52 53
52 54
52 56
52 57
52 58
52 59
52 60
52 61
52 62
52 63
52 64
52 65
52 66
52 67
52 69
52 70
52 71
52 72
52 73
52 76
52 77
52 78
52 79
52 80
52 81
52 83
52 84
52 85
52 87
52 88
52 89
52 90
52 91
52 94
52 95
52 96
52 97
52 98
52 99
52 196
52 310
52 412
53 54
53 56
53 57
53 58
53 59
53 61
53 62
53 63
53 64
53 65
53 66
53 68
53 69
53 70
53 71
53 72
53 73
53 74
53 75
53 76
53 78
53 79
53 80
53 81
53 82
53 83
53 84
53 85
53 86
53 87
53 88
53 89
53 90
53 92
53 94
53 95
53 97
53 126
53 222
53 328
53 373
54 56
54 57
54 59
54 61
54 62
54 63
54 64
54 65
54 66
54 67
54 68
54 69
54 70
54 71
54 72
54 74
54 75
54 76
54 77
54 79
54 80
54 81
54 82
54 83
54 84
54 85
54 86
54 87
54 89
54 90
54 91
54 92
54 93
54 94
54 97
54 135
54 119
54 330
55 56
55 57
55 58
55 59
55 60
55 61
55 62
55 64
55 67
55 68
55 70
55 71
55 72
55 73
55 74
55 75
55 76
55 77
55 80
55 82
55 84
55 85
55 86
55 87
55 89
55 90
55 91
55 92
55 93
55 95
55 96
55 97
55 98
55 148
55 205
55 298
55 473
55 482
56 57
56 58
56 59
56 60
56 61
56 62
56 64
56 65
56 66
56 67
56 68
56 69
56 70
56 71
56 72
56 73
56 74
56 75
56 80
56 82
56 83
56 84
56 85
56 87
56 88
56 89
56 90
56 91
56 92
56 93
56 94
56 95
56 96
56 97
56 98
56 99
56 197
56 310
57 58
57 59
57 60
57 61
57 62
57 63
57 65
57 66
57 68
57 69
57 70
57 73
57 74
57 75
57 76
57 77
57 78
57 80
57 82
57 83
57 84
57 85
57 86
57 87
57 88
57 89
57 91
57 92
57 93
57 96
57 97
57 98
57 99
57 145
57 283
57 443
57 490
57 495
58 60
58 61
58 62
58 63
58 64
58 65
58 67
58 71
58 72
58 73
58 74
58 75
58 76
58 77
58 80
58 82
58 83
58 84
58 86
58 87
58 88
58 89
58 91
58 92
58 94
58 96
58 97
58 98
58 99
58 196
58 198
58 204
58 327
58 452
59 60
59 61
59 62
59 64
59 65
59 67
59 69
59 70
59 71
59 72
59 73
59 75
59 76
59 78
59 79
59 80
59 81
59 82
59 84
59 85
59 86
59 87
59 88
59 89
59 90
59 91
59 92
59 94
59 95
59 96
59 97
59 98
59 99
59 170
59 220
59 232
59 351
59 421
60 62
60 63
60 65
60 66
60 67
60 68
60 69
60 70
60 71
60 72
60 73
60 74
60 75
60 76
60 77
60 78
60 79
60 81
60 82
60 83
60 84
60 85
60 86
60 87
60 88
60 90
60 93
60 96
60 97
60 98
60 135
60 126
60 268
60 465
61 62
61 63
61 66
61 67
61 68
61 69
61 70
61 72
61 73
61 74
61 75
61 76
61 77
61 78
61 79
61 81
61 82
61 83
61 84
61 85
61 86
61 88
61 89
61 90
61 91
61 92
61 94
61 95
61 96
61 97
61 99
61 155
61 256
61 396
61 364
61 381
61 454
61 482
62 63
62 64
62 65
62 67
62 68
62 71
62 72
62 73
62 74
62 75
62 76
62 77
62 78
62 79
62 80
62 81
62 84
62 85
62 87
62 88
62 89
62 90
62 91
62 92
62 93
62 94
62 95
62 96
62 97
62 98
62 99
62 120
62 151
62 390
62 438
62 439
62 443
62 479
63 64
63 67
63 68
63 70
63 72
63 76
63 77
63 78
63 79
63 80
63 81
63 82
63 83
63 84
63 85
63 86
63 87
63 88
63 89
63 90
63 91
63 92
63 93
63 94
63 95
63 96
63 97
63 98
63 99
63 143
63 228
63 287
63 432
63 460
64 65
64 66
64 67
64 68
64 70
64 71
64 73
64 74
64 75
64 77
64 78
64 79
64 80
64 81
64 82
64 83
64 85
64 86
64 88
64 90
64 91
64 92
64 93
64 95
64 96
64 97
64 98
64 99
64 240
64 321
64 379
64 485
65 66
65 67
65 68
65 69
65 70
65 71
65 74
65 75
65 76
65 77
65 78
65 79
65 80
65 81
65 82
65 84
65 85
65 86
65 87
65 88
65 90
65 91
65 93
65 94
65 95
65 96
65 97
65 98
65 99
65 179
65 246
65 270
65 343
65 453
66 67
66 68
66 70
66 71
66 72
66 73
66 75
66 76
66 77
66 78
66 79
66 81
66 83
66 84
66 87
66 88
66 89
66 90
66 91
66 92
66 93
66 98
66 111
66 168
66 278
66 291
66 301
66 324
66 331
66 371
66 438
67 68
67 70
67 71
67 72
67 73
67 74
67 75
67 77
67 78
67 80
67 81
67 82
67 83
67 84
67 85
67 86
67 87
67 88
67 89
67 90
67 91
67 92
67 93
67 94
67 95
67 96
67 98
67 99
67 276
67 341
68 70
68 71
68 73
68 74
68 75
68 76
68 77
68 78
68 81
68 82
68 83
68 84
68 85
68 86
68 87
68 88
68 89
68 90
68 91
68 93
68 96
68 97
68 98
68 129
68 319
68 328
68 350
68 460
69 70
69 71
69 73
69 74
69 78
69 79
69 80
69 81
69 82
69 83
69 84
69 85
69 86
69 87
69 88
69 90
69 91
69 92
69 93
69 94
69 95
69 97
69 98
69 99
69 228
69 361
69 447
70 71
70 73
70 74
70 75
70 76
70 78
70 79
70 80
70 81
70 83
70 84
70 86
70 87
70 88
70 89
70 91
70 92
70 93
70 94
70 96
70 97
70 98
70 99
70 194
70 235
70 266
70 332
70 397
71 72
71 74
71 75
71 78
71 79
71 80
71 81
71 82
71 83
71 86
71 88
71 89
71 90
71 91
71 92
71 93
71 94
71 95
71 97
71 98
71 99
71 153
71 183
71 248
71 317
71 405
71 429
71 459
72 73
72 74
72 76
72 78
72 79
72 80
72 81
72 83
72 84
72 85
72 86
72 87
72 88
72 90
72 91
72 93
72 94
72 95
72 96
72 97
72 98
72 99
72 117
72 260
72 307
73 74
73 75
73 77
73 79
73 80
73 82
73 83
73 84
73 85
73 86
73 87
73 89
73 90
73 91
73 92
73 93
73 95
73 96
73 98
73 99
73 175
73 213
73 312
73 488
74 75
74 77
74 78
74 79
74 80
74 82
74 83
74 84
74 85
74 86
74 87
74 88
74 90
74 91
74 92
74 93
74 94
74 95
74 96
74 98
74 150
74 251
74 408
75 76
75 77
75 79
75 80
75 81
75 82
75 84
75 85
75 86
75 87
75 88
75 89
75 90
75 93
75 94
75 95
75 96
75 97
75 98
75 99
75 456
76 77
76 78
76 79
76 81
76 82
76 84
76 85
76 86
76 87
76 88
76 89
76 90
76 92
76 93
76 94
76 95
76 97
76 98
76 99
76 240
76 289
76 436
76 482
77 78
77 79
77 81
77 83
77 84
77 85
77 86
77 87
77 88
77 89
77 91
77 94
77 95
77 98
77 99
77 159
77 209
77 217
77 220
77 304
77 332
78 79
78 80
78 82
78 83
78 85
78 87
78 88
78 89
78 90
78 91
78 92
78 93
78 94
78 95
78 96
78 97
78 98
78 180
78 207
78 275
78 344
78 370
78 483
79 80
79 81
79 82
79 83
79 84
79 85
79 86
79 87
79 88
79 90
79 91
79 92
79 93
79 94
79 97
79 98
79 99
79 133
79 384
79 380
79 414
79 488
80 81
80 82
80 83
80 84
80 86
80 87
80 89
80 90
80 91
80 92
80 95
80 96
80 97
80 419
80 459
81 82
81 83
81 85
81 86
81 87
81 89
81 90
81 91
81 92
81 94
81 95
81 96
81 98
81 99
81 165
81 178
81 204
81 470
82 83
82 84
82 85
82 87
82 88
82 90
82 91
82 92
82 93
82 94
82 95
82 96
82 97
82 98
82 99
82 220
82 290
82 355
82 469
83 84
83 85
83 87
83 88
83 89
83 91
83 92
83 93
83 94
83 95
83 96
83 98
83 212
83 232
83 361
84 86
84 87
84 89
84 90
84 91
84 92
84 94
84 95
84 96
84 97
84 98
84 99
84 209
84 329
84 464
85 86
85 87
85 88
85 89
85 90
85 91
85 93
85 95
85 97
85 98
85 99
85 224
85 234
85 287
85 426
85 441
86 88
86 89
86 91
86 93
86 94
86 96
86 97
86 98
86 99
86 132
86 170
86 287
86 251
86 371
86 422
86 427
86 485
87 89
87 90
87 92
87 93
87 95
87 96
87 97
87 98
87 99
87 272
87 296
87 250
87 316
87 392
87 400
87 485
88 89
88 90
88 91
88 92
88 93
88 94
88 95
88 97
88 98
88 99
88 219
88 329
89 90
89 91
89 92
89 93
89 95
89 96
89 97
89 98
89 99
89 112
89 195
89 326
90 92
90 93
90 94
90 95
90 96
90 97
90 98
90 99
90 158
90 178
90 211
90 308
90 352
90 364
90 400
91 92
91 93
91 96
91 97
91 98
91 99
91 139
91 143
91 217
91 341
91 429
91 464
91 469
92 93
92 96
92 97
92 98
92 99
92 110
92 126
92 154
92 186
92 326
92 383
93 94
93 95
93 96
93 97
93 98
93 107
94 95
94 96
94 97
94 98
94 99
94 153
94 184
94 405
94 476
95 96
95 97
95 98
95 99
95 140
95 408
95 423
96 97
96 98
96 99
96 140
96 232
96 324
96 454
96 478
97 98
97 99
97 109
97 464
98 105
98 177
98 185
98 190
98 286
98 389
98 401
98 450
99 134
99 304
99 430
128 129
128 130
128 131
128 132
128 135
128 136
128 138
128 139
128 140
128 141
128 143
128 144
128 145
128 146
128 147
128 148
128 149
128 100
128 101
128 102
128 104
128 105
128 106
128 107
128 108
128 110
128 112
128 113
128 114
128 115
128 116
128 117
128 118
128 119
128 120
128 123
128 125
128 126
128 345
128 437
128 457
129 130
129 131
129 133
129 134
129 135
129 138
129 139
129 140
129 141
129 142
129 145
129 146
129 149
129 102
129 103
129 104
129 105
129 106
129 107
129 109
129 110
129 111
129 112
129 114
129 115
129 116
129 117
129 118
129 119
129 121
129 122
129 123
129 124
129 125
129 126
129 127
130 131
130 132
130 133
130 134
130 135
130 136
130 137
130 138
130 139
130 140
130 141
130 142
130 143
130 144
130 145
130 146
130 147
130 148
130 149
130 102
130 103
130 104
130 105
130 106
130 107
130 108
130 109
130 110
130 111
130 112
130 113
130 116
130 117
130 118
130 119
130 120
130 121
130 122
130 124
130 125
130 126
130 127
130 249
130 362
131 132
131 133
131 134
131 135
131 137
131 138
131 139
131 140
131 141
131 142
131 143
131 144
131 145
131 146
131 148
131 149
131 100
131 101
131 102
131 104
131 105
131 106
131 107
131 108
131 109
131 110
131 112
131 113
131 114
131 115
131 116
131 119
131 120
131 122
131 124
131 125
131 127
131 151
131 211
131 229
131 326
131 337
131 455
131 484
132 133
132 134
132 135
132 136
132 138
132 139
132 141
132 143
132 145
132 146
132 147
132 148
132 102
132 103
132 105
132 106
132 107
132 108
132 109
132 110
132 111
132 112
132 114
132 115
132 117
132 119
132 120
132 121
132 122
132 123
132 124
132 125
132 126
132 127
132 203
132 214
132 341
132 481
133 135
133 136
133 137
133 138
133 139
133 140
133 141
133 142
133 143
133 144
133 145
133 146
133 147
133 148
133 149
133 100
133 101
133 102
133 103
133 104
133 105
133 106
133 109
133 110
133 111
133 113
133 114
133 115
133 118
133 120
133 121
133 123
133 124
133 125
133 126
133 127
133 199
133 236
133 246
133 457
134 135
134 137
134 138
134 139
134 140
134 141
134 142
134 143
134 144
134 146
134 147
134 148
134 149
134 100
134 101
134 102
134 103
134 104
134 105
134 106
134 107
134 108
134 109
134 110
134 111
134 112
134 113
134 115
134 116
134 117
134 118
134 119
134 120
134 121
134 122
134 123
134 124
134 125
134 126
134 127
134 394
134 360
135 136
135 137
135 138
135 140
135 141
135 142
135 143
135 145
135 148
135 149
135 102
135 103
135 104
135 105
135 106
135 109
135 112
135 113
135 116
135 117
135 118
135 119
135 120
135 121
135 122
135 123
135 124
135 127
135 176
135 216
135 303
135 314
136 139
136 141
136 142
136 143
136 147
136 149
136 100
136 101
136 102
136 104
136 105
136 107
136 108
136 110
136 111
136 112
136 113
136 114
136 115
136 116
136 117
136 119
136 121
136 123
136 124
136 126
136 127
136 310
136 361
136 412
136 462
137 139
137 140
137 141
137 146
137 147
137 148
137 149
137 100
137 101
137 103
137 104
137 105
137 106
137 107
137 108
137 109
137 110
137 112
137 113
137 114
137 115
137 116
137 117
137 119
137 120
137 122
137 123
137 124
137 125
137 126
137 127
137 218
137 403
138 140
138 141
138 144
138 146
138 148
138 149
138 100
138 101
138 102
138 103
138 104
138 106
138 107
138 108
138 109
138 112
138 113
138 114
138 115
138 116
138 118
138 119
138 120
138 122
138 123
138 124
138 125
139 141
139 142
139 143
139 144
139 145
139 146
139 148
139 100
139 101
139 102
139 103
139 105
139 106
139 107
139 108
139 109
139 110
139 111
139 112
139 113
139 114
139 115
139 116
139 117
139 120
139 121
139 122
139 123
139 124
139 125
139 127
139 184
139 237
139 386
139 403
140 141
140 142
140 143
140 144
140 145
140 146
140 147
140 149
140 100
140 102
140 103
140 104
140 105
140 106
140 107
140 108
140 109
140 111
140 113
140 114
140 116
140 117
140 118
140 119
140 120
140 121
140 122
140 123
140 125
140 126
140 127
140 224
140 257
140 308
140 390
140 394
140 478
141 142
141 143
141 145
141 146
141 147
141 148
141 149
141 100
141 102
141 103
141 104
141 106
141 107
141 109
141 110
141 111
141 112
141 113
141 115
141 116
141 118
141 119
141 120
141 121
141 122
141 123
141 124
141 125
141 126
141 127
141 369
142 143
142 144
142 145
142 146
142 147
142 148
142 149
142 100
142 101
142 102
142 103
142 104
142 105
142 106
142 107
142 110
142 111
142 113
142 114
142 115
142 116
142 117
142 118
142 119
142 120
142 121
142 122
142 124
142 126
142 127
142 271
142 384
143 144
143 145
143 146
143 148
143 100
143 102
143 103
143 104
143 105
143 106
143 107
143 108
143 109
143 110
143 112
143 113
143 114
143 116
143 117
143 118
143 119
143 120
143 121
143 122
143 123
143 124
143 125
143 126
143 127
143 175
143 181
143 232
143 238
143 281
143 335
143 379
144 145
144 146
144 147
144 148
144 149
144 100
144 101
144 102
144 103
144 104
144 105
144 106
144 107
144 108
144 109
144 110
144 111
144 112
144 114
144 115
144 116
144 117
144 118
144 119
144 120
144 121
144 122
144 123
144 125
144 126
144 127
144 187
144 192
144 220
145 147
145 148
145 149
145 101
145 102
145 104
145 105
145 107
145 108
145 110
145 114
145 116
145 117
145 118
145 121
145 124
145 125
145 126
145 127
145 161
146 147
146 148
146 149
146 101
146 102
146 103
146 105
146 106
146 109
146 110
146 111
146 112
146 113
146 114
146 115
146 116
146 117
146 119
146 120
146 121
146 122
146 123
146 124
146 126
146 169
146 280
146 283
146 250
146 412
147 149
147 100
147 103
147 104
147 105
147 107
147 108
147 109
147 110
147 112
147 113
147 114
147 115
147 116
147 117
147 118
147 120
147 122
147 123
147 124
147 125
147 126
147 171
147 194
147 386
147 378
148 149
148 101
148 102
148 103
148 104
148 105
148 106
148 107
148 108
148 109
148 110
148 111
148 112
148 113
148 116
148 117
148 118
148 119
148 120
148 121
148 122
148 123
148 124
148 125
148 127
148 184
148 309
148 458
148 470
149 100
149 101
149 103
149 105
149 106
149 107
149 109
149 111
149 112
149 113
149 114
149 115
149 116
149 117
149 118
149 119
149 120
149 121
149 122
149 123
149 125
149 126
149 127
149 184
149 262
149 289
149 404
100 103
100 104
100 105
100 106
100 107
100 110
100 111
100 113
100 114
100 118
100 119
100 120
100 122
100 123
100 125
100 126
100 127
100 198
100 307
100 341
100 373
101 102
101 103
101 104
101 105
101 106
101 107
101 108
101 109
101 110
101 113
101 115
101 116
101 117
101 120
101 121
101 122
101 123
101 124
101 126
101 127
101 220
101 349
101 395
101 397
101 366
101 457
102 103
102 104
102 105
102 106
102 108
102 109
102 110
102 111
102 113
102 114
102 116
102 117
102 118
102 119
102 122
102 123
102 125
102 127
102 158
102 176
102 266
102 313
102 394
102 444
102 482
103 104
103 105
103 106
103 107
103 108
103 109
103 110
103 111
103 112
103 113
103 115
103 116
103 117
103 118
103 119
103 120
103 121
103 122
103 123
103 124
103 125
103 126
103 276
103 330
103 466
103 473
104 105
104 106
104 107
104 108
104 109
104 110
104 111
104 112
104 113
104 114
104 116
104 118
104 119
104 120
104 121
104 122
104 123
104 125
104 126
104 127
104 311
104 449
105 106
105 107
105 108
105 110
105 113
105 114
105 116
105 117
105 118
105 119
105 120
105 121
105 122
105 123
105 124
105 125
105 126
105 127
105 164
105 196
105 267
106 107
106 108
106 110
106 111
106 112
106 113
106 114
106 116
106 117
106 118
106 121
106 122
106 123
106 124
106 126
106 164
106 247
106 388
106 444
106 489
107 108
107 109
107 110
107 111
107 112
107 113
107 114
107 116
107 117
107 118
107 119
107 120
107 121
107 122
107 123
107 124
107 125
107 127
107 167
107 208
107 462
108 109
108 110
108 111
108 112
108 113
108 114
108 117
108 119
108 120
108 121
108 123
108 125
108 126
108 127
108 177
108 234
108 332
108 353
108 447
108 465
109 110
109 111
109 112
109 113
109 114
109 116
109 117
109 119
109 120
109 121
109 122
109 123
109 124
109 125
109 126
109 166
109 456
109 467
110 111
110 112
110 114
110 115
110 116
110 117
110 118
110 119
110 120
110 121
110 122
110 124
110 126
110 127
110 190
110 191
110 287
110 465
111 112
111 114
111 115
111 117
111 119
111 120
111 121
111 122
111 123
111 124
111 125
111 127
111 296
111 439
111 487
112 113
112 115
112 117
112 118
112 120
112 121
112 122
112 123
112 124
112 125
112 126
112 127
113 114
113 115
113 116
113 117
113 118
113 119
113 120
113 121
113 122
113 123
113 124
113 125
113 126
113 127
113 286
113 335
113 405
113 441
114 115
114 116
114 117
114 118
114 121
114 122
114 123
114 124
114 125
114 127
114 185
114 282
114 416
114 443
115 116
115 118
115 120
115 121
115 124
115 125
115 126
115 127
115 315
115 334
115 358
116 117
116 118
116 119
116 120
116 121
116 124
116 125
116 127
116 176
116 206
116 431
116 442
117 118
117 119
117 120
117 121
117 122
117 123
117 124
117 125
117 126
117 127
117 440
117 456
118 119
118 120
118 121
118 122
118 123
118 124
118 125
118 127
118 162
118 350
118 460
118 479
119 120
119 121
119 122
119 123
119 125
119 127
119 208
119 219
119 272
119 305
119 375
119 451
120 122
120 123
120 124
120 125
120 126
120 127
120 243
120 286
120 294
120 299
120 417
120 454
120 487
120 490
121 122
121 123
121 124
121 126
121 127
121 263
121 288
121 255
121 373
122 123
122 124
122 125
122 126
122 177
122 258
122 452
123 124
123 125
123 126
123 127
123 238
123 244
123 466
124 125
124 126
124 127
124 201
124 307
124 414
125 126
125 127
125 343
126 218
126 276
126 492
127 217
127 303
127 356
150 151
150 152
150 153
150 154
150 155
150 156
150 157
150 158
150 159
150 161
150 162
150 163
150 164
150 167
150 170
150 171
150 172
150 173
150 174
150 175
150 176
150 177
150 178
150 179
150 181
150 182
150 183
150 184
150 185
150 186
150 187
150 188
150 189
150 190
150 191
150 192
150 194
150 195
150 196
150 197
150 198
150 199
150 397
150 368
151 152
151 153
151 154
151 155
151 157
151 158
151 159
151 160
151 162
151 164
151 165
151 166
151 168
151 169
151 170
151 171
151 172
151 173
151 174
151 175
151 176
151 179
151 180
151 181
151 182
151 183
151 184
151 185
151 186
151 187
151 188
151 189
151 190
151 191
151 192
151 193
151 194
151 195
151 196
151 197
151 198
151 349
152 153
152 154
152 156
152 158
152 159
152 160
152 161
152 162
152 163
152 164
152 165
152 166
152 167
152 168
152 169
152 170
152 171
152 172
152 173
152 175
152 176
152 177
152 178
152 179
152 180
152 181
152 183
152 184
152 185
152 187
152 188
152 189
152 190
152 191
152 193
152 194
152 197
152 199
152 301
152 383
152 401
152 403
152 404
152 447
153 154
153 156
153 157
153 159
153 161
153 162
153 163
153 165
153 166
153 167
153 168
153 169
153 170
153 171
153 172
153 173
153 175
153 176
153 177
153 178
153 179
153 180
153 181
153 184
153 185
153 186
153 187
153 188
153 190
153 191
153 192
153 193
153 194
153 195
153 196
153 198
153 199
153 336
153 346
153 362
153 469
154 155
154 156
154 157
154 158
154 160
154 161
154 162
154 163
154 164
154 166
154 168
154 169
154 171
154 172
154 174
154 175
154 176
154 178
154 179
154 180
154 181
154 182
154 183
154 184
154 186
154 187
154 188
154 189
154 191
154 193
154 194
154 195
154 196
154 198
154 239
154 294
155 157
155 158
155 161
155 163
155 164
155 165
155 166
155 167
155 168
155 169
155 171
155 172
155 173
155 175
155 176
155 177
155 178
155 179
155 180
155 183
155 184
155 186
155 187
155 189
155 190
155 192
155 193
155 194
155 195
155 197
155 198
155 381
155 407
155 473
156 157
156 158
156 159
156 160
156 162
156 163
156 164
156 165
156 166
156 167
156 168
156 169
156 170
156 172
156 175
156 176
156 177
156 179
156 180
156 181
156 182
156 183
156 185
156 187
156 188
156 189
156 190
156 191
156 192
156 193
156 194
156 195
156 197
156 198
156 199
156 388
156 391
156 363
156 421
157 160
157 162
157 163
157 164
157 166
157 167
157 168
157 169
157 170
157 171
157 173
157 175
157 176
157 177
157 179
157 180
157 181
157 182
157 184
157 185
157 186
157 187
157 188
157 189
157 190
157 191
157 192
157 193
157 194
157 195
157 196
157 197
157 198
157 199
157 223
157 420
158 159
158 160
158 161
158 162
158 163
158 164
158 165
158 166
158 167
158 168
158 170
158 171
158 173
158 174
158 175
158 176
158 177
158 180
158 181
158 182
158 183
158 185
158 186
158 187
158 188
158 189
158 190
158 191
158 193
158 194
158 195
158 196
158 197
158 199
158 279
158 375
158 423
159 160
159 161
159 163
159 164
159 165
159 166
159 167
159 168
159 169
159 170
159 172
159 173
159 174
159 175
159 177
159 179
159 180
159 181
159 182
159 183
159 184
159 187
159 188
159 189
159 190
159 191
159 192
159 193
159 194
159 195
159 196
159 197
159 198
159 214
159 244
159 351
160 161
160 162
160 163
160 164
160 166
160 167
160 168
160 169
160 170
160 171
160 172
160 174
160 175
160 176
160 177
160 178
160 179
160 180
160 183
160 184
160 185
160 186
160 187
160 188
160 191
160 192
160 195
160 196
160 197
160 199
160 455
161 162
161 163
161 164
161 166
161 167
161 170
161 171
161 172
161 173
161 174
161 175
161 176
161 177
161 178
161 181
161 182
161 183
161 184
161 185
161 186
161 187
161 188
161 189
161 191
161 192
161 193
161 194
161 196
161 197
161 198
161 199
161 201
161 345
161 465
161 481
162 163
162 166
162 167
162 168
162 169
162 170
162 171
162 172
162 173
162 175
162 178
162 179
162 180
162 181
162 182
162 183
162 184
162 185
162 186
162 187
162 188
162 189
162 191
162 192
162 193
162 194
162 195
162 196
162 197
162 198
162 203
162 213
163 165
163 166
163 168
163 169
163 171
163 173
163 174
163 175
163 176
163 177
163 178
163 179
163 180
163 181
163 182
163 183
163 184
163 185
163 187
163 188
163 189
163 191
163 193
163 195
163 196
163 197
163 199
163 277
163 334
163 423
163 496
163 499
164 166
164 167
164 168
164 169
164 170
164 171
164 172
164 173
164 174
164 175
164 176
164 178
164 179
164 180
164 181
164 182
164 183
164 185
164 186
164 190
164 191
164 192
164 193
164 195
164 196
164 197
164 198
164 199
164 340
164 389
164 377
165 166
165 167
165 168
165 169
165 170
165 174
165 175
165 176
165 178
165 179
165 180
165 181
165 182
165 183
165 184
165 186
165 187
165 188
165 189
165 190
165 191
165 192
165 193
165 194
165 196
165 198
165 339
165 373
166 167
166 168
166 169
166 171
166 172
166 173
166 174
166 175
166 176
166 177
166 178
166 179
166 181
166 185
166 186
166 188
166 190
166 191
166 192
166 193
166 194
166 195
166 196
166 197
166 198
166 199
166 349
167 169
167 170
167 172
167 173
167 175
167 176
167 177
167 178
167 179
167 180
167 181
167 184
167 187
167 188
167 189
167 190
167 191
167 192
167 193
167 194
167 195
167 197
167 198
167 199
167 239
167 294
167 311
167 353
167 379
167 404
167 412
167 417
167 497
168 169
168 170
168 171
168 173
168 174
168 176
168 177
168 178
168 180
168 181
168 182
168 183
168 185
168 186
168 187
168 188
168 189
168 190
168 191
168 192
168 193
168 194
168 195
168 196
168 199
168 244
168 303
168 465
168 466
169 170
169 171
169 172
169 173
169 174
169 175
169 176
169 178
169 180
169 181
169 182
169 183
169 184
169 186
169 187
169 188
169 189
169 190
169 191
169 192
169 195
169 197
169 198
169 199
169 232
169 336
170 171
170 172
170 173
170 174
170 175
170 176
170 179
170 180
170 181
170 182
170 184
170 186
170 187
170 189
170 191
170 192
170 193
170 194
170 195
170 197
170 199
170 335
170 361
170 372
170 498
171 172
171 173
171 174
171 175
171 176
171 177
171 178
171 180
171 181
171 182
171 183
171 184
171 185
171 186
171 187
171 188
171 189
171 190
171 191
171 192
171 193
171 194
171 195
171 196
171 197
171 198
171 199
171 352
171 482
172 173
172 176
172 178
172 179
172 180
172 181
172 182
172 183
172 184
172 188
172 189
172 190
172 191
172 192
172 193
172 195
172 196
172 197
172 198
172 199
172 205
172 297
172 326
172 395
172 363
172 410
172 430
172 494
173 174
173 177
173 178
173 179
173 180
173 181
173 184
173 185
173 186
173 187
173 188
173 191
173 192
173 193
173 194
173 195
173 196
173 198
173 199
173 209
173 417
174 176
174 177
174 178
174 179
174 180
174 181
174 182
174 183
174 184
174 185
174 186
174 187
174 188
174 189
174 190
174 191
174 192
174 193
174 194
174 195
174 197
174 198
174 199
174 456
174 484
174 498
175 176
175 177
175 178
175 179
175 180
175 181
175 182
175 183
175 184
175 185
175 187
175 189
175 191
175 192
175 193
175 194
175 195
175 198
175 199
175 227
175 249
175 296
175 451
175 456
176 177
176 178
176 179
176 180
176 182
176 183
176 184
176 185
176 187
176 190
176 192
176 195
176 196
176 198
176 199
176 257
176 335
176 402
176 466
177 178
177 179
177 181
177 182
177 183
177 184
177 185
177 186
177 187
177 188
177 189
177 190
177 191
177 193
177 194
177 196
177 197
177 198
177 199
177 318
177 357
178 179
178 180
178 181
178 183
178 184
178 185
178 186
178 187
178 188
178 189
178 190
178 191
178 192
178 193
178 194
178 195
178 196
178 197
178 198
178 316
178 453
178 457
179 180
179 181
179 182
179 183
179 185
179 186
179 187
179 188
179 189
179 190
179 191
179 192
179 193
179 194
179 196
179 197
179 199
179 209
180 183
180 184
180 186
180 188
180 189
180 190
180 191
180 192
180 193
180 194
180 195
180 197
180 198
180 199
180 270
180 272
180 305
180 388
181 182
181 183
181 185
181 186
181 187
181 188
181 189
181 190
181 191
181 192
181 193
181 194
181 196
181 198
181 363
182 183
182 184
182 186
182 187
182 188
182 189
182 191
182 192
182 193
182 194
182 195
182 196
182 197
182 243
182 337
183 184
183 186
183 187
183 188
183 189
183 191
183 192
183 193
183 196
183 197
183 198
183 199
183 258
183 252
183 306
183 404
184 185
184 186
184 187
184 189
184 190
184 191
184 192
184 193
184 194
184 195
184 196
184 198
184 199
184 451
184 486
184 497
185 186
185 187
185 188
185 189
185 190
185 191
185 192
185 193
185 194
185 195
185 196
185 197
185 198
185 199
185 469
185 473
186 187
186 188
186 191
186 194
186 195
186 196
186 197
186 199
186 482
187 189
187 190
187 191
187 192
187 193
187 194
187 195
187 197
187 199
187 388
187 350
187 401
187 480
188 191
188 192
188 193
188 194
188 195
188 196
188 197
188 198
188 199
188 336
188 351
188 497
189 190
189 191
189 192
189 193
189 194
189 195
189 197
189 199
189 205
189 415
189 420
190 191
190 192
190 193
190 194
190 195
190 196
190 197
190 198
190 199
190 371
190 372
190 373
190 463
191 192
191 193
191 194
191 195
191 197
191 198
191 199
191 291
191 396
191 371
191 382
192 193
192 194
192 196
192 197
192 198
192 381
192 476
193 195
193 197
193 198
193 199
193 210
193 213
193 363
194 195
194 196
194 197
194 199
194 229
194 395
194 368
194 478
195 196
195 199
195 256
195 301
195 347
195 473
195 490
196 197
196 199
196 263
196 276
196 453
197 198
197 199
197 237
197 247
197 491
198 199
198 292
198 340
198 350
199 215
199 344
200 201
200 203
200 205
200 206
200 209
200 210
200 211
200 212
200 213
200 214
200 216
200 217
200 218
200 219
200 220
200 221
200 222
200 223
200 224
200 225
200 228
200 229
200 230
200 231
200 232
200 233
200 234
200 235
200 237
200 239
200 240
200 242
200 243
200 244
200 245
200 246
200 248
200 249
200 391
200 420
200 434
200 447
201 202
201 203
201 204
201 205
201 206
201 207
201 208
201 209
201 211
201 212
201 213
201 214
201 215
201 216
201 218
201 219
201 220
201 221
201 222
201 223
201 224
201 225
201 226
201 227
201 228
201 229
201 230
201 231
201 232
201 233
201 234
201 235
201 236
201 237
201 238
201 239
201 240
201 241
201 242
201 243
201 244
201 245
201 246
201 247
201 248
201 313
201 466
201 478
202 204
202 205
202 206
202 207
202 208
202 209
202 210
202 211
202 213
202 214
202 215
202 216
202 217
202 218
202 220
202 221
202 222
202 224
202 226
202 227
202 228
202 229
202 230
202 231
202 232
202 233
202 234
202 239
202 241
202 243
202 244
202 246
202 247
202 248
202 249
202 276
202 466
202 490
203 204
203 205
203 206
203 207
203 209
203 210
203 211
203 212
203 213
203 215
203 216
203 217
203 218
203 221
203 222
203 225
203 226
203 227
203 228
203 230
203 231
203 232
203 233
203 235
203 237
203 238
203 240
203 241
203 242
203 243
203 245
203 246
203 247
203 248
203 249
203 332
203 424
203 431
204 205
204 206
204 207
204 208
204 209
204 210
204 211
204 213
204 214
204 215
204 218
204 219
204 220
204 221
204 223
204 224
204 225
204 226
204 227
204 228
204 229
204 230
204 231
204 232
204 233
204 234
204 235
204 236
204 237
204 238
204 239
204 241
204 242
204 244
204 245
204 246
204 247
204 249
204 287
204 358
205 206
205 208
205 209
205 210
205 211
205 212
205 213
205 215
205 217
205 218
205 219
205 220
205 222
205 223
205 224
205 226
205 227
205 228
205 229
205 230
205 231
205 232
205 233
205 234
205 235
205 236
205 237
205 238
205 239
205 240
205 241
205 242
205 244
205 248
205 396
205 423
206 207
206 209
206 210
206 212
206 213
206 214
206 215
206 216
206 218
206 219
206 221
206 222
206 223
206 224
206 225
206 226
206 227
206 228
206 229
206 230
206 231
206 232
206 233
206 234
206 235
206 236
206 237
206 238
206 239
206 242
206 243
206 244
206 246
206 247
206 248
206 278
206 393
207 208
207 209
207 210
207 211
207 212
207 213
207 214
207 215
207 216
207 218
207 219
207 220
207 221
207 222
207 223
207 224
207 226
207 227
207 228
207 229
207 230
207 231
207 232
207 233
207 234
207 235
207 236
207 237
207 238
207 239
207 240
207 241
207 242
207 243
207 244
207 245
207 246
207 247
207 248
207 249
207 422
208 209
208 210
208 212
208 214
208 215
208 216
208 217
208 218
208 219
208 220
208 221
208 222
208 223
208 224
208 226
208 228
208 230
208 233
208 234
208 235
208 236
208 237
208 238
208 239
208 240
208 241
208 242
208 243
208 244
208 245
208 246
208 247
208 249
208 479
208 493
209 210
209 212
209 213
209 214
209 215
209 216
209 218
209 219
209 220
209 221
209 222
209 224
209 226
209 228
209 229
209 231
209 233
209 235
209 236
209 237
209 239
209 241
209 242
209 243
209 247
209 248
209 249
209 385
210 212
210 213
210 215
210 218
210 219
210 220
210 221
210 222
210 223
210 224
210 228
210 229
210 230
210 231
210 232
210 233
210 234
210 235
210 236
210 237
210 238
210 239
210 240
210 242
210 243
210 244
210 245
210 246
210 248
210 249
211 212
211 213
211 214
211 216
211 218
211 219
211 220
211 221
211 222
211 223
211 224
211 225
211 226
211 227
211 228
211 229
211 230
211 231
211 232
211 233
211 234
211 235
211 236
211 237
211 238
211 240
211 241
211 243
211 244
211 245
211 246
211 247
211 248
211 249
211 298
211 355
211 416
211 421
211 444
212 213
212 214
212 216
212 217
212 218
212 220
212 222
212 223
212 224
212 226
212 227
212 229
212 230
212 233
212 234
212 236
212 237
212 238
212 239
212 240
212 241
212 242
212 243
212 244
212 246
212 249
212 392
212 413
213 214
213 215
213 216
213 217
213 218
213 219
213 221
213 222
213 224
213 225
213 226
213 227
213 228
213 230
213 231
213 232
213 233
213 234
213 235
213 236
213 237
213 239
213 241
213 242
213 243
213 244
213 245
213 246
213 247
213 248
213 249
213 300
213 456
214 215
214 216
214 217
214 219
214 220
214 222
214 223
214 224
214 225
214 226
214 227
214 228
214 229
214 231
214 232
214 233
214 234
214 235
214 236
214 238
214 239
214 240
214 241
214 242
214 243
214 244
214 245
214 246
214 247
214 248
214 249
214 280
214 384
214 407
214 421
214 424
215 217
215 218
215 219
215 221
215 222
215 226
215 227
215 228
215 230
215 231
215 232
215 234
215 235
215 236
215 237
215 239
215 240
215 241
215 242
215 243
215 244
215 245
215 246
215 247
215 248
215 249
215 284
215 301
215 306
216 218
216 219
216 220
216 221
216 223
216 224
216 226
216 227
216 229
216 230
216 231
216 232
216 234
216 235
216 236
216 237
216 238
216 239
216 240
216 242
216 244
216 245
216 246
216 247
216 248
216 249
216 266
216 390
216 405
216 453
217 218
217 219
217 221
217 222
217 223
217 224
217 225
217 226
217 227
217 228
217 229
217 230
217 231
217 232
217 233
217 234
217 235
217 237
217 239
217 242
217 244
217 246
217 247
217 248
217 338
217 363
218 219
218 220
218 221
218 222
218 223
218 224
218 225
218 227
218 228
218 229
218 230
218 231
218 232
218 233
218 234
218 236
218 237
218 238
218 239
218 240
218 241
218 243
218 244
218 245
218 246
218 247
218 249
218 301
218 354
219 220
219 221
219 222
219 223
219 224
219 225
219 226
219 227
219 228
219 229
219 230
219 231
219 232
219 233
219 235
219 236
219 237
219 238
219 239
219 240
219 241
219 242
219 243
219 244
219 245
219 246
219 247
219 249
219 271
219 422
219 490
220 223
220 225
220 226
220 228
220 229
220 231
220 232
220 233
220 234
220 235
220 236
220 237
220 238
220 239
220 240
220 241
220 243
220 244
220 245
220 246
220 247
220 248
220 249
221 222
221 223
221 224
221 226
221 227
221 228
221 229
221 230
221 231
221 232
221 233
221 234
221 235
221 236
221 237
221 239
221 240
221 241
221 242
221 243
221 244
221 246
221 247
221 248
221 249
221 456
221 490
222 223
222 224
222 225
222 227
222 228
222 229
222 230
222 232
222 233
222 235
222 236
222 237
222 238
222 239
222 240
222 241
222 243
222 245
222 247
222 299
222 303
222 386
222 494
223 224
223 226
223 227
223 228
223 229
223 233
223 234
223 235
223 236
223 238
223 239
223 241
223 244
223 245
223 246
223 247
223 248
223 277
223 321
223 483
224 226
224 228
224 229
224 230
224 231
224 232
224 233
224 234
224 235
224 236
224 238
224 239
224 240
224 241
224 242
224 245
224 246
224 247
224 248
224 249
225 226
225 227
225 228
225 229
225 230
225 231
225 232
225 233
225 234
225 235
225 236
225 238
225 239
225 240
225 241
225 242
225 243
225 245
225 246
225 247
225 248
225 266
225 315
225 318
225 376
225 486
225 497
226 227
226 228
226 231
226 232
226 233
226 234
226 236
226 237
226 238
226 239
226 240
226 241
226 242
226 243
226 244
226 245
226 246
226 247
226 248
226 249
226 375
226 491
227 228
227 229
227 230
227 231
227 232
227 233
227 234
227 235
227 237
227 238
227 239
227 240
227 241
227 242
227 243
227 244
227 245
227 246
227 247
227 248
227 249
227 303
227 327
227 386
227 377
227 476
228 229
228 230
228 231
228 232
228 233
228 234
228 235
228 236
228 237
228 238
228 239
228 244
228 245
228 247
228 249
228 391
228 356
228 481
229 230
229 231
229 232
229 233
229 234
229 236
229 241
229 242
229 243
229 244
229 246
229 248
229 249
229 272
229 323
229 377
229 405
230 231
230 232
230 233
230 234
230 235
230 238
230 239
230 240
230 241
230 243
230 244
230 245
230 246
230 248
230 249
230 309
231 232
231 234
231 235
231 236
231 237
231 239
231 240
231 241
231 242
231 243
231 245
231 246
231 247
231 248
231 340
231 349
232 233
232 234
232 235
232 236
232 237
232 239
232 241
232 242
232 243
232 245
232 246
232 248
232 320
232 379
233 236
233 237
233 238
233 241
233 242
233 243
233 244
233 246
233 247
233 434
233 443
234 236
234 237
234 238
234 239
234 240
234 241
234 242
234 243
234 245
234 246
234 247
234 248
234 249
234 257
234 307
234 343
235 236
235 237
235 238
235 239
235 240
235 242
235 243
235 244
235 245
235 246
235 247
235 249
235 287
235 445
236 237
236 238
236 239
236 241
236 242
236 243
236 245
236 246
236 247
236 248
236 249
236 284
236 438
236 443
237 238
237 239
237 240
237 241
237 242
237 243
237 244
237 245
237 246
237 247
237 248
237 436
237 459
238 239
238 240
238 241
238 243
238 244
238 245
238 246
238 247
238 248
238 249
238 286
238 323
238 385
239 240
239 241
239 242
239 243
239 244
239 245
239 247
239 248
239 357
239 415
239 489
239 497
240 241
240 242
240 243
240 244
240 246
240 247
240 248
240 274
240 281
240 396
240 398
241 242
241 244
241 245
241 246
241 247
241 248
241 461
242 243
242 244
242 246
242 247
242 248
242 249
242 278
242 410
242 495
243 244
243 245
243 247
243 248
243 259
243 280
243 434
244 245
244 246
244 248
244 249
244 258
244 284
244 488
245 246
245 247
245 248
245 346
245 413
245 472
246 247
247 248
247 249
247 410
247 460
248 273
248 288
248 449
248 483
249 262
249 452
256 258
256 260
256 261
256 262
256 263
256 264
256 265
256 267
256 268
256 269
256 270
256 271
256 272
256 273
256 274
256 275
256 276
256 277
256 278
256 280
256 281
256 283
256 284
256 285
256 286
256 287
256 288
256 289
256 291
256 292
256 293
256 294
256 295
256 296
256 299
256 250
256 251
256 252
256 255
256 458
257 258
257 259
257 260
257 261
257 262
257 263
257 264
257 265
257 266
257 267
257 268
257 269
257 270
257 271
257 272
257 274
257 275
257 276
257 277
257 278
257 280
257 281
257 282
257 283
257 284
257 285
257 286
257 287
257 289
257 290
257 292
257 293
257 294
257 295
257 296
257 297
257 298
257 299
257 252
257 253
257 254
257 255
257 448
258 259
258 260
258 261
258 262
258 266
258 267
258 269
258 270
258 271
258 273
258 275
258 276
258 277
258 278
258 279
258 280
258 282
258 284
258 285
258 287
258 289
258 291
258 292
258 293
258 294
258 295
258 296
258 297
258 298
258 299
258 250
258 251
258 252
258 253
258 254
258 255
258 311
258 318
258 322
258 429
259 261
259 262
259 263
259 264
259 265
259 267
259 268
259 269
259 270
259 271
259 272
259 273
259 274
259 275
259 276
259 277
259 279
259 280
259 281
259 282
259 283
259 284
259 285
259 287
259 288
259 289
259 292
259 293
259 294
259 295
259 296
259 297
259 298
259 299
259 250
259 251
259 252
259 253
259 254
259 255
259 340
259 354
259 358
259 414
259 447
259 452
259 474
260 262
260 263
260 265
260 266
260 267
260 268
260 271
260 272
260 273
260 274
260 275
260 276
260 277
260 278
260 279
260 280
260 281
260 282
260 283
260 284
260 285
260 287
260 288
260 290
260 292
260 293
260 294
260 295
260 296
260 297
260 298
260 299
260 250
260 251
260 252
260 253
260 254
260 255
260 423
261 262
261 263
261 264
261 265
261 267
261 268
261 269
261 270
261 271
261 273
261 274
261 275
261 276
261 279
261 280
261 281
261 283
261 284
261 285
261 286
261 287
261 288
261 289
261 291
261 292
261 293
261 295
261 296
261 297
261 298
261 250
261 251
261 252
261 253
261 254
261 315
261 488
262 263
262 264
262 266
262 270
262 271
262 272
262 273
262 274
262 275
262 276
262 277
262 278
262 280
262 282
262 283
262 284
262 285
262 286
262 287
262 288
262 290
262 291
262 292
262 293
262 294
262 295
262 296
262 297
262 298
262 299
262 250
262 251
262 252
262 255
262 388
263 264
263 265
263 266
263 268
263 269
263 271
263 272
263 273
263 274
263 276
263 279
263 280
263 282
263 283
263 285
263 286
263 287
263 290
263 291
263 292
263 293
263 294
263 295
263 296
263 297
263 250
263 251
263 252
263 254
263 255
263 339
263 422
264 265
264 266
264 268
264 269
264 270
264 272
264 273
264 274
264 275
264 276
264 279
264 280
264 281
264 282
264 283
264 285
264 286
264 287
264 288
264 290
264 291
264 292
264 293
264 294
264 295
264 297
264 299
264 250
264 252
264 254
264 255
264 466
265 266
265 267
265 269
265 270
265 271
265 272
265 273
265 274
265 275
265 276
265 277
265 278
265 279
265 280
265 283
265 284
265 285
265 286
265 287
265 288
265 289
265 290
265 291
265 292
265 293
265 294
265 295
265 297
265 298
265 299
265 250
265 251
265 253
265 354
266 267
266 269
266 270
266 272
266 273
266 274
266 275
266 276
266 277
266 279
266 282
266 283
266 284
266 285
266 286
266 287
266 289
266 290
266 291
266 293
266 294
266 295
266 297
266 298
266 299
266 250
266 251
266 253
266 254
266 255
266 404
267 268
267 272
267 273
267 274
267 275
267 276
267 277
267 279
267 280
267 281
267 282
267 283
267 284
267 285
267 286
267 287
267 288
267 289
267 291
267 292
267 293
267 294
267 295
267 296
267 297
267 298
267 299
267 251
267 253
267 254
267 440
268 270
268 271
268 272
268 273
268 274
268 275
268 276
268 277
268 278
268 279
268 280
268 281
268 282
268 284
268 286
268 288
268 289
268 290
268 293
268 294
268 295
268 297
268 298
268 250
268 252
268 253
268 254
268 343
269 270
269 271
269 272
269 273
269 274
269 275
269 276
269 280
269 281
269 282
269 283
269 284
269 285
269 286
269 287
269 288
269 289
269 291
269 292
269 294
269 295
269 296
269 297
269 298
269 251
269 253
269 254
269 255
269 310
269 324
270 271
270 272
270 273
270 274
270 275
270 277
270 278
270 280
270 281
270 282
270 283
270 284
270 285
270 286
270 287
270 288
270 289
270 290
270 291
270 292
270 294
270 295
270 296
270 297
270 298
270 299
270 250
270 252
270 253
270 254
270 255
270 304
270 392
270 398
271 272
271 274
271 276
271 278
271 279
271 280
271 281
271 282
271 283
271 284
271 286
271 287
271 288
271 289
271 290
271 292
271 293
271 294
271 295
271 297
271 298
271 299
271 250
271 253
271 254
271 255
271 332
271 364
271 378
271 431
271 436
271 439
272 273
272 274
272 275
272 276
272 278
272 279
272 280
272 281
272 282
272 285
272 286
272 287
272 288
272 289
272 290
272 291
272 292
272 294
272 295
272 296
272 297
272 298
272 299
272 250
272 251
272 252
272 253
272 255
272 377
272 424
273 275
273 277
273 278
273 279
273 280
273 281
273 282
273 283
273 284
273 286
273 288
273 289
273 290
273 291
273 292
273 293
273 294
273 296
273 297
273 298
273 299
273 250
273 251
273 252
273 253
273 254
273 255
273 427
274 276
274 277
274 278
274 279
274 280
274 281
274 282
274 284
274 285
274 286
274 287
274 288
274 289
274 291
274 293
274 294
274 295
274 296
274 298
274 299
274 250
274 251
274 252
274 253
274 254
274 330
274 387
274 366
274 412
275 279
275 280
275 281
275 282
275 283
275 285
275 286
275 287
275 288
275 290
275 291
275 293
275 294
275 295
275 296
275 297
275 298
275 250
275 251
275 252
275 253
275 254
275 255
275 316
275 350
275 407
275 486
276 277
276 278
276 279
276 280
276 281
276 284
276 287
276 288
276 289
276 290
276 292
276 293
276 294
276 296
276 297
276 299
276 250
276 251
276 252
276 253
276 254
277 279
277 280
277 281
277 282
277 283
277 284
277 285
277 287
277 288
277 289
277 290
277 291
277 293
277 294
277 295
277 296
277 297
277 298
277 299
277 250
277 251
277 253
277 254
277 255
277 328
277 379
278 280
278 281
278 283
278 284
278 285
278 286
278 287
278 288
278 289
278 290
278 291
278 292
278 296
278 297
278 298
278 299
278 251
278 252
278 253
278 254
278 304
278 461
279 280
279 281
279 282
279 284
279 285
279 286
279 287
279 288
279 289
279 292
279 293
279 294
279 295
279 296
279 298
279 251
279 252
279 253
279 255
279 319
279 386
279 481
280 281
280 284
280 285
280 287
280 288
280 289
280 290
280 291
280 292
280 293
280 294
280 295
280 296
280 297
280 298
280 299
280 250
280 251
280 252
280 253
280 254
280 255
280 422
280 457
281 282
281 283
281 284
281 285
281 286
281 288
281 289
281 291
281 292
281 293
281 294
281 295
281 296
281 297
281 298
281 299
281 250
281 251
281 253
281 254
281 255
281 349
281 353
281 426
282 283
282 284
282 285
282 286
282 287
282 288
282 289
282 290
282 292
282 294
282 295
282 296
282 298
282 299
282 250
282 251
282 252
282 254
282 392
283 284
283 286
283 287
283 289
283 290
283 291
283 292
283 293
283 294
283 296
283 297
283 298
283 250
283 251
283 253
283 254
283 255
283 345
283 442
283 480
284 285
284 286
284 287
284 288
284 289
284 290
284 291
284 292
284 293
284 294
284 295
284 297
284 298
284 299
284 250
284 251
284 253
284 254
284 255
284 350
285 286
285 287
285 288
285 289
285 290
285 292
285 293
285 294
285 296
285 297
285 298
285 299
285 250
285 251
285 253
285 255
285 300
285 343
285 346
285 437
285 492
286 289
286 290
286 292
286 293
286 294
286 295
286 296
286 297
286 298
286 299
286 250
286 251
286 252
286 253
286 254
286 255
287 288
287 290
287 291
287 292
287 293
287 294
287 295
287 296
287 298
287 299
287 250
287 251
287 252
287 254
287 255
287 453
288 289
288 290
288 291
288 292
288 293
288 294
288 295
288 296
288 297
288 298
288 250
288 251
288 252
288 253
288 255
288 339
288 363
288 443
288 483
289 290
289 291
289 292
289 293
289 295
289 296
289 299
289 250
289 252
289 253
289 254
289 255
289 357
290 292
290 293
290 296
290 297
290 298
290 299
290 250
290 251
290 252
290 254
290 255
291 292
291 293
291 294
291 296
291 252
291 253
291 254
291 255
292 294
292 295
292 296
292 297
292 299
292 251
292 253
292 254
292 255
292 326
292 390
292 422
292 463
293 295
293 296
293 297
293 298
293 299
293 251
293 252
293 253
293 254
293 255
294 295
294 298
294 299
294 250
294 251
294 252
294 253
294 254
294 491
295 296
295 297
295 298
295 299
295 250
295 252
295 253
295 254
295 255
295 315
296 298
296 299
296 250
296 252
296 253
296 254
297 298
297 299
297 251
297 252
297 253
297 254
297 255
298 250
298 253
298 254
298 255
298 312
298 420
298 492
299 250
299 251
299 252
299 254
250 251
250 253
250 255
250 332
250 362
250 421
250 436
250 465
251 252
252 253
252 254
252 255
252 402
253 254
253 255
253 314
253 338
253 419
253 446
253 496
254 255
254 311
254 396
254 438
254 451
254 469
255 303
255 455
255 462
300 301
300 302
300 303
300 304
300 305
300 306
300 308
300 309
300 310
300 313
300 314
300 316
300 317
300 318
300 319
300 320
300 321
300 322
300 323
300 324
300 325
300 326
300 327
300 328
300 329
300 330
300 331
300 332
300 333
300 334
300 335
300 336
300 337
300 338
300 339
300 340
300 342
300 343
300 345
300 346
300 347
300 348
300 364
300 486
301 302
301 303
301 305
301 306
301 307
301 308
301 309
301 310
301 311
301 313
301 314
301 315
301 316
301 317
301 319
301 321
301 324
301 326
301 327
301 328
301 329
301 330
301 331
301 332
301 333
301 334
301 335
301 336
301 340
301 342
301 343
301 344
301 345
301 346
301 347
301 348
301 349
302 303
302 304
302 305
302 307
302 308
302 309
302 313
302 314
302 316
302 318
302 319
302 320
302 321
302 322
302 323
302 324
302 325
302 326
302 327
302 328
302 329
302 330
302 331
302 335
302 336
302 337
302 339
302 340
302 341
302 342
302 343
302 344
302 346
302 347
302 348
302 349
303 304
303 305
303 306
303 307
303 308
303 309
303 310
303 311
303 312
303 314
303 316
303 317
303 318
303 319
303 320
303 321
303 322
303 323
303 325
303 326
303 328
303 329
303 330
303 332
303 333
303 336
303 337
303 338
303 340
303 341
303 342
303 343
303 344
303 345
303 346
303 349
303 419
304 305
304 306
304 308
304 309
304 310
304 311
304 312
304 315
304 316
304 317
304 318
304 319
304 320
304 322
304 323
304 324
304 325
304 326
304 327
304 328
304 329
304 330
304 331
304 332
304 334
304 335
304 336
304 337
304 338
304 339
304 341
304 342
304 343
304 346
304 348
304 349
304 427
304 453
304 469
304 493
305 306
305 307
305 308
305 309
305 312
305 313
305 314
305 315
305 316
305 317
305 318
305 319
305 322
305 323
305 324
305 325
305 327
305 328
305 330
305 331
305 332
305 333
305 335
305 336
305 337
305 339
305 340
305 341
305 342
305 343
305 344
305 345
305 346
305 347
305 348
305 349
305 374
305 451
306 309
306 310
306 311
306 313
306 314
306 317
306 319
306 320
306 321
306 322
306 323
306 324
306 327
306 328
306 329
306 330
306 331
306 332
306 333
306 335
306 336
306 340
306 341
306 342
306 343
306 346
306 348
306 465
307 308
307 311
307 312
307 313
307 314
307 315
307 316
307 317
307 318
307 319
307 320
307 321
307 322
307 323
307 324
307 325
307 327
307 328
307 329
307 330
307 332
307 333
307 334
307 335
307 337
307 338
307 339
307 340
307 341
307 342
307 343
307 344
307 345
307 346
307 347
307 348
307 349
308 310
308 311
308 312
308 313
308 314
308 315
308 316
308 317
308 319
308 320
308 321
308 322
308 324
308 325
308 326
308 327
308 328
308 330
308 331
308 332
308 334
308 335
308 336
308 337
308 338
308 339
308 340
308 342
308 343
308 345
308 346
308 347
308 348
308 349
309 310
309 311
309 312
309 313
309 314
309 315
309 316
309 317
309 320
309 321
309 323
309 327
309 328
309 330
309 331
309 332
309 333
309 335
309 337
309 338
309 339
309 340
309 341
309 342
309 345
309 347
309 349
309 353
309 447
309 495
310 311
310 312
310 313
310 314
310 315
310 316
310 318
310 321
310 322
310 323
310 325
310 326
310 328
310 330
310 331
310 332
310 333
310 334
310 338
310 339
310 340
310 341
310 342
310 343
310 344
310 346
310 347
310 348
310 349
310 353
310 455
310 478
311 312
311 314
311 315
311 316
311 317
311 318
311 319
311 320
311 321
311 324
311 327
311 328
311 329
311 330
311 331
311 332
311 333
311 334
311 335
311 336
311 337
311 338
311 339
311 340
311 341
311 342
311 343
311 344
311 345
311 346
311 348
311 349
311 385
311 388
311 470
311 477
311 479
312 314
312 315
312 316
312 317
312 318
312 319
312 320
312 321
312 323
312 324
312 325
312 327
312 328
312 330
312 331
312 332
312 333
312 334
312 335
312 336
312 337
312 338
312 339
312 340
312 341
312 342
312 343
312 344
312 345
312 346
312 347
312 349
312 465
313 315
313 316
313 317
313 318
313 319
313 320
313 321
313 322
313 323
313 324
313 325
313 326
313 327
313 328
313 329
313 330
313 332
313 333
313 335
313 337
313 338
313 339
313 340
313 341
313 342
313 343
313 344
313 345
313 346
313 347
313 348
313 349
313 404
313 448
313 449
313 471
314 315
314 316
314 317
314 320
314 321
314 322
314 323
314 325
314 328
314 330
314 331
314 332
314 334
314 336
314 337
314 338
314 339
314 340
314 342
314 343
314 344
314 345
314 346
314 347
314 356
314 472
314 475
315 317
315 319
315 322
315 323
315 324
315 325
315 326
315 327
315 328
315 329
315 330
315 331
315 335
315 336
315 337
315 338
315 339
315 340
315 341
315 342
315 343
315 344
315 345
315 346
315 347
315 348
315 423
315 486
316 317
316 318
316 320
316 321
316 322
316 323
316 325
316 327
316 329
316 330
316 331
316 332
316 333
316 334
316 336
316 337
316 338
316 339
316 340
316 341
316 342
316 343
316 344
316 345
316 346
316 347
316 348
316 349
316 490
317 318
317 322
317 324
317 325
317 326
317 331
317 332
317 333
317 334
317 335
317 337
317 338
317 339
317 340
317 341
317 343
317 344
317 346
317 347
317 349
318 319
318 321
318 322
318 323
318 324
318 325
318 326
318 327
318 328
318 329
318 330
318 331
318 332
318 333
318 334
318 336
318 337
318 338
318 339
318 340
318 343
318 346
318 347
318 349
318 384
319 320
319 321
319 322
319 323
319 324
319 325
319 326
319 327
319 328
319 330
319 331
319 332
319 335
319 336
319 337
319 338
319 340
319 342
319 344
319 345
319 346
319 347
319 348
319 349
320 321
320 322
320 323
320 324
320 326
320 327
320 328
320 329
320 330
320 331
320 332
320 333
320 334
320 337
320 338
320 341
320 342
320 343
320 344
320 345
320 346
320 347
320 348
320 349
320 431
321 322
321 323
321 324
321 325
321 326
321 327
321 328
321 329
321 330
321 331
321 332
321 333
321 335
321 336
321 337
321 338
321 344
321 345
321 346
321 353
321 359
321 373
321 427
322 323
322 324
322 325
322 327
322 328
322 329
322 331
322 332
322 333
322 334
322 335
322 338
322 339
322 340
322 341
322 344
322 345
322 346
322 347
322 348
322 349
322 461
323 324
323 325
323 326
323 327
323 330
323 331
323 332
323 333
323 334
323 338
323 339
323 340
323 341
323 342
323 343
323 345
323 347
323 348
323 349
323 372
324 325
324 326
324 328
324 329
324 330
324 331
324 332
324 333
324 335
324 336
324 338
324 339
324 340
324 341
324 342
324 343
324 344
324 345
324 346
324 347
324 348
324 349
324 391
324 427
325 326
325 327
325 328
325 329
325 330
325 331
325 332
325 333
325 334
325 335
325 336
325 337
325 339
325 340
325 341
325 342
325 343
325 345
325 346
325 347
325 348
325 349
325 394
326 328
326 329
326 330
326 331
326 333
326 334
326 335
326 336
326 337
326 338
326 339
326 340
326 341
326 342
326 343
326 346
326 347
326 348
326 405
327 328
327 333
327 335
327 336
327 337
327 338
327 340
327 342
327 343
327 344
327 345
327 347
327 348
327 349
327 377
328 329
328 332
328 333
328 334
328 335
328 336
328 337
328 338
328 339
328 340
328 341
328 342
328 343
328 345
328 346
328 347
328 348
328 469
328 493
329 330
329 331
329 332
329 335
329 336
329 337
329 338
329 339
329 340
329 341
329 342
329 343
329 345
329 346
329 347
329 348
329 349
329 426
330 331
330 332
330 333
330 335
330 336
330 337
330 338
330 339
330 341
330 342
330 343
330 344
330 345
330 347
330 348
330 349
331 333
331 334
331 335
331 338
331 339
331 341
331 342
331 343
331 344
331 345
331 346
331 347
331 348
331 358
332 333
332 334
332 335
332 336
332 337
332 340
332 342
332 343
332 344
332 345
332 346
332 347
332 348
332 349
332 357
332 486
333 334
333 335
333 337
333 338
333 339
333 340
333 342
333 343
333 344
333 346
333 347
333 348
333 349
333 435
333 463
334 335
334 336
334 338
334 339
334 340
334 341
334 342
334 343
334 344
334 345
334 346
334 347
334 348
335 336
335 337
335 339
335 340
335 341
335 342
335 344
335 346
335 347
335 349
335 379
335 423
336 337
336 338
336 339
336 340
336 343
336 344
336 345
336 346
336 347
336 348
336 349
336 385
336 382
336 412
336 417
337 340
337 341
337 342
337 343
337 344
337 345
337 347
337 349
338 339
338 341
338 342
338 343
338 345
338 346
338 347
338 348
338 349
338 411
338 439
339 340
339 341
339 342
339 345
339 347
339 348
339 349
340 343
340 344
340 345
340 346
340 347
340 348
340 349
340 465
340 478
341 343
341 344
341 347
341 348
341 349
341 368
341 374
341 455
342 343
342 345
342 346
342 347
342 349
342 388
342 429
343 344
343 345
343 346
343 347
343 348
343 349
343 497
344 347
344 349
344 497
345 347
345 348
345 349
345 358
346 347
346 348
346 349
346 414
347 349
347 356
347 369
347 431
347 436
348 437
348 467
348 485
348 491
384 385
384 386
384 387
384 388
384 389
384 390
384 391
384 392
384 393
384 394
384 396
384 397
384 399
384 351
384 352
384 353
384 354
384 355
384 356
384 358
384 359
384 360
384 363
384 364
384 365
384 366
384 367
384 368
384 370
384 371
384 372
384 373
384 374
384 375
384 376
384 377
384 378
384 379
384 380
384 381
384 382
384 383
384 443
384 451
385 387
385 388
385 389
385 390
385 393
385 394
385 395
385 396
385 398
385 399
385 351
385 352
385 353
385 356
385 357
385 358
385 359
385 361
385 362
385 363
385 364
385 365
385 366
385 367
385 368
385 370
385 371
385 372
385 375
385 376
385 377
385 378
385 379
385 380
385 381
385 382
385 383
386 387
386 388
386 389
386 390
386 391
386 392
386 393
386 394
386 395
386 396
386 397
386 398
386 399
386 351
386 352
386 353
386 354
386 355
386 357
386 359
386 361
386 363
386 364
386 365
386 366
386 367
386 369
386 370
386 373
386 374
386 376
386 377
386 378
386 379
386 380
386 383
386 428
386 495
386 497
387 388
387 390
387 391
387 392
387 393
387 394
387 396
387 398
387 399
387 350
387 351
387 352
387 354
387 355
387 356
387 357
387 358
387 359
387 360
387 361
387 362
387 365
387 366
387 367
387 369
387 370
387 371
387 372
387 374
387 375
387 376
387 377
387 378
387 379
387 380
387 381
387 382
387 383
387 441
387 486
388 390
388 392
388 393
388 394
388 395
388 396
388 397
388 398
388 399
388 350
388 352
388 353
388 354
388 355
388 356
388 357
388 358
388 359
388 360
388 361
388 362
388 363
388 364
388 365
388 366
388 368
388 369
388 370
388 372
388 373
388 374
388 375
388 376
388 377
388 378
388 379
388 380
388 381
388 382
389 390
389 391
389 392
389 393
389 394
389 395
389 396
389 397
389 398
389 399
389 350
389 351
389 352
389 353
389 354
389 355
389 356
389 357
389 358
389 359
389 360
389 361
389 362
389 363
389 364
389 365
389 366
389 367
389 368
389 369
389 370
389 374
389 375
389 376
389 377
389 378
389 379
389 380
389 381
389 382
389 383
390 391
390 393
390 394
390 396
390 397
390 398
390 350
390 351
390 353
390 354
390 355
390 356
390 357
390 358
390 359
390 360
390 361
390 362
390 363
390 364
390 365
390 366
390 367
390 369
390 370
390 372
390 373
390 375
390 378
390 380
390 381
390 382
390 383
391 392
391 393
391 396
391 397
391 398
391 399
391 350
391 351
391 352
391 353
391 354
391 355
391 356
391 357
391 358
391 360
391 361
391 362
391 364
391 365
391 367
391 368
391 369
391 370
391 372
391 373
391 374
391 375
391 376
391 378
391 380
391 382
391 436
392 393
392 394
392 395
392 396
392 397
392 398
392 350
392 351
392 352
392 353
392 354
392 356
392 357
392 358
392 359
392 360
392 362
392 363
392 364
392 365
392 366
392 367
392 368
392 369
392 370
392 371
392 372
392 373
392 374
392 375
392 377
392 380
392 382
392 383
393 394
393 395
393 396
393 397
393 398
393 350
393 351
393 353
393 355
393 356
393 357
393 358
393 359
393 360
393 361
393 362
393 363
393 364
393 368
393 369
393 371
393 372
393 373
393 374
393 375
393 376
393 378
393 381
393 382
393 383
394 395
394 396
394 398
394 399
394 350
394 351
394 352
394 354
394 355
394 356
394 357
394 358
394 359
394 360
394 361
394 362
394 363
394 366
394 367
394 369
394 370
394 371
394 372
394 373
394 374
394 375
394 376
394 377
394 378
394 379
394 380
394 381
394 382
394 383
394 430
395 396
395 398
395 399
395 351
395 352
395 354
395 355
395 357
395 358
395 359
395 360
395 361
395 362
395 363
395 364
395 365
395 366
395 367
395 368
395 369
395 370
395 371
395 373
395 375
395 376
395 377
395 378
395 379
395 380
395 381
395 382
395 383
395 418
395 471
396 398
396 399
396 351
396 352
396 353
396 355
396 356
396 357
396 358
396 359
396 360
396 361
396 362
396 363
396 365
396 366
396 367
396 369
396 370
396 371
396 374
396 376
396 377
396 378
396 379
396 380
396 381
396 382
397 398
397 399
397 350
397 351
397 352
397 353
397 354
397 355
397 356
397 358
397 359
397 360
397 361
397 362
397 363
397 366
397 367
397 368
397 369
397 370
397 372
397 374
397 375
397 376
397 378
397 380
397 382
397 460
398 399
398 353
398 355
398 356
398 357
398 358
398 359
398 360
398 361
398 362
398 364
398 367
398 369
398 370
398 372
398 373
398 374
398 375
398 376
398 378
398 379
398 380
398 381
398 382
398 383
399 356
399 357
399 359
399 361
399 363
399 364
399 365
399 366
399 367
399 368
399 369
399 370
399 371
399 372
399 373
399 374
399 376
399 377
399 378
399 379
399 380
399 381
399 382
399 383
399 474
399 498
350 351
350 353
350 354
350 355
350 356
350 357
350 358
350 359
350 360
350 361
350 363
350 364
350 365
350 366
350 367
350 368
350 369
350 370
350 371
350 372
350 373
350 374
350 375
350 376
350 377
350 379
350 381
350 383
350 403
351 353
351 354
351 355
351 356
351 357
351 358
351 359
351 360
351 361
351 362
351 364
351 367
351 368
351 369
351 371
351 372
351 373
351 374
351 375
351 376
351 377
351 378
351 379
351 380
351 381
351 382
351 383
352 353
352 354
352 355
352 356
352 357
352 358
352 359
352 362
352 363
352 365
352 366
352 367
352 368
352 370
352 372
352 373
352 374
352 375
352 376
352 378
352 379
352 380
352 381
352 382
353 354
353 355
353 356
353 357
353 358
353 360
353 361
353 363
353 364
353 365
353 367
353 368
353 369
353 370
353 371
353 372
353 373
353 375
353 377
353 378
353 379
353 381
353 382
353 383
353 407
353 450
354 355
354 356
354 357
354 358
354 359
354 360
354 361
354 363
354 364
354 368
354 369
354 371
354 373
354 374
354 376
354 377
354 378
354 379
354 380
354 381
354 382
354 383
355 356
355 357
355 358
355 359
355 360
355 361
355 362
355 363
355 364
355 365
355 366
355 367
355 368
355 369
355 370
355 371
355 372
355 374
355 375
355 376
355 377
355 378
355 379
355 380
355 381
355 383
355 470
356 357
356 358
356 359
356 360
356 361
356 362
356 363
356 364
356 365
356 366
356 367
356 368
356 369
356 370
356 372
356 374
356 375
356 376
356 377
356 378
356 379
356 380
356 381
356 382
356 383
357 358
357 359
357 360
357 361
357 362
357 363
357 365
357 366
357 367
357 368
357 369
357 370
357 371
357 372
357 374
357 376
357 378
357 379
357 380
357 381
357 382
357 383
357 412
357 495
358 359
358 363
358 365
358 366
358 367
358 368
358 369
358 370
358 371
358 372
358 373
358 374
358 376
358 377
358 378
358 379
358 381
358 383
358 451
359 360
359 361
359 362
359 363
359 364
359 365
359 366
359 367
359 368
359 369
359 370
359 371
359 372
359 373
359 374
359 375
359 376
359 377
359 378
359 379
359 380
359 381
359 382
359 383
359 437
359 439
359 446
359 464
360 361
360 363
360 364
360 365
360 366
360 367
360 368
360 369
360 370
360 371
360 372
360 373
360 374
360 376
360 377
360 379
360 380
360 381
360 382
360 383
360 414
361 362
361 363
361 364
361 365
361 366
361 367
361 368
361 369
361 370
361 371
361 372
361 373
361 374
361 375
361 376
361 377
361 378
361 379
361 380
361 381
361 382
361 383
362 363
362 364
362 366
362 367
362 369
362 370
362 371
362 373
362 376
362 377
362 378
362 379
362 380
362 382
362 383
363 364
363 365
363 366
363 368
363 370
363 371
363 372
363 373
363 374
363 376
363 377
363 380
363 381
363 383
363 413
363 452
364 365
364 366
364 367
364 368
364 369
364 370
364 371
364 372
364 373
364 375
364 376
364 377
364 378
364 380
364 381
364 382
364 383
364 431
365 366
365 367
365 369
365 370
365 371
365 373
365 375
365 376
365 379
365 380
365 381
365 382
365 383
365 476
366 367
366 368
366 369
366 370
366 372
366 373
366 374
366 375
366 376
366 377
366 378
366 379
366 380
366 381
366 450
366 452
367 368
367 369
367 370
367 373
367 374
367 375
367 376
367 377
367 378
367 379
367 380
367 381
367 382
367 383
368 369
368 373
368 374
368 375
368 376
368 377
368 378
368 379
368 380
368 381
368 382
369 370
369 371
369 373
369 374
369 375
369 376
369 377
369 379
369 380
369 381
369 383
369 491
370 371
370 372
370 373
370 374
370 376
370 377
370 378
370 380
370 381
370 382
370 383
370 477
371 372
371 373
371 374
371 375
371 376
371 377
371 381
371 382
371 383
372 373
372 374
372 375
372 376
372 377
372 378
372 379
372 381
372 383
372 408
372 486
373 375
373 376
373 377
373 378
373 379
373 382
373 383
374 375
374 376
374 377
374 378
374 380
374 381
374 382
374 383
374 496
375 377
375 378
375 381
375 383
376 377
376 378
376 379
376 380
376 381
376 383
377 378
377 381
377 382
377 383
378 379
378 380
378 381
378 382
378 383
378 456
379 380
379 381
379 383
379 469
380 381
380 382
380 383
381 382
381 383
381 410
382 383
382 432
382 490
400 401
400 402
400 403
400 405
400 406
400 408
400 410
400 412
400 413
400 414
400 415
400 416
400 417
400 418
400 419
400 420
400 421
400 422
400 423
400 425
400 426
400 427
400 428
400 429
400 430
400 431
400 432
400 433
400 435
400 436
400 437
400 438
400 439
400 441
400 444
400 445
400 446
400 447
400 449
400 475
401 402
401 403
401 404
401 405
401 406
401 407
401 408
401 409
401 410
401 411
401 412
401 413
401 414
401 415
401 416
401 418
401 419
401 420
401 421
401 422
401 425
401 426
401 427
401 428
401 429
401 430
401 431
401 432
401 433
401 434
401 435
401 436
401 437
401 438
401 439
401 442
401 443
401 444
401 445
401 446
401 447
401 448
401 449
401 457
402 403
402 404
402 406
402 407
402 408
402 409
402 411
402 412
402 413
402 414
402 415
402 416
402 417
402 418
402 419
402 420
402 421
402 422
402 423
402 426
402 427
402 428
402 432
402 433
402 434
402 435
402 436
402 437
402 438
402 440
402 441
402 442
402 443
402 444
402 445
402 446
402 447
402 449
403 404
403 405
403 406
403 407
403 408
403 410
403 411
403 412
403 413
403 414
403 415
403 417
403 418
403 419
403 420
403 421
403 422
403 423
403 424
403 426
403 427
403 428
403 430
403 431
403 433
403 434
403 435
403 436
403 437
403 438
403 440
403 443
403 444
403 445
403 446
403 448
403 449
403 469
404 405
404 406
404 407
404 408
404 409
404 410
404 411
404 412
404 413
404 415
404 416
404 417
404 418
404 419
404 420
404 421
404 422
404 423
404 424
404 425
404 426
404 427
404 428
404 430
404 431
404 432
404 433
404 435
404 436
404 437
404 438
404 439
404 440
404 441
404 442
404 444
404 446
404 447
404 448
404 449
405 406
405 407
405 408
405 409
405 410
405 411
405 412
405 413
405 415
405 416
405 417
405 418
405 419
405 420
405 423
405 424
405 425
405 428
405 429
405 431
405 432
405 433
405 434
405 435
405 436
405 437
405 438
405 439
405 440
405 441
405 442
405 443
405 444
405 445
405 446
405 448
405 449
406 407
406 409
406 410
406 411
406 413
406 414
406 415
406 417
406 418
406 419
406 420
406 421
406 423
406 424
406 425
406 426
406 427
406 428
406 429
406 430
406 431
406 433
406 436
406 437
406 438
406 440
406 441
406 442
406 443
406 444
406 446
406 447
406 448
406 449
407 408
407 409
407 410
407 412
407 413
407 414
407 415
407 416
407 419
407 421
407 422
407 423
407 424
407 425
407 427
407 428
407 429
407 430
407 431
407 432
407 434
407 436
407 437
407 438
407 440
407 441
407 442
407 443
407 444
407 445
407 446
407 447
407 449
408 409
408 410
408 411
408 412
408 413
408 414
408 415
408 416
408 417
408 418
408 419
408 420
408 421
408 422
408 424
408 425
408 426
408 427
408 428
408 431
408 432
408 433
408 434
408 435
408 436
408 437
408 438
408 439
408 440
408 441
408 446
408 448
409 410
409 411
409 412
409 413
409 414
409 415
409 416
409 417
409 418
409 419
409 420
409 421
409 422
409 423
409 424
409 425
409 426
409 427
409 428
409 429
409 430
409 431
409 432
409 433
409 434
409 435
409 436
409 437
409 438
409 439
409 441
409 442
409 443
409 444
409 445
409 448
409 449
409 478
410 413
410 414
410 415
410 416
410 417
410 418
410 419
410 420
410 421
410 422
410 423
410 424
410 425
410 426
410 428
410 429
410 431
410 433
410 434
410 436
410 437
410 438
410 439
410 441
410 444
410 445
410 446
410 447
410 448
410 449
410 463
410 465
411 414
411 415
411 416
411 417
411 418
411 419
411 421
411 422
411 423
411 424
411 425
411 426
411 427
411 428
411 430
411 431
411 432
411 433
411 434
411 437
411 438
411 439
411 440
411 441
411 442
411 443
411 444
411 445
411 446
411 448
411 449
411 466
412 415
412 418
412 419
412 420
412 421
412 422
412 423
412 424
412 425
412 427
412 428
412 429
412 430
412 431
412 435
412 437
412 438
412 439
412 440
412 441
412 443
412 444
412 445
412 446
412 447
412 448
412 449
412 463
413 414
413 415
413 416
413 417
413 419
413 421
413 422
413 423
413 424
413 425
413 426
413 427
413 428
413 429
413 430
413 431
413 432
413 433
413 434
413 435
413 436
413 437
413 439
413 440
413 441
413 442
413 449
414 416
414 417
414 419
414 420
414 421
414 422
414 423
414 424
414 426
414 427
414 428
414 429
414 430
414 431
414 432
414 433
414 435
414 436
414 437
414 440
414 441
414 442
414 443
414 444
414 445
414 447
414 448
415 416
415 417
415 418
415 419
415 422
415 423
415 424
415 427
415 428
415 429
415 430
415 431
415 432
415 434
415 435
415 436
415 437
415 438
415 439
415 440
415 441
415 442
415 443
415 444
415 445
415 446
415 447
415 448
415 449
416 418
416 419
416 422
416 424
416 425
416 426
416 427
416 428
416 429
416 430
416 431
416 432
416 433
416 435
416 437
416 438
416 439
416 441
416 442
416 443
416 444
416 447
416 448
416 449
417 418
417 419
417 421
417 422
417 423
417 425
417 426
417 428
417 430
417 432
417 433
417 434
417 435
417 436
417 437
417 439
417 440
417 441
417 443
417 445
417 446
417 447
417 448
417 449
417 498
418 419
418 420
418 421
418 422
418 423
418 425
418 427
418 428
418 429
418 430
418 432
418 434
418 435
418 437
418 438
418 439
418 441
418 446
418 447
418 448
418 476
419 421
419 423
419 424
419 426
419 427
419 428
419 430
419 431
419 432
419 433
419 434
419 435
419 437
419 439
419 440
419 441
419 442
419 443
419 444
419 445
419 446
419 447
419 448
419 449
420 423
420 424
420 426
420 427
420 429
420 432
420 433
420 434
420 437
420 438
420 439
420 445
420 446
420 447
420 448
420 484
421 422
421 423
421 424
421 425
421 426
421 427
421 430
421 431
421 433
421 434
421 435
421 436
421 438
421 440
421 441
421 442
421 443
421 444
421 446
421 447
421 448
421 449
421 493
422 423
422 424
422 426
422 427
422 429
422 430
422 431
422 432
422 433
422 434
422 436
422 437
422 438
422 439
422 440
422 442
422 443
422 444
422 446
422 448
422 449
422 470
422 493
423 424
423 425
423 426
423 427
423 428
423 429
423 430
423 431
423 432
423 433
423 434
423 437
423 438
423 439
423 441
423 442
423 444
423 445
423 447
423 448
423 455
424 425
424 427
424 429
424 430
424 431
424 433
424 434
424 435
424 436
424 437
424 439
424 440
424 441
424 442
424 443
424 444
424 445
424 446
424 448
425 426
425 428
425 429
425 430
425 431
425 432
425 433
425 434
425 435
425 436
425 437
425 438
425 439
425 440
425 441
425 442
425 444
425 445
425 446
425 447
425 449
425 458
425 488
426 428
426 429
426 430
426 431
426 432
426 433
426 434
426 436
426 437
426 438
426 440
426 441
426 442
426 443
426 445
426 447
426 448
427 429
427 430
427 431
427 432
427 433
427 434
427 435
427 437
427 438
427 439
427 440
427 441
427 442
427 444
427 445
427 446
427 447
427 449
428 430
428 431
428 432
428 433
428 434
428 440
428 441
428 442
428 443
428 447
428 448
428 449
428 451
428 493
429 430
429 431
429 432
429 433
429 434
429 436
429 437
429 438
429 439
429 440
429 442
429 443
429 444
429 445
429 446
429 447
429 448
429 449
429 488
429 489
430 431
430 432
430 433
430 434
430 435
430 436
430 437
430 439
430 440
430 442
430 445
430 446
430 447
430 448
430 449
431 432
431 433
431 434
431 435
431 436
431 437
431 439
431 441
431 443
431 444
431 445
431 446
431 447
431 448
431 449
431 493
432 433
432 435
432 436
432 437
432 438
432 439
432 440
432 441
432 442
432 443
432 446
432 448
432 449
433 436
433 438
433 439
433 440
433 442
433 443
433 444
433 445
433 446
433 448
433 449
434 435
434 436
434 438
434 439
434 441
434 442
434 443
434 445
434 446
434 448
434 449
434 465
435 436
435 437
435 438
435 439
435 440
435 442
435 444
435 445
435 446
435 447
435 448
435 449
435 462
436 437
436 438
436 439
436 441
436 442
436 443
436 444
436 445
436 446
436 447
436 448
436 449
436 488
437 438
437 442
437 443
437 446
437 447
437 448
438 439
438 440
438 441
438 442
438 443
438 445
438 446
438 447
438 448
439 441
439 442
439 443
439 444
439 445
439 446
439 447
439 448
439 449
439 499
440 442
440 444
440 445
440 446
440 447
440 448
441 442
441 443
441 445
441 446
441 447
441 448
441 449
441 451
442 443
442 445
442 446
442 447
442 448
442 449
442 498
443 444
443 445
443 447
443 448
444 445
444 446
444 447
444 448
444 449
445 446
445 448
445 494
446 447
446 448
446 449
448 449
450 451
450 453
450 454
450 455
450 456
450 457
450 458
450 460
450 462
450 463
450 464
450 465
450 466
450 467
450 468
450 469
450 470
450 471
450 472
450 473
450 474
450 475
450 476
450 477
450 478
450 479
450 480
450 481
450 482
450 483
450 484
450 485
450 486
450 487
450 488
450 489
450 490
450 491
450 492
450 494
450 495
450 497
450 499
451 452
451 453
451 454
451 456
451 457
451 458
451 459
451 460
451 461
451 462
451 463
451 464
451 465
451 466
451 468
451 469
451 471
451 472
451 474
451 476
451 477
451 479
451 480
451 481
451 482
451 483
451 485
451 486
451 487
451 488
451 489
451 491
451 492
451 493
451 494
451 495
451 497
451 498
452 453
452 455
452 457
452 458
452 459
452 460
452 462
452 464
452 465
452 468
452 469
452 470
452 471
452 472
452 473
452 475
452 476
452 478
452 479
452 480
452 482
452 483
452 485
452 486
452 487
452 489
452 491
452 492
452 493
452 494
452 496
452 497
452 498
452 499
453 454
453 455
453 456
453 457
453 458
453 459
453 460
453 461
453 462
453 463
453 464
453 466
453 467
453 468
453 469
453 470
453 472
453 473
453 474
453 475
453 476
453 478
453 479
453 481
453 482
453 484
453 485
453 486
453 487
453 488
453 490
453 491
453 492
453 493
453 495
453 496
453 497
453 498
453 499
454 455
454 456
454 457
454 458
454 459
454 460
454 462
454 464
454 465
454 466
454 468
454 469
454 470
454 471
454 472
454 474
454 475
454 476
454 477
454 478
454 480
454 481
454 483
454 484
454 485
454 486
454 487
454 489
454 490
454 491
454 495
454 496
454 498
455 456
455 457
455 459
455 462
455 463
455 464
455 465
455 467
455 468
455 469
455 470
455 472
455 473
455 474
455 475
455 477
455 478
455 479
455 481
455 482
455 484
455 485
455 486
455 487
455 488
455 489
455 490
455 491
455 493
455 494
455 496
455 497
455 498
456 458
456 460
456 462
456 463
456 464
456 465
456 467
456 469
456 470
456 471
456 473
456 474
456 475
456 476
456 477
456 478
456 479
456 480
456 481
456 483
456 484
456 485
456 486
456 487
456 488
456 490
456 491
456 492
456 493
456 494
456 495
456 497
456 498
457 458
457 459
457 461
457 463
457 464
457 465
457 467
457 468
457 469
457 470
457 471
457 472
457 473
457 474
457 475
457 476
457 479
457 480
457 481
457 482
457 484
457 485
457 486
457 487
457 489
457 490
457 491
457 492
457 493
457 494
457 495
457 496
457 497
457 498
457 499
458 459
458 461
458 462
458 464
458 466
458 467
458 468
458 469
458 470
458 473
458 474
458 475
458 477
458 478
458 479
458 480
458 481
458 483
458 484
458 485
458 486
458 487
458 489
458 490
458 491
458 492
458 493
458 494
458 495
458 496
458 497
458 498
458 499
459 461
459 462
459 463
459 464
459 465
459 466
459 467
459 469
459 470
459 474
459 475
459 477
459 479
459 480
459 481
459 482
459 483
459 484
459 485
459 487
459 488
459 490
459 491
459 493
459 495
459 496
459 499
460 461
460 463
460 464
460 465
460 467
460 468
460 469
460 470
460 472
460 473
460 475
460 476
460 477
460 478
460 480
460 481
460 482
460 483
460 485
460 486
460 487
460 488
460 489
460 490
460 491
460 492
460 493
460 495
460 496
460 497
460 498
460 499
461 462
461 464
461 465
461 466
461 467
461 469
461 470
461 471
461 472
461 473
461 474
461 475
461 476
461 477
461 478
461 479
461 480
461 481
461 482
461 484
461 485
461 486
461 487
461 488
461 489
461 490
461 491
461 492
461 493
461 494
461 496
461 499
462 464
462 466
462 467
462 468
462 471
462 472
462 473
462 474
462 475
462 476
462 478
462 479
462 480
462 481
462 483
462 485
462 486
462 487
462 488
462 489
462 490
462 491
462 492
462 493
462 496
462 497
462 498
463 465
463 466
463 467
463 469
463 471
463 472
463 473
463 474
463 475
463 476
463 477
463 478
463 479
463 480
463 481
463 482
463 483
463 484
463 486
463 487
463 488
463 489
463 491
463 492
463 493
463 494
463 495
463 497
463 498
463 499
464 465
464 467
464 469
464 470
464 471
464 472
464 473
464 474
464 475
464 476
464 477
464 478
464 479
464 481
464 483
464 484
464 485
464 486
464 487
464 488
464 489
464 490
464 491
464 492
464 493
464 494
464 495
464 496
464 497
464 498
465 466
465 468
465 469
465 470
465 471
465 472
465 474
465 475
465 476
465 477
465 478
465 479
465 480
465 481
465 483
465 484
465 485
465 486
465 487
465 492
465 493
465 494
465 495
465 496
465 497
466 467
466 468
466 469
466 470
466 471
466 472
466 473
466 474
466 475
466 476
466 477
466 478
466 480
466 481
466 482
466 483
466 484
466 485
466 487
466 489
466 491
466 492
466 493
466 495
466 497
466 498
466 499
467 470
467 472
467 473
467 474
467 475
467 476
467 477
467 478
467 481
467 483
467 484
467 485
467 486
467 487
467 489
467 490
467 491
467 493
467 494
467 495
467 496
467 497
467 498
467 499
468 469
468 470
468 471
468 472
468 475
468 476
468 477
468 480
468 481
468 482
468 483
468 484
468 485
468 486
468 488
468 489
468 490
468 492
468 493
468 494
468 495
468 497
468 498
468 499
469 470
469 471
469 472
469 473
469 475
469 477
469 479
469 480
469 481
469 485
469 487
469 489
469 491
469 492
469 493
469 494
469 495
469 497
469 499
470 472
470 475
470 476
470 478
470 479
470 480
470 481
470 482
470 483
470 485
470 486
470 488
470 489
470 491
470 492
470 493
470 495
470 496
470 497
470 498
470 499
471 472
471 473
471 474
471 475
471 476
471 477
471 478
471 479
471 480
471 481
471 482
471 483
471 484
471 485
471 491
471 493
471 495
471 496
471 497
471 498
472 473
472 474
472 477
472 478
472 479
472 480
472 481
472 482
472 483
472 484
472 485
472 486
472 488
472 489
472 490
472 491
472 492
472 493
472 494
472 496
472 497
472 498
472 499
473 474
473 475
473 476
473 477
473 478
473 479
473 480
473 481
473 482
473 483
473 484
473 485
473 486
473 487
473 490
473 491
473 492
473 493
473 494
473 495
473 496
473 497
473 498
473 499
474 475
474 476
474 477
474 478
474 479
474 480
474 481
474 482
474 484
474 486
474 488
474 489
474 490
474 491
474 492
474 494
474 495
474 496
474 497
474 498
474 499
475 477
475 479
475 480
475 481
475 482
475 484
475 485
475 486
475 487
475 488
475 489
475 492
475 493
475 494
475 495
475 496
475 498
475 499
476 477
476 478
476 479
476 480
476 481
476 484
476 485
476 487
476 488
476 489
476 491
476 492
476 493
476 494
476 495
476 496
477 479
477 480
477 482
477 483
477 484
477 486
477 488
477 489
477 490
477 491
477 493
477 494
477 495
477 496
477 497
477 498
478 479
478 480
478 481
478 482
478 483
478 485
478 486
478 487
478 488
478 489
478 490
478 491
478 493
478 495
478 496
478 497
478 498
478 499
479 480
479 481
479 483
479 484
479 486
479 488
479 489
479 491
479 492
479 493
479 494
479 495
479 498
479 499
480 481
480 482
480 483
480 484
480 486
480 487
480 489
480 491
480 493
480 494
480 495
480 496
480 497
480 498
480 499
481 482
481 483
481 484
481 486
481 487
481 488
481 489
481 490
481 492
481 493
481 494
481 496
481 498
481 499
482 483
482 484
482 486
482 487
482 488
482 489
482 490
482 491
482 492
482 493
482 495
482 496
482 497
482 499
483 484
483 485
483 486
483 487
483 488
483 489
483 494
483 496
483 497
484 485
484 486
484 487
484 488
484 489
484 490
484 491
484 492
484 494
484 496
484 497
484 498
484 499
485 487
485 488
485 489
485 490
485 491
485 492
485 493
485 494
485 495
485 496
485 497
485 498
485 499
486 487
486 488
486 489
486 490
486 491
486 492
486 493
486 495
486 496
486 497
486 498
487 488
487 489
487 490
487 491
487 492
487 493
487 495
487 496
487 497
487 498
487 499
488 489
488 490
488 491
488 492
488 494
488 495
488 496
488 497
488 498
488 499
489 490
489 492
489 493
489 494
489 495
489 496
489 497
489 498
489 499
490 491
490 493
490 494
490 495
490 496
490 497
490 498
490 499
491 492
491 493
491 494
491 496
491 499
492 493
492 494
492 495
492 496
492 497
492 498
493 494
493 495
493 496
493 498
493 499
494 496
494 497
494 499
495 496
495 498
496 497
496 498
496 499
497 498
497 499
498 499
