0 1
0 2
0 3
0 4
0 5
0 6
0 7
0 8
0 9
0 10
0 14
0 15
0 16
0 17
0 18
0 19
0 21
0 23
0 24
0 26
0 27
0 28
0 29
0 30
0 31
0 32
0 33
0 35
0 37
0 39
0 40
0 41
0 42
0 43
0 44
0 45
0 46
0 47
0 48
0 53
0 269
0 250
0 301
0 307
0 313
0 332
0 395
0 382
0 410
0 413
0 449
0 466
0 469
0 472
1 3
1 4
1 5
1 7
1 9
1 10
1 11
1 12
1 13
1 14
1 15
1 20
1 21
1 22
1 23
1 24
1 25
1 26
1 27
1 28
1 29
1 30
1 33
1 34
1 35
1 36
1 38
1 39
1 40
1 41
1 42
1 44
1 46
1 47
1 48
1 49
1 55
1 81
1 138
1 109
1 186
1 244
1 278
1 280
1 287
1 312
1 315
1 403
1 437
1 447
2 3
2 4
2 5
2 6
2 7
2 8
2 9
2 10
2 12
2 13
2 15
2 16
2 17
2 18
2 21
2 24
2 25
2 27
2 28
2 29
2 30
2 31
2 32
2 33
2 34
2 35
2 36
2 37
2 38
2 39
2 40
2 41
2 42
2 43
2 44
2 45
2 46
2 47
2 48
2 49
2 132
2 112
2 184
2 243
2 245
2 283
2 311
2 390
2 360
2 421
2 440
2 443
2 480
2 493
3 4
3 5
3 8
3 9
3 10
3 12
3 13
3 15
3 16
3 18
3 19
3 21
3 22
3 23
3 24
3 26
3 27
3 28
3 30
3 32
3 33
3 34
3 35
3 36
3 37
3 38
3 39
3 41
3 42
3 43
3 44
3 45
3 46
3 47
3 49
3 50
3 105
3 217
3 248
3 276
3 362
3 415
4 6
4 7
4 8
4 9
4 10
4 11
4 12
4 13
4 14
4 15
4 16
4 17
4 23
4 24
4 25
4 26
4 27
4 28
4 30
4 31
4 32
4 33
4 34
4 35
4 36
4 37
4 38
4 39
4 40
4 42
4 45
4 46
4 48
4 49
4 131
4 174
4 232
4 264
4 270
4 310
4 325
4 327
4 339
4 425
4 430
4 434
4 448
4 454
4 486
4 492
5 7
5 8
5 9
5 12
5 13
5 14
5 15
5 16
5 17
5 19
5 22
5 23
5 24
5 26
5 27
5 28
5 30
5 31
5 32
5 33
5 34
5 35
5 36
5 37
5 40
5 41
5 43
5 44
5 46
5 47
5 48
5 52
5 75
5 108
5 195
5 245
5 290
5 294
5 253
5 303
5 304
5 337
5 388
5 403
5 418
5 424
5 430
5 448
5 478
5 496
6 7
6 8
6 9
6 10
6 12
6 13
6 14
6 15
6 16
6 17
6 18
6 19
6 20
6 23
6 24
6 25
6 26
6 27
6 28
6 29
6 30
6 32
6 33
6 34
6 35
6 36
6 37
6 38
6 39
6 40
6 41
6 42
6 43
6 44
6 47
6 48
6 49
6 62
6 148
6 305
6 318
6 406
6 454
7 9
7 10
7 11
7 12
7 13
7 15
7 16
7 17
7 19
7 20
7 21
7 22
7 23
7 24
7 25
7 27
7 28
7 29
7 30
7 31
7 32
7 33
7 34
7 35
7 36
7 37
7 38
7 40
7 41
7 42
7 43
7 44
7 45
7 46
7 47
7 49
7 62
7 129
7 133
7 137
7 150
7 151
7 172
7 188
7 201
7 205
7 240
7 258
7 250
7 300
7 305
7 385
7 412
8 11
8 12
8 13
8 14
8 15
8 16
8 19
8 20
8 21
8 22
8 23
8 24
8 26
8 28
8 29
8 33
8 35
8 36
8 38
8 40
8 41
8 42
8 43
8 44
8 45
8 46
8 49
8 79
8 126
8 166
8 181
8 218
8 219
8 272
8 320
8 350
8 488
9 10
9 11
9 12
9 13
9 15
9 16
9 17
9 18
9 19
9 20
9 22
9 23
9 24
9 25
9 26
9 28
9 32
9 33
9 34
9 35
9 37
9 39
9 40
9 41
9 43
9 44
9 45
9 46
9 48
9 49
9 67
9 146
9 112
9 221
9 309
9 329
9 346
9 398
9 365
9 379
9 411
9 425
9 459
10 11
10 12
10 13
10 14
10 15
10 16
10 17
10 18
10 19
10 20
10 22
10 24
10 25
10 26
10 27
10 28
10 29
10 32
10 33
10 34
10 35
10 36
10 37
10 39
10 41
10 42
10 43
10 44
10 45
10 46
10 47
10 48
10 64
10 97
10 98
10 133
10 121
10 127
10 160
10 242
10 251
10 342
10 386
10 358
10 372
10 405
10 433
10 460
11 12
11 13
11 14
11 15
11 17
11 18
11 19
11 20
11 24
11 25
11 27
11 30
11 31
11 32
11 33
11 34
11 36
11 38
11 40
11 41
11 42
11 43
11 44
11 45
11 47
11 48
11 49
11 70
11 72
11 145
11 111
11 123
11 207
11 290
11 296
11 304
11 314
11 340
11 362
11 377
11 428
11 431
11 437
11 470
11 476
11 480
11 488
12 13
12 14
12 16
12 17
12 18
12 19
12 20
12 21
12 22
12 23
12 24
12 25
12 26
12 27
12 28
12 29
12 30
12 31
12 34
12 35
12 36
12 37
12 40
12 41
12 42
12 43
12 44
12 45
12 46
12 47
12 48
12 49
12 55
12 69
12 139
12 119
12 127
12 236
12 302
12 399
12 358
12 412
12 425
12 427
12 428
12 471
12 478
13 14
13 15
13 16
13 17
13 19
13 20
13 22
13 23
13 24
13 25
13 27
13 28
13 30
13 31
13 32
13 33
13 34
13 35
13 36
13 37
13 39
13 41
13 42
13 43
13 44
13 45
13 46
13 47
13 48
13 49
13 138
13 109
13 165
13 167
13 229
13 247
13 256
13 283
13 251
13 300
13 390
13 378
13 409
13 498
14 15
14 18
14 19
14 20
14 21
14 22
14 23
14 24
14 25
14 26
14 28
14 29
14 30
14 31
14 32
14 33
14 34
14 35
14 36
14 37
14 38
14 39
14 40
14 41
14 42
14 43
14 44
14 45
14 47
14 48
14 49
14 92
14 137
14 105
14 154
14 165
14 231
14 235
14 244
14 280
14 284
14 291
14 345
14 352
14 358
14 428
14 469
14 484
15 16
15 18
15 20
15 21
15 22
15 25
15 26
15 27
15 28
15 29
15 30
15 31
15 34
15 35
15 36
15 37
15 39
15 40
15 41
15 42
15 45
15 46
15 47
15 48
15 49
15 65
15 85
15 90
15 95
15 178
15 197
15 214
15 278
15 294
15 299
15 305
15 318
15 330
15 333
15 345
15 401
15 446
15 448
15 451
15 479
15 483
16 17
16 18
16 19
16 20
16 21
16 22
16 23
16 24
16 25
16 26
16 27
16 28
16 29
16 30
16 32
16 33
16 35
16 36
16 37
16 38
16 39
16 41
16 42
16 44
16 45
16 46
16 47
16 48
16 49
16 92
16 114
16 184
16 224
16 239
16 275
16 297
16 351
16 410
16 417
16 420
16 425
16 452
16 490
16 495
17 18
17 19
17 20
17 21
17 22
17 23
17 24
17 25
17 26
17 27
17 29
17 30
17 32
17 33
17 35
17 36
17 37
17 39
17 41
17 42
17 43
17 44
17 45
17 46
17 47
17 48
17 49
17 62
17 91
17 210
17 222
17 266
17 331
17 334
17 336
17 389
17 402
18 19
18 20
18 21
18 22
18 23
18 24
18 25
18 26
18 27
18 28
18 31
18 32
18 33
18 34
18 36
18 38
18 39
18 40
18 41
18 42
18 44
18 45
18 46
18 47
18 49
18 53
18 70
18 122
18 182
18 204
18 229
18 230
18 236
18 273
18 314
18 335
18 396
18 383
18 411
18 445
18 484
19 20
19 22
19 23
19 24
19 25
19 26
19 27
19 28
19 31
19 32
19 34
19 35
19 36
19 37
19 38
19 39
19 40
19 41
19 42
19 43
19 45
19 46
19 47
19 48
19 49
19 51
19 86
19 103
19 278
19 289
19 250
19 324
19 327
19 332
19 454
20 21
20 23
20 24
20 25
20 26
20 27
20 28
20 29
20 31
20 33
20 34
20 35
20 36
20 37
20 39
20 40
20 42
20 43
20 44
20 45
20 46
20 47
20 48
20 49
20 69
20 76
20 143
20 147
20 119
20 121
20 125
20 153
20 161
20 177
20 185
20 238
20 280
20 298
20 326
20 344
20 369
20 373
20 447
20 472
20 477
21 22
21 25
21 26
21 28
21 29
21 31
21 33
21 34
21 35
21 37
21 38
21 39
21 41
21 42
21 43
21 44
21 46
21 47
21 48
21 49
21 64
21 102
21 185
21 192
21 209
21 213
21 255
21 346
21 393
21 411
21 456
21 457
21 494
22 23
22 24
22 25
22 26
22 27
22 29
22 30
22 31
22 32
22 33
22 34
22 35
22 36
22 38
22 39
22 40
22 41
22 42
22 43
22 45
22 46
22 47
22 48
22 49
22 63
22 141
22 153
22 218
22 221
22 242
22 273
22 275
22 252
22 301
22 306
22 310
22 313
22 356
22 405
22 422
22 432
22 439
22 493
23 26
23 27
23 29
23 30
23 34
23 36
23 37
23 38
23 39
23 40
23 41
23 42
23 43
23 44
23 45
23 47
23 48
23 49
23 153
23 170
23 231
23 243
23 283
23 289
23 292
23 396
23 443
23 498
24 25
24 26
24 27
24 28
24 29
24 31
24 33
24 34
24 35
24 36
24 37
24 40
24 41
24 42
24 43
24 44
24 45
24 46
24 47
24 48
24 49
24 90
24 142
24 149
24 212
24 215
24 238
24 348
24 366
24 401
24 411
24 418
24 440
24 485
25 26
25 27
25 28
25 29
25 31
25 32
25 33
25 38
25 40
25 42
25 43
25 44
25 45
25 46
25 47
25 48
25 49
25 60
25 120
25 159
25 174
25 214
25 252
25 255
25 303
25 311
25 346
25 432
25 463
25 472
26 27
26 29
26 32
26 33
26 34
26 36
26 39
26 40
26 42
26 43
26 44
26 45
26 46
26 47
26 61
26 75
26 128
26 101
26 152
26 261
26 269
26 274
26 305
26 318
26 391
26 355
26 363
26 441
26 460
26 475
26 497
27 28
27 29
27 30
27 31
27 32
27 33
27 34
27 35
27 38
27 39
27 40
27 41
27 42
27 43
27 44
27 45
27 47
27 65
27 145
27 116
27 121
27 178
27 179
27 198
27 229
27 252
27 310
27 322
27 325
27 333
27 404
27 410
27 432
28 29
28 30
28 31
28 33
28 34
28 35
28 36
28 37
28 38
28 39
28 40
28 41
28 42
28 43
28 44
28 47
28 48
28 49
28 53
28 128
28 100
28 123
28 202
28 232
28 245
28 273
28 284
28 301
28 308
28 311
28 314
28 318
28 319
28 369
28 383
28 447
28 464
28 468
28 483
29 30
29 32
29 33
29 35
29 37
29 38
29 40
29 42
29 44
29 45
29 46
29 48
29 49
29 68
29 79
29 91
29 136
29 138
29 167
29 212
29 268
29 302
29 304
29 326
29 389
29 352
29 451
30 32
30 34
30 35
30 36
30 38
30 39
30 41
30 43
30 44
30 45
30 46
30 47
30 48
30 49
30 50
30 52
30 100
30 120
30 201
30 206
30 282
30 329
30 394
30 360
30 366
30 415
30 468
30 481
30 492
31 32
31 34
31 35
31 36
31 37
31 38
31 40
31 41
31 43
31 44
31 46
31 47
31 48
31 53
31 94
31 117
31 157
31 159
31 176
31 192
31 229
31 304
31 392
31 370
31 449
31 453
31 479
32 33
32 34
32 35
32 36
32 37
32 38
32 39
32 40
32 41
32 42
32 43
32 44
32 45
32 46
32 47
32 48
32 49
32 81
32 114
32 126
32 230
32 267
32 304
32 335
32 339
32 396
32 399
32 444
33 34
33 35
33 36
33 38
33 41
33 42
33 45
33 46
33 47
33 48
33 49
33 64
33 74
33 82
33 134
33 171
33 220
33 222
33 237
33 276
33 317
33 389
33 351
33 420
33 427
33 437
34 35
34 37
34 38
34 40
34 41
34 42
34 44
34 45
34 47
34 48
34 49
34 60
34 71
34 114
34 188
34 293
34 309
34 362
34 418
34 420
34 449
34 456
35 37
35 38
35 39
35 41
35 42
35 43
35 44
35 45
35 46
35 49
35 79
35 119
35 165
35 237
35 240
35 245
35 257
35 273
35 280
35 304
35 308
35 313
35 396
35 381
35 412
35 418
35 420
35 482
36 37
36 39
36 40
36 41
36 42
36 43
36 44
36 46
36 47
36 48
36 49
36 55
36 86
36 138
36 101
36 171
36 173
36 179
36 192
36 216
36 232
36 262
36 292
36 360
36 364
36 380
36 419
36 425
36 446
36 469
37 38
37 39
37 40
37 41
37 42
37 43
37 45
37 46
37 47
37 49
37 76
37 77
37 116
37 203
37 228
37 284
37 342
37 371
37 425
38 39
38 41
38 42
38 43
38 44
38 45
38 47
38 48
38 54
38 63
38 145
38 119
38 122
38 126
38 167
38 212
38 385
38 363
38 488
39 40
39 41
39 42
39 43
39 49
39 94
39 98
39 170
39 259
39 321
39 327
39 343
39 381
39 456
39 482
39 483
40 41
40 42
40 43
40 44
40 45
40 46
40 47
40 48
40 70
40 72
40 79
40 137
40 125
40 192
40 231
40 259
40 284
40 397
40 370
40 407
40 443
40 448
40 495
41 43
41 44
41 45
41 46
41 48
41 49
41 81
41 128
41 115
41 178
41 204
41 215
41 221
41 246
41 256
41 270
41 296
41 253
41 332
41 337
41 452
42 43
42 45
42 46
42 47
42 48
42 49
42 76
42 135
42 139
42 107
42 211
42 248
42 325
42 345
42 385
42 351
42 369
42 381
42 433
42 458
42 479
43 45
43 46
43 48
43 49
43 197
43 200
43 227
43 248
43 284
43 295
43 322
43 332
43 333
43 345
43 349
43 389
43 378
43 415
43 426
43 429
43 479
43 486
44 45
44 46
44 47
44 48
44 79
44 134
44 137
44 102
44 123
44 217
44 229
44 304
44 310
44 336
44 396
44 422
44 445
44 458
45 46
45 48
45 49
45 55
45 86
45 181
45 209
45 222
45 223
45 292
45 296
45 315
45 345
45 473
45 495
46 47
46 48
46 49
46 99
46 299
46 388
46 362
46 366
46 371
46 409
47 74
47 149
47 151
47 234
47 239
47 258
47 269
47 299
47 374
47 376
47 383
47 442
47 473
48 49
48 95
48 116
48 123
48 150
48 164
48 258
48 278
48 374
48 437
48 444
48 466
49 59
49 63
49 74
49 132
49 148
49 112
49 182
49 194
49 198
49 219
49 236
49 286
49 254
49 336
49 407
49 425
50 51
50 52
50 53
50 54
50 55
50 57
50 58
50 59
50 60
50 63
50 64
50 66
50 67
50 68
50 69
50 71
50 72
50 73
50 74
50 75
50 77
50 79
50 80
50 81
50 82
50 83
50 84
50 85
50 86
50 87
50 88
50 90
50 91
50 93
50 94
50 96
50 97
50 98
50 99
50 130
50 142
50 101
50 113
50 192
50 249
50 300
50 317
50 334
50 388
50 360
50 367
50 368
50 378
50 465
50 493
50 496
51 52
51 53
51 54
51 55
51 56
51 57
51 58
51 59
51 60
51 61
51 62
51 63
51 65
51 66
51 67
51 68
51 69
51 70
51 73
51 74
51 75
51 76
51 77
51 78
51 79
51 80
51 81
51 82
51 84
51 85
51 86
51 87
51 88
51 89
51 90
51 91
51 92
51 93
51 94
51 95
51 96
51 97
51 98
51 99
51 133
51 115
51 117
51 155
51 227
51 238
51 341
51 349
51 358
51 361
51 481
51 496
52 54
52 55
52 57
52 58
52 59
52 60
52 62
52 63
52 64
52 67
52 68
52 69
52 70
52 71
52 72
52 73
52 74
52 75
52 76
52 77
52 78
52 79
52 80
52 82
52 83
52 85
52 86
52 87
52 88
52 89
52 90
52 91
52 92
52 94
52 95
52 96
52 97
52 98
52 150
52 151
52 162
52 215
52 245
52 262
52 252
52 334
52 425
52 471
52 472
52 480
53 54
53 56
53 57
53 58
53 59
53 60
53 62
53 63
53 64
53 65
53 67
53 68
53 69
53 70
53 72
53 73
53 75
53 77
53 78
53 80
53 81
53 82
53 83
53 84
53 85
53 86
53 87
53 88
53 90
53 91
53 92
53 93
53 94
53 96
53 97
53 98
53 132
53 120
53 178
53 205
53 276
53 311
53 313
53 356
53 368
53 423
53 431
53 487
54 57
54 58
54 59
54 60
54 61
54 62
54 64
54 65
54 67
54 68
54 70
54 71
54 72
54 73
54 75
54 76
54 79
54 80
54 81
54 82
54 83
54 84
54 85
54 86
54 87
54 88
54 89
54 90
54 91
54 92
54 93
54 94
54 96
54 97
54 98
54 99
54 144
54 102
54 243
54 328
54 345
54 390
55 56
55 57
55 58
55 61
55 62
55 63
55 64
55 65
55 67
55 68
55 69
55 71
55 72
55 74
55 75
55 76
55 77
55 78
55 79
55 80
55 81
55 82
55 85
55 86
55 87
55 89
55 90
55 91
55 92
55 94
55 96
55 99
55 107
55 172
55 193
55 200
55 202
55 242
55 277
55 254
55 347
55 350
56 57
56 58
56 59
56 60
56 61
56 62
56 63
56 64
56 66
56 68
56 69
56 70
56 71
56 72
56 73
56 74
56 76
56 77
56 78
56 79
56 81
56 82
56 83
56 85
56 86
56 87
56 88
56 89
56 91
56 92
56 93
56 94
56 95
56 96
56 97
56 98
56 172
56 191
56 192
56 207
56 213
56 241
56 249
56 286
56 351
56 415
56 498
57 58
57 59
57 61
57 62
57 63
57 65
57 66
57 67
57 68
57 69
57 70
57 71
57 72
57 73
57 74
57 75
57 77
57 78
57 80
57 81
57 82
57 83
57 84
57 85
57 86
57 87
57 88
57 90
57 92
57 93
57 96
57 98
57 99
57 146
57 210
57 240
57 301
57 352
57 407
58 59
58 60
58 61
58 62
58 65
58 66
58 67
58 68
58 71
58 72
58 74
58 75
58 76
58 77
58 78
58 79
58 80
58 81
58 83
58 84
58 85
58 86
58 89
58 90
58 94
58 95
58 97
58 98
58 143
58 103
58 163
58 175
58 188
58 245
58 288
58 296
58 311
58 389
58 379
58 412
58 416
58 453
58 471
58 484
59 60
59 61
59 62
59 63
59 64
59 65
59 66
59 67
59 68
59 69
59 70
59 71
59 72
59 73
59 74
59 75
59 77
59 78
59 79
59 80
59 81
59 82
59 83
59 85
59 86
59 87
59 88
59 89
59 90
59 91
59 93
59 94
59 96
59 97
59 98
59 99
59 145
59 109
59 127
59 159
59 201
59 276
59 286
59 254
59 327
59 412
59 436
59 446
59 471
59 474
60 61
60 63
60 64
60 65
60 66
60 68
60 69
60 70
60 71
60 72
60 73
60 76
60 77
60 79
60 80
60 81
60 82
60 83
60 84
60 85
60 87
60 88
60 91
60 92
60 93
60 94
60 95
60 96
60 97
60 98
60 99
60 217
60 218
60 236
60 290
60 305
60 306
60 310
60 327
60 389
60 363
60 382
60 431
60 451
60 495
61 63
61 64
61 65
61 66
61 67
61 68
61 69
61 70
61 71
61 72
61 73
61 74
61 75
61 76
61 77
61 78
61 79
61 80
61 82
61 83
61 85
61 86
61 87
61 88
61 89
61 90
61 91
61 92
61 93
61 94
61 95
61 96
61 97
61 98
61 99
61 196
61 198
61 201
61 204
61 212
61 268
61 273
61 317
61 341
61 349
61 389
61 351
61 381
61 458
61 465
61 474
61 491
62 63
62 64
62 65
62 66
62 68
62 70
62 71
62 72
62 73
62 74
62 75
62 77
62 79
62 80
62 81
62 82
62 83
62 84
62 85
62 86
62 87
62 88
62 91
62 92
62 94
62 95
62 96
62 97
62 99
62 161
62 169
62 249
62 272
62 280
62 294
62 302
62 311
62 347
62 350
62 475
62 484
63 66
63 69
63 70
63 71
63 72
63 73
63 75
63 76
63 77
63 78
63 79
63 80
63 81
63 82
63 83
63 84
63 85
63 88
63 89
63 91
63 92
63 93
63 94
63 95
63 96
63 97
63 98
63 99
63 108
63 289
63 290
63 292
63 335
63 419
63 465
64 65
64 66
64 67
64 68
64 69
64 70
64 71
64 72
64 73
64 76
64 77
64 78
64 80
64 81
64 82
64 83
64 85
64 86
64 87
64 89
64 90
64 91
64 93
64 94
64 95
64 96
64 97
64 98
64 99
64 143
64 155
64 241
64 312
64 322
64 330
64 388
64 453
65 66
65 67
65 68
65 70
65 71
65 73
65 74
65 75
65 76
65 77
65 78
65 79
65 80
65 81
65 82
65 83
65 84
65 85
65 86
65 88
65 89
65 90
65 91
65 93
65 94
65 96
65 97
65 98
65 99
65 129
65 150
65 175
65 204
65 301
65 333
65 338
65 368
65 407
65 413
65 482
66 67
66 68
66 69
66 71
66 72
66 74
66 75
66 76
66 77
66 78
66 79
66 80
66 81
66 82
66 83
66 85
66 86
66 87
66 88
66 89
66 90
66 91
66 92
66 93
66 94
66 95
66 96
66 98
66 99
66 139
66 110
66 188
66 200
66 227
66 248
66 356
66 418
66 440
66 499
67 68
67 69
67 70
67 71
67 72
67 73
67 74
67 75
67 76
67 77
67 78
67 79
67 80
67 81
67 82
67 83
67 84
67 85
67 86
67 88
67 91
67 92
67 93
67 94
67 95
67 96
67 97
67 99
67 136
67 142
67 170
67 172
67 179
67 315
67 329
67 338
67 355
67 383
67 403
67 417
67 426
67 470
68 69
68 70
68 71
68 72
68 75
68 76
68 77
68 78
68 79
68 80
68 81
68 82
68 83
68 85
68 86
68 87
68 88
68 89
68 92
68 93
68 94
68 96
68 98
68 99
68 165
68 169
68 174
68 253
68 344
68 376
68 410
68 412
68 418
68 441
68 445
68 451
68 485
69 70
69 71
69 72
69 73
69 74
69 75
69 76
69 77
69 78
69 79
69 80
69 81
69 83
69 85
69 86
69 87
69 88
69 89
69 90
69 91
69 92
69 93
69 96
69 97
69 98
69 99
69 169
69 170
69 174
69 175
69 222
69 237
69 296
69 309
69 365
69 379
69 430
69 455
69 490
70 72
70 73
70 74
70 75
70 76
70 77
70 78
70 79
70 80
70 81
70 82
70 85
70 86
70 87
70 90
70 91
70 92
70 93
70 94
70 95
70 96
70 97
70 98
70 99
70 144
70 160
70 238
70 278
70 279
70 373
71 72
71 73
71 74
71 75
71 76
71 77
71 79
71 80
71 81
71 83
71 84
71 85
71 86
71 88
71 89
71 90
71 93
71 94
71 95
71 96
71 97
71 99
71 136
71 126
71 196
71 336
71 360
71 431
72 73
72 75
72 76
72 77
72 79
72 80
72 81
72 83
72 84
72 85
72 86
72 87
72 88
72 91
72 92
72 93
72 94
72 95
72 98
72 99
72 139
72 166
72 241
72 281
72 341
72 403
72 440
72 447
73 74
73 75
73 76
73 79
73 80
73 81
73 84
73 85
73 87
73 88
73 89
73 90
73 91
73 92
73 93
73 94
73 95
73 97
73 98
73 99
73 107
73 112
73 181
73 261
73 263
73 324
73 419
73 429
73 440
73 497
73 498
74 75
74 76
74 77
74 78
74 79
74 80
74 81
74 82
74 83
74 84
74 86
74 87
74 88
74 89
74 90
74 91
74 92
74 93
74 94
74 95
74 96
74 97
74 98
74 99
74 148
74 169
74 199
74 212
74 279
74 285
74 300
74 302
74 304
74 321
74 323
74 341
74 378
74 441
74 460
74 465
74 473
75 76
75 77
75 79
75 80
75 82
75 83
75 84
75 85
75 86
75 87
75 88
75 90
75 91
75 92
75 93
75 94
75 95
75 96
75 97
75 149
75 237
75 280
75 294
75 313
75 356
75 400
75 406
76 77
76 78
76 79
76 80
76 82
76 83
76 84
76 85
76 86
76 87
76 88
76 89
76 90
76 91
76 92
76 93
76 94
76 95
76 96
76 98
76 99
76 104
76 108
76 157
76 162
76 211
76 223
76 288
76 337
76 338
76 370
76 371
76 404
76 413
76 461
77 79
77 80
77 81
77 82
77 83
77 84
77 86
77 89
77 90
77 91
77 92
77 93
77 94
77 95
77 96
77 97
77 98
77 99
77 164
77 200
77 271
77 290
77 324
77 326
77 390
77 394
77 360
77 427
78 80
78 82
78 83
78 84
78 85
78 86
78 87
78 88
78 89
78 90
78 91
78 92
78 93
78 96
78 97
78 98
78 99
78 141
78 147
78 149
78 122
78 258
78 266
78 254
78 308
78 374
78 441
79 80
79 81
79 82
79 83
79 84
79 85
79 86
79 87
79 88
79 90
79 92
79 94
79 95
79 96
79 97
79 98
79 99
79 144
79 264
79 289
79 386
79 377
79 381
79 403
79 447
79 469
79 487
79 489
80 82
80 83
80 84
80 85
80 86
80 87
80 88
80 89
80 90
80 92
80 93
80 94
80 95
80 96
80 97
80 98
80 99
80 221
80 228
80 232
80 327
80 332
80 375
80 432
80 435
81 82
81 83
81 84
81 85
81 86
81 87
81 88
81 92
81 93
81 94
81 95
81 96
81 97
81 98
81 99
81 134
81 150
81 179
81 228
81 233
81 260
81 253
81 334
81 386
81 418
81 449
81 468
81 477
82 83
82 84
82 85
82 86
82 87
82 88
82 89
82 92
82 93
82 94
82 96
82 97
82 99
82 129
82 138
82 112
83 84
83 85
83 86
83 87
83 88
83 89
83 90
83 92
83 93
83 95
83 96
83 98
83 130
83 151
83 156
83 217
83 221
83 237
83 296
83 314
83 342
83 387
83 380
83 433
84 85
84 86
84 89
84 90
84 91
84 92
84 93
84 94
84 95
84 96
84 97
84 98
84 99
84 110
84 174
84 198
84 237
84 239
84 248
84 279
84 313
84 319
84 332
84 349
84 364
84 369
84 371
84 378
85 86
85 88
85 90
85 91
85 93
85 94
85 96
85 97
85 98
85 99
85 142
85 127
85 168
85 188
85 215
85 217
85 235
85 356
85 426
85 432
85 477
85 487
86 87
86 88
86 89
86 90
86 92
86 94
86 95
86 96
86 97
86 98
86 99
86 123
86 203
86 204
86 214
86 223
86 238
86 264
86 299
86 324
86 419
86 436
86 440
86 442
87 88
87 89
87 90
87 91
87 92
87 93
87 94
87 95
87 96
87 97
87 98
87 99
87 157
87 185
87 257
87 269
87 287
87 323
87 449
88 90
88 91
88 93
88 94
88 95
88 96
88 97
88 98
88 99
88 134
88 246
88 247
88 300
88 309
88 325
88 328
88 399
88 439
88 442
88 453
88 474
88 493
89 92
89 93
89 94
89 95
89 96
89 97
89 98
89 121
89 212
89 230
89 271
89 277
89 321
89 384
89 374
89 416
89 419
89 498
90 92
90 93
90 94
90 95
90 96
90 97
90 98
90 99
90 130
90 109
90 112
90 118
90 154
90 170
90 171
90 175
90 187
90 191
90 205
90 245
90 263
90 305
90 421
90 430
90 459
91 93
91 94
91 95
91 96
91 97
91 98
91 99
91 155
91 175
91 180
91 208
91 237
91 246
91 285
91 288
91 337
91 386
91 394
91 370
91 420
91 434
91 459
91 464
92 93
92 94
92 95
92 97
92 98
92 99
92 156
92 168
92 172
92 190
92 242
92 246
92 322
92 330
92 343
92 348
92 395
92 368
92 382
93 94
93 97
93 98
93 99
93 105
93 118
93 155
93 157
93 214
93 342
93 360
93 415
93 425
93 480
93 491
94 95
94 96
94 97
94 98
94 99
94 159
94 191
94 256
94 291
94 328
94 393
94 436
94 484
95 96
95 97
95 98
95 99
95 150
95 169
95 181
95 203
95 320
95 388
95 391
95 378
95 413
95 418
95 424
96 97
96 98
96 99
96 164
96 192
96 243
96 265
96 268
96 304
96 329
96 388
96 390
96 397
96 351
96 353
96 416
96 461
96 463
97 98
97 144
97 122
97 186
97 199
97 243
97 253
97 312
97 316
97 339
97 362
97 364
97 376
97 411
97 417
97 449
97 463
97 467
98 146
98 153
98 208
98 214
98 295
98 313
98 395
98 369
98 413
98 483
98 484
98 495
99 135
99 103
99 104
99 161
99 193
99 198
99 252
99 347
99 402
99 440
99 467
99 470
99 471
99 475
99 491
128 130
128 131
128 134
128 135
128 136
128 137
128 138
128 139
128 140
128 141
128 142
128 143
128 144
128 145
128 147
128 148
128 100
128 101
128 102
128 104
128 105
128 106
128 107
128 108
128 109
128 110
128 111
128 112
128 113
128 114
128 115
128 117
128 118
128 119
128 120
128 121
128 122
128 124
128 126
128 127
128 162
128 206
128 220
128 224
128 271
128 285
128 254
128 329
128 333
128 400
128 429
128 447
129 130
129 132
129 133
129 136
129 137
129 138
129 140
129 141
129 142
129 143
129 144
129 145
129 146
129 147
129 148
129 149
129 100
129 102
129 103
129 104
129 106
129 107
129 108
129 109
129 111
129 112
129 113
129 114
129 115
129 116
129 118
129 119
129 121
129 122
129 123
129 126
129 127
129 229
129 246
129 277
129 288
129 255
129 333
129 335
129 338
129 389
129 490
130 131
130 132
130 133
130 134
130 135
130 136
130 137
130 140
130 141
130 142
130 143
130 145
130 146
130 148
130 149
130 100
130 101
130 103
130 105
130 108
130 109
130 110
130 112
130 113
130 114
130 115
130 116
130 118
130 119
130 121
130 122
130 123
130 124
130 125
130 126
130 127
130 174
130 203
130 220
130 279
130 334
130 352
130 400
130 409
130 484
130 497
131 132
131 134
131 135
131 136
131 137
131 138
131 139
131 141
131 142
131 143
131 145
131 146
131 147
131 149
131 101
131 103
131 104
131 105
131 106
131 107
131 108
131 109
131 110
131 111
131 112
131 113
131 114
131 115
131 117
131 118
131 119
131 121
131 124
131 125
131 127
131 187
131 213
131 241
131 264
131 273
131 255
131 311
131 387
131 352
131 355
131 420
131 422
132 133
132 134
132 135
132 136
132 137
132 138
132 139
132 140
132 141
132 143
132 144
132 146
132 148
132 100
132 101
132 102
132 103
132 104
132 106
132 107
132 108
132 109
132 112
132 113
132 114
132 115
132 116
132 118
132 119
132 120
132 121
132 123
132 124
132 125
132 127
132 161
132 190
132 197
132 214
132 280
132 297
132 301
132 355
132 357
132 358
132 422
132 464
133 134
133 135
133 136
133 137
133 138
133 139
133 141
133 142
133 143
133 144
133 145
133 146
133 149
133 100
133 101
133 103
133 106
133 107
133 108
133 109
133 111
133 112
133 114
133 116
133 117
133 118
133 119
133 120
133 121
133 122
133 123
133 124
133 125
133 126
133 127
133 193
133 229
133 264
133 265
133 275
133 279
133 284
133 306
133 391
133 398
133 362
133 437
133 442
133 488
134 135
134 136
134 137
134 138
134 139
134 140
134 141
134 143
134 144
134 145
134 146
134 148
134 149
134 100
134 101
134 102
134 103
134 104
134 105
134 107
134 108
134 109
134 110
134 111
134 112
134 113
134 114
134 115
134 116
134 117
134 119
134 122
134 123
134 124
134 125
134 126
134 127
134 231
134 233
134 296
134 254
134 354
134 403
134 499
135 136
135 137
135 138
135 140
135 141
135 142
135 143
135 144
135 145
135 148
135 100
135 102
135 104
135 105
135 106
135 107
135 108
135 109
135 110
135 112
135 114
135 115
135 116
135 117
135 118
135 120
135 121
135 122
135 123
135 124
135 125
135 126
135 127
135 162
135 186
135 200
135 201
135 209
135 238
135 245
135 321
135 479
135 482
136 138
136 139
136 140
136 143
136 145
136 146
136 147
136 148
136 149
136 100
136 101
136 102
136 103
136 104
136 106
136 107
136 108
136 109
136 111
136 112
136 114
136 115
136 116
136 117
136 118
136 119
136 120
136 121
136 122
136 124
136 125
136 126
136 127
136 156
136 177
136 216
136 277
136 287
136 309
136 446
136 487
137 138
137 141
137 142
137 143
137 144
137 145
137 147
137 148
137 149
137 100
137 101
137 102
137 104
137 105
137 106
137 109
137 111
137 112
137 114
137 118
137 120
137 121
137 122
137 123
137 124
137 126
137 127
137 161
137 189
137 314
137 411
137 416
137 496
138 139
138 141
138 144
138 145
138 146
138 147
138 148
138 149
138 102
138 104
138 105
138 106
138 107
138 108
138 110
138 111
138 112
138 113
138 114
138 116
138 117
138 118
138 119
138 120
138 121
138 125
138 127
138 151
138 207
138 216
138 301
138 328
138 393
138 353
138 367
138 401
138 418
138 438
139 140
139 143
139 145
139 146
139 147
139 148
139 149
139 100
139 101
139 102
139 103
139 104
139 105
139 106
139 107
139 108
139 109
139 110
139 111
139 112
139 113
139 114
139 115
139 116
139 117
139 118
139 119
139 120
139 121
139 122
139 123
139 124
139 126
139 127
139 183
139 253
139 333
139 423
139 443
139 450
139 466
139 467
140 141
140 142
140 144
140 145
140 146
140 147
140 148
140 149
140 100
140 103
140 104
140 105
140 106
140 108
140 109
140 110
140 111
140 112
140 113
140 114
140 115
140 116
140 117
140 119
140 120
140 121
140 122
140 123
140 124
140 125
140 126
140 127
140 154
140 167
140 173
140 177
140 202
140 215
140 229
140 265
140 250
140 300
140 326
140 335
140 430
140 434
140 450
140 453
140 461
140 498
141 142
141 143
141 147
141 148
141 149
141 101
141 102
141 103
141 104
141 105
141 106
141 108
141 110
141 113
141 114
141 115
141 117
141 118
141 120
141 121
141 122
141 124
141 126
141 127
141 158
141 208
141 238
141 338
141 361
141 363
141 405
141 442
142 145
142 146
142 147
142 149
142 100
142 101
142 103
142 104
142 105
142 106
142 108
142 110
142 111
142 112
142 114
142 115
142 116
142 118
142 119
142 120
142 121
142 122
142 123
142 124
142 125
142 127
142 151
142 313
142 318
142 320
142 367
142 412
142 462
143 144
143 145
143 146
143 147
143 148
143 100
143 101
143 103
143 105
143 107
143 108
143 110
143 111
143 112
143 114
143 115
143 116
143 117
143 118
143 119
143 120
143 121
143 122
143 123
143 124
143 125
143 126
143 153
143 222
143 247
143 257
143 286
143 313
143 444
143 472
143 485
144 146
144 148
144 149
144 100
144 101
144 102
144 103
144 104
144 105
144 106
144 108
144 109
144 110
144 111
144 112
144 113
144 115
144 116
144 117
144 118
144 120
144 122
144 123
144 124
144 125
144 126
144 127
144 209
144 210
144 216
144 262
144 274
144 286
144 287
144 299
144 433
144 438
144 460
144 493
145 146
145 147
145 149
145 100
145 101
145 103
145 105
145 106
145 110
145 114
145 115
145 116
145 117
145 118
145 119
145 120
145 121
145 122
145 123
145 124
145 125
145 127
145 175
145 177
145 183
145 246
145 256
145 261
145 293
145 320
145 329
145 407
145 440
145 466
146 147
146 149
146 100
146 101
146 103
146 104
146 106
146 109
146 110
146 111
146 112
146 113
146 114
146 115
146 116
146 117
146 118
146 120
146 121
146 122
146 123
146 125
146 126
146 127
146 237
146 281
146 324
146 381
146 415
146 461
146 466
146 480
147 148
147 149
147 100
147 101
147 102
147 103
147 104
147 105
147 107
147 109
147 112
147 113
147 114
147 115
147 116
147 118
147 119
147 120
147 121
147 123
147 124
147 125
147 127
147 152
147 157
147 177
147 219
147 240
147 278
147 373
147 476
147 478
147 483
148 149
148 100
148 101
148 102
148 103
148 104
148 105
148 106
148 107
148 109
148 110
148 111
148 114
148 115
148 116
148 117
148 118
148 119
148 121
148 123
148 126
148 127
148 151
148 183
148 220
148 228
148 240
148 289
148 296
148 329
148 391
148 371
148 444
148 456
148 479
148 488
149 100
149 102
149 105
149 108
149 109
149 110
149 111
149 112
149 114
149 115
149 116
149 117
149 118
149 120
149 121
149 122
149 123
149 125
149 126
149 127
149 164
149 177
149 235
149 257
149 308
149 332
149 345
149 387
149 428
149 460
149 474
149 484
100 101
100 103
100 104
100 106
100 107
100 108
100 109
100 110
100 111
100 112
100 113
100 114
100 115
100 116
100 117
100 118
100 120
100 121
100 122
100 123
100 125
100 126
100 190
100 200
100 204
100 268
100 251
100 316
100 391
100 364
100 437
100 465
100 486
100 498
101 102
101 103
101 104
101 105
101 106
101 107
101 108
101 109
101 110
101 112
101 113
101 114
101 115
101 116
101 117
101 119
101 120
101 121
101 122
101 124
101 125
101 126
101 127
101 171
101 172
101 185
101 229
101 324
101 340
101 375
101 382
101 452
101 456
101 464
102 103
102 104
102 105
102 106
102 107
102 108
102 109
102 110
102 111
102 112
102 113
102 114
102 120
102 121
102 122
102 123
102 124
102 125
102 126
102 202
102 214
102 315
102 460
102 474
103 104
103 105
103 106
103 107
103 108
103 109
103 110
103 111
103 113
103 115
103 116
103 117
103 119
103 120
103 121
103 122
103 124
103 126
103 127
103 197
103 218
103 227
103 235
103 240
103 268
103 285
103 255
103 350
103 355
103 368
103 378
103 451
103 464
103 466
103 495
104 105
104 106
104 107
104 108
104 109
104 110
104 111
104 112
104 114
104 115
104 116
104 117
104 118
104 119
104 120
104 121
104 122
104 123
104 124
104 126
104 127
104 230
104 272
104 311
104 397
104 433
104 435
104 475
104 479
105 106
105 107
105 108
105 109
105 110
105 111
105 112
105 113
105 114
105 116
105 117
105 119
105 120
105 121
105 122
105 123
105 125
105 126
105 127
105 158
105 159
105 168
105 180
105 187
105 275
105 390
105 393
105 371
106 107
106 108
106 109
106 111
106 113
106 114
106 116
106 117
106 118
106 119
106 120
106 121
106 122
106 123
106 124
106 125
106 126
106 127
106 168
106 182
106 207
106 222
106 321
106 387
106 372
107 110
107 111
107 112
107 114
107 115
107 116
107 117
107 119
107 121
107 122
107 123
107 124
107 125
107 126
107 127
107 214
107 274
107 298
107 302
107 311
107 329
107 349
107 377
107 416
107 446
107 453
107 454
107 464
107 479
107 490
108 109
108 110
108 111
108 112
108 113
108 115
108 117
108 118
108 119
108 120
108 121
108 122
108 124
108 125
108 127
108 157
108 159
108 202
108 246
108 290
108 333
108 420
108 450
108 482
109 111
109 112
109 113
109 114
109 115
109 116
109 118
109 119
109 121
109 123
109 124
109 126
109 165
109 188
109 290
109 294
109 299
109 253
109 304
109 362
109 432
109 498
110 111
110 113
110 114
110 115
110 117
110 118
110 119
110 120
110 121
110 122
110 123
110 124
110 125
110 126
110 127
110 155
110 160
110 166
110 177
110 191
110 203
110 217
110 231
110 380
110 410
110 416
110 450
110 470
110 474
111 112
111 113
111 114
111 116
111 117
111 118
111 119
111 121
111 122
111 123
111 125
111 126
111 127
111 184
111 200
111 204
111 210
111 212
111 287
111 250
111 397
111 365
111 412
111 463
112 113
112 114
112 116
112 117
112 118
112 119
112 120
112 121
112 122
112 123
112 124
112 125
112 126
112 151
112 154
112 168
112 182
112 191
112 206
112 273
112 287
112 327
112 401
112 402
112 426
112 478
112 486
113 114
113 115
113 116
113 117
113 118
113 120
113 121
113 122
113 124
113 125
113 126
113 127
113 263
113 285
113 289
113 333
113 349
113 388
113 382
113 448
113 474
113 476
113 494
113 496
114 115
114 117
114 118
114 119
114 120
114 121
114 122
114 123
114 125
114 127
114 227
114 261
114 298
114 316
114 344
114 346
114 348
114 369
114 435
114 460
114 464
115 116
115 118
115 119
115 121
115 122
115 123
115 124
115 125
115 126
115 127
115 163
115 176
115 179
115 248
115 268
115 292
115 350
115 367
115 370
115 417
115 426
115 469
115 484
116 117
116 119
116 120
116 121
116 122
116 123
116 124
116 125
116 181
116 220
116 250
116 343
116 402
117 118
117 119
117 120
117 121
117 123
117 124
117 125
117 126
117 127
117 168
117 191
117 215
117 223
117 244
117 290
117 332
117 337
117 338
117 347
117 371
117 403
117 442
117 452
117 464
117 493
118 119
118 120
118 123
118 124
118 125
118 126
118 165
118 182
118 217
118 242
118 306
118 312
118 372
118 404
118 487
118 490
118 497
118 499
119 120
119 121
119 122
119 123
119 124
119 126
119 127
119 177
119 256
119 260
119 286
119 293
119 303
119 364
120 121
120 122
120 123
120 127
120 170
120 173
120 196
120 230
120 369
120 442
121 122
121 124
121 125
121 126
121 127
121 154
121 173
121 176
121 226
121 230
121 259
121 263
121 298
121 302
121 341
121 422
121 430
121 464
121 476
121 481
122 123
122 124
122 125
122 127
122 179
122 259
122 278
122 335
122 339
122 342
122 352
122 355
122 401
122 479
122 483
123 124
123 125
123 127
123 209
123 355
123 420
123 431
123 457
123 485
124 127
124 153
124 160
124 246
124 394
124 359
124 361
124 378
124 412
124 453
125 127
125 152
125 171
125 195
125 210
125 211
125 288
125 371
125 407
125 456
126 127
126 150
126 196
126 198
126 266
126 273
126 281
126 294
126 312
126 315
126 347
126 367
126 370
126 413
126 442
127 151
127 190
127 202
127 262
127 285
127 286
127 290
127 292
127 399
127 466
150 151
150 152
150 153
150 154
150 155
150 156
150 157
150 158
150 159
150 161
150 162
150 163
150 164
150 165
150 166
150 167
150 168
150 169
150 172
150 173
150 174
150 175
150 176
150 177
150 178
150 179
150 182
150 185
150 186
150 188
150 189
150 190
150 192
150 193
150 195
150 196
150 197
150 198
150 199
150 219
150 232
150 265
150 375
150 407
150 429
151 154
151 155
151 156
151 157
151 158
151 160
151 161
151 162
151 163
151 164
151 165
151 166
151 167
151 168
151 169
151 170
151 171
151 172
151 173
151 174
151 175
151 178
151 179
151 180
151 181
151 182
151 183
151 184
151 185
151 187
151 188
151 191
151 192
151 193
151 194
151 195
151 196
151 197
151 198
151 199
151 235
151 259
151 265
151 324
151 393
151 398
151 433
152 153
152 156
152 157
152 159
152 160
152 161
152 162
152 163
152 164
152 165
152 167
152 168
152 170
152 172
152 173
152 175
152 177
152 179
152 180
152 181
152 182
152 183
152 184
152 185
152 186
152 189
152 192
152 193
152 194
152 195
152 196
152 197
152 198
152 199
152 200
152 212
152 297
152 298
152 335
152 360
153 154
153 157
153 158
153 160
153 162
153 163
153 164
153 165
153 166
153 167
153 168
153 169
153 170
153 171
153 172
153 173
153 174
153 176
153 178
153 179
153 180
153 181
153 183
153 184
153 185
153 190
153 194
153 195
153 196
153 197
153 198
153 218
153 247
153 270
153 288
153 361
154 156
154 157
154 158
154 159
154 160
154 161
154 162
154 163
154 164
154 165
154 167
154 168
154 171
154 173
154 174
154 175
154 177
154 178
154 179
154 180
154 181
154 182
154 184
154 185
154 186
154 187
154 188
154 189
154 190
154 192
154 194
154 196
154 197
154 198
154 199
154 266
154 273
154 304
154 315
154 337
154 371
154 453
154 486
155 156
155 157
155 158
155 159
155 160
155 161
155 162
155 163
155 165
155 166
155 167
155 168
155 169
155 170
155 171
155 173
155 174
155 175
155 176
155 177
155 178
155 180
155 181
155 182
155 183
155 184
155 185
155 186
155 187
155 188
155 189
155 190
155 193
155 194
155 196
155 197
155 198
155 284
155 292
155 306
155 388
155 357
155 363
155 435
155 452
155 453
155 463
155 494
156 157
156 159
156 161
156 162
156 163
156 164
156 165
156 166
156 168
156 169
156 171
156 173
156 174
156 175
156 177
156 178
156 180
156 181
156 182
156 183
156 184
156 185
156 186
156 187
156 188
156 189
156 193
156 194
156 196
156 197
156 198
156 288
156 289
156 254
156 350
156 404
156 463
156 497
157 158
157 159
157 161
157 162
157 163
157 164
157 165
157 166
157 167
157 168
157 169
157 170
157 171
157 172
157 173
157 174
157 175
157 177
157 179
157 180
157 181
157 184
157 185
157 186
157 187
157 189
157 190
157 191
157 192
157 193
157 194
157 195
157 197
157 199
157 206
157 220
157 237
157 291
157 306
157 333
157 385
157 460
158 159
158 160
158 161
158 162
158 164
158 165
158 167
158 168
158 169
158 170
158 171
158 173
158 175
158 176
158 177
158 178
158 179
158 180
158 181
158 182
158 183
158 184
158 185
158 187
158 188
158 189
158 190
158 191
158 192
158 193
158 194
158 195
158 197
158 198
158 199
158 233
158 234
158 316
158 432
158 465
158 477
158 480
158 485
159 160
159 161
159 162
159 163
159 164
159 165
159 166
159 169
159 170
159 171
159 172
159 173
159 174
159 175
159 176
159 177
159 178
159 180
159 181
159 182
159 183
159 184
159 185
159 186
159 187
159 189
159 190
159 191
159 192
159 193
159 195
159 196
159 198
159 199
159 234
159 257
159 310
159 371
159 383
159 480
159 496
160 162
160 163
160 164
160 165
160 166
160 167
160 168
160 169
160 171
160 172
160 173
160 174
160 175
160 176
160 177
160 178
160 179
160 180
160 181
160 182
160 183
160 184
160 186
160 187
160 188
160 189
160 190
160 191
160 192
160 193
160 194
160 195
160 196
160 197
160 199
160 204
160 221
160 225
160 248
160 306
160 401
160 455
160 457
160 474
160 494
161 162
161 163
161 164
161 165
161 166
161 167
161 168
161 169
161 170
161 171
161 172
161 173
161 174
161 175
161 176
161 177
161 178
161 179
161 180
161 181
161 183
161 184
161 185
161 186
161 187
161 188
161 189
161 190
161 191
161 192
161 196
161 197
161 199
161 235
161 242
161 271
161 295
161 304
161 309
161 400
161 404
161 416
161 439
161 477
162 164
162 165
162 166
162 167
162 168
162 169
162 170
162 171
162 172
162 173
162 175
162 176
162 177
162 178
162 179
162 180
162 181
162 182
162 183
162 184
162 185
162 186
162 187
162 188
162 190
162 191
162 192
162 193
162 194
162 195
162 197
162 198
162 199
162 205
162 311
162 315
162 317
162 323
162 388
162 408
162 414
162 416
162 418
162 420
162 432
162 453
162 464
162 496
163 165
163 166
163 167
163 168
163 169
163 170
163 171
163 173
163 175
163 176
163 177
163 178
163 179
163 180
163 181
163 182
163 183
163 184
163 185
163 186
163 187
163 188
163 189
163 190
163 191
163 192
163 193
163 194
163 195
163 197
163 198
163 199
163 204
163 281
163 287
163 292
163 310
163 322
163 344
163 395
163 359
163 441
163 486
164 165
164 166
164 167
164 168
164 171
164 172
164 173
164 174
164 176
164 177
164 178
164 179
164 180
164 181
164 182
164 183
164 184
164 185
164 186
164 187
164 188
164 189
164 190
164 191
164 193
164 194
164 196
164 197
164 198
164 199
164 220
164 222
164 237
164 270
164 300
164 329
164 399
164 354
164 371
164 375
164 411
164 423
164 456
164 498
165 166
165 167
165 171
165 172
165 173
165 174
165 175
165 176
165 177
165 178
165 179
165 180
165 182
165 183
165 184
165 185
165 186
165 187
165 188
165 189
165 190
165 191
165 193
165 194
165 195
165 196
165 199
165 221
165 234
165 296
165 326
165 344
165 354
165 373
166 167
166 169
166 170
166 171
166 172
166 173
166 174
166 175
166 176
166 177
166 178
166 179
166 180
166 181
166 183
166 184
166 186
166 187
166 189
166 190
166 191
166 192
166 193
166 195
166 197
166 198
166 199
166 232
166 323
166 376
166 431
166 443
166 491
167 168
167 169
167 170
167 173
167 174
167 176
167 178
167 179
167 180
167 181
167 183
167 184
167 185
167 186
167 187
167 188
167 189
167 190
167 191
167 192
167 193
167 195
167 196
167 197
167 198
167 199
167 206
167 210
167 248
167 262
167 250
167 392
167 397
167 362
167 421
168 169
168 170
168 171
168 172
168 173
168 175
168 176
168 177
168 178
168 179
168 180
168 181
168 182
168 183
168 184
168 187
168 188
168 189
168 190
168 191
168 193
168 194
168 195
168 196
168 199
168 228
168 230
168 268
168 269
168 292
168 254
168 331
168 398
168 363
168 374
168 411
168 427
168 442
169 170
169 171
169 172
169 173
169 174
169 175
169 176
169 177
169 178
169 179
169 180
169 183
169 185
169 186
169 188
169 189
169 190
169 192
169 193
169 194
169 195
169 196
169 198
169 199
169 218
169 256
169 259
169 275
169 325
169 418
169 420
169 466
169 469
169 482
170 171
170 172
170 173
170 174
170 175
170 177
170 178
170 179
170 181
170 183
170 184
170 185
170 186
170 187
170 188
170 189
170 190
170 191
170 192
170 193
170 194
170 195
170 196
170 198
170 199
170 227
170 232
170 328
170 414
170 488
170 493
170 495
171 172
171 173
171 174
171 175
171 176
171 177
171 178
171 179
171 180
171 182
171 183
171 184
171 185
171 186
171 187
171 189
171 191
171 192
171 193
171 194
171 195
171 197
171 198
171 199
171 282
171 394
171 368
171 372
171 480
171 493
172 173
172 174
172 175
172 176
172 177
172 178
172 179
172 181
172 183
172 184
172 186
172 187
172 189
172 191
172 192
172 193
172 194
172 195
172 196
172 197
172 199
172 226
172 232
172 312
172 326
172 429
172 459
172 469
173 175
173 176
173 177
173 178
173 179
173 180
173 182
173 183
173 184
173 185
173 187
173 189
173 190
173 193
173 194
173 195
173 198
173 199
173 200
173 204
173 205
173 210
173 353
173 404
173 460
174 175
174 176
174 177
174 180
174 181
174 182
174 183
174 186
174 187
174 188
174 189
174 190
174 191
174 192
174 193
174 195
174 196
174 197
174 199
174 260
174 263
174 298
174 448
174 478
175 176
175 178
175 182
175 183
175 184
175 185
175 186
175 187
175 188
175 189
175 190
175 191
175 192
175 193
175 194
175 195
175 196
175 197
175 198
175 199
175 206
175 230
175 267
175 296
175 306
175 346
175 362
175 407
175 417
175 427
176 177
176 179
176 180
176 182
176 183
176 184
176 186
176 187
176 188
176 190
176 191
176 193
176 194
176 196
176 197
176 198
176 199
176 202
176 241
176 269
176 465
177 178
177 179
177 180
177 181
177 182
177 183
177 185
177 186
177 188
177 189
177 190
177 191
177 193
177 194
177 195
177 196
177 197
177 198
177 199
177 215
177 271
177 279
177 297
177 250
177 346
177 396
177 478
178 179
178 180
178 183
178 184
178 185
178 186
178 187
178 188
178 190
178 191
178 193
178 194
178 195
178 196
178 197
178 198
178 199
178 200
178 241
178 243
178 270
178 306
178 341
178 350
178 371
178 478
179 180
179 181
179 182
179 183
179 184
179 185
179 188
179 189
179 190
179 191
179 192
179 194
179 195
179 197
179 198
179 218
179 224
179 234
179 235
179 240
179 263
179 254
179 314
179 315
179 342
179 426
179 429
179 443
180 181
180 183
180 184
180 187
180 188
180 189
180 191
180 193
180 194
180 196
180 197
180 199
180 205
180 299
180 322
180 440
180 442
180 444
180 461
180 464
180 478
180 496
180 498
181 182
181 183
181 184
181 185
181 187
181 188
181 191
181 192
181 193
181 194
181 196
181 197
181 199
181 216
181 296
181 356
181 375
181 479
182 184
182 186
182 187
182 188
182 189
182 190
182 191
182 192
182 193
182 194
182 195
182 196
182 198
182 199
182 365
182 368
182 421
182 463
182 490
182 495
183 184
183 185
183 186
183 187
183 188
183 189
183 190
183 191
183 192
183 193
183 194
183 195
183 196
183 197
183 198
183 199
183 236
183 237
183 263
183 279
183 288
183 298
183 313
183 329
183 405
183 449
184 185
184 186
184 187
184 188
184 189
184 190
184 191
184 193
184 195
184 196
184 197
184 198
184 199
184 241
184 305
184 306
184 321
184 434
184 473
184 488
185 186
185 187
185 189
185 190
185 191
185 193
185 194
185 195
185 196
185 197
185 198
185 199
185 208
185 215
185 235
185 257
185 258
185 269
185 296
185 314
185 366
185 408
185 428
185 447
185 487
186 187
186 188
186 189
186 190
186 191
186 192
186 193
186 194
186 195
186 196
186 197
186 198
186 199
186 212
186 230
186 247
186 249
186 271
186 275
186 284
186 384
186 392
186 383
186 410
186 450
186 460
187 188
187 189
187 190
187 191
187 194
187 195
187 196
187 197
187 198
187 234
187 251
187 369
187 408
187 479
188 190
188 191
188 192
188 193
188 194
188 195
188 196
188 198
188 199
188 220
188 233
188 257
188 302
188 396
188 409
188 419
188 465
189 190
189 191
189 192
189 193
189 194
189 195
189 196
189 198
189 199
189 209
189 325
189 361
189 432
189 445
189 473
190 191
190 192
190 193
190 194
190 195
190 198
190 199
190 214
190 260
190 305
190 384
190 352
190 367
190 381
190 471
191 192
191 193
191 194
191 195
191 196
191 197
191 198
191 199
191 211
191 237
191 260
191 277
191 278
191 287
191 297
191 305
191 409
192 193
192 195
192 197
192 198
192 199
192 201
192 279
192 283
192 305
192 360
192 375
192 409
192 410
192 445
192 456
192 491
193 195
193 196
193 197
193 275
193 345
193 356
193 377
193 442
193 475
194 196
194 197
194 198
194 199
194 228
194 267
194 283
194 320
194 322
194 351
194 352
194 362
194 372
195 196
195 198
195 204
195 232
195 308
195 317
195 398
195 354
195 429
195 453
195 472
195 485
196 197
196 198
196 199
196 259
196 277
196 252
196 365
196 382
196 403
196 480
197 199
197 212
197 213
197 220
197 228
197 235
197 241
197 243
197 281
197 294
197 318
197 324
197 339
197 379
197 407
197 474
197 492
197 496
198 199
198 211
198 328
198 338
198 347
198 365
198 401
198 432
198 434
198 442
199 248
199 253
199 302
199 312
199 328
199 341
199 343
199 399
199 427
200 201
200 203
200 205
200 206
200 208
200 209
200 211
200 212
200 213
200 214
200 216
200 217
200 218
200 220
200 221
200 222
200 225
200 226
200 227
200 228
200 229
200 231
200 232
200 233
200 234
200 235
200 236
200 237
200 238
200 239
200 241
200 242
200 243
200 244
200 245
200 246
200 247
200 248
200 249
200 279
200 332
200 338
200 389
200 415
200 472
201 202
201 203
201 205
201 206
201 208
201 209
201 210
201 211
201 212
201 213
201 214
201 215
201 216
201 217
201 218
201 219
201 220
201 221
201 222
201 223
201 225
201 226
201 227
201 228
201 229
201 230
201 231
201 232
201 233
201 234
201 235
201 236
201 237
201 238
201 239
201 240
201 241
201 242
201 243
201 244
201 247
201 248
201 249
201 310
201 331
201 400
201 417
201 429
201 483
202 203
202 204
202 205
202 206
202 207
202 208
202 209
202 212
202 213
202 214
202 215
202 216
202 217
202 218
202 219
202 220
202 221
202 224
202 225
202 226
202 227
202 229
202 231
202 232
202 233
202 234
202 235
202 237
202 238
202 239
202 240
202 241
202 242
202 243
202 244
202 245
202 246
202 247
202 248
202 249
202 283
202 253
202 254
202 370
202 373
202 496
202 499
203 204
203 205
203 206
203 207
203 208
203 209
203 210
203 212
203 213
203 214
203 215
203 216
203 217
203 218
203 219
203 220
203 221
203 223
203 225
203 227
203 228
203 229
203 232
203 233
203 234
203 235
203 236
203 237
203 238
203 239
203 240
203 241
203 242
203 243
203 244
203 245
203 247
203 248
203 249
203 257
203 295
203 312
203 335
203 397
203 366
203 433
204 205
204 206
204 207
204 208
204 209
204 210
204 211
204 212
204 214
204 215
204 216
204 218
204 220
204 221
204 222
204 224
204 225
204 226
204 227
204 228
204 229
204 230
204 232
204 233
204 235
204 236
204 237
204 238
204 239
204 240
204 241
204 242
204 243
204 244
204 246
204 272
204 295
204 389
204 392
204 358
204 440
204 451
204 468
205 207
205 208
205 209
205 210
205 211
205 212
205 213
205 214
205 215
205 216
205 217
205 219
205 220
205 221
205 222
205 223
205 224
205 225
205 227
205 228
205 229
205 231
205 232
205 234
205 235
205 236
205 237
205 239
205 240
205 241
205 242
205 243
205 244
205 245
205 246
205 248
205 292
205 294
205 253
205 346
205 388
205 393
205 408
205 419
205 438
205 441
205 484
206 207
206 208
206 209
206 210
206 213
206 214
206 215
206 216
206 219
206 220
206 221
206 222
206 223
206 225
206 227
206 228
206 229
206 230
206 232
206 235
206 236
206 237
206 238
206 239
206 240
206 241
206 242
206 243
206 244
206 245
206 246
206 247
206 248
206 249
206 270
206 288
206 290
206 307
206 414
206 477
206 479
206 493
207 208
207 209
207 210
207 211
207 212
207 213
207 214
207 215
207 216
207 218
207 219
207 221
207 223
207 225
207 226
207 227
207 228
207 229
207 230
207 231
207 232
207 233
207 234
207 235
207 237
207 239
207 240
207 241
207 242
207 243
207 245
207 246
207 247
207 248
207 249
207 300
207 387
207 380
207 411
207 420
207 453
207 465
207 497
207 498
208 209
208 210
208 211
208 212
208 213
208 214
208 215
208 216
208 218
208 220
208 221
208 222
208 224
208 225
208 226
208 228
208 229
208 231
208 232
208 233
208 234
208 237
208 239
208 241
208 243
208 246
208 247
208 248
208 249
208 367
208 410
208 416
208 442
209 210
209 211
209 212
209 213
209 214
209 216
209 217
209 218
209 219
209 220
209 222
209 223
209 226
209 227
209 228
209 229
209 230
209 231
209 232
209 233
209 234
209 235
209 237
209 238
209 239
209 240
209 241
209 242
209 244
209 245
209 246
209 247
209 248
209 263
209 316
209 386
209 418
209 439
210 212
210 214
210 217
210 218
210 219
210 222
210 223
210 224
210 225
210 227
210 230
210 231
210 232
210 233
210 234
210 235
210 236
210 238
210 239
210 240
210 241
210 242
210 243
210 245
210 246
210 247
210 249
210 301
210 354
210 357
210 454
210 498
211 213
211 214
211 215
211 217
211 218
211 219
211 221
211 222
211 223
211 224
211 225
211 226
211 227
211 228
211 229
211 230
211 231
211 232
211 233
211 234
211 235
211 236
211 238
211 239
211 240
211 241
211 242
211 243
211 244
211 245
211 246
211 247
211 248
211 249
211 343
211 381
211 448
211 460
211 481
211 486
211 492
212 213
212 214
212 215
212 216
212 217
212 218
212 219
212 220
212 221
212 222
212 223
212 224
212 225
212 226
212 227
212 228
212 229
212 230
212 231
212 232
212 233
212 234
212 235
212 236
212 239
212 240
212 241
212 242
212 243
212 244
212 245
212 247
212 248
212 249
212 290
212 365
212 370
212 400
212 435
212 460
212 475
213 214
213 215
213 216
213 220
213 221
213 222
213 223
213 224
213 225
213 226
213 228
213 229
213 230
213 233
213 236
213 237
213 240
213 241
213 242
213 243
213 244
213 245
213 246
213 247
213 249
213 294
213 305
213 310
213 334
213 411
213 437
213 465
214 215
214 217
214 218
214 219
214 220
214 221
214 223
214 224
214 225
214 226
214 227
214 228
214 229
214 231
214 232
214 233
214 234
214 236
214 237
214 238
214 239
214 241
214 243
214 244
214 245
214 246
214 247
214 248
214 249
214 256
214 285
214 319
214 330
214 387
214 369
214 400
215 216
215 218
215 219
215 221
215 222
215 224
215 225
215 226
215 227
215 228
215 229
215 230
215 231
215 232
215 233
215 234
215 236
215 239
215 240
215 241
215 244
215 245
215 246
215 247
215 248
215 249
215 280
215 332
215 351
215 355
215 465
215 492
216 217
216 218
216 219
216 220
216 221
216 222
216 223
216 224
216 225
216 227
216 229
216 230
216 231
216 232
216 233
216 234
216 235
216 236
216 237
216 238
216 240
216 241
216 242
216 244
216 245
216 247
216 248
216 270
216 390
216 438
216 476
217 219
217 220
217 221
217 222
217 223
217 226
217 229
217 230
217 231
217 232
217 233
217 234
217 235
217 236
217 237
217 238
217 239
217 241
217 243
217 244
217 245
217 246
217 247
217 248
217 249
217 332
217 390
217 406
217 440
218 220
218 221
218 222
218 223
218 224
218 225
218 226
218 227
218 228
218 229
218 230
218 233
218 234
218 235
218 236
218 237
218 238
218 240
218 241
218 242
218 243
218 244
218 245
218 246
218 247
218 248
218 249
218 254
218 300
218 303
218 313
218 336
218 420
218 424
218 425
218 452
219 221
219 222
219 223
219 224
219 225
219 228
219 231
219 232
219 235
219 236
219 239
219 240
219 241
219 242
219 243
219 244
219 245
219 247
219 248
219 249
219 278
219 357
219 368
219 380
219 478
219 483
220 221
220 222
220 223
220 224
220 225
220 226
220 229
220 230
220 231
220 232
220 235
220 236
220 237
220 239
220 240
220 242
220 243
220 245
220 246
220 248
220 249
220 340
220 393
220 441
220 464
221 222
221 223
221 224
221 225
221 227
221 228
221 229
221 230
221 231
221 233
221 235
221 236
221 239
221 240
221 241
221 242
221 245
221 246
221 247
221 248
221 249
221 256
221 276
221 325
221 457
221 469
221 483
221 489
221 490
222 223
222 224
222 225
222 226
222 227
222 228
222 229
222 230
222 231
222 232
222 233
222 234
222 236
222 237
222 238
222 239
222 241
222 242
222 243
222 244
222 245
222 246
222 248
222 249
222 262
222 268
222 317
222 326
222 335
222 340
222 344
222 388
222 397
222 379
222 412
222 420
222 439
223 224
223 225
223 226
223 227
223 230
223 231
223 232
223 233
223 234
223 236
223 237
223 238
223 239
223 240
223 241
223 242
223 243
223 244
223 248
223 249
223 295
223 390
223 367
223 402
223 407
223 474
223 492
224 225
224 226
224 228
224 229
224 230
224 231
224 233
224 234
224 235
224 236
224 238
224 239
224 240
224 241
224 242
224 243
224 244
224 245
224 246
224 247
224 248
224 249
224 251
224 303
224 331
224 373
224 377
224 477
224 483
224 494
225 226
225 227
225 228
225 229
225 230
225 231
225 234
225 235
225 236
225 237
225 238
225 239
225 240
225 241
225 245
225 246
225 247
225 248
225 249
225 265
225 273
225 333
225 391
225 350
225 401
225 418
225 421
225 464
225 475
226 227
226 228
226 229
226 230
226 231
226 233
226 234
226 235
226 237
226 238
226 239
226 242
226 243
226 244
226 245
226 246
226 248
226 249
226 259
226 250
226 301
226 323
226 342
226 393
226 394
226 382
226 401
226 437
226 496
227 228
227 230
227 231
227 232
227 233
227 234
227 235
227 236
227 240
227 241
227 242
227 243
227 244
227 246
227 248
227 249
227 253
227 355
227 364
227 381
227 429
228 229
228 230
228 231
228 233
228 234
228 235
228 237
228 238
228 239
228 241
228 242
228 243
228 244
228 245
228 247
228 248
228 249
228 254
228 349
228 385
228 360
228 462
228 463
229 230
229 231
229 232
229 233
229 234
229 235
229 236
229 237
229 238
229 240
229 241
229 243
229 244
229 245
229 246
229 247
229 248
229 249
229 426
229 437
229 450
230 231
230 232
230 233
230 234
230 235
230 236
230 237
230 238
230 239
230 240
230 241
230 242
230 244
230 245
230 246
230 247
230 248
230 249
230 293
230 254
230 303
230 321
230 336
230 372
230 413
230 446
230 459
230 471
230 490
231 232
231 233
231 234
231 235
231 237
231 238
231 240
231 241
231 243
231 246
231 248
231 261
231 285
231 316
231 321
231 330
231 336
231 418
231 429
231 492
232 234
232 236
232 237
232 238
232 239
232 240
232 241
232 242
232 243
232 244
232 245
232 246
232 247
232 249
233 234
233 235
233 237
233 238
233 239
233 240
233 242
233 243
233 244
233 245
233 248
233 249
233 322
233 375
233 378
233 379
233 417
233 428
234 235
234 238
234 239
234 241
234 242
234 244
234 245
234 246
234 247
234 248
234 249
234 268
234 275
234 303
234 317
234 364
234 419
234 432
234 491
235 237
235 238
235 239
235 240
235 241
235 242
235 243
235 244
235 245
235 246
235 248
235 249
235 276
235 341
235 342
235 454
236 238
236 240
236 241
236 242
236 243
236 244
236 245
236 246
236 247
236 248
236 249
236 274
236 278
236 295
236 359
236 491
237 238
237 239
237 240
237 241
237 242
237 243
237 244
237 245
237 246
237 247
237 248
237 249
237 283
237 301
237 325
237 385
237 369
237 404
237 443
238 240
238 242
238 243
238 244
238 246
238 247
238 248
238 287
238 251
238 378
238 465
239 240
239 241
239 242
239 243
239 244
239 245
239 247
239 248
239 273
239 297
239 254
239 315
239 364
239 365
240 241
240 242
240 245
240 246
240 248
240 249
240 344
240 387
240 400
240 439
240 470
241 242
241 244
241 245
241 246
241 247
241 248
241 249
241 292
241 295
241 252
241 317
241 435
242 243
242 244
242 245
242 246
242 247
242 248
242 249
242 282
242 334
242 349
242 393
242 463
242 465
243 244
243 245
243 246
243 247
243 248
243 249
243 277
243 284
243 384
243 354
244 245
244 246
244 247
244 248
244 249
244 278
244 343
244 364
244 380
244 419
244 423
244 427
244 436
244 443
244 447
244 473
244 477
245 246
245 247
245 248
245 249
245 392
245 413
245 446
246 247
246 249
246 262
246 331
246 428
246 456
246 475
246 483
247 248
247 249
247 284
247 300
247 340
247 349
247 390
247 396
247 398
247 364
247 373
247 413
247 448
247 468
247 478
248 249
248 277
248 282
248 324
248 375
248 403
248 446
248 448
249 278
249 299
249 317
249 328
249 409
249 455
249 473
249 474
256 257
256 258
256 260
256 261
256 262
256 263
256 264
256 267
256 268
256 270
256 271
256 272
256 274
256 275
256 277
256 278
256 280
256 281
256 282
256 283
256 284
256 285
256 286
256 287
256 288
256 289
256 290
256 291
256 293
256 294
256 295
256 296
256 298
256 299
256 250
256 251
256 252
256 253
256 254
256 255
256 328
256 341
256 409
256 462
256 490
256 491
257 258
257 259
257 261
257 262
257 263
257 264
257 265
257 266
257 267
257 270
257 271
257 272
257 274
257 275
257 277
257 279
257 280
257 281
257 285
257 286
257 287
257 288
257 289
257 290
257 291
257 292
257 293
257 294
257 295
257 296
257 297
257 298
257 299
257 250
257 252
257 253
257 254
257 255
257 435
257 457
257 474
258 259
258 260
258 261
258 262
258 263
258 264
258 265
258 266
258 267
258 268
258 270
258 272
258 273
258 274
258 275
258 278
258 279
258 280
258 281
258 285
258 286
258 287
258 288
258 289
258 290
258 291
258 292
258 293
258 296
258 297
258 298
258 299
258 250
258 251
258 252
258 253
258 254
258 255
258 332
258 335
258 388
258 394
258 399
258 367
258 457
259 260
259 261
259 262
259 263
259 264
259 265
259 266
259 267
259 268
259 269
259 270
259 271
259 273
259 274
259 275
259 276
259 277
259 280
259 282
259 283
259 285
259 286
259 288
259 289
259 290
259 291
259 292
259 294
259 295
259 296
259 297
259 298
259 299
259 250
259 251
259 252
259 253
259 254
259 255
259 323
259 381
260 262
260 263
260 264
260 265
260 266
260 268
260 269
260 270
260 271
260 273
260 274
260 275
260 277
260 278
260 279
260 280
260 281
260 282
260 283
260 285
260 287
260 289
260 290
260 291
260 292
260 293
260 294
260 295
260 296
260 297
260 298
260 299
260 250
260 251
260 252
260 253
260 254
260 255
260 392
260 457
260 464
261 262
261 263
261 264
261 266
261 267
261 268
261 270
261 271
261 272
261 273
261 274
261 275
261 276
261 277
261 278
261 280
261 281
261 282
261 285
261 287
261 288
261 290
261 291
261 292
261 294
261 295
261 296
261 297
261 298
261 299
261 250
261 251
261 252
261 253
261 254
261 338
261 366
261 381
261 403
262 263
262 264
262 265
262 266
262 267
262 268
262 269
262 270
262 271
262 274
262 275
262 276
262 278
262 281
262 282
262 284
262 285
262 287
262 288
262 289
262 290
262 291
262 292
262 295
262 296
262 297
262 299
262 250
262 253
262 254
262 255
262 313
262 316
262 331
262 342
262 384
262 356
262 380
262 479
263 264
263 265
263 266
263 267
263 268
263 270
263 272
263 273
263 275
263 276
263 277
263 278
263 279
263 280
263 281
263 282
263 283
263 284
263 285
263 286
263 287
263 288
263 289
263 291
263 293
263 294
263 295
263 296
263 297
263 298
263 299
263 250
263 251
263 252
263 253
263 254
263 255
263 324
263 329
263 348
263 397
263 354
263 424
263 438
264 267
264 268
264 269
264 270
264 272
264 273
264 274
264 275
264 276
264 278
264 279
264 280
264 281
264 283
264 285
264 286
264 288
264 289
264 290
264 291
264 292
264 293
264 294
264 295
264 296
264 297
264 298
264 299
264 250
264 252
264 253
264 389
264 356
264 416
264 431
264 450
264 465
264 469
264 474
264 477
264 479
264 482
265 266
265 267
265 268
265 270
265 271
265 272
265 274
265 275
265 276
265 277
265 278
265 279
265 280
265 281
265 282
265 283
265 284
265 285
265 286
265 287
265 288
265 290
265 291
265 292
265 293
265 294
265 296
265 297
265 299
265 250
265 251
265 252
265 253
265 254
265 255
265 357
265 404
265 452
265 479
266 267
266 268
266 269
266 270
266 271
266 272
266 275
266 276
266 278
266 280
266 281
266 283
266 284
266 285
266 286
266 287
266 288
266 289
266 290
266 293
266 294
266 295
266 296
266 297
266 298
266 299
266 250
266 251
266 252
266 255
266 307
266 309
266 313
266 333
266 380
266 403
266 414
267 268
267 270
267 271
267 272
267 273
267 275
267 277
267 278
267 279
267 283
267 284
267 285
267 286
267 287
267 288
267 290
267 292
267 293
267 295
267 296
267 297
267 298
267 251
267 252
267 253
267 254
267 255
267 309
267 317
267 388
267 418
267 446
267 449
267 498
268 269
268 270
268 274
268 275
268 276
268 277
268 278
268 279
268 280
268 282
268 283
268 285
268 286
268 287
268 288
268 289
268 291
268 292
268 293
268 294
268 295
268 296
268 297
268 298
268 299
268 250
268 251
268 253
268 322
268 397
268 366
268 481
268 496
269 270
269 272
269 273
269 274
269 277
269 279
269 280
269 281
269 282
269 283
269 284
269 285
269 287
269 288
269 290
269 291
269 292
269 294
269 296
269 297
269 298
269 299
269 250
269 251
269 253
269 254
269 255
269 302
269 308
269 315
269 316
269 318
269 393
269 379
269 436
269 453
269 458
269 472
269 492
270 271
270 272
270 273
270 277
270 279
270 281
270 282
270 283
270 284
270 286
270 287
270 288
270 289
270 291
270 292
270 293
270 294
270 295
270 296
270 297
270 298
270 250
270 251
270 253
270 254
270 255
270 354
270 377
270 437
270 485
271 273
271 274
271 275
271 276
271 277
271 278
271 280
271 281
271 282
271 283
271 284
271 285
271 289
271 290
271 291
271 292
271 294
271 295
271 296
271 299
271 250
271 251
271 252
271 253
271 254
271 255
271 300
271 315
271 411
271 436
271 467
271 475
271 476
271 489
272 273
272 274
272 275
272 278
272 279
272 280
272 281
272 282
272 283
272 284
272 287
272 288
272 290
272 291
272 292
272 294
272 295
272 298
272 299
272 250
272 251
272 252
272 305
272 318
272 359
272 382
272 416
272 423
272 424
272 439
272 478
273 275
273 277
273 279
273 281
273 282
273 283
273 284
273 286
273 287
273 288
273 290
273 293
273 294
273 295
273 297
273 298
273 251
273 253
273 254
273 255
273 309
273 314
273 421
273 428
273 448
273 485
273 489
273 492
274 275
274 277
274 278
274 281
274 282
274 283
274 284
274 285
274 287
274 288
274 289
274 290
274 292
274 293
274 294
274 295
274 297
274 298
274 299
274 252
274 253
274 254
274 311
274 326
274 398
274 366
274 436
274 477
274 481
274 493
275 276
275 277
275 279
275 281
275 282
275 284
275 285
275 286
275 287
275 288
275 289
275 291
275 292
275 294
275 295
275 296
275 297
275 299
275 250
275 251
275 252
275 253
275 254
275 255
275 300
275 306
275 421
275 427
275 466
275 468
276 277
276 279
276 280
276 281
276 282
276 283
276 284
276 285
276 286
276 287
276 288
276 289
276 290
276 291
276 292
276 293
276 294
276 295
276 296
276 297
276 299
276 250
276 251
276 252
276 253
276 254
276 255
276 343
276 348
276 351
276 424
276 425
276 450
276 459
277 279
277 280
277 281
277 282
277 283
277 285
277 286
277 288
277 289
277 290
277 291
277 292
277 294
277 295
277 296
277 297
277 298
277 299
277 250
277 251
277 252
277 253
277 255
277 302
277 316
277 318
277 326
277 330
277 338
277 384
277 350
277 443
277 491
278 279
278 280
278 281
278 284
278 285
278 286
278 287
278 288
278 289
278 291
278 292
278 293
278 294
278 295
278 297
278 298
278 299
278 250
278 251
278 252
278 253
278 254
278 340
278 361
278 368
278 371
278 413
279 280
279 281
279 283
279 284
279 285
279 287
279 288
279 289
279 290
279 291
279 294
279 295
279 296
279 297
279 298
279 299
279 250
279 251
279 252
279 253
279 315
279 408
279 423
280 281
280 282
280 283
280 284
280 285
280 286
280 287
280 288
280 289
280 290
280 291
280 292
280 293
280 294
280 295
280 296
280 297
280 298
280 299
280 251
280 252
280 253
280 254
280 255
280 320
280 349
280 419
280 454
280 478
281 282
281 283
281 285
281 286
281 287
281 288
281 289
281 290
281 292
281 293
281 294
281 295
281 297
281 298
281 250
281 251
281 253
281 254
281 255
281 319
281 321
281 345
281 389
281 374
281 421
281 436
281 458
282 283
282 284
282 285
282 286
282 288
282 289
282 290
282 291
282 293
282 295
282 296
282 297
282 299
282 250
282 251
282 252
282 253
282 254
282 255
282 393
282 443
282 448
282 457
282 470
282 488
283 285
283 287
283 288
283 289
283 290
283 291
283 292
283 293
283 294
283 295
283 296
283 297
283 298
283 299
283 250
283 251
283 252
283 253
283 254
283 255
283 352
283 356
283 446
283 449
283 453
283 456
283 474
284 285
284 286
284 287
284 289
284 290
284 291
284 292
284 293
284 294
284 295
284 296
284 298
284 299
284 250
284 251
284 252
284 253
284 254
284 306
284 333
284 392
284 396
284 358
284 360
284 450
284 484
284 499
285 286
285 287
285 288
285 289
285 290
285 291
285 292
285 294
285 296
285 297
285 298
285 299
285 250
285 251
285 252
285 254
285 255
285 341
285 349
285 388
285 368
285 372
285 429
285 492
286 287
286 288
286 289
286 290
286 291
286 292
286 294
286 296
286 297
286 298
286 299
286 251
286 252
286 253
286 255
286 316
286 329
286 379
286 445
286 448
286 469
287 288
287 290
287 291
287 295
287 296
287 297
287 298
287 299
287 250
287 251
287 252
287 253
287 254
287 318
287 344
287 397
287 368
287 442
288 289
288 290
288 291
288 292
288 293
288 294
288 295
288 297
288 298
288 299
288 250
288 251
288 252
288 253
288 326
288 343
288 412
288 427
288 431
288 434
288 440
288 453
288 468
288 478
288 485
289 290
289 291
289 292
289 294
289 295
289 297
289 298
289 299
289 250
289 252
289 253
289 254
289 343
289 393
289 478
290 291
290 292
290 293
290 294
290 295
290 296
290 298
290 299
290 250
290 304
290 322
290 327
290 401
290 403
291 292
291 293
291 294
291 295
291 296
291 297
291 298
291 299
291 250
291 252
291 255
291 336
291 395
291 495
292 293
292 294
292 295
292 296
292 297
292 298
292 250
292 251
292 252
292 253
292 254
292 255
292 302
292 339
292 390
292 395
292 417
292 452
292 486
292 490
293 294
293 296
293 298
293 250
293 251
293 252
293 253
293 254
293 255
293 322
293 360
293 380
293 441
293 444
293 481
293 483
294 295
294 296
294 297
294 298
294 299
294 250
294 251
294 252
294 253
294 254
294 255
294 379
294 411
294 419
294 475
295 296
295 297
295 298
295 299
295 251
295 252
295 254
295 255
295 303
295 383
295 483
296 298
296 299
296 251
296 253
296 255
296 322
296 337
296 409
296 498
297 298
297 299
297 251
297 252
297 253
297 254
297 255
297 330
297 393
297 463
298 299
298 250
298 252
298 253
298 254
298 255
298 320
298 351
298 371
298 374
298 497
298 498
299 250
299 252
299 253
299 254
299 300
299 309
299 355
299 429
250 253
250 254
250 255
250 323
250 345
250 385
250 365
250 377
250 415
250 480
251 253
251 254
251 255
251 354
251 371
251 456
251 457
251 460
252 253
252 254
252 255
252 310
252 321
252 340
252 361
252 403
252 454
252 467
252 484
253 254
253 255
253 316
253 347
253 400
253 422
253 471
254 255
254 321
254 333
254 347
254 357
254 404
254 413
254 420
254 464
254 497
255 348
255 384
255 393
255 354
255 356
255 455
300 301
300 302
300 304
300 305
300 306
300 307
300 308
300 309
300 310
300 311
300 312
300 313
300 314
300 315
300 316
300 318
300 319
300 320
300 321
300 323
300 324
300 326
300 328
300 329
300 330
300 331
300 332
300 334
300 335
300 336
300 337
300 338
300 339
300 340
300 341
300 343
300 344
300 345
300 347
300 416
300 451
301 302
301 304
301 308
301 309
301 310
301 311
301 312
301 313
301 314
301 315
301 317
301 319
301 320
301 321
301 322
301 323
301 324
301 325
301 328
301 329
301 330
301 331
301 332
301 334
301 335
301 336
301 337
301 338
301 339
301 340
301 341
301 342
301 343
301 344
301 345
301 346
301 347
301 348
301 349
301 386
301 359
301 401
301 444
301 492
302 304
302 305
302 306
302 307
302 308
302 309
302 310
302 311
302 312
302 314
302 315
302 316
302 317
302 318
302 320
302 321
302 322
302 324
302 325
302 326
302 327
302 329
302 331
302 332
302 334
302 335
302 337
302 338
302 339
302 340
302 341
302 343
302 344
302 345
302 346
302 347
302 348
302 349
302 354
302 419
302 445
302 496
303 304
303 305
303 306
303 307
303 308
303 309
303 310
303 311
303 312
303 313
303 315
303 316
303 317
303 318
303 319
303 320
303 321
303 323
303 324
303 325
303 326
303 327
303 329
303 330
303 331
303 332
303 333
303 335
303 337
303 338
303 339
303 340
303 341
303 343
303 344
303 345
303 347
303 348
303 349
303 353
303 382
304 305
304 307
304 308
304 310
304 312
304 313
304 314
304 316
304 317
304 318
304 320
304 321
304 322
304 324
304 325
304 326
304 327
304 328
304 329
304 331
304 332
304 333
304 335
304 336
304 337
304 338
304 339
304 340
304 341
304 342
304 343
304 344
304 346
304 347
304 348
304 349
304 434
304 448
304 469
305 306
305 307
305 308
305 309
305 310
305 311
305 312
305 313
305 314
305 315
305 316
305 317
305 321
305 322
305 323
305 324
305 325
305 326
305 327
305 329
305 330
305 331
305 332
305 333
305 334
305 335
305 336
305 337
305 338
305 339
305 341
305 342
305 343
305 344
305 346
305 347
305 348
305 349
305 387
305 395
305 411
305 418
306 307
306 308
306 309
306 310
306 311
306 313
306 314
306 315
306 316
306 317
306 318
306 319
306 321
306 322
306 323
306 324
306 325
306 326
306 327
306 328
306 329
306 330
306 331
306 332
306 333
306 335
306 336
306 337
306 339
306 340
306 341
306 343
306 344
306 346
306 347
306 413
306 440
306 486
307 308
307 309
307 310
307 312
307 313
307 314
307 315
307 316
307 317
307 319
307 321
307 323
307 324
307 325
307 326
307 327
307 328
307 329
307 330
307 331
307 332
307 333
307 334
307 335
307 336
307 337
307 338
307 340
307 341
307 342
307 343
307 344
307 345
307 346
307 347
307 349
307 360
307 361
307 375
307 418
308 309
308 310
308 312
308 313
308 314
308 315
308 317
308 318
308 319
308 320
308 323
308 324
308 325
308 326
308 327
308 328
308 329
308 331
308 332
308 333
308 334
308 336
308 337
308 338
308 339
308 340
308 341
308 342
308 344
308 346
308 348
308 349
308 398
308 356
308 381
308 467
308 471
308 473
308 474
309 310
309 311
309 312
309 313
309 314
309 315
309 316
309 317
309 318
309 319
309 320
309 321
309 322
309 323
309 325
309 326
309 328
309 329
309 330
309 332
309 333
309 334
309 335
309 336
309 338
309 339
309 340
309 341
309 344
309 347
309 348
309 349
309 417
309 433
310 311
310 312
310 313
310 314
310 315
310 316
310 317
310 318
310 320
310 321
310 323
310 324
310 327
310 328
310 329
310 330
310 331
310 332
310 333
310 334
310 335
310 337
310 338
310 339
310 341
310 342
310 343
310 344
310 345
310 346
310 347
310 348
310 349
310 382
310 402
310 414
310 423
310 424
311 312
311 313
311 314
311 315
311 316
311 317
311 318
311 319
311 321
311 322
311 323
311 324
311 325
311 326
311 327
311 328
311 329
311 330
311 331
311 332
311 334
311 335
311 337
311 338
311 339
311 341
311 342
311 343
311 344
311 345
311 346
311 347
311 348
311 386
311 365
311 406
311 445
312 313
312 316
312 317
312 319
312 320
312 321
312 324
312 325
312 328
312 329
312 330
312 331
312 332
312 333
312 334
312 335
312 336
312 337
312 339
312 340
312 341
312 343
312 344
312 345
312 346
312 347
312 351
312 353
312 406
312 418
312 449
312 470
313 314
313 315
313 318
313 320
313 323
313 324
313 325
313 327
313 328
313 329
313 330
313 331
313 334
313 335
313 336
313 337
313 338
313 339
313 340
313 341
313 342
313 343
313 344
313 345
313 346
313 347
313 348
313 349
313 352
313 358
313 431
314 315
314 316
314 317
314 318
314 319
314 320
314 321
314 322
314 323
314 324
314 325
314 326
314 327
314 328
314 329
314 330
314 331
314 332
314 333
314 334
314 335
314 336
314 338
314 342
314 343
314 344
314 345
314 347
314 348
314 349
314 354
314 368
314 377
314 380
314 454
314 460
314 470
314 484
315 316
315 317
315 318
315 319
315 320
315 321
315 322
315 323
315 324
315 325
315 327
315 328
315 329
315 330
315 332
315 333
315 336
315 337
315 338
315 339
315 341
315 342
315 343
315 344
315 346
315 348
315 349
315 386
315 375
315 424
315 475
316 317
316 318
316 320
316 322
316 323
316 325
316 326
316 327
316 328
316 329
316 330
316 331
316 332
316 333
316 334
316 335
316 336
316 337
316 338
316 340
316 341
316 342
316 343
316 344
316 345
316 346
316 349
316 399
316 369
316 428
316 437
316 443
316 478
317 319
317 321
317 322
317 323
317 324
317 325
317 326
317 327
317 328
317 330
317 331
317 332
317 333
317 334
317 336
317 338
317 339
317 340
317 342
317 344
317 345
317 346
317 347
317 348
317 349
317 366
317 373
317 408
317 465
317 481
318 319
318 320
318 321
318 322
318 324
318 325
318 327
318 328
318 329
318 331
318 332
318 333
318 334
318 335
318 337
318 338
318 339
318 340
318 342
318 343
318 344
318 345
318 346
318 347
318 348
318 349
318 367
318 465
318 481
318 496
319 320
319 321
319 323
319 324
319 325
319 326
319 327
319 328
319 329
319 330
319 333
319 334
319 337
319 338
319 339
319 340
319 341
319 342
319 344
319 345
319 346
319 347
319 348
319 349
319 384
319 429
320 321
320 322
320 323
320 324
320 326
320 327
320 328
320 329
320 330
320 331
320 332
320 333
320 334
320 335
320 337
320 339
320 340
320 341
320 343
320 344
320 346
320 347
320 348
320 349
320 371
320 459
320 492
321 322
321 324
321 326
321 328
321 329
321 330
321 331
321 332
321 333
321 334
321 335
321 337
321 339
321 340
321 341
321 342
321 343
321 344
321 345
321 346
321 347
321 348
321 355
321 441
321 465
322 323
322 324
322 325
322 326
322 329
322 330
322 331
322 333
322 334
322 336
322 338
322 339
322 340
322 341
322 342
322 343
322 344
322 345
322 346
322 347
322 348
322 349
322 385
322 391
322 417
322 433
322 444
322 459
322 467
322 497
323 324
323 325
323 326
323 328
323 329
323 330
323 332
323 333
323 334
323 335
323 336
323 337
323 338
323 339
323 340
323 341
323 342
323 346
323 347
323 385
324 326
324 329
324 330
324 331
324 332
324 333
324 335
324 337
324 338
324 339
324 340
324 341
324 342
324 344
324 345
324 346
324 347
324 348
324 349
324 403
324 497
325 326
325 327
325 329
325 330
325 331
325 332
325 333
325 335
325 336
325 337
325 338
325 339
325 340
325 341
325 342
325 344
325 345
325 348
325 349
325 444
325 492
326 327
326 328
326 330
326 331
326 332
326 334
326 337
326 338
326 339
326 340
326 341
326 342
326 345
326 346
326 348
326 397
326 451
326 459
326 468
326 477
326 489
327 328
327 329
327 331
327 332
327 334
327 335
327 336
327 337
327 338
327 339
327 340
327 341
327 342
327 343
327 344
327 345
327 346
327 347
327 348
327 349
327 363
327 452
327 474
328 329
328 332
328 335
328 336
328 337
328 338
328 340
328 341
328 343
328 344
328 345
328 346
328 347
328 348
328 354
328 359
328 407
328 419
328 448
329 330
329 331
329 332
329 333
329 334
329 335
329 336
329 337
329 338
329 339
329 340
329 341
329 345
329 346
329 347
329 348
329 349
329 388
329 390
329 365
329 373
329 426
329 466
329 486
330 331
330 332
330 333
330 334
330 336
330 337
330 338
330 339
330 340
330 341
330 342
330 343
330 344
330 345
330 346
330 347
330 442
330 448
330 456
330 471
330 486
331 332
331 334
331 335
331 336
331 337
331 339
331 342
331 343
331 344
331 345
331 347
331 348
331 440
331 450
331 459
331 471
331 478
331 498
332 333
332 334
332 335
332 336
332 337
332 338
332 342
332 344
332 345
332 346
332 347
332 348
332 377
332 401
332 417
332 425
332 438
332 472
332 482
333 334
333 335
333 336
333 338
333 339
333 340
333 341
333 342
333 343
333 344
333 345
333 347
333 348
333 349
333 387
333 395
333 481
334 336
334 337
334 338
334 341
334 343
334 344
334 345
334 346
334 347
334 348
334 380
334 473
335 336
335 337
335 338
335 340
335 341
335 342
335 344
335 345
335 346
335 347
335 348
335 349
335 404
335 474
336 337
336 338
336 340
336 341
336 342
336 343
336 346
336 349
336 395
336 398
336 373
336 379
336 446
336 453
336 454
336 470
336 473
336 482
336 487
337 339
337 340
337 341
337 342
337 344
337 345
337 346
337 347
337 349
337 353
337 356
337 419
337 494
338 339
338 340
338 342
338 343
338 348
338 349
338 393
338 429
338 447
338 462
338 478
338 499
339 341
339 342
339 344
339 347
339 348
339 349
339 356
339 360
339 430
340 341
340 342
340 345
340 347
340 348
340 349
340 352
340 406
340 410
340 443
340 451
340 464
340 490
341 344
341 345
341 346
341 347
341 349
341 372
341 414
342 343
342 344
342 345
342 347
342 349
342 370
342 469
342 475
342 497
343 344
343 345
343 347
343 349
343 384
343 352
343 361
343 400
343 441
343 450
343 482
344 345
344 346
344 347
344 348
344 398
344 411
344 412
344 414
344 418
344 421
344 441
344 442
344 448
344 463
345 346
345 347
345 417
345 446
345 459
346 347
346 348
346 349
346 350
346 379
346 383
346 463
346 472
346 485
346 499
347 348
347 401
347 410
347 416
347 438
347 458
348 349
348 379
348 410
348 444
348 459
349 367
349 419
349 436
349 463
349 471
349 489
349 495
384 386
384 387
384 388
384 389
384 390
384 391
384 392
384 393
384 395
384 396
384 398
384 399
384 351
384 352
384 354
384 355
384 356
384 357
384 358
384 359
384 360
384 361
384 362
384 363
384 365
384 367
384 369
384 371
384 372
384 373
384 374
384 376
384 377
384 378
384 379
384 380
384 381
384 382
384 383
384 415
384 423
384 442
384 446
384 449
384 450
384 466
385 386
385 387
385 388
385 389
385 391
385 395
385 396
385 398
385 399
385 351
385 352
385 353
385 354
385 355
385 356
385 358
385 359
385 360
385 361
385 362
385 363
385 364
385 365
385 367
385 369
385 370
385 371
385 373
385 374
385 375
385 379
385 381
385 382
385 383
385 402
385 421
385 457
386 387
386 388
386 389
386 390
386 392
386 393
386 394
386 395
386 396
386 397
386 399
386 350
386 351
386 352
386 353
386 355
386 356
386 357
386 358
386 360
386 362
386 363
386 366
386 367
386 368
386 369
386 371
386 372
386 373
386 374
386 375
386 377
386 378
386 379
386 380
386 381
386 382
386 383
386 472
386 499
387 388
387 389
387 390
387 391
387 392
387 394
387 395
387 396
387 397
387 398
387 399
387 350
387 351
387 352
387 353
387 354
387 356
387 357
387 360
387 361
387 362
387 363
387 364
387 365
387 367
387 368
387 369
387 370
387 371
387 372
387 373
387 374
387 375
387 376
387 377
387 378
387 381
387 382
387 383
387 408
387 418
387 448
387 455
387 473
387 495
388 389
388 390
388 391
388 392
388 394
388 395
388 396
388 398
388 399
388 350
388 351
388 354
388 355
388 356
388 360
388 361
388 363
388 364
388 365
388 367
388 368
388 369
388 370
388 371
388 372
388 373
388 374
388 375
388 377
388 378
388 379
388 380
388 382
388 420
388 439
388 449
389 390
389 391
389 392
389 393
389 394
389 395
389 396
389 398
389 399
389 350
389 352
389 353
389 354
389 355
389 356
389 357
389 358
389 362
389 363
389 364
389 365
389 368
389 370
389 371
389 372
389 373
389 375
389 376
389 377
389 378
389 379
389 381
389 411
389 453
389 468
389 477
389 495
390 391
390 392
390 393
390 394
390 395
390 398
390 399
390 351
390 352
390 353
390 354
390 355
390 356
390 357
390 360
390 361
390 362
390 363
390 364
390 365
390 366
390 367
390 368
390 369
390 370
390 371
390 372
390 373
390 374
390 376
390 377
390 378
390 379
390 380
390 381
390 382
390 406
390 467
390 483
390 493
391 393
391 394
391 396
391 397
391 399
391 350
391 351
391 352
391 353
391 354
391 355
391 356
391 358
391 359
391 360
391 362
391 363
391 364
391 365
391 366
391 369
391 370
391 371
391 372
391 373
391 374
391 375
391 377
391 378
391 380
391 383
391 456
391 474
391 499
392 394
392 396
392 397
392 398
392 399
392 350
392 351
392 352
392 353
392 354
392 355
392 356
392 357
392 359
392 361
392 362
392 363
392 364
392 365
392 366
392 367
392 369
392 371
392 372
392 373
392 375
392 376
392 377
392 378
392 379
392 381
392 382
392 433
392 445
392 461
392 490
393 395
393 396
393 398
393 350
393 353
393 354
393 355
393 356
393 357
393 358
393 359
393 360
393 361
393 362
393 363
393 364
393 365
393 366
393 367
393 369
393 372
393 373
393 374
393 376
393 377
393 378
393 379
393 380
393 381
393 382
393 383
393 405
393 408
393 411
393 427
393 442
393 450
393 455
393 484
393 499
394 395
394 396
394 397
394 398
394 399
394 350
394 351
394 352
394 353
394 355
394 356
394 358
394 359
394 361
394 362
394 363
394 364
394 365
394 367
394 368
394 369
394 370
394 371
394 372
394 374
394 375
394 376
394 377
394 378
394 379
394 381
394 382
394 480
395 396
395 397
395 399
395 350
395 351
395 352
395 353
395 355
395 356
395 357
395 358
395 360
395 362
395 363
395 364
395 366
395 367
395 369
395 371
395 373
395 374
395 376
395 377
395 378
395 379
395 380
395 381
395 383
395 415
395 432
395 471
396 397
396 398
396 399
396 352
396 354
396 355
396 356
396 357
396 358
396 359
396 361
396 362
396 363
396 365
396 366
396 367
396 368
396 370
396 372
396 374
396 375
396 376
396 377
396 378
396 379
396 380
396 381
396 382
396 442
397 398
397 399
397 351
397 352
397 353
397 354
397 355
397 356
397 357
397 358
397 359
397 360
397 361
397 363
397 364
397 365
397 366
397 367
397 368
397 369
397 370
397 371
397 377
397 378
397 379
397 380
397 382
397 383
397 489
398 399
398 350
398 351
398 352
398 353
398 354
398 355
398 356
398 357
398 358
398 359
398 360
398 361
398 362
398 363
398 365
398 366
398 369
398 370
398 372
398 373
398 374
398 375
398 376
398 377
398 380
398 381
398 382
398 383
398 404
398 418
399 350
399 351
399 352
399 353
399 354
399 355
399 356
399 357
399 358
399 359
399 360
399 361
399 362
399 363
399 364
399 367
399 368
399 369
399 370
399 371
399 372
399 373
399 374
399 375
399 376
399 377
399 378
399 379
399 380
399 381
399 382
399 383
399 421
399 466
399 499
350 351
350 352
350 354
350 355
350 356
350 357
350 358
350 359
350 361
350 362
350 363
350 364
350 365
350 366
350 367
350 368
350 370
350 372
350 373
350 374
350 375
350 376
350 377
350 378
350 379
350 380
350 382
350 383
350 401
350 417
350 458
350 482
350 485
351 352
351 354
351 356
351 357
351 358
351 359
351 361
351 362
351 363
351 364
351 365
351 366
351 367
351 368
351 372
351 375
351 377
351 378
351 380
351 381
351 382
351 383
351 417
351 458
351 471
352 353
352 354
352 355
352 356
352 357
352 358
352 359
352 360
352 361
352 362
352 363
352 365
352 366
352 367
352 368
352 369
352 370
352 371
352 372
352 373
352 376
352 377
352 378
352 380
352 381
352 382
352 401
352 407
352 452
352 464
353 354
353 355
353 356
353 358
353 359
353 361
353 362
353 363
353 364
353 365
353 366
353 367
353 369
353 370
353 372
353 373
353 374
353 375
353 377
353 378
353 379
353 380
353 381
353 426
353 449
353 453
353 472
353 480
353 486
353 488
354 355
354 357
354 359
354 361
354 363
354 364
354 365
354 368
354 370
354 371
354 372
354 374
354 375
354 376
354 377
354 378
354 379
354 380
354 382
354 383
354 491
355 356
355 357
355 358
355 359
355 360
355 361
355 362
355 363
355 366
355 369
355 370
355 371
355 372
355 373
355 374
355 375
355 376
355 377
355 378
355 379
355 380
355 381
355 382
355 383
355 433
355 464
355 480
356 357
356 358
356 359
356 360
356 361
356 362
356 363
356 364
356 365
356 366
356 370
356 371
356 373
356 374
356 375
356 376
356 377
356 379
356 380
356 382
356 383
356 450
356 479
357 358
357 360
357 361
357 363
357 365
357 366
357 368
357 369
357 370
357 371
357 372
357 373
357 374
357 375
357 376
357 378
357 380
357 382
357 438
357 482
357 486
358 361
358 362
358 364
358 365
358 366
358 367
358 368
358 370
358 371
358 372
358 373
358 374
358 375
358 376
358 377
358 379
358 381
358 382
358 383
358 404
358 436
358 441
358 489
359 360
359 362
359 363
359 364
359 365
359 366
359 367
359 370
359 371
359 372
359 373
359 374
359 376
359 377
359 378
359 379
359 381
359 382
359 383
359 411
359 435
360 361
360 362
360 363
360 364
360 367
360 368
360 369
360 370
360 371
360 372
360 373
360 374
360 375
360 377
360 378
360 379
360 380
360 381
360 382
360 383
360 401
360 448
360 490
361 362
361 364
361 367
361 368
361 369
361 370
361 371
361 372
361 373
361 374
361 375
361 376
361 377
361 378
361 379
361 380
361 381
361 382
361 383
361 430
361 441
362 363
362 364
362 365
362 366
362 367
362 368
362 369
362 371
362 372
362 373
362 374
362 375
362 376
362 377
362 380
362 382
362 383
362 425
362 455
363 364
363 366
363 367
363 368
363 369
363 370
363 371
363 372
363 373
363 374
363 375
363 376
363 377
363 378
363 379
363 380
363 381
363 383
363 488
363 491
364 365
364 366
364 367
364 369
364 370
364 372
364 373
364 375
364 376
364 379
364 381
364 382
364 383
364 402
364 453
364 496
364 497
365 366
365 367
365 369
365 370
365 371
365 372
365 373
365 374
365 375
365 376
365 377
365 378
365 379
365 380
365 381
365 456
365 479
365 481
365 485
366 367
366 368
366 369
366 370
366 371
366 373
366 374
366 377
366 378
366 379
366 380
366 381
366 382
366 383
366 418
366 464
366 471
366 489
367 368
367 369
367 370
367 371
367 373
367 374
367 375
367 376
367 379
367 380
367 381
367 382
367 383
367 433
367 470
367 481
368 369
368 370
368 371
368 373
368 374
368 375
368 376
368 377
368 378
368 379
368 380
368 382
368 383
368 427
368 431
369 371
369 372
369 373
369 374
369 375
369 376
369 377
369 378
369 381
369 382
369 383
369 430
369 433
369 465
369 469
369 471
369 497
370 371
370 372
370 373
370 374
370 375
370 376
370 378
370 379
370 380
370 381
370 382
370 383
370 408
370 415
370 420
370 470
370 490
371 372
371 373
371 374
371 375
371 376
371 378
371 381
371 382
371 383
371 407
371 412
371 466
371 474
371 498
372 374
372 376
372 379
372 380
372 381
372 382
372 383
372 462
372 471
372 475
373 374
373 375
373 376
373 377
373 378
373 379
373 381
373 382
373 383
373 436
373 442
373 456
373 464
373 490
374 375
374 376
374 378
374 379
374 380
374 381
374 382
374 383
374 443
374 469
374 489
375 376
375 377
375 378
375 379
375 380
375 382
375 383
375 413
375 443
375 446
375 464
376 377
376 378
376 379
376 380
376 382
376 383
376 409
376 436
377 379
377 380
377 381
377 382
377 383
377 428
377 452
377 471
377 492
378 379
378 381
378 382
378 383
378 454
378 469
378 473
378 484
379 380
379 381
379 382
379 383
379 443
379 459
379 475
380 381
380 382
380 383
380 406
380 409
380 423
380 465
380 481
381 382
381 383
381 439
382 383
382 477
383 405
383 421
383 425
383 443
383 453
383 467
400 401
400 402
400 403
400 405
400 406
400 408
400 409
400 410
400 411
400 412
400 413
400 414
400 415
400 416
400 417
400 418
400 419
400 420
400 421
400 422
400 423
400 424
400 426
400 428
400 431
400 432
400 433
400 434
400 435
400 436
400 437
400 438
400 439
400 440
400 444
400 445
400 446
400 447
400 449
400 479
400 497
401 402
401 403
401 404
401 405
401 406
401 407
401 408
401 409
401 410
401 411
401 412
401 413
401 414
401 416
401 417
401 418
401 420
401 421
401 423
401 424
401 425
401 426
401 427
401 428
401 429
401 431
401 432
401 433
401 434
401 435
401 436
401 437
401 439
401 440
401 441
401 442
401 444
401 445
401 447
401 448
401 449
401 464
401 478
401 490
402 403
402 404
402 405
402 406
402 407
402 408
402 409
402 410
402 411
402 412
402 414
402 415
402 416
402 417
402 418
402 419
402 421
402 423
402 424
402 425
402 428
402 430
402 431
402 432
402 433
402 434
402 435
402 436
402 440
402 442
402 443
402 444
402 445
402 446
402 447
402 448
402 449
402 457
403 404
403 405
403 406
403 407
403 408
403 410
403 411
403 413
403 415
403 416
403 417
403 418
403 419
403 420
403 421
403 422
403 423
403 424
403 426
403 427
403 428
403 431
403 433
403 436
403 437
403 438
403 439
403 440
403 441
403 442
403 443
403 444
403 445
403 447
403 448
403 449
403 453
403 459
403 469
404 405
404 406
404 408
404 409
404 410
404 411
404 412
404 413
404 414
404 416
404 417
404 418
404 419
404 420
404 421
404 422
404 423
404 424
404 425
404 426
404 427
404 429
404 430
404 431
404 432
404 433
404 434
404 436
404 437
404 438
404 439
404 440
404 441
404 443
404 444
404 446
404 447
404 452
405 406
405 408
405 409
405 410
405 411
405 412
405 414
405 415
405 416
405 418
405 419
405 420
405 421
405 422
405 423
405 424
405 425
405 426
405 427
405 429
405 430
405 431
405 432
405 433
405 434
405 436
405 437
405 438
405 439
405 440
405 441
405 442
405 443
405 444
405 446
405 448
405 449
405 458
405 464
405 482
406 407
406 408
406 410
406 412
406 414
406 415
406 417
406 419
406 420
406 422
406 423
406 424
406 425
406 426
406 427
406 429
406 430
406 431
406 432
406 433
406 434
406 435
406 436
406 437
406 439
406 440
406 441
406 442
406 443
406 445
406 446
406 447
406 448
406 449
406 492
407 408
407 409
407 410
407 411
407 412
407 413
407 414
407 415
407 416
407 417
407 418
407 419
407 420
407 421
407 422
407 423
407 424
407 426
407 429
407 430
407 431
407 432
407 434
407 435
407 436
407 437
407 438
407 439
407 441
407 442
407 443
407 444
407 445
407 446
407 447
407 448
407 449
407 454
407 477
407 478
408 409
408 410
408 413
408 414
408 416
408 417
408 418
408 419
408 421
408 423
408 425
408 426
408 427
408 428
408 429
408 431
408 432
408 433
408 435
408 436
408 438
408 439
408 440
408 441
408 442
408 443
408 445
408 447
408 448
408 449
409 410
409 411
409 412
409 413
409 414
409 418
409 420
409 421
409 425
409 426
409 427
409 428
409 429
409 432
409 435
409 436
409 437
409 440
409 441
409 442
409 443
409 444
409 445
409 446
409 448
409 449
409 450
409 497
410 411
410 412
410 413
410 414
410 415
410 416
410 417
410 418
410 420
410 421
410 422
410 423
410 424
410 425
410 426
410 427
410 428
410 429
410 430
410 431
410 432
410 433
410 434
410 435
410 437
410 438
410 439
410 440
410 441
410 442
410 443
410 444
410 446
410 447
410 449
411 412
411 415
411 416
411 417
411 418
411 419
411 420
411 421
411 422
411 423
411 424
411 425
411 426
411 428
411 429
411 431
411 432
411 433
411 434
411 435
411 436
411 439
411 440
411 441
411 444
411 445
411 446
411 447
411 448
411 449
411 469
412 413
412 414
412 415
412 416
412 417
412 418
412 419
412 420
412 421
412 423
412 424
412 425
412 426
412 427
412 429
412 430
412 431
412 432
412 433
412 434
412 435
412 437
412 438
412 440
412 441
412 442
412 443
412 444
412 445
412 446
412 447
412 449
413 414
413 415
413 416
413 417
413 419
413 420
413 422
413 424
413 425
413 426
413 427
413 428
413 429
413 430
413 431
413 432
413 433
413 434
413 435
413 437
413 438
413 439
413 441
413 442
413 443
413 444
413 445
413 446
413 449
413 480
413 481
413 483
414 415
414 416
414 418
414 419
414 420
414 421
414 423
414 425
414 427
414 428
414 429
414 430
414 431
414 432
414 433
414 434
414 435
414 436
414 437
414 438
414 439
414 441
414 442
414 443
414 444
414 445
414 447
414 449
415 416
415 419
415 420
415 421
415 424
415 425
415 426
415 427
415 429
415 430
415 431
415 432
415 433
415 436
415 437
415 438
415 439
415 440
415 441
415 442
415 443
415 444
415 445
415 446
415 447
415 449
415 497
416 417
416 419
416 422
416 423
416 424
416 425
416 426
416 427
416 428
416 429
416 431
416 433
416 434
416 435
416 437
416 438
416 439
416 441
416 444
416 445
416 446
416 447
416 448
416 449
417 418
417 419
417 420
417 421
417 422
417 423
417 425
417 426
417 430
417 432
417 433
417 434
417 436
417 437
417 438
417 439
417 440
417 441
417 442
417 447
417 448
417 466
417 469
418 420
418 422
418 423
418 424
418 425
418 426
418 427
418 428
418 429
418 430
418 431
418 433
418 434
418 435
418 436
418 437
418 440
418 441
418 443
418 444
418 445
418 448
418 449
418 484
419 420
419 421
419 422
419 423
419 425
419 427
419 428
419 429
419 430
419 431
419 432
419 433
419 434
419 435
419 436
419 437
419 438
419 439
419 442
419 443
419 444
419 447
419 448
419 473
419 490
420 421
420 422
420 423
420 424
420 425
420 427
420 428
420 429
420 430
420 431
420 432
420 433
420 435
420 437
420 438
420 439
420 441
420 442
420 443
420 444
420 445
420 446
420 447
420 448
420 449
421 422
421 424
421 426
421 428
421 431
421 432
421 433
421 434
421 435
421 436
421 437
421 438
421 440
421 441
421 442
421 443
421 444
421 445
421 446
421 447
421 448
421 449
421 473
422 423
422 424
422 425
422 426
422 427
422 428
422 429
422 430
422 432
422 433
422 434
422 435
422 436
422 437
422 438
422 439
422 440
422 441
422 442
422 444
422 446
422 447
422 448
422 449
423 424
423 425
423 426
423 427
423 428
423 429
423 430
423 431
423 432
423 433
423 434
423 435
423 436
423 437
423 439
423 440
423 441
423 442
423 443
423 444
423 446
423 447
423 448
423 449
423 483
424 425
424 426
424 427
424 428
424 429
424 430
424 431
424 432
424 434
424 435
424 436
424 437
424 438
424 439
424 440
424 441
424 442
424 444
424 445
424 446
424 447
424 449
424 490
424 496
425 426
425 427
425 429
425 431
425 432
425 433
425 436
425 438
425 439
425 440
425 442
425 444
425 445
425 447
425 448
425 449
425 475
426 427
426 428
426 429
426 430
426 431
426 432
426 435
426 436
426 437
426 439
426 440
426 441
426 442
426 443
426 447
426 448
426 449
426 462
426 488
427 429
427 430
427 431
427 432
427 433
427 435
427 437
427 438
427 439
427 440
427 442
427 443
427 444
427 445
427 446
427 447
427 448
427 449
427 488
428 431
428 432
428 433
428 434
428 435
428 436
428 437
428 438
428 439
428 440
428 442
428 443
428 444
428 445
428 446
428 447
428 448
428 449
428 451
429 430
429 432
429 433
429 434
429 435
429 436
429 437
429 438
429 439
429 440
429 441
429 442
429 443
429 444
429 445
429 447
429 448
429 449
429 497
430 432
430 433
430 439
430 440
430 441
430 442
430 443
430 445
430 446
430 447
430 448
430 449
430 454
430 481
431 432
431 433
431 435
431 436
431 437
431 438
431 439
431 440
431 441
431 442
431 443
431 444
431 445
431 447
431 449
431 466
431 471
432 433
432 436
432 437
432 438
432 439
432 440
432 442
432 443
432 445
432 446
432 448
433 434
433 435
433 436
433 437
433 439
433 440
433 441
433 442
433 444
433 446
433 447
433 495
434 435
434 436
434 437
434 438
434 439
434 441
434 442
434 443
434 445
434 446
434 447
434 448
434 449
434 484
435 436
435 437
435 438
435 440
435 441
435 442
435 444
435 445
435 446
435 448
435 449
435 458
436 437
436 438
436 439
436 442
436 443
436 444
436 447
436 448
436 477
436 478
436 490
436 494
437 438
437 440
437 441
437 443
437 444
437 445
437 446
437 447
437 448
437 449
437 467
437 479
437 488
438 439
438 441
438 442
438 444
438 446
438 447
438 448
438 449
439 440
439 443
439 444
439 445
439 446
439 447
439 448
439 449
439 487
440 441
440 442
440 443
440 444
440 445
440 446
440 447
440 448
440 449
440 470
441 442
441 443
441 444
441 445
441 446
441 447
441 448
441 449
441 454
441 486
441 491
442 443
442 444
442 447
442 449
442 461
442 467
442 484
443 444
443 445
443 446
443 447
443 448
443 449
443 477
444 445
444 446
444 447
444 448
444 449
444 458
444 469
445 446
445 447
445 448
445 449
445 474
446 447
447 449
447 456
448 449
448 466
448 476
448 497
449 478
449 489
449 490
449 494
450 451
450 452
450 453
450 454
450 456
450 457
450 458
450 459
450 460
450 461
450 462
450 463
450 464
450 465
450 467
450 468
450 469
450 470
450 471
450 472
450 474
450 476
450 477
450 479
450 480
450 481
450 482
450 483
450 484
450 485
450 486
450 488
450 489
450 490
450 491
450 492
450 494
450 495
450 496
450 497
450 499
451 452
451 453
451 454
451 455
451 456
451 458
451 459
451 461
451 462
451 464
451 465
451 466
451 468
451 469
451 471
451 474
451 475
451 476
451 477
451 479
451 480
451 481
451 482
451 484
451 485
451 486
451 487
451 488
451 489
451 490
451 491
451 492
451 493
451 494
451 497
451 498
451 499
452 453
452 454
452 455
452 457
452 458
452 459
452 460
452 461
452 462
452 463
452 465
452 466
452 467
452 468
452 469
452 470
452 472
452 473
452 474
452 475
452 476
452 477
452 478
452 479
452 480
452 481
452 482
452 483
452 484
452 485
452 486
452 487
452 489
452 490
452 491
452 492
452 493
452 494
452 495
452 496
452 497
452 498
452 499
453 454
453 457
453 458
453 459
453 460
453 461
453 462
453 464
453 465
453 466
453 467
453 468
453 469
453 470
453 471
453 472
453 473
453 475
453 476
453 477
453 478
453 480
453 481
453 483
453 485
453 486
453 487
453 488
453 490
453 491
453 492
453 493
453 494
453 496
453 497
453 498
453 499
454 455
454 456
454 457
454 458
454 459
454 460
454 461
454 462
454 463
454 464
454 465
454 466
454 467
454 468
454 469
454 470
454 471
454 472
454 473
454 474
454 475
454 476
454 477
454 478
454 479
454 480
454 481
454 482
454 484
454 485
454 486
454 487
454 488
454 489
454 490
454 491
454 492
454 493
454 494
454 495
454 496
454 497
454 498
454 499
455 456
455 457
455 458
455 459
455 462
455 465
455 466
455 467
455 468
455 469
455 470
455 471
455 472
455 475
455 476
455 477
455 482
455 484
455 487
455 488
455 491
455 492
455 496
455 497
455 498
455 499
456 457
456 460
456 461
456 462
456 463
456 464
456 465
456 466
456 467
456 468
456 469
456 470
456 471
456 472
456 473
456 474
456 476
456 477
456 479
456 482
456 483
456 484
456 485
456 486
456 487
456 488
456 489
456 490
456 493
456 497
456 498
457 458
457 459
457 460
457 461
457 463
457 464
457 465
457 466
457 468
457 469
457 470
457 472
457 474
457 475
457 477
457 478
457 479
457 481
457 482
457 484
457 485
457 486
457 487
457 488
457 489
457 490
457 491
457 492
457 493
457 495
457 497
457 498
458 459
458 460
458 461
458 462
458 463
458 464
458 465
458 466
458 467
458 468
458 469
458 470
458 471
458 472
458 473
458 474
458 475
458 476
458 477
458 478
458 479
458 482
458 483
458 484
458 485
458 487
458 489
458 490
458 491
458 492
458 493
458 495
458 496
458 498
458 499
459 460
459 461
459 462
459 463
459 465
459 466
459 469
459 472
459 473
459 474
459 475
459 476
459 477
459 478
459 479
459 480
459 481
459 482
459 484
459 485
459 487
459 489
459 490
459 491
459 492
459 493
459 494
459 495
459 496
459 497
459 498
459 499
460 461
460 462
460 463
460 464
460 465
460 466
460 467
460 468
460 469
460 470
460 471
460 472
460 474
460 476
460 477
460 480
460 481
460 482
460 483
460 484
460 485
460 487
460 488
460 489
460 490
460 491
460 492
460 493
460 494
460 495
460 496
460 497
460 498
461 462
461 463
461 464
461 465
461 467
461 469
461 470
461 471
461 472
461 474
461 475
461 476
461 477
461 478
461 479
461 480
461 481
461 482
461 483
461 484
461 486
461 487
461 488
461 490
461 491
461 492
461 493
461 494
461 495
461 496
461 499
462 463
462 464
462 465
462 466
462 467
462 468
462 469
462 470
462 471
462 472
462 473
462 474
462 475
462 476
462 477
462 478
462 479
462 480
462 481
462 482
462 486
462 487
462 488
462 489
462 490
462 491
462 492
462 493
462 494
462 496
462 497
462 498
462 499
463 465
463 466
463 468
463 469
463 470
463 472
463 475
463 476
463 477
463 480
463 481
463 482
463 484
463 485
463 486
463 487
463 488
463 489
463 492
463 493
463 494
463 496
463 497
463 498
463 499
464 465
464 466
464 467
464 469
464 470
464 472
464 473
464 474
464 475
464 476
464 477
464 478
464 479
464 480
464 481
464 483
464 485
464 487
464 488
464 489
464 491
464 492
464 493
464 494
464 495
464 497
464 498
464 499
465 466
465 467
465 468
465 469
465 470
465 471
465 473
465 475
465 476
465 478
465 479
465 480
465 481
465 484
465 485
465 486
465 487
465 492
465 493
465 495
465 496
465 497
465 498
465 499
466 467
466 468
466 469
466 470
466 471
466 472
466 475
466 477
466 478
466 479
466 480
466 481
466 482
466 484
466 486
466 487
466 490
466 491
466 492
466 493
466 494
466 495
466 496
466 498
466 499
467 468
467 469
467 470
467 471
467 472
467 474
467 476
467 478
467 479
467 482
467 483
467 484
467 485
467 486
467 487
467 489
467 490
467 491
467 492
467 493
467 494
467 495
467 496
467 497
467 498
468 469
468 470
468 471
468 472
468 473
468 474
468 476
468 477
468 478
468 480
468 481
468 482
468 483
468 485
468 486
468 487
468 488
468 489
468 490
468 491
468 492
468 494
468 495
468 496
468 498
468 499
469 472
469 474
469 475
469 477
469 478
469 479
469 481
469 483
469 485
469 486
469 487
469 488
469 490
469 491
469 492
469 496
469 497
470 471
470 472
470 473
470 474
470 475
470 477
470 479
470 480
470 481
470 482
470 483
470 485
470 486
470 487
470 488
470 489
470 490
470 491
470 492
470 493
470 495
470 496
470 497
470 499
471 474
471 476
471 477
471 479
471 480
471 481
471 482
471 483
471 484
471 485
471 486
471 487
471 488
471 489
471 490
471 491
471 493
471 495
471 496
471 497
471 498
471 499
472 473
472 474
472 475
472 476
472 477
472 478
472 480
472 481
472 483
472 485
472 486
472 487
472 489
472 490
472 491
472 492
472 494
472 495
472 496
472 499
473 474
473 475
473 477
473 480
473 481
473 482
473 485
473 486
473 487
473 488
473 490
473 491
473 492
473 493
473 494
473 495
473 496
473 497
473 498
474 476
474 477
474 478
474 479
474 482
474 484
474 485
474 486
474 487
474 488
474 489
474 490
474 491
474 492
474 494
474 495
474 496
474 498
474 499
475 476
475 477
475 478
475 479
475 480
475 481
475 482
475 483
475 484
475 487
475 488
475 489
475 490
475 491
475 492
475 493
475 494
475 495
475 498
476 478
476 479
476 480
476 481
476 482
476 483
476 484
476 485
476 486
476 487
476 488
476 489
476 490
476 491
476 492
476 493
476 494
476 496
476 497
476 498
476 499
477 479
477 480
477 481
477 482
477 483
477 485
477 486
477 487
477 489
477 491
477 492
477 493
477 495
477 497
477 498
478 480
478 481
478 484
478 485
478 486
478 487
478 489
478 490
478 493
478 494
478 495
478 496
478 497
478 498
478 499
479 480
479 481
479 482
479 483
479 486
479 487
479 488
479 489
479 490
479 491
479 493
479 495
479 496
479 497
479 498
479 499
480 481
480 482
480 483
480 484
480 486
480 487
480 488
480 489
480 490
480 491
480 492
480 493
480 494
480 495
480 496
480 497
480 498
481 482
481 484
481 485
481 486
481 487
481 488
481 489
481 490
481 491
481 492
481 494
481 495
481 496
481 497
481 498
481 499
482 484
482 485
482 486
482 487
482 488
482 489
482 490
482 491
482 492
482 493
482 494
482 495
482 496
482 497
482 498
482 499
483 484
483 485
483 486
483 488
483 491
483 492
483 494
483 496
483 497
483 499
484 485
484 486
484 487
484 488
484 490
484 491
484 492
484 493
484 494
484 495
484 496
484 497
484 498
484 499
485 486
485 487
485 488
485 489
485 490
485 491
485 492
485 494
485 495
485 496
485 499
486 487
486 489
486 490
486 491
486 492
486 493
486 494
486 495
486 496
486 497
486 499
487 488
487 489
487 491
487 492
487 494
487 495
487 496
487 497
487 498
487 499
488 490
488 491
488 492
488 493
488 494
488 496
488 497
488 498
488 499
489 490
489 492
489 494
489 495
489 496
489 497
489 498
489 499
490 491
490 492
490 493
490 494
490 495
490 496
490 498
491 492
491 493
491 494
491 496
491 498
491 499
492 493
492 494
492 497
492 498
493 494
493 497
493 498
493 499
494 495
494 496
494 497
494 498
494 499
495 496
495 497
495 498
495 499
496 497
496 498
496 499
497 498
497 499
498 499
