0 1
0 2
0 3
0 4
0 5
0 7
0 8
0 9
0 10
0 12
0 13
0 14
0 15
0 16
0 17
0 18
0 19
0 20
0 21
0 22
0 23
0 24
0 25
0 26
0 27
0 28
0 29
0 30
0 32
0 33
0 35
0 36
0 37
0 38
0 39
0 40
0 42
0 44
0 45
0 46
0 47
0 48
0 49
0 171
0 321
1 2
1 3
1 4
1 5
1 6
1 7
1 8
1 9
1 10
1 12
1 13
1 14
1 15
1 16
1 17
1 18
1 19
1 20
1 22
1 24
1 25
1 26
1 28
1 29
1 30
1 31
1 32
1 33
1 34
1 35
1 36
1 37
1 38
1 39
1 40
1 42
1 43
1 44
1 47
1 48
1 469
1 471
2 3
2 4
2 5
2 6
2 7
2 8
2 10
2 11
2 12
2 13
2 14
2 15
2 17
2 18
2 19
2 20
2 24
2 25
2 27
2 28
2 29
2 30
2 31
2 32
2 33
2 34
2 36
2 37
2 38
2 39
2 40
2 41
2 42
2 43
2 44
2 45
2 46
2 48
2 49
2 412
2 413
3 4
3 5
3 6
3 7
3 8
3 9
3 12
3 14
3 15
3 16
3 17
3 18
3 19
3 20
3 21
3 22
3 23
3 24
3 25
3 27
3 28
3 29
3 30
3 31
3 32
3 33
3 34
3 35
3 36
3 37
3 38
3 39
3 40
3 41
3 42
3 44
3 45
3 46
3 104
4 5
4 6
4 7
4 8
4 9
4 10
4 12
4 13
4 14
4 16
4 18
4 19
4 20
4 22
4 23
4 24
4 25
4 26
4 27
4 28
4 30
4 31
4 32
4 33
4 34
4 35
4 36
4 37
4 38
4 39
4 41
4 42
4 43
4 44
4 45
4 46
4 47
4 49
4 147
4 238
4 347
4 406
5 6
5 7
5 8
5 9
5 10
5 14
5 16
5 17
5 18
5 20
5 21
5 23
5 25
5 26
5 27
5 28
5 29
5 30
5 32
5 33
5 34
5 35
5 36
5 38
5 40
5 41
5 42
5 44
5 45
5 46
5 47
5 48
5 49
5 107
5 454
6 7
6 8
6 9
6 10
6 11
6 12
6 13
6 14
6 15
6 16
6 17
6 19
6 20
6 21
6 22
6 23
6 24
6 25
6 26
6 27
6 28
6 29
6 32
6 33
6 34
6 36
6 37
6 38
6 39
6 40
6 41
6 43
6 45
6 46
6 49
6 74
6 84
7 8
7 9
7 10
7 11
7 12
7 13
7 14
7 15
7 16
7 17
7 18
7 20
7 22
7 24
7 25
7 26
7 27
7 28
7 29
7 30
7 31
7 32
7 33
7 34
7 36
7 37
7 39
7 40
7 41
7 42
7 43
7 44
7 45
7 46
7 47
7 48
7 49
8 10
8 11
8 12
8 13
8 14
8 15
8 16
8 18
8 19
8 20
8 23
8 24
8 25
8 27
8 32
8 33
8 34
8 35
8 36
8 37
8 38
8 39
8 40
8 41
8 42
8 43
8 45
8 46
8 47
8 49
8 108
8 110
8 191
8 269
8 341
8 482
9 10
9 11
9 12
9 13
9 14
9 15
9 16
9 18
9 19
9 20
9 21
9 22
9 23
9 24
9 25
9 26
9 27
9 28
9 30
9 31
9 32
9 33
9 34
9 35
9 36
9 38
9 39
9 40
9 41
9 42
9 43
9 44
9 45
9 46
9 48
9 49
9 111
9 289
10 11
10 12
10 13
10 14
10 16
10 17
10 18
10 19
10 21
10 22
10 23
10 25
10 26
10 27
10 28
10 29
10 31
10 33
10 34
10 35
10 36
10 37
10 38
10 39
10 40
10 41
10 42
10 43
10 44
10 45
10 46
10 47
10 48
10 66
10 87
11 12
11 14
11 15
11 16
11 17
11 18
11 19
11 20
11 21
11 22
11 25
11 26
11 27
11 28
11 29
11 30
11 31
11 32
11 34
11 35
11 36
11 39
11 41
11 43
11 44
11 45
11 47
11 48
11 429
11 479
12 13
12 14
12 15
12 18
12 20
12 21
12 22
12 23
12 25
12 27
12 28
12 29
12 30
12 32
12 33
12 34
12 35
12 36
12 38
12 39
12 40
12 41
12 42
12 43
12 44
12 45
12 46
12 47
12 49
12 371
12 412
13 14
13 15
13 16
13 17
13 19
13 21
13 22
13 24
13 26
13 28
13 29
13 30
13 31
13 32
13 34
13 35
13 36
13 37
13 39
13 41
13 42
13 43
13 44
13 45
13 46
13 47
13 48
13 49
13 278
14 15
14 17
14 18
14 19
14 20
14 21
14 22
14 23
14 25
14 26
14 27
14 28
14 29
14 31
14 33
14 34
14 36
14 37
14 38
14 39
14 40
14 42
14 44
14 46
14 47
14 48
14 81
14 241
14 242
14 461
14 465
15 16
15 18
15 19
15 20
15 21
15 23
15 25
15 28
15 29
15 30
15 32
15 33
15 34
15 35
15 36
15 37
15 38
15 39
15 40
15 43
15 44
15 45
15 46
15 47
15 48
15 199
15 297
16 17
16 19
16 20
16 21
16 22
16 23
16 25
16 26
16 27
16 30
16 31
16 32
16 33
16 34
16 35
16 37
16 38
16 39
16 40
16 41
16 43
16 44
16 45
16 46
16 47
16 48
16 151
16 419
17 18
17 20
17 21
17 22
17 24
17 25
17 26
17 27
17 28
17 29
17 30
17 31
17 32
17 33
17 34
17 36
17 37
17 38
17 39
17 40
17 42
17 43
17 44
17 45
17 46
17 47
17 49
17 148
17 491
18 19
18 21
18 22
18 23
18 24
18 25
18 26
18 27
18 28
18 29
18 30
18 31
18 32
18 34
18 35
18 36
18 37
18 38
18 39
18 40
18 42
18 44
18 45
18 47
18 48
18 49
18 57
18 137
18 381
19 21
19 23
19 24
19 25
19 26
19 27
19 28
19 29
19 30
19 31
19 32
19 34
19 35
19 36
19 38
19 39
19 41
19 42
19 43
19 44
19 45
19 46
19 48
20 22
20 23
20 25
20 27
20 28
20 29
20 31
20 33
20 34
20 36
20 37
20 38
20 39
20 40
20 41
20 43
20 44
20 45
20 46
20 48
20 49
20 317
21 22
21 23
21 24
21 25
21 27
21 28
21 29
21 31
21 32
21 33
21 34
21 35
21 36
21 38
21 39
21 40
21 41
21 42
21 43
21 44
21 47
21 48
21 49
21 207
21 315
21 343
22 23
22 24
22 27
22 28
22 29
22 30
22 31
22 32
22 33
22 34
22 35
22 36
22 37
22 38
22 39
22 40
22 41
22 42
22 44
22 45
22 47
22 48
22 49
22 180
22 259
22 264
22 273
22 385
22 463
23 24
23 25
23 26
23 27
23 28
23 29
23 30
23 31
23 32
23 33
23 34
23 35
23 36
23 37
23 38
23 39
23 40
23 42
23 43
23 44
23 45
23 47
23 48
23 49
23 164
24 25
24 26
24 27
24 29
24 31
24 33
24 35
24 37
24 40
24 41
24 44
24 45
24 47
24 48
24 49
24 218
24 367
24 468
25 26
25 27
25 32
25 34
25 35
25 36
25 38
25 41
25 43
25 44
25 45
25 46
25 47
25 48
25 49
25 96
25 325
25 343
26 27
26 28
26 29
26 30
26 31
26 32
26 33
26 34
26 37
26 39
26 40
26 41
26 42
26 44
26 45
26 49
26 265
26 298
26 365
26 371
27 28
27 29
27 30
27 31
27 32
27 33
27 34
27 35
27 36
27 37
27 38
27 39
27 40
27 41
27 43
27 44
27 45
27 46
27 47
27 48
27 49
28 29
28 30
28 31
28 32
28 33
28 34
28 35
28 37
28 38
28 39
28 40
28 41
28 42
28 43
28 44
28 45
28 46
28 47
28 49
28 376
29 30
29 31
29 32
29 34
29 35
29 38
29 39
29 44
29 45
29 46
29 48
29 49
29 89
29 227
29 485
30 31
30 32
30 33
30 34
30 36
30 37
30 38
30 39
30 40
30 41
30 42
30 43
30 44
30 45
30 46
30 47
30 48
30 49
30 50
30 88
30 225
30 415
31 33
31 35
31 37
31 39
31 40
31 41
31 42
31 43
31 44
31 45
31 46
31 47
31 48
31 282
31 493
32 33
32 34
32 36
32 37
32 38
32 39
32 40
32 42
32 43
32 44
32 45
32 46
32 49
32 149
32 219
32 233
33 34
33 35
33 36
33 37
33 38
33 39
33 40
33 41
33 42
33 43
33 44
33 46
33 47
33 48
34 35
34 37
34 38
34 39
34 40
34 41
34 43
34 44
34 45
34 46
34 47
34 48
34 49
34 105
34 362
34 455
35 36
35 37
35 38
35 39
35 40
35 41
35 42
35 43
35 44
35 45
35 46
35 47
35 48
35 49
35 82
35 349
36 37
36 38
36 39
36 40
36 41
36 44
36 46
36 47
36 48
36 49
36 438
36 464
37 39
37 40
37 41
37 42
37 43
37 44
37 46
37 47
37 48
37 49
37 149
37 250
37 427
38 39
38 41
38 42
38 43
38 44
38 45
38 46
38 47
38 48
39 40
39 41
39 42
39 43
39 44
39 46
39 48
39 49
39 351
39 457
40 42
40 43
40 44
40 49
40 132
40 206
40 238
40 319
40 371
40 424
41 42
41 44
41 45
41 46
41 47
41 48
41 49
41 117
41 158
41 457
42 43
42 44
42 45
42 49
43 45
43 46
43 223
43 264
44 45
44 46
44 48
44 49
44 155
44 449
45 48
45 49
45 289
45 384
45 350
46 47
46 48
46 49
46 227
46 241
46 415
46 416
46 452
47 48
47 49
47 193
47 211
47 216
47 388
48 49
48 480
49 53
49 138
49 491
49 493
50 51
50 52
50 53
50 55
50 56
50 57
50 58
50 59
50 60
50 61
50 62
50 63
50 64
50 65
50 66
50 67
50 68
50 69
50 70
50 71
50 72
50 74
50 75
50 76
50 79
50 81
50 83
50 84
50 86
50 90
50 92
50 93
50 94
50 95
50 98
50 99
50 151
50 267
50 378
50 429
50 461
50 495
51 54
51 55
51 56
51 57
51 58
51 60
51 61
51 62
51 64
51 65
51 68
51 69
51 70
51 71
51 72
51 73
51 74
51 75
51 77
51 78
51 79
51 80
51 81
51 82
51 83
51 84
51 85
51 86
51 87
51 88
51 89
51 91
51 92
51 93
51 94
51 95
51 96
51 98
51 99
51 129
52 53
52 54
52 55
52 56
52 57
52 58
52 59
52 60
52 61
52 62
52 63
52 64
52 66
52 68
52 70
52 73
52 74
52 75
52 78
52 79
52 80
52 81
52 82
52 83
52 85
52 86
52 87
52 89
52 90
52 91
52 92
52 94
52 97
52 98
52 99
52 236
52 380
52 461
53 54
53 55
53 56
53 57
53 58
53 59
53 60
53 61
53 63
53 64
53 65
53 66
53 67
53 68
53 69
53 70
53 71
53 73
53 74
53 75
53 76
53 77
53 78
53 79
53 80
53 82
53 83
53 85
53 86
53 89
53 90
53 91
53 93
53 95
53 96
53 97
53 98
53 99
53 149
53 202
53 293
53 475
54 56
54 59
54 60
54 61
54 63
54 64
54 65
54 67
54 68
54 69
54 71
54 72
54 73
54 75
54 76
54 78
54 80
54 82
54 83
54 84
54 87
54 88
54 89
54 90
54 91
54 92
54 94
54 95
54 96
54 97
54 98
54 99
54 141
55 56
55 57
55 59
55 60
55 61
55 63
55 65
55 67
55 68
55 71
55 72
55 73
55 74
55 75
55 77
55 78
55 80
55 81
55 82
55 83
55 84
55 86
55 87
55 88
55 89
55 91
55 92
55 93
55 94
55 95
55 96
55 97
55 98
55 99
55 139
55 126
56 57
56 58
56 59
56 60
56 61
56 62
56 63
56 64
56 65
56 66
56 68
56 71
56 72
56 73
56 74
56 76
56 77
56 78
56 79
56 81
56 84
56 86
56 87
56 89
56 90
56 91
56 92
56 94
56 96
56 97
56 98
56 99
57 58
57 59
57 60
57 61
57 63
57 64
57 65
57 66
57 68
57 69
57 71
57 72
57 73
57 74
57 75
57 76
57 77
57 78
57 79
57 80
57 82
57 83
57 86
57 87
57 88
57 89
57 90
57 93
57 99
57 283
57 316
58 59
58 60
58 62
58 63
58 64
58 65
58 66
58 67
58 68
58 69
58 70
58 71
58 72
58 73
58 74
58 75
58 76
58 77
58 78
58 79
58 80
58 81
58 82
58 83
58 84
58 86
58 87
58 88
58 92
58 93
58 94
58 95
58 96
58 97
58 98
58 99
58 191
58 473
58 494
59 62
59 63
59 65
59 66
59 67
59 68
59 69
59 71
59 73
59 74
59 75
59 76
59 78
59 79
59 80
59 81
59 82
59 83
59 84
59 85
59 86
59 87
59 88
59 89
59 90
59 92
59 94
59 95
59 96
59 97
59 98
59 99
59 230
59 235
60 63
60 64
60 65
60 66
60 68
60 69
60 70
60 72
60 73
60 74
60 75
60 76
60 77
60 78
60 80
60 82
60 83
60 85
60 86
60 87
60 89
60 90
60 91
60 92
60 93
60 95
60 96
60 97
60 98
60 99
60 133
60 179
60 259
61 62
61 64
61 67
61 68
61 69
61 70
61 72
61 74
61 75
61 76
61 77
61 80
61 81
61 82
61 84
61 85
61 87
61 88
61 89
61 90
61 91
61 92
61 94
61 96
61 97
61 99
61 132
61 169
61 267
61 375
62 63
62 64
62 65
62 66
62 67
62 68
62 69
62 71
62 72
62 73
62 74
62 75
62 76
62 77
62 78
62 79
62 80
62 81
62 82
62 84
62 85
62 88
62 90
62 91
62 92
62 93
62 98
62 265
62 465
63 64
63 65
63 66
63 67
63 68
63 69
63 70
63 71
63 72
63 73
63 74
63 75
63 76
63 77
63 79
63 80
63 81
63 82
63 83
63 84
63 85
63 86
63 87
63 88
63 90
63 91
63 92
63 94
63 95
63 97
63 98
63 111
63 113
63 271
63 278
63 367
63 371
64 66
64 67
64 70
64 71
64 72
64 75
64 76
64 77
64 78
64 79
64 80
64 82
64 83
64 84
64 85
64 86
64 87
64 88
64 89
64 90
64 91
64 92
64 93
64 94
64 95
64 96
64 97
64 98
64 226
64 338
64 431
65 66
65 68
65 69
65 70
65 72
65 73
65 74
65 75
65 77
65 78
65 80
65 81
65 82
65 83
65 85
65 88
65 91
65 92
65 93
65 94
65 95
65 96
65 98
65 99
65 392
65 433
65 440
66 67
66 68
66 69
66 70
66 71
66 72
66 73
66 74
66 75
66 76
66 77
66 78
66 79
66 80
66 81
66 83
66 84
66 85
66 86
66 87
66 88
66 89
66 90
66 92
66 94
66 95
66 96
66 97
66 98
66 99
66 257
66 319
66 491
67 68
67 70
67 71
67 72
67 74
67 75
67 76
67 78
67 81
67 83
67 84
67 85
67 86
67 87
67 89
67 91
67 92
67 94
67 95
67 97
67 98
67 99
67 439
67 465
67 475
68 69
68 70
68 72
68 73
68 74
68 75
68 77
68 78
68 79
68 80
68 81
68 82
68 83
68 84
68 85
68 87
68 89
68 90
68 91
68 92
68 93
68 94
68 95
68 96
68 98
68 99
69 71
69 72
69 73
69 74
69 75
69 76
69 77
69 78
69 79
69 80
69 81
69 82
69 83
69 84
69 85
69 86
69 87
69 88
69 89
69 90
69 91
69 94
69 95
69 96
69 97
69 98
69 99
69 416
70 71
70 72
70 73
70 74
70 75
70 76
70 77
70 78
70 79
70 80
70 81
70 82
70 83
70 84
70 85
70 86
70 87
70 89
70 90
70 91
70 92
70 93
70 94
70 95
70 96
70 97
70 98
70 99
70 224
70 336
71 72
71 73
71 74
71 75
71 78
71 81
71 82
71 83
71 84
71 85
71 86
71 89
71 90
71 92
71 93
71 94
71 95
71 96
71 97
71 99
71 116
72 73
72 74
72 76
72 78
72 79
72 80
72 82
72 84
72 85
72 86
72 87
72 88
72 89
72 90
72 91
72 92
72 93
72 95
72 98
72 99
72 281
73 74
73 75
73 76
73 77
73 80
73 81
73 82
73 83
73 84
73 86
73 88
73 89
73 90
73 91
73 92
73 93
73 94
73 95
73 96
73 97
73 98
74 75
74 76
74 77
74 79
74 80
74 81
74 82
74 84
74 85
74 86
74 87
74 88
74 90
74 91
74 92
74 94
74 95
74 96
74 97
74 481
75 76
75 78
75 79
75 80
75 81
75 82
75 84
75 86
75 88
75 91
75 92
75 94
75 95
75 96
75 97
75 99
75 229
76 77
76 78
76 79
76 82
76 83
76 85
76 86
76 87
76 88
76 89
76 90
76 91
76 92
76 93
76 94
76 95
76 96
76 97
76 98
76 99
76 140
76 185
76 222
76 342
76 472
77 78
77 79
77 81
77 82
77 83
77 84
77 85
77 86
77 87
77 88
77 90
77 91
77 92
77 93
77 94
77 95
77 96
77 97
77 98
77 99
78 79
78 80
78 83
78 84
78 85
78 86
78 89
78 90
78 91
78 92
78 93
78 94
78 95
78 97
78 98
78 99
78 414
78 421
78 474
79 80
79 81
79 82
79 83
79 84
79 85
79 86
79 87
79 88
79 90
79 91
79 92
79 93
79 95
79 96
79 98
79 153
79 388
80 84
80 85
80 86
80 87
80 88
80 89
80 90
80 91
80 92
80 93
80 94
80 95
80 96
80 97
80 350
81 82
81 83
81 84
81 87
81 89
81 90
81 92
81 93
81 95
81 96
81 97
81 98
81 99
81 318
81 368
82 83
82 84
82 85
82 86
82 87
82 88
82 90
82 92
82 94
82 96
82 97
82 98
82 414
82 430
83 84
83 85
83 86
83 87
83 89
83 90
83 92
83 94
83 95
83 96
83 97
83 98
83 301
84 85
84 86
84 87
84 88
84 89
84 90
84 91
84 92
84 93
84 94
84 95
84 96
84 97
84 98
84 99
84 135
84 181
84 202
85 86
85 89
85 90
85 91
85 92
85 93
85 95
85 96
85 99
85 301
85 442
86 87
86 89
86 90
86 92
86 93
86 94
86 95
86 98
86 184
86 413
86 481
87 88
87 89
87 90
87 93
87 96
87 97
87 98
87 99
88 89
88 90
88 91
88 92
88 93
88 94
88 95
88 96
88 97
88 98
88 99
88 209
89 90
89 91
89 92
89 93
89 94
89 95
89 97
89 99
89 172
89 492
90 91
90 92
90 93
90 95
90 96
90 97
90 98
90 99
90 290
90 442
91 92
91 93
91 94
91 95
91 97
91 99
91 378
92 93
92 94
92 95
92 96
92 97
92 98
92 99
92 178
92 217
92 342
92 457
93 94
93 96
93 98
93 99
93 113
93 120
93 254
93 373
93 478
94 95
94 97
94 98
94 99
94 254
94 325
94 330
95 97
95 98
95 99
95 124
95 467
96 98
96 99
96 151
97 98
97 99
97 325
98 99
98 133
99 179
99 237
128 129
128 130
128 132
128 134
128 137
128 138
128 139
128 140
128 141
128 142
128 143
128 144
128 145
128 146
128 147
128 148
128 149
128 100
128 101
128 102
128 103
128 104
128 105
128 107
128 108
128 109
128 110
128 112
128 113
128 114
128 115
128 116
128 117
128 118
128 119
128 120
128 122
128 124
128 125
128 126
128 127
128 165
128 172
128 245
128 390
128 417
128 474
129 130
129 131
129 134
129 135
129 136
129 137
129 138
129 139
129 140
129 141
129 143
129 145
129 147
129 148
129 149
129 103
129 104
129 105
129 106
129 108
129 109
129 110
129 111
129 112
129 113
129 114
129 115
129 117
129 118
129 119
129 120
129 121
129 122
129 123
129 124
129 125
129 126
129 270
129 303
129 332
130 133
130 134
130 135
130 136
130 137
130 138
130 139
130 140
130 142
130 144
130 146
130 147
130 148
130 149
130 100
130 102
130 103
130 104
130 105
130 106
130 108
130 109
130 110
130 112
130 113
130 114
130 115
130 116
130 117
130 119
130 120
130 121
130 122
130 123
130 124
130 125
130 127
130 385
131 134
131 137
131 139
131 140
131 141
131 142
131 143
131 144
131 145
131 146
131 147
131 148
131 149
131 101
131 102
131 103
131 105
131 107
131 108
131 110
131 111
131 115
131 116
131 117
131 118
131 120
131 121
131 122
131 124
131 125
131 126
131 127
131 211
131 243
131 331
131 420
132 133
132 134
132 135
132 136
132 137
132 138
132 139
132 140
132 141
132 143
132 144
132 145
132 146
132 147
132 148
132 149
132 101
132 102
132 103
132 104
132 105
132 107
132 108
132 109
132 113
132 114
132 115
132 117
132 118
132 119
132 121
132 122
132 123
132 124
132 125
132 126
132 270
132 286
132 440
133 134
133 135
133 137
133 138
133 139
133 140
133 141
133 142
133 143
133 144
133 148
133 149
133 100
133 101
133 103
133 104
133 105
133 107
133 109
133 110
133 111
133 112
133 113
133 115
133 116
133 119
133 120
133 121
133 122
133 123
133 124
133 126
133 392
133 436
134 135
134 137
134 138
134 139
134 140
134 143
134 144
134 145
134 146
134 148
134 149
134 100
134 101
134 102
134 103
134 104
134 105
134 106
134 108
134 109
134 110
134 111
134 112
134 113
134 114
134 115
134 116
134 117
134 119
134 121
134 122
134 123
134 124
134 125
134 126
134 127
134 184
134 231
134 377
134 421
135 136
135 137
135 139
135 142
135 143
135 146
135 147
135 148
135 149
135 100
135 101
135 102
135 103
135 105
135 106
135 110
135 111
135 112
135 113
135 114
135 116
135 119
135 120
135 121
135 122
135 123
135 124
135 125
135 126
135 127
135 201
135 224
135 416
135 418
136 137
136 140
136 141
136 142
136 144
136 148
136 100
136 101
136 103
136 104
136 105
136 106
136 107
136 108
136 109
136 110
136 111
136 112
136 113
136 114
136 117
136 118
136 119
136 120
136 121
136 122
136 123
136 124
136 162
136 167
137 138
137 139
137 140
137 141
137 144
137 146
137 147
137 148
137 149
137 100
137 101
137 102
137 104
137 105
137 106
137 107
137 108
137 110
137 111
137 112
137 113
137 114
137 115
137 116
137 117
137 118
137 119
137 120
137 121
137 122
137 123
137 124
137 125
137 126
137 127
137 150
137 345
138 139
138 141
138 144
138 145
138 146
138 147
138 148
138 149
138 100
138 101
138 102
138 106
138 107
138 108
138 109
138 110
138 111
138 112
138 113
138 114
138 115
138 117
138 118
138 119
138 120
138 121
138 122
138 123
138 125
138 126
138 127
139 140
139 141
139 142
139 146
139 147
139 148
139 149
139 100
139 101
139 102
139 103
139 104
139 105
139 107
139 108
139 109
139 111
139 112
139 113
139 114
139 115
139 116
139 117
139 118
139 119
139 120
139 121
139 122
139 125
139 127
139 434
140 141
140 142
140 144
140 146
140 147
140 148
140 149
140 100
140 102
140 103
140 104
140 105
140 106
140 107
140 108
140 109
140 111
140 112
140 113
140 114
140 115
140 116
140 117
140 118
140 119
140 120
140 122
140 123
140 125
140 127
140 212
141 142
141 143
141 145
141 146
141 147
141 148
141 149
141 101
141 102
141 103
141 104
141 105
141 106
141 107
141 108
141 109
141 111
141 114
141 115
141 116
141 117
141 119
141 120
141 121
141 123
141 124
141 125
141 127
141 199
141 400
141 478
142 143
142 144
142 145
142 146
142 147
142 148
142 149
142 100
142 101
142 102
142 104
142 105
142 106
142 107
142 108
142 109
142 110
142 111
142 112
142 114
142 115
142 116
142 118
142 120
142 121
142 122
142 124
142 126
142 127
142 350
142 356
143 144
143 145
143 147
143 148
143 149
143 100
143 101
143 102
143 103
143 104
143 105
143 106
143 107
143 108
143 109
143 110
143 111
143 112
143 114
143 115
143 116
143 117
143 118
143 119
143 122
143 123
143 124
143 125
143 126
144 145
144 146
144 147
144 149
144 100
144 101
144 102
144 103
144 104
144 106
144 108
144 109
144 111
144 112
144 113
144 114
144 115
144 116
144 118
144 119
144 122
144 123
144 124
144 125
144 126
144 275
145 146
145 101
145 102
145 103
145 104
145 106
145 107
145 108
145 110
145 111
145 113
145 117
145 118
145 120
145 121
145 122
145 124
145 125
145 126
145 127
145 153
146 147
146 148
146 149
146 100
146 101
146 102
146 103
146 104
146 105
146 106
146 107
146 108
146 109
146 110
146 111
146 112
146 113
146 114
146 116
146 117
146 118
146 119
146 120
146 121
146 122
146 123
146 124
146 125
146 126
146 127
146 363
146 412
147 149
147 100
147 101
147 102
147 103
147 104
147 105
147 106
147 109
147 111
147 112
147 113
147 114
147 115
147 116
147 117
147 118
147 120
147 121
147 124
147 125
147 126
147 127
147 237
148 149
148 100
148 101
148 102
148 104
148 105
148 108
148 112
148 113
148 114
148 115
148 118
148 119
148 120
148 121
148 122
148 124
148 125
148 127
148 174
149 100
149 103
149 104
149 105
149 106
149 107
149 109
149 110
149 112
149 113
149 114
149 115
149 116
149 117
149 119
149 120
149 122
149 123
149 124
149 125
149 126
149 127
149 203
149 326
100 101
100 102
100 103
100 104
100 105
100 106
100 107
100 109
100 110
100 112
100 113
100 114
100 115
100 116
100 117
100 118
100 119
100 121
100 122
100 123
100 124
100 125
100 126
100 201
100 235
100 302
101 102
101 103
101 104
101 105
101 106
101 107
101 108
101 109
101 110
101 111
101 112
101 113
101 114
101 116
101 118
101 119
101 120
101 121
101 122
101 124
101 125
101 127
101 189
101 192
101 320
102 103
102 105
102 107
102 108
102 109
102 110
102 111
102 112
102 113
102 114
102 115
102 116
102 117
102 118
102 119
102 120
102 121
102 122
102 123
102 124
102 125
102 250
102 301
102 443
103 105
103 107
103 108
103 109
103 110
103 111
103 112
103 113
103 114
103 115
103 116
103 118
103 119
103 120
103 121
103 122
103 123
103 125
103 126
103 127
103 408
104 105
104 106
104 107
104 108
104 109
104 110
104 111
104 112
104 113
104 114
104 115
104 116
104 117
104 119
104 120
104 121
104 122
104 125
104 127
104 205
104 256
105 106
105 107
105 109
105 110
105 111
105 113
105 114
105 115
105 116
105 117
105 121
105 122
105 123
105 124
105 125
105 126
105 270
106 108
106 109
106 110
106 111
106 112
106 113
106 115
106 116
106 117
106 118
106 119
106 120
106 121
106 122
106 123
106 124
106 125
106 127
106 433
106 462
107 108
107 109
107 110
107 112
107 113
107 114
107 116
107 117
107 119
107 120
107 121
107 122
107 124
107 125
107 127
107 304
107 376
107 407
108 109
108 111
108 113
108 114
108 115
108 116
108 117
108 118
108 119
108 121
108 122
108 123
108 126
108 127
108 419
109 110
109 112
109 114
109 115
109 116
109 117
109 118
109 120
109 121
109 122
109 123
109 124
109 126
109 127
109 351
110 111
110 112
110 114
110 115
110 116
110 117
110 119
110 120
110 121
110 122
110 123
110 124
110 125
110 127
110 261
111 112
111 115
111 116
111 117
111 118
111 121
111 122
111 123
111 125
111 126
111 127
111 382
112 113
112 114
112 116
112 117
112 118
112 119
112 120
112 121
112 122
112 123
112 125
112 126
112 127
112 164
112 170
112 238
112 244
112 475
113 114
113 115
113 116
113 117
113 118
113 119
113 120
113 122
113 123
113 124
113 126
113 127
114 115
114 116
114 117
114 118
114 119
114 120
114 121
114 122
114 123
114 124
114 126
114 206
114 482
115 116
115 117
115 118
115 119
115 120
115 121
115 122
115 123
115 124
115 127
116 117
116 118
116 120
116 121
116 122
116 123
116 124
116 125
116 126
116 127
116 332
117 118
117 119
117 120
117 126
117 400
118 119
118 120
118 121
118 124
118 125
118 126
118 302
118 369
118 378
119 120
119 121
119 122
119 123
119 124
119 125
119 126
119 232
119 248
119 276
120 121
120 123
120 124
120 125
120 126
120 127
120 203
120 280
121 123
121 124
121 125
121 126
122 123
122 124
122 125
122 126
122 127
122 239
123 124
123 125
123 127
123 177
123 244
123 300
124 125
124 126
124 127
125 126
125 127
125 332
125 433
126 127
127 204
127 245
127 256
127 448
127 462
127 497
150 151
150 152
150 154
150 155
150 156
150 157
150 158
150 159
150 160
150 162
150 163
150 164
150 165
150 166
150 167
150 169
150 171
150 172
150 173
150 174
150 175
150 176
150 177
150 178
150 179
150 180
150 181
150 182
150 183
150 185
150 186
150 188
150 190
150 191
150 192
150 193
150 194
150 195
150 196
150 197
150 198
150 199
150 218
150 365
150 373
151 152
151 153
151 156
151 157
151 158
151 159
151 161
151 162
151 163
151 164
151 165
151 166
151 167
151 169
151 170
151 171
151 173
151 174
151 175
151 176
151 178
151 179
151 180
151 181
151 182
151 183
151 184
151 186
151 187
151 189
151 190
151 191
151 192
151 193
151 195
151 196
151 197
151 198
151 199
151 204
151 412
152 153
152 154
152 155
152 156
152 157
152 158
152 159
152 160
152 161
152 162
152 163
152 164
152 166
152 167
152 169
152 170
152 171
152 172
152 173
152 174
152 176
152 181
152 182
152 184
152 185
152 186
152 187
152 188
152 190
152 191
152 193
152 194
152 195
152 196
152 197
152 199
153 154
153 156
153 157
153 158
153 159
153 160
153 161
153 163
153 164
153 165
153 166
153 167
153 168
153 169
153 170
153 172
153 174
153 175
153 176
153 177
153 178
153 179
153 181
153 183
153 184
153 185
153 186
153 187
153 188
153 189
153 191
153 192
153 194
153 195
153 196
153 197
153 198
153 494
154 155
154 156
154 157
154 158
154 159
154 160
154 161
154 163
154 164
154 166
154 167
154 168
154 169
154 170
154 171
154 173
154 174
154 176
154 177
154 178
154 179
154 180
154 182
154 183
154 184
154 186
154 187
154 188
154 189
154 191
154 193
154 194
154 195
154 196
154 197
154 198
154 199
155 156
155 157
155 158
155 159
155 160
155 161
155 163
155 164
155 165
155 166
155 167
155 168
155 169
155 170
155 171
155 174
155 175
155 176
155 177
155 178
155 179
155 182
155 183
155 184
155 186
155 187
155 188
155 189
155 192
155 193
155 194
155 195
155 196
155 197
155 198
155 199
155 464
156 158
156 159
156 160
156 161
156 163
156 164
156 167
156 168
156 169
156 171
156 172
156 173
156 174
156 175
156 177
156 179
156 180
156 181
156 182
156 183
156 184
156 185
156 186
156 187
156 188
156 189
156 190
156 191
156 192
156 193
156 194
156 195
156 196
156 197
156 198
156 199
156 209
157 158
157 159
157 161
157 163
157 164
157 165
157 166
157 167
157 169
157 170
157 171
157 172
157 173
157 176
157 178
157 180
157 181
157 182
157 183
157 184
157 185
157 187
157 189
157 190
157 192
157 193
157 194
157 195
157 196
157 197
157 198
157 199
157 488
157 489
158 159
158 160
158 161
158 162
158 163
158 164
158 165
158 166
158 167
158 168
158 169
158 170
158 171
158 172
158 173
158 174
158 175
158 176
158 177
158 180
158 182
158 183
158 184
158 185
158 186
158 187
158 189
158 190
158 191
158 192
158 193
158 194
158 195
158 196
158 197
158 198
158 199
158 473
159 160
159 161
159 162
159 163
159 164
159 165
159 168
159 169
159 170
159 171
159 172
159 173
159 174
159 175
159 176
159 177
159 179
159 180
159 181
159 182
159 183
159 184
159 185
159 186
159 187
159 188
159 189
159 190
159 191
159 192
159 193
159 195
159 197
159 198
159 208
159 385
160 161
160 163
160 164
160 165
160 167
160 168
160 169
160 170
160 171
160 173
160 174
160 175
160 178
160 179
160 180
160 181
160 182
160 183
160 185
160 186
160 187
160 188
160 189
160 190
160 193
160 194
160 195
160 197
160 198
160 199
160 293
161 162
161 163
161 164
161 165
161 166
161 167
161 169
161 170
161 171
161 172
161 173
161 174
161 175
161 176
161 177
161 178
161 179
161 180
161 183
161 184
161 185
161 187
161 188
161 189
161 190
161 192
161 194
161 197
161 198
161 199
161 228
161 280
161 436
162 163
162 164
162 165
162 166
162 167
162 168
162 169
162 170
162 171
162 172
162 173
162 174
162 177
162 178
162 180
162 182
162 184
162 186
162 187
162 188
162 189
162 190
162 191
162 192
162 193
162 194
162 195
162 196
162 197
162 198
162 199
162 468
163 164
163 165
163 166
163 168
163 169
163 170
163 171
163 172
163 173
163 174
163 176
163 177
163 178
163 179
163 180
163 181
163 182
163 183
163 184
163 186
163 187
163 189
163 190
163 192
163 193
163 195
163 196
163 197
163 198
163 199
163 484
164 165
164 166
164 167
164 168
164 170
164 171
164 172
164 173
164 174
164 175
164 177
164 178
164 179
164 180
164 181
164 182
164 183
164 184
164 186
164 188
164 189
164 190
164 191
164 192
164 193
164 194
164 195
164 196
164 198
164 199
164 475
165 166
165 167
165 168
165 169
165 170
165 171
165 172
165 173
165 175
165 176
165 177
165 178
165 180
165 181
165 182
165 184
165 185
165 186
165 187
165 188
165 189
165 190
165 191
165 193
165 194
165 196
165 197
165 198
165 199
165 209
165 339
166 167
166 168
166 169
166 170
166 171
166 173
166 174
166 176
166 177
166 178
166 180
166 181
166 183
166 184
166 185
166 186
166 187
166 189
166 190
166 191
166 193
166 194
166 195
166 197
166 198
166 199
166 467
167 168
167 169
167 170
167 171
167 172
167 173
167 174
167 175
167 176
167 177
167 178
167 180
167 181
167 183
167 184
167 185
167 186
167 187
167 188
167 189
167 190
167 191
167 192
167 193
167 195
167 196
167 197
167 198
167 199
167 227
167 433
168 169
168 170
168 171
168 172
168 173
168 174
168 177
168 178
168 179
168 180
168 181
168 182
168 183
168 184
168 186
168 187
168 188
168 189
168 190
168 192
168 196
168 197
168 198
168 199
168 387
168 464
168 465
169 170
169 171
169 172
169 173
169 174
169 175
169 176
169 177
169 179
169 180
169 182
169 183
169 184
169 185
169 186
169 187
169 188
169 189
169 190
169 191
169 192
169 194
169 195
169 196
169 197
169 199
169 259
170 171
170 173
170 174
170 175
170 176
170 177
170 178
170 179
170 180
170 181
170 182
170 183
170 184
170 185
170 187
170 188
170 189
170 191
170 192
170 195
170 196
170 197
170 198
170 199
171 172
171 174
171 176
171 178
171 179
171 180
171 181
171 182
171 183
171 184
171 185
171 186
171 187
171 188
171 189
171 190
171 191
171 192
171 193
171 195
171 196
171 197
171 198
171 199
171 267
171 386
172 173
172 174
172 175
172 177
172 178
172 179
172 180
172 181
172 184
172 186
172 187
172 188
172 190
172 191
172 192
172 193
172 194
172 195
172 196
172 197
172 198
172 199
172 213
172 381
172 429
173 174
173 175
173 176
173 177
173 178
173 179
173 180
173 181
173 182
173 185
173 186
173 189
173 190
173 191
173 192
173 193
173 194
173 195
173 196
173 198
173 199
173 229
173 294
174 175
174 178
174 179
174 180
174 181
174 183
174 184
174 185
174 186
174 187
174 189
174 191
174 192
174 193
174 194
174 195
174 196
174 198
174 277
174 407
175 176
175 177
175 178
175 179
175 180
175 181
175 182
175 184
175 186
175 188
175 191
175 192
175 193
175 196
175 197
175 198
175 199
175 229
176 177
176 178
176 179
176 181
176 182
176 184
176 186
176 187
176 188
176 189
176 190
176 192
176 193
176 194
176 195
176 196
176 197
176 199
176 401
177 178
177 180
177 181
177 182
177 183
177 184
177 185
177 186
177 188
177 189
177 190
177 191
177 192
177 193
177 194
177 195
177 196
177 197
177 198
178 180
178 181
178 182
178 183
178 185
178 186
178 187
178 189
178 190
178 193
178 194
178 195
178 198
178 199
179 180
179 181
179 183
179 184
179 185
179 186
179 188
179 189
179 190
179 191
179 192
179 193
179 194
179 195
179 196
179 197
179 198
179 199
179 447
179 477
180 181
180 182
180 183
180 184
180 185
180 186
180 188
180 189
180 190
180 191
180 192
180 193
180 194
180 196
180 197
180 198
180 199
180 463
181 183
181 184
181 185
181 186
181 188
181 189
181 191
181 192
181 193
181 194
181 195
181 196
181 197
181 198
181 199
181 451
181 467
181 493
182 183
182 184
182 186
182 187
182 188
182 189
182 190
182 191
182 193
182 194
182 195
182 196
182 198
182 199
182 414
182 441
183 184
183 185
183 186
183 187
183 188
183 190
183 193
183 195
183 196
183 197
183 199
183 411
184 185
184 186
184 187
184 188
184 191
184 192
184 194
184 195
184 196
184 197
184 198
184 199
184 210
185 186
185 187
185 188
185 189
185 192
185 193
185 194
185 195
185 197
185 199
185 200
185 304
185 415
186 187
186 188
186 189
186 190
186 191
186 193
186 194
186 197
186 198
186 199
186 477
187 188
187 190
187 191
187 192
187 194
187 195
187 196
187 197
187 198
187 199
187 308
188 189
188 192
188 193
188 194
188 195
188 196
188 197
188 198
188 199
189 190
189 192
189 195
189 196
189 197
189 198
189 199
190 191
190 194
190 195
190 196
190 198
190 199
191 192
191 193
191 194
191 195
191 196
191 197
191 199
191 495
192 193
192 195
192 198
192 199
192 448
192 459
193 194
193 195
193 196
193 197
193 198
193 333
193 473
194 198
194 199
194 277
194 286
194 354
194 416
195 196
195 197
195 198
195 199
195 266
196 197
196 198
196 199
196 316
196 441
197 198
197 199
197 465
198 203
198 370
199 220
200 201
200 202
200 205
200 206
200 207
200 208
200 209
200 210
200 211
200 214
200 215
200 216
200 217
200 218
200 219
200 223
200 224
200 225
200 226
200 227
200 228
200 229
200 230
200 232
200 233
200 235
200 236
200 237
200 239
200 242
200 243
200 244
200 245
200 246
200 247
200 248
200 249
200 357
201 204
201 206
201 207
201 208
201 210
201 211
201 212
201 213
201 214
201 215
201 216
201 217
201 218
201 220
201 221
201 222
201 223
201 224
201 225
201 226
201 227
201 228
201 229
201 230
201 231
201 232
201 233
201 234
201 235
201 237
201 238
201 239
201 241
201 242
201 243
201 245
201 246
201 247
201 248
201 249
202 203
202 204
202 205
202 206
202 207
202 208
202 209
202 211
202 212
202 215
202 216
202 217
202 219
202 220
202 221
202 223
202 224
202 225
202 226
202 227
202 228
202 229
202 231
202 233
202 235
202 236
202 237
202 239
202 240
202 241
202 243
202 244
202 245
202 247
202 248
202 249
202 297
203 204
203 208
203 209
203 210
203 211
203 212
203 213
203 214
203 215
203 216
203 217
203 218
203 219
203 220
203 221
203 222
203 224
203 225
203 226
203 227
203 230
203 231
203 232
203 233
203 234
203 235
203 236
203 237
203 239
203 240
203 241
203 242
203 243
203 244
203 245
203 246
203 247
203 248
203 249
203 317
204 206
204 208
204 209
204 210
204 211
204 212
204 213
204 214
204 216
204 217
204 218
204 219
204 220
204 221
204 222
204 224
204 225
204 226
204 227
204 228
204 229
204 230
204 231
204 232
204 233
204 236
204 237
204 238
204 239
204 240
204 242
204 244
204 245
204 246
204 247
204 248
204 249
204 466
205 206
205 207
205 208
205 209
205 210
205 211
205 212
205 213
205 214
205 215
205 216
205 218
205 219
205 220
205 221
205 222
205 223
205 224
205 225
205 226
205 227
205 228
205 229
205 230
205 231
205 232
205 233
205 235
205 236
205 237
205 238
205 239
205 240
205 243
205 245
205 247
205 248
206 208
206 209
206 210
206 211
206 212
206 214
206 215
206 216
206 217
206 218
206 219
206 221
206 222
206 223
206 224
206 227
206 228
206 229
206 230
206 233
206 234
206 235
206 236
206 237
206 238
206 239
206 240
206 241
206 242
206 243
206 244
206 246
206 247
206 248
206 249
206 480
207 209
207 210
207 211
207 212
207 213
207 214
207 215
207 216
207 219
207 220
207 222
207 223
207 224
207 225
207 226
207 227
207 228
207 229
207 232
207 233
207 234
207 235
207 236
207 237
207 239
207 240
207 241
207 242
207 243
207 245
207 246
207 247
207 248
207 249
208 209
208 210
208 211
208 213
208 214
208 215
208 216
208 217
208 218
208 219
208 220
208 221
208 222
208 224
208 225
208 226
208 227
208 228
208 229
208 230
208 231
208 233
208 234
208 235
208 236
208 237
208 238
208 239
208 241
208 242
208 243
208 245
208 246
208 247
208 248
208 249
208 310
208 374
208 400
208 471
209 210
209 212
209 214
209 215
209 216
209 221
209 223
209 225
209 226
209 227
209 228
209 229
209 230
209 231
209 232
209 233
209 234
209 235
209 237
209 240
209 241
209 242
209 243
209 244
209 245
209 246
209 247
209 248
210 212
210 213
210 214
210 215
210 216
210 217
210 218
210 219
210 220
210 222
210 223
210 226
210 227
210 228
210 229
210 230
210 231
210 232
210 233
210 236
210 239
210 242
210 243
210 244
210 245
210 246
210 247
210 248
210 289
210 450
210 482
211 212
211 213
211 214
211 215
211 217
211 218
211 219
211 220
211 221
211 222
211 223
211 224
211 225
211 226
211 227
211 228
211 229
211 230
211 231
211 233
211 234
211 235
211 236
211 237
211 238
211 239
211 241
211 242
211 243
211 244
211 245
211 246
211 248
211 249
212 213
212 214
212 215
212 216
212 218
212 219
212 220
212 221
212 222
212 224
212 225
212 229
212 230
212 231
212 232
212 233
212 234
212 235
212 236
212 239
212 240
212 241
212 242
212 245
212 246
212 247
212 248
212 276
213 214
213 215
213 216
213 217
213 219
213 221
213 222
213 223
213 224
213 225
213 226
213 227
213 228
213 229
213 230
213 231
213 232
213 234
213 235
213 236
213 237
213 240
213 242
213 243
213 244
213 247
213 249
213 388
214 216
214 217
214 219
214 220
214 221
214 222
214 225
214 227
214 228
214 229
214 230
214 232
214 233
214 234
214 235
214 239
214 240
214 241
214 245
214 246
214 247
214 248
214 249
215 216
215 217
215 218
215 220
215 222
215 223
215 224
215 225
215 226
215 227
215 228
215 229
215 230
215 231
215 232
215 233
215 234
215 235
215 236
215 237
215 238
215 239
215 240
215 242
215 244
215 245
215 246
215 247
215 249
215 382
216 217
216 218
216 219
216 220
216 221
216 223
216 224
216 225
216 226
216 229
216 230
216 231
216 232
216 233
216 234
216 235
216 236
216 237
216 238
216 239
216 240
216 241
216 243
216 244
216 245
216 247
216 249
216 361
216 477
216 488
217 218
217 219
217 221
217 222
217 223
217 224
217 225
217 226
217 227
217 228
217 229
217 230
217 231
217 232
217 233
217 234
217 236
217 237
217 238
217 239
217 240
217 241
217 242
217 243
217 244
217 245
217 246
217 247
217 248
217 249
217 358
218 219
218 220
218 221
218 222
218 224
218 225
218 226
218 227
218 228
218 229
218 230
218 231
218 233
218 234
218 235
218 237
218 238
218 240
218 242
218 243
218 244
218 245
218 246
218 247
218 248
218 249
218 351
218 363
219 220
219 221
219 222
219 223
219 224
219 225
219 226
219 227
219 228
219 229
219 230
219 231
219 232
219 233
219 234
219 235
219 236
219 237
219 238
219 239
219 240
219 241
219 242
219 245
219 246
219 247
219 248
219 249
219 406
219 451
220 221
220 222
220 224
220 225
220 227
220 228
220 229
220 231
220 232
220 233
220 234
220 235
220 236
220 237
220 238
220 240
220 242
220 243
220 244
220 246
220 247
220 248
220 249
220 329
221 222
221 224
221 225
221 226
221 227
221 228
221 229
221 230
221 231
221 232
221 233
221 234
221 235
221 237
221 238
221 240
221 243
221 244
221 245
221 246
221 249
222 225
222 226
222 228
222 229
222 230
222 231
222 232
222 233
222 234
222 235
222 236
222 237
222 238
222 239
222 240
222 241
222 243
222 244
222 246
222 247
222 248
222 249
222 335
223 224
223 225
223 227
223 230
223 231
223 235
223 236
223 237
223 239
223 240
223 241
223 242
223 243
223 244
223 247
223 248
223 249
223 364
223 372
223 406
224 225
224 227
224 228
224 229
224 230
224 231
224 232
224 233
224 234
224 235
224 236
224 237
224 238
224 239
224 240
224 241
224 243
224 244
224 246
224 247
224 248
224 249
224 274
224 297
224 336
224 456
225 226
225 228
225 229
225 230
225 231
225 234
225 236
225 237
225 238
225 239
225 241
225 243
225 244
225 245
225 246
225 247
225 346
226 227
226 228
226 229
226 230
226 231
226 232
226 233
226 234
226 235
226 236
226 237
226 238
226 239
226 240
226 241
226 242
226 243
226 244
226 245
226 246
226 247
226 249
226 253
226 413
227 228
227 230
227 231
227 232
227 234
227 237
227 238
227 239
227 240
227 241
227 242
227 243
227 244
227 246
227 247
227 248
227 249
228 229
228 230
228 231
228 232
228 233
228 236
228 237
228 239
228 240
228 241
228 242
228 243
228 244
228 245
228 247
228 248
228 249
229 230
229 231
229 232
229 233
229 235
229 237
229 238
229 239
229 240
229 241
229 242
229 243
229 245
229 246
229 247
229 248
229 249
229 367
229 370
229 497
230 232
230 233
230 234
230 235
230 237
230 238
230 239
230 240
230 241
230 243
230 244
230 245
230 247
230 248
230 249
230 272
230 294
231 232
231 233
231 234
231 235
231 236
231 237
231 239
231 240
231 241
231 242
231 243
231 244
231 245
231 246
231 247
231 248
231 249
231 310
232 233
232 234
232 235
232 237
232 238
232 240
232 241
232 243
232 244
232 245
232 246
232 249
232 255
232 313
232 358
232 378
232 421
233 234
233 235
233 236
233 237
233 240
233 241
233 242
233 244
233 245
233 246
233 247
233 248
233 373
234 236
234 237
234 238
234 239
234 240
234 241
234 242
234 243
234 244
234 245
234 246
234 248
235 236
235 237
235 238
235 239
235 240
235 241
235 242
235 244
235 246
235 247
235 249
235 270
236 240
236 241
236 243
236 244
236 245
236 247
236 248
236 249
237 239
237 240
237 242
237 243
237 245
237 246
237 247
237 249
237 376
238 239
238 240
238 241
238 242
238 243
238 246
238 247
238 249
239 240
239 241
239 242
239 244
239 245
239 246
239 247
239 248
239 249
239 486
240 241
240 242
240 244
240 245
240 246
240 247
240 271
240 408
241 242
241 244
241 245
241 246
241 247
241 248
241 249
241 258
241 269
241 351
242 243
242 248
242 271
242 396
242 470
243 245
243 246
243 247
243 248
243 249
244 246
244 247
244 249
244 287
244 391
244 359
244 425
245 246
245 247
245 248
245 249
245 330
246 247
246 248
246 249
247 248
247 249
248 371
248 377
248 428
249 362
256 258
256 259
256 260
256 261
256 262
256 263
256 265
256 267
256 268
256 269
256 270
256 271
256 272
256 273
256 276
256 277
256 278
256 279
256 280
256 281
256 283
256 284
256 286
256 288
256 289
256 290
256 291
256 292
256 293
256 294
256 295
256 297
256 298
256 299
256 250
256 251
256 252
256 253
256 254
256 255
256 461
257 258
257 260
257 261
257 262
257 263
257 265
257 266
257 267
257 268
257 269
257 271
257 272
257 273
257 274
257 275
257 277
257 278
257 279
257 280
257 281
257 282
257 284
257 285
257 286
257 287
257 288
257 289
257 290
257 291
257 292
257 293
257 294
257 295
257 296
257 297
257 298
257 299
257 250
257 252
257 253
257 254
257 255
257 322
257 418
257 448
258 259
258 260
258 261
258 262
258 264
258 265
258 266
258 267
258 268
258 269
258 271
258 272
258 273
258 274
258 277
258 278
258 279
258 281
258 284
258 285
258 286
258 287
258 288
258 289
258 290
258 291
258 292
258 293
258 294
258 295
258 297
258 250
258 251
258 253
258 254
258 255
258 433
259 261
259 262
259 263
259 264
259 265
259 266
259 267
259 269
259 270
259 271
259 272
259 275
259 276
259 277
259 278
259 279
259 281
259 282
259 283
259 284
259 286
259 287
259 289
259 290
259 294
259 296
259 297
259 298
259 299
259 251
259 252
259 253
259 254
259 385
260 261
260 263
260 264
260 265
260 268
260 269
260 270
260 271
260 273
260 274
260 277
260 278
260 279
260 281
260 282
260 283
260 284
260 285
260 286
260 287
260 288
260 291
260 292
260 293
260 296
260 297
260 298
260 299
260 250
260 252
260 253
260 254
260 255
260 402
261 262
261 263
261 264
261 265
261 266
261 267
261 269
261 270
261 271
261 272
261 273
261 274
261 275
261 276
261 278
261 279
261 280
261 281
261 282
261 283
261 284
261 285
261 286
261 287
261 288
261 290
261 291
261 292
261 293
261 294
261 295
261 296
261 297
261 298
261 299
261 250
261 251
261 252
261 253
261 254
261 346
262 263
262 264
262 265
262 266
262 268
262 269
262 270
262 273
262 274
262 275
262 276
262 277
262 279
262 280
262 281
262 282
262 283
262 284
262 285
262 286
262 287
262 288
262 289
262 292
262 293
262 294
262 295
262 296
262 298
262 299
262 250
262 251
262 252
262 253
262 254
263 264
263 265
263 266
263 267
263 268
263 269
263 270
263 271
263 272
263 274
263 275
263 277
263 278
263 279
263 281
263 282
263 285
263 286
263 287
263 288
263 289
263 292
263 293
263 295
263 297
263 299
263 250
263 252
263 253
263 254
263 255
264 265
264 266
264 267
264 268
264 269
264 270
264 271
264 272
264 273
264 274
264 275
264 277
264 278
264 279
264 280
264 281
264 282
264 283
264 285
264 286
264 287
264 288
264 293
264 294
264 295
264 296
264 299
264 250
264 251
264 252
264 253
264 254
264 255
264 398
264 371
265 266
265 267
265 270
265 271
265 272
265 274
265 275
265 276
265 277
265 278
265 280
265 281
265 282
265 283
265 288
265 289
265 290
265 291
265 292
265 293
265 294
265 295
265 296
265 297
265 298
265 250
265 251
265 254
265 255
265 363
266 267
266 268
266 269
266 270
266 271
266 274
266 275
266 276
266 277
266 278
266 280
266 282
266 283
266 284
266 285
266 286
266 287
266 289
266 290
266 292
266 295
266 296
266 297
266 298
266 299
266 250
266 251
266 252
266 254
266 255
267 268
267 269
267 270
267 271
267 272
267 274
267 276
267 277
267 278
267 279
267 280
267 281
267 282
267 284
267 285
267 286
267 287
267 288
267 289
267 290
267 292
267 293
267 294
267 296
267 297
267 298
267 299
267 250
267 251
267 252
267 253
267 255
267 351
268 270
268 271
268 272
268 273
268 275
268 276
268 277
268 279
268 281
268 282
268 283
268 284
268 286
268 287
268 288
268 289
268 290
268 291
268 293
268 294
268 296
268 297
268 298
268 299
268 250
268 251
268 253
268 254
268 255
268 455
269 270
269 271
269 272
269 273
269 274
269 275
269 276
269 278
269 279
269 281
269 282
269 285
269 286
269 287
269 288
269 289
269 291
269 293
269 295
269 297
269 250
269 251
269 252
269 253
269 255
270 271
270 272
270 273
270 274
270 275
270 277
270 278
270 279
270 280
270 282
270 283
270 284
270 286
270 287
270 288
270 289
270 290
270 291
270 292
270 293
270 294
270 295
270 296
270 297
270 298
270 299
270 250
270 252
270 253
271 273
271 275
271 276
271 278
271 280
271 281
271 282
271 283
271 284
271 285
271 287
271 288
271 289
271 290
271 291
271 292
271 294
271 296
271 297
271 298
271 250
271 252
271 254
272 273
272 274
272 275
272 276
272 277
272 280
272 282
272 283
272 285
272 287
272 288
272 290
272 291
272 293
272 295
272 296
272 297
272 298
272 299
272 250
272 251
272 252
272 254
272 255
272 373
272 478
273 274
273 275
273 276
273 277
273 278
273 279
273 281
273 282
273 283
273 284
273 285
273 287
273 289
273 290
273 291
273 292
273 293
273 294
273 295
273 296
273 299
273 250
273 251
273 252
273 253
273 254
273 255
273 389
274 275
274 276
274 277
274 278
274 279
274 281
274 282
274 283
274 284
274 285
274 286
274 287
274 288
274 289
274 290
274 291
274 292
274 293
274 294
274 295
274 296
274 297
274 298
274 299
274 251
274 252
274 253
274 254
274 404
275 276
275 278
275 279
275 280
275 281
275 282
275 283
275 284
275 286
275 287
275 289
275 290
275 291
275 292
275 293
275 295
275 296
275 297
275 298
275 299
275 250
275 251
275 252
275 254
276 277
276 278
276 280
276 281
276 282
276 283
276 284
276 285
276 286
276 287
276 289
276 290
276 291
276 292
276 295
276 297
276 299
276 251
276 253
276 254
276 255
276 337
276 475
277 278
277 279
277 280
277 281
277 282
277 283
277 284
277 286
277 288
277 289
277 290
277 291
277 292
277 293
277 294
277 295
277 296
277 298
277 299
277 250
277 251
277 252
277 254
278 279
278 281
278 282
278 283
278 284
278 285
278 286
278 287
278 288
278 289
278 292
278 295
278 298
278 299
278 250
278 251
278 252
278 253
278 255
278 399
278 425
279 280
279 281
279 282
279 283
279 285
279 286
279 287
279 288
279 290
279 291
279 292
279 293
279 294
279 296
279 297
279 298
279 299
279 250
279 251
279 252
279 253
279 254
279 255
279 403
280 281
280 282
280 283
280 284
280 288
280 289
280 290
280 293
280 294
280 295
280 296
280 297
280 298
280 250
280 251
280 252
280 254
280 255
281 282
281 283
281 284
281 285
281 287
281 288
281 289
281 290
281 291
281 292
281 293
281 294
281 295
281 297
281 298
281 250
281 252
281 253
281 254
281 255
282 284
282 285
282 286
282 287
282 288
282 289
282 290
282 291
282 293
282 294
282 295
282 296
282 297
282 299
282 250
282 251
282 252
282 253
283 284
283 285
283 287
283 288
283 289
283 290
283 291
283 292
283 293
283 294
283 295
283 296
283 297
283 298
283 299
283 250
283 251
283 252
283 253
283 254
283 255
283 399
284 287
284 288
284 289
284 290
284 291
284 294
284 296
284 297
284 298
284 299
284 250
284 251
284 252
284 253
284 254
284 255
284 411
285 286
285 287
285 288
285 289
285 290
285 291
285 292
285 293
285 294
285 295
285 296
285 297
285 299
285 250
285 251
285 252
285 253
285 254
286 288
286 289
286 290
286 291
286 294
286 295
286 296
286 298
286 251
286 252
286 253
286 254
286 255
286 316
287 288
287 289
287 290
287 291
287 292
287 293
287 295
287 296
287 299
287 250
287 251
287 252
287 253
287 254
287 255
288 289
288 291
288 293
288 294
288 295
288 296
288 297
288 298
288 299
288 250
288 251
288 253
288 254
288 255
288 382
288 438
288 494
289 290
289 291
289 292
289 293
289 294
289 295
289 296
289 297
289 298
289 299
289 252
289 254
289 347
290 291
290 292
290 293
290 294
290 295
290 296
290 297
290 299
290 250
290 251
290 252
290 253
290 254
290 255
290 326
290 424
291 292
291 293
291 294
291 295
291 296
291 297
291 298
291 250
291 251
291 252
291 254
292 293
292 297
292 299
292 250
292 251
292 252
292 253
292 255
292 358
293 294
293 295
293 296
293 297
293 298
293 250
293 251
293 252
293 253
293 254
293 255
294 295
294 296
294 297
294 298
294 299
294 251
294 252
294 253
294 254
294 255
294 346
294 494
295 296
295 299
295 250
295 251
295 253
295 254
295 255
296 297
296 298
296 251
296 252
296 254
296 255
296 383
297 298
297 250
297 251
297 253
297 254
297 255
297 303
297 389
298 299
298 250
298 251
298 252
298 254
298 255
298 355
299 250
299 253
299 254
299 255
299 357
250 251
250 252
250 253
250 254
250 255
250 490
251 253
251 254
251 255
252 253
252 254
252 255
252 313
252 350
253 254
253 255
253 351
254 255
254 498
255 333
255 390
300 301
300 302
300 306
300 307
300 309
300 310
300 311
300 312
300 314
300 317
300 318
300 320
300 321
300 322
300 323
300 324
300 325
300 326
300 328
300 329
300 330
300 331
300 332
300 333
300 334
300 337
300 338
300 340
300 341
300 343
300 344
300 346
300 348
300 349
300 420
301 302
301 303
301 304
301 305
301 306
301 307
301 308
301 310
301 311
301 312
301 313
301 314
301 315
301 316
301 317
301 318
301 319
301 320
301 321
301 322
301 323
301 324
301 325
301 326
301 327
301 328
301 329
301 330
301 331
301 332
301 333
301 334
301 335
301 336
301 337
301 338
301 339
301 340
301 341
301 342
301 343
301 344
301 345
301 346
301 347
301 349
302 303
302 304
302 305
302 308
302 310
302 312
302 313
302 314
302 315
302 316
302 317
302 319
302 320
302 323
302 324
302 327
302 328
302 329
302 332
302 333
302 334
302 335
302 336
302 337
302 338
302 339
302 340
302 341
302 343
302 344
302 345
302 347
302 348
302 349
302 439
302 453
303 304
303 305
303 306
303 307
303 308
303 309
303 310
303 312
303 313
303 314
303 315
303 316
303 318
303 319
303 321
303 322
303 323
303 324
303 325
303 326
303 327
303 328
303 329
303 332
303 333
303 334
303 335
303 337
303 338
303 340
303 341
303 342
303 343
303 345
303 346
303 348
303 430
304 305
304 306
304 307
304 308
304 309
304 310
304 311
304 312
304 313
304 314
304 316
304 318
304 319
304 320
304 321
304 322
304 323
304 324
304 325
304 326
304 327
304 328
304 329
304 330
304 331
304 333
304 334
304 335
304 336
304 339
304 340
304 341
304 342
304 344
304 345
304 347
304 348
304 444
305 306
305 307
305 308
305 309
305 310
305 311
305 312
305 313
305 314
305 315
305 318
305 319
305 320
305 321
305 322
305 323
305 324
305 325
305 326
305 327
305 328
305 329
305 330
305 331
305 332
305 333
305 335
305 336
305 337
305 339
305 340
305 341
305 342
305 343
305 345
305 346
305 347
305 348
305 349
305 364
305 434
306 307
306 308
306 309
306 310
306 311
306 312
306 313
306 314
306 316
306 319
306 320
306 321
306 322
306 323
306 324
306 326
306 327
306 328
306 329
306 331
306 333
306 334
306 335
306 336
306 337
306 338
306 339
306 340
306 341
306 342
306 343
306 345
306 346
306 347
306 348
306 349
307 308
307 309
307 310
307 311
307 312
307 314
307 315
307 316
307 318
307 319
307 321
307 324
307 326
307 327
307 328
307 329
307 330
307 331
307 332
307 333
307 334
307 335
307 336
307 337
307 339
307 340
307 341
307 342
307 343
307 344
307 347
307 348
307 349
307 431
308 309
308 310
308 312
308 314
308 315
308 317
308 318
308 319
308 320
308 321
308 322
308 323
308 325
308 326
308 327
308 328
308 329
308 330
308 331
308 333
308 334
308 335
308 336
308 337
308 338
308 339
308 340
308 341
308 342
308 343
308 344
308 345
308 346
308 347
308 348
308 349
308 363
309 310
309 311
309 312
309 314
309 315
309 316
309 317
309 318
309 319
309 320
309 322
309 324
309 326
309 329
309 331
309 332
309 333
309 334
309 335
309 336
309 337
309 339
309 340
309 342
309 343
309 344
309 345
309 346
309 347
309 348
309 349
310 311
310 312
310 313
310 314
310 316
310 317
310 319
310 320
310 321
310 322
310 323
310 324
310 325
310 326
310 327
310 328
310 329
310 330
310 331
310 332
310 334
310 335
310 337
310 338
310 340
310 341
310 345
310 346
310 347
310 348
310 349
311 312
311 313
311 314
311 315
311 316
311 318
311 321
311 322
311 323
311 324
311 325
311 326
311 327
311 328
311 329
311 330
311 331
311 332
311 333
311 334
311 335
311 336
311 337
311 338
311 339
311 341
311 342
311 343
311 344
311 346
311 347
311 348
311 349
312 313
312 314
312 315
312 316
312 318
312 319
312 320
312 321
312 322
312 323
312 324
312 325
312 326
312 327
312 328
312 329
312 330
312 331
312 332
312 333
312 334
312 336
312 337
312 338
312 341
312 342
312 343
312 344
312 345
312 346
312 347
312 348
312 349
313 314
313 315
313 316
313 317
313 318
313 320
313 322
313 324
313 325
313 326
313 327
313 328
313 330
313 331
313 332
313 335
313 336
313 337
313 339
313 341
313 344
313 345
313 346
313 347
313 349
313 451
314 315
314 316
314 317
314 321
314 322
314 324
314 325
314 327
314 328
314 329
314 330
314 332
314 333
314 335
314 336
314 337
314 338
314 339
314 340
314 341
314 343
314 344
314 346
314 347
314 348
314 384
314 386
314 441
315 316
315 317
315 318
315 319
315 320
315 321
315 323
315 324
315 325
315 326
315 327
315 328
315 329
315 330
315 331
315 332
315 333
315 334
315 335
315 336
315 338
315 339
315 340
315 342
315 343
315 345
315 347
315 348
315 349
315 492
316 317
316 318
316 319
316 320
316 321
316 322
316 323
316 324
316 325
316 327
316 328
316 329
316 333
316 334
316 336
316 337
316 338
316 340
316 344
316 346
316 347
316 348
316 349
316 389
317 322
317 323
317 324
317 325
317 327
317 328
317 330
317 331
317 333
317 334
317 335
317 336
317 337
317 338
317 339
317 340
317 341
317 342
317 343
317 345
317 346
317 347
317 380
317 428
318 319
318 320
318 321
318 322
318 323
318 324
318 325
318 326
318 327
318 330
318 331
318 332
318 333
318 334
318 335
318 336
318 337
318 338
318 339
318 340
318 344
318 346
318 347
318 348
318 349
319 321
319 322
319 323
319 324
319 325
319 326
319 328
319 329
319 330
319 331
319 332
319 333
319 334
319 335
319 336
319 337
319 338
319 341
319 342
319 343
319 344
319 345
319 346
319 347
319 348
319 349
319 388
320 322
320 323
320 325
320 326
320 327
320 328
320 330
320 331
320 333
320 334
320 335
320 336
320 337
320 338
320 339
320 340
320 342
320 343
320 344
320 347
320 348
321 322
321 324
321 325
321 327
321 328
321 330
321 331
321 332
321 333
321 334
321 335
321 336
321 337
321 338
321 340
321 342
321 343
321 344
321 345
321 346
321 347
321 348
321 432
322 324
322 325
322 326
322 328
322 329
322 330
322 331
322 333
322 334
322 336
322 338
322 339
322 341
322 342
322 343
322 345
322 346
322 347
322 348
322 349
322 350
323 324
323 325
323 327
323 329
323 330
323 331
323 332
323 334
323 335
323 336
323 337
323 338
323 340
323 341
323 343
323 344
323 345
323 346
323 348
323 349
324 325
324 326
324 328
324 329
324 330
324 331
324 332
324 333
324 335
324 336
324 340
324 341
324 343
324 344
324 347
324 348
325 326
325 327
325 328
325 329
325 330
325 331
325 332
325 334
325 335
325 336
325 337
325 338
325 339
325 340
325 341
325 342
325 343
325 344
325 346
325 347
325 348
325 349
325 382
326 327
326 328
326 329
326 330
326 331
326 332
326 333
326 336
326 337
326 338
326 339
326 340
326 342
326 343
326 344
326 345
326 347
326 348
326 349
326 499
327 328
327 329
327 330
327 332
327 333
327 334
327 335
327 336
327 338
327 340
327 341
327 342
327 343
327 344
327 345
327 346
327 347
327 348
328 329
328 330
328 332
328 333
328 334
328 335
328 336
328 337
328 338
328 339
328 340
328 341
328 342
328 343
328 345
328 346
328 347
328 348
328 349
329 330
329 331
329 332
329 333
329 334
329 335
329 338
329 339
329 340
329 341
329 342
329 343
329 344
329 345
329 346
329 348
330 331
330 332
330 333
330 334
330 336
330 337
330 338
330 339
330 340
330 341
330 343
330 344
330 345
330 346
330 347
330 348
330 349
330 499
331 332
331 334
331 335
331 336
331 337
331 339
331 341
331 342
331 343
331 344
331 345
331 346
331 348
331 349
332 333
332 334
332 335
332 336
332 338
332 339
332 341
332 343
332 345
332 346
332 347
332 348
332 471
332 483
333 334
333 336
333 337
333 339
333 341
333 343
333 345
333 346
333 347
333 349
333 412
333 427
334 335
334 336
334 337
334 338
334 339
334 340
334 341
334 342
334 343
334 344
334 345
334 347
334 348
334 349
335 336
335 337
335 338
335 339
335 340
335 341
335 342
335 343
335 345
335 346
335 347
335 348
335 349
336 337
336 339
336 340
336 341
336 342
336 343
336 344
336 346
336 347
336 348
337 339
337 340
337 341
337 342
337 343
337 344
337 345
337 346
337 347
337 349
337 424
337 467
338 339
338 341
338 343
338 344
338 345
338 346
338 348
338 349
338 368
338 432
338 484
339 340
339 341
339 342
339 343
339 344
339 346
339 349
340 343
340 344
340 345
340 346
340 347
340 348
340 349
340 412
341 342
341 343
341 344
341 345
341 347
341 348
341 349
342 343
342 344
342 346
342 347
342 348
342 349
342 476
343 344
343 345
343 346
343 347
343 348
344 345
344 346
344 347
344 348
344 349
345 346
345 347
345 349
345 478
346 348
346 349
346 373
347 348
347 349
348 349
348 497
349 462
349 494
384 385
384 386
384 387
384 388
384 389
384 392
384 393
384 394
384 395
384 396
384 398
384 399
384 350
384 351
384 352
384 353
384 354
384 355
384 356
384 357
384 358
384 359
384 360
384 361
384 362
384 363
384 364
384 365
384 366
384 367
384 368
384 369
384 371
384 372
384 373
384 374
384 375
384 376
384 377
384 379
384 381
384 382
384 383
384 482
385 386
385 387
385 389
385 390
385 392
385 393
385 394
385 395
385 397
385 398
385 399
385 351
385 352
385 354
385 355
385 356
385 357
385 358
385 359
385 360
385 361
385 362
385 363
385 364
385 366
385 367
385 368
385 369
385 370
385 371
385 372
385 374
385 375
385 378
385 379
385 381
385 382
385 383
385 493
386 389
386 391
386 392
386 393
386 395
386 397
386 398
386 399
386 351
386 352
386 353
386 354
386 356
386 357
386 358
386 359
386 360
386 361
386 362
386 363
386 364
386 366
386 367
386 368
386 369
386 370
386 371
386 372
386 373
386 375
386 377
386 379
386 380
386 381
386 382
386 383
387 388
387 390
387 392
387 394
387 395
387 397
387 398
387 399
387 351
387 352
387 355
387 356
387 357
387 358
387 359
387 362
387 363
387 364
387 365
387 366
387 367
387 368
387 369
387 370
387 371
387 372
387 373
387 374
387 377
387 378
387 379
387 380
387 381
387 382
388 389
388 390
388 392
388 393
388 394
388 395
388 396
388 397
388 398
388 399
388 351
388 352
388 355
388 356
388 357
388 358
388 359
388 360
388 363
388 366
388 367
388 368
388 369
388 370
388 372
388 373
388 374
388 375
388 376
388 378
388 380
388 382
389 390
389 391
389 393
389 394
389 395
389 396
389 398
389 399
389 350
389 351
389 353
389 354
389 355
389 356
389 357
389 358
389 363
389 365
389 368
389 370
389 372
389 373
389 374
389 376
389 377
389 379
389 380
389 381
389 382
390 391
390 393
390 394
390 395
390 396
390 397
390 398
390 399
390 350
390 351
390 352
390 354
390 356
390 357
390 358
390 361
390 362
390 363
390 364
390 365
390 366
390 368
390 369
390 370
390 371
390 372
390 373
390 374
390 375
390 377
390 378
390 379
390 380
390 381
390 382
391 392
391 393
391 394
391 395
391 396
391 397
391 398
391 351
391 353
391 354
391 355
391 356
391 358
391 359
391 360
391 361
391 362
391 363
391 364
391 365
391 366
391 367
391 368
391 369
391 370
391 371
391 372
391 375
391 376
391 378
391 379
391 380
391 381
391 382
391 383
392 393
392 394
392 395
392 396
392 397
392 398
392 399
392 350
392 352
392 354
392 355
392 356
392 357
392 359
392 360
392 361
392 362
392 363
392 365
392 366
392 369
392 370
392 371
392 372
392 375
392 376
392 378
392 379
392 380
392 382
392 383
393 394
393 395
393 396
393 397
393 398
393 399
393 350
393 351
393 352
393 353
393 354
393 355
393 356
393 357
393 358
393 359
393 360
393 361
393 362
393 363
393 364
393 365
393 366
393 367
393 368
393 369
393 370
393 371
393 373
393 374
393 375
393 377
393 378
393 379
393 381
393 383
394 395
394 396
394 397
394 399
394 350
394 351
394 352
394 353
394 354
394 355
394 356
394 357
394 358
394 359
394 362
394 363
394 364
394 365
394 366
394 367
394 368
394 370
394 371
394 372
394 373
394 374
394 375
394 376
394 377
394 379
394 380
394 381
394 382
394 383
395 396
395 398
395 399
395 350
395 351
395 352
395 353
395 354
395 355
395 358
395 359
395 360
395 361
395 362
395 364
395 365
395 366
395 367
395 368
395 369
395 370
395 371
395 372
395 373
395 374
395 375
395 376
395 377
395 378
395 379
395 381
395 382
395 383
396 397
396 398
396 350
396 351
396 352
396 353
396 354
396 355
396 357
396 358
396 359
396 360
396 361
396 363
396 364
396 365
396 366
396 367
396 368
396 369
396 370
396 371
396 372
396 373
396 375
396 377
396 379
396 383
397 398
397 399
397 351
397 352
397 353
397 354
397 355
397 356
397 357
397 358
397 359
397 362
397 364
397 366
397 367
397 368
397 369
397 371
397 372
397 373
397 374
397 375
397 376
397 377
397 378
397 381
397 382
397 454
398 399
398 351
398 352
398 353
398 355
398 356
398 357
398 358
398 360
398 361
398 363
398 364
398 366
398 367
398 368
398 369
398 370
398 371
398 372
398 373
398 375
398 376
398 377
398 378
398 379
398 381
398 382
399 350
399 351
399 353
399 357
399 358
399 359
399 362
399 364
399 365
399 366
399 369
399 370
399 372
399 373
399 374
399 375
399 376
399 377
399 380
399 381
399 383
399 472
350 351
350 353
350 355
350 357
350 358
350 359
350 360
350 361
350 362
350 364
350 367
350 369
350 370
350 371
350 372
350 373
350 374
350 375
350 376
350 377
350 378
350 379
350 380
350 381
350 382
350 383
350 493
351 352
351 353
351 354
351 355
351 356
351 357
351 360
351 361
351 362
351 365
351 367
351 368
351 369
351 370
351 371
351 372
351 373
351 374
351 375
351 377
351 378
351 379
351 380
351 382
351 383
351 435
352 353
352 354
352 356
352 357
352 358
352 359
352 360
352 361
352 363
352 364
352 365
352 366
352 367
352 368
352 369
352 370
352 372
352 373
352 374
352 375
352 376
352 377
352 378
352 380
352 382
353 354
353 355
353 356
353 357
353 358
353 359
353 360
353 361
353 362
353 365
353 366
353 367
353 368
353 369
353 372
353 373
353 375
353 376
353 379
353 380
353 381
353 382
353 383
354 355
354 356
354 357
354 359
354 360
354 362
354 364
354 365
354 367
354 368
354 369
354 370
354 371
354 373
354 374
354 376
354 377
354 378
354 379
354 380
354 381
354 382
354 383
355 356
355 358
355 361
355 362
355 364
355 365
355 367
355 368
355 370
355 371
355 372
355 373
355 374
355 375
355 376
355 377
355 378
355 379
355 381
355 382
355 383
356 357
356 358
356 359
356 360
356 361
356 362
356 363
356 365
356 366
356 367
356 368
356 369
356 370
356 371
356 373
356 374
356 375
356 376
356 378
356 380
356 381
356 382
356 383
356 435
356 480
357 360
357 361
357 362
357 363
357 365
357 366
357 367
357 370
357 371
357 373
357 374
357 376
357 377
357 379
357 382
357 383
358 359
358 360
358 361
358 362
358 363
358 364
358 365
358 366
358 367
358 368
358 369
358 370
358 371
358 373
358 375
358 376
358 378
358 379
358 381
358 382
358 491
359 363
359 364
359 365
359 366
359 367
359 368
359 371
359 372
359 373
359 374
359 375
359 379
359 381
359 382
359 383
360 361
360 363
360 365
360 367
360 368
360 369
360 373
360 374
360 375
360 376
360 377
360 379
360 380
360 382
360 408
361 362
361 363
361 364
361 365
361 366
361 367
361 368
361 369
361 370
361 372
361 373
361 377
361 378
361 379
361 380
361 381
361 382
361 383
361 405
361 479
362 363
362 364
362 368
362 369
362 372
362 373
362 374
362 375
362 377
362 379
362 380
362 382
363 364
363 365
363 367
363 368
363 370
363 372
363 376
363 377
363 378
363 379
363 380
363 381
363 382
364 365
364 367
364 368
364 369
364 370
364 371
364 372
364 373
364 376
364 377
364 378
364 380
364 381
364 382
364 383
365 366
365 367
365 370
365 372
365 373
365 374
365 375
365 379
365 382
365 383
365 484
366 367
366 368
366 370
366 371
366 372
366 373
366 374
366 375
366 377
366 378
366 379
366 382
366 383
366 451
366 477
367 369
367 370
367 372
367 375
367 377
367 378
367 380
367 381
367 383
367 484
368 369
368 371
368 373
368 374
368 375
368 376
368 377
368 379
368 380
368 381
368 383
369 370
369 372
369 373
369 374
369 375
369 377
369 378
369 379
369 380
369 381
369 382
369 383
369 475
370 371
370 372
370 373
370 374
370 375
370 377
370 378
370 379
370 380
370 381
370 383
371 373
371 374
371 375
371 376
371 377
371 378
371 380
371 381
371 382
371 383
372 373
372 374
372 375
372 376
372 378
372 380
372 381
372 382
372 383
373 374
373 375
373 376
373 377
373 378
373 379
373 380
373 381
373 383
374 375
374 376
374 378
374 379
374 380
374 381
374 382
374 383
375 376
375 377
375 378
375 379
375 381
375 382
375 383
376 377
376 378
376 380
376 381
376 382
377 378
377 380
377 381
377 382
377 453
377 474
378 379
378 380
378 381
378 382
378 383
378 466
378 493
379 380
379 381
379 382
379 383
380 381
380 382
380 383
380 419
381 470
382 483
383 400
383 450
400 401
400 402
400 403
400 405
400 406
400 407
400 408
400 409
400 410
400 411
400 412
400 413
400 414
400 415
400 416
400 417
400 418
400 419
400 421
400 422
400 424
400 425
400 426
400 427
400 429
400 430
400 431
400 432
400 433
400 434
400 435
400 436
400 438
400 439
400 440
400 441
400 442
400 443
400 444
400 446
401 402
401 404
401 405
401 406
401 407
401 409
401 410
401 412
401 413
401 415
401 416
401 417
401 418
401 419
401 420
401 421
401 422
401 423
401 424
401 425
401 426
401 427
401 428
401 429
401 430
401 431
401 434
401 435
401 436
401 437
401 438
401 439
401 441
401 442
401 443
401 444
401 445
401 447
401 448
401 449
401 477
402 403
402 404
402 405
402 406
402 409
402 410
402 411
402 412
402 413
402 415
402 416
402 417
402 418
402 419
402 420
402 421
402 422
402 423
402 424
402 425
402 426
402 427
402 428
402 430
402 431
402 433
402 434
402 435
402 436
402 437
402 438
402 439
402 440
402 441
402 442
402 443
402 446
402 449
403 405
403 406
403 409
403 410
403 413
403 414
403 416
403 417
403 418
403 419
403 420
403 421
403 422
403 423
403 424
403 426
403 427
403 428
403 429
403 431
403 432
403 433
403 434
403 435
403 436
403 437
403 438
403 439
403 441
403 442
403 443
403 444
403 445
403 446
403 447
403 448
403 449
404 406
404 408
404 409
404 411
404 414
404 415
404 416
404 419
404 420
404 421
404 422
404 423
404 424
404 425
404 427
404 428
404 429
404 431
404 433
404 434
404 436
404 437
404 438
404 439
404 440
404 443
404 444
404 445
404 446
404 447
404 448
404 495
405 406
405 407
405 408
405 409
405 410
405 411
405 412
405 414
405 415
405 416
405 417
405 418
405 419
405 420
405 422
405 423
405 424
405 425
405 426
405 427
405 428
405 429
405 431
405 432
405 434
405 435
405 436
405 437
405 439
405 440
405 441
405 442
405 444
405 445
405 447
405 448
406 407
406 408
406 409
406 411
406 413
406 414
406 415
406 416
406 418
406 419
406 420
406 421
406 422
406 423
406 424
406 425
406 426
406 427
406 428
406 429
406 430
406 431
406 432
406 433
406 435
406 437
406 438
406 439
406 440
406 441
406 442
406 443
406 444
406 445
406 447
406 449
407 408
407 409
407 411
407 412
407 413
407 414
407 415
407 416
407 418
407 419
407 420
407 421
407 422
407 423
407 424
407 425
407 426
407 427
407 428
407 429
407 430
407 432
407 433
407 434
407 435
407 436
407 438
407 439
407 440
407 441
407 442
407 443
407 444
407 446
407 447
407 448
407 449
408 409
408 410
408 411
408 412
408 413
408 414
408 415
408 416
408 417
408 418
408 419
408 420
408 421
408 422
408 423
408 425
408 426
408 427
408 428
408 431
408 432
408 434
408 435
408 436
408 437
408 438
408 439
408 440
408 441
408 442
408 443
408 444
408 445
408 446
408 466
409 410
409 412
409 413
409 414
409 415
409 417
409 418
409 419
409 420
409 421
409 422
409 423
409 424
409 425
409 426
409 428
409 429
409 430
409 431
409 432
409 433
409 434
409 435
409 436
409 437
409 438
409 439
409 440
409 441
409 442
409 444
409 446
409 447
409 448
410 413
410 414
410 415
410 416
410 418
410 419
410 420
410 421
410 423
410 424
410 425
410 426
410 427
410 428
410 429
410 430
410 431
410 432
410 435
410 436
410 437
410 438
410 439
410 440
410 442
410 443
410 445
410 446
410 447
410 448
410 449
411 412
411 413
411 416
411 417
411 420
411 421
411 422
411 423
411 424
411 426
411 427
411 428
411 429
411 430
411 431
411 432
411 433
411 434
411 435
411 436
411 437
411 438
411 439
411 440
411 442
411 443
411 444
411 445
411 446
411 447
411 448
412 413
412 414
412 416
412 417
412 419
412 420
412 421
412 422
412 423
412 424
412 425
412 426
412 427
412 428
412 429
412 431
412 433
412 434
412 435
412 436
412 437
412 438
412 440
412 442
412 443
412 444
412 445
412 446
412 447
412 449
413 415
413 416
413 417
413 418
413 419
413 420
413 422
413 423
413 424
413 426
413 427
413 428
413 429
413 430
413 431
413 432
413 433
413 434
413 435
413 437
413 438
413 439
413 441
413 442
413 444
413 445
413 446
413 449
414 415
414 417
414 418
414 419
414 420
414 421
414 422
414 423
414 424
414 425
414 426
414 427
414 428
414 430
414 431
414 432
414 433
414 434
414 435
414 437
414 440
414 441
414 442
414 443
414 444
414 445
414 446
414 447
414 448
415 416
415 421
415 423
415 424
415 425
415 428
415 429
415 431
415 432
415 433
415 435
415 436
415 437
415 438
415 439
415 441
415 442
415 443
415 445
416 417
416 418
416 419
416 420
416 421
416 422
416 423
416 424
416 425
416 426
416 427
416 428
416 429
416 431
416 432
416 433
416 434
416 436
416 437
416 438
416 439
416 440
416 442
416 443
416 444
416 445
416 447
416 448
417 418
417 420
417 421
417 423
417 424
417 426
417 427
417 428
417 430
417 431
417 432
417 433
417 434
417 435
417 436
417 438
417 439
417 440
417 442
417 443
417 444
417 446
417 447
417 448
417 449
418 419
418 420
418 422
418 423
418 424
418 425
418 426
418 427
418 428
418 429
418 430
418 432
418 433
418 434
418 435
418 437
418 439
418 441
418 442
418 443
418 444
418 445
418 446
418 447
419 420
419 422
419 423
419 424
419 425
419 426
419 427
419 428
419 431
419 432
419 434
419 435
419 436
419 437
419 439
419 440
419 441
419 442
419 443
419 444
419 445
419 446
419 447
419 448
419 449
420 421
420 422
420 423
420 424
420 425
420 426
420 429
420 431
420 432
420 433
420 434
420 435
420 436
420 437
420 438
420 439
420 440
420 441
420 442
420 443
420 444
420 445
420 446
420 447
420 449
420 477
421 422
421 423
421 424
421 425
421 426
421 427
421 428
421 429
421 430
421 431
421 432
421 433
421 434
421 435
421 436
421 437
421 438
421 439
421 440
421 443
421 445
421 446
421 447
421 448
421 449
422 423
422 424
422 425
422 426
422 427
422 428
422 429
422 431
422 433
422 434
422 436
422 437
422 438
422 440
422 441
422 442
422 443
422 444
422 445
422 446
422 447
422 449
423 424
423 425
423 426
423 427
423 428
423 429
423 430
423 432
423 433
423 435
423 436
423 438
423 439
423 440
423 441
423 443
423 444
423 446
423 447
423 448
423 449
424 425
424 427
424 428
424 429
424 430
424 431
424 432
424 434
424 436
424 437
424 438
424 439
424 441
424 442
424 443
424 444
424 445
424 446
424 447
424 448
424 449
425 427
425 430
425 431
425 432
425 433
425 434
425 436
425 437
425 439
425 441
425 443
425 444
425 445
425 446
425 447
425 448
425 449
425 472
426 427
426 428
426 429
426 430
426 431
426 432
426 433
426 435
426 436
426 438
426 439
426 440
426 441
426 442
426 444
426 446
426 447
426 448
426 449
427 428
427 429
427 430
427 431
427 432
427 438
427 439
427 440
427 441
427 442
427 443
427 444
427 445
427 446
427 447
427 448
427 449
428 429
428 431
428 432
428 433
428 434
428 436
428 437
428 438
428 439
428 440
428 442
428 443
428 444
428 445
428 446
428 447
428 449
429 430
429 431
429 432
429 433
429 434
429 435
429 436
429 437
429 438
429 439
429 440
429 441
429 442
429 443
429 444
429 447
429 449
429 463
430 431
430 432
430 433
430 434
430 435
430 436
430 437
430 440
430 441
430 442
430 443
430 444
430 445
430 447
430 448
430 449
430 495
430 496
431 432
431 433
431 436
431 437
431 438
431 439
431 440
431 444
431 446
431 448
432 433
432 436
432 437
432 438
432 439
432 441
432 442
432 443
432 444
432 445
432 449
432 450
433 434
433 435
433 436
433 437
433 438
433 439
433 440
433 441
433 442
433 443
433 444
433 445
433 446
433 447
433 448
433 449
434 436
434 437
434 438
434 439
434 440
434 441
434 442
434 443
434 444
434 445
434 446
434 447
434 448
434 449
435 436
435 438
435 440
435 442
435 443
435 444
435 445
435 446
435 448
435 449
436 438
436 439
436 440
436 441
436 443
436 444
436 445
436 446
436 447
436 448
436 449
437 438
437 439
437 440
437 441
437 442
437 443
437 444
437 446
437 447
437 448
438 439
438 440
438 441
438 442
438 443
438 444
438 445
438 446
438 447
438 448
439 440
439 441
439 442
439 445
439 447
439 448
439 449
440 441
440 442
440 443
440 445
440 446
440 447
440 448
440 449
441 442
441 443
441 444
441 445
441 446
441 447
441 449
442 443
442 444
442 445
442 447
442 448
442 449
443 447
443 448
443 449
444 445
444 446
444 448
445 446
445 447
445 448
445 449
446 447
446 448
446 449
447 448
447 449
447 453
448 449
450 451
450 452
450 453
450 454
450 455
450 456
450 458
450 459
450 460
450 462
450 463
450 464
450 465
450 466
450 467
450 468
450 469
450 470
450 471
450 472
450 473
450 474
450 475
450 476
450 477
450 478
450 480
450 481
450 482
450 483
450 484
450 486
450 488
450 489
450 491
450 492
450 493
450 494
450 497
450 499
451 452
451 453
451 454
451 455
451 456
451 457
451 458
451 459
451 460
451 461
451 462
451 463
451 464
451 465
451 466
451 467
451 468
451 470
451 471
451 472
451 473
451 474
451 475
451 477
451 479
451 480
451 481
451 482
451 483
451 484
451 485
451 486
451 487
451 488
451 489
451 490
451 491
451 493
451 495
451 496
451 498
451 499
452 453
452 455
452 457
452 458
452 459
452 461
452 462
452 464
452 465
452 466
452 467
452 468
452 470
452 471
452 472
452 473
452 474
452 476
452 477
452 478
452 479
452 480
452 481
452 483
452 484
452 485
452 486
452 487
452 488
452 489
452 490
452 491
452 492
452 494
452 495
452 496
452 499
453 454
453 455
453 456
453 458
453 460
453 462
453 463
453 465
453 466
453 467
453 468
453 469
453 470
453 471
453 474
453 475
453 476
453 477
453 478
453 479
453 480
453 482
453 483
453 485
453 486
453 487
453 489
453 490
453 491
453 492
453 494
453 495
453 496
453 497
453 498
453 499
454 455
454 456
454 457
454 459
454 460
454 461
454 462
454 464
454 465
454 466
454 468
454 470
454 472
454 473
454 474
454 475
454 476
454 477
454 479
454 480
454 481
454 482
454 483
454 484
454 485
454 486
454 487
454 488
454 489
454 490
454 491
454 492
454 494
454 495
454 496
454 498
454 499
455 457
455 458
455 460
455 461
455 462
455 463
455 464
455 465
455 466
455 467
455 469
455 471
455 472
455 473
455 475
455 477
455 478
455 479
455 480
455 481
455 482
455 483
455 485
455 486
455 487
455 488
455 489
455 491
455 492
455 493
455 494
455 496
455 497
455 498
455 499
456 457
456 458
456 459
456 462
456 463
456 464
456 465
456 466
456 467
456 468
456 469
456 470
456 471
456 472
456 473
456 474
456 475
456 476
456 477
456 478
456 479
456 480
456 481
456 482
456 485
456 486
456 487
456 489
456 490
456 492
456 493
456 494
456 495
456 496
456 497
456 498
456 499
457 458
457 460
457 461
457 462
457 463
457 464
457 465
457 468
457 469
457 470
457 471
457 472
457 473
457 474
457 475
457 476
457 477
457 478
457 479
457 480
457 482
457 483
457 484
457 485
457 487
457 489
457 492
457 493
457 494
457 495
457 496
457 497
457 498
457 499
458 459
458 460
458 461
458 462
458 464
458 465
458 466
458 467
458 469
458 470
458 471
458 472
458 474
458 475
458 476
458 477
458 478
458 480
458 482
458 483
458 484
458 485
458 486
458 487
458 489
458 491
458 492
458 493
458 494
458 495
458 496
458 498
459 460
459 462
459 463
459 464
459 465
459 466
459 467
459 468
459 471
459 472
459 473
459 475
459 476
459 477
459 478
459 479
459 480
459 481
459 482
459 483
459 484
459 485
459 486
459 487
459 489
459 491
459 492
459 493
459 494
459 495
459 496
459 497
460 461
460 463
460 464
460 465
460 466
460 467
460 468
460 469
460 470
460 471
460 472
460 473
460 474
460 476
460 477
460 479
460 480
460 482
460 483
460 485
460 486
460 487
460 488
460 489
460 490
460 492
460 493
460 494
460 496
460 498
460 499
461 462
461 463
461 465
461 466
461 467
461 468
461 469
461 472
461 473
461 474
461 475
461 476
461 477
461 478
461 479
461 480
461 481
461 483
461 485
461 486
461 487
461 488
461 489
461 490
461 491
461 492
461 493
461 494
461 496
461 497
461 498
462 463
462 464
462 465
462 466
462 469
462 471
462 472
462 473
462 475
462 476
462 477
462 478
462 479
462 481
462 482
462 483
462 484
462 485
462 486
462 487
462 488
462 489
462 491
462 492
462 493
462 494
462 497
462 499
463 464
463 467
463 468
463 469
463 470
463 471
463 472
463 473
463 474
463 475
463 476
463 477
463 479
463 480
463 481
463 483
463 484
463 485
463 486
463 488
463 490
463 492
463 493
463 494
463 496
463 497
463 498
463 499
464 465
464 466
464 467
464 468
464 469
464 470
464 471
464 472
464 474
464 476
464 477
464 478
464 479
464 482
464 483
464 484
464 485
464 486
464 488
464 492
464 493
464 494
464 495
464 497
464 499
465 466
465 467
465 470
465 472
465 473
465 475
465 476
465 477
465 478
465 480
465 481
465 482
465 483
465 484
465 486
465 487
465 489
465 491
465 493
465 494
465 495
465 496
465 498
465 499
466 469
466 470
466 471
466 472
466 473
466 474
466 475
466 476
466 477
466 480
466 481
466 482
466 483
466 484
466 485
466 486
466 488
466 489
466 490
466 493
466 494
466 495
466 496
466 497
466 498
466 499
467 468
467 469
467 470
467 472
467 473
467 474
467 475
467 476
467 477
467 478
467 480
467 481
467 482
467 483
467 484
467 485
467 486
467 487
467 488
467 490
467 493
467 494
467 495
467 496
467 497
467 498
467 499
468 470
468 471
468 472
468 473
468 474
468 475
468 476
468 477
468 478
468 481
468 482
468 483
468 484
468 485
468 486
468 489
468 490
468 491
468 492
468 493
468 494
468 496
468 497
468 499
469 470
469 471
469 472
469 473
469 474
469 475
469 476
469 477
469 478
469 479
469 481
469 483
469 485
469 486
469 487
469 489
469 490
469 491
469 492
469 494
469 495
469 496
469 497
469 498
470 471
470 472
470 473
470 477
470 478
470 479
470 480
470 482
470 483
470 485
470 486
470 487
470 488
470 490
470 492
470 493
470 494
470 495
470 498
470 499
471 472
471 473
471 474
471 475
471 476
471 477
471 478
471 480
471 481
471 482
471 483
471 484
471 485
471 488
471 489
471 490
471 492
471 493
471 494
471 495
471 496
471 497
471 498
472 473
472 474
472 475
472 478
472 479
472 480
472 481
472 482
472 483
472 487
472 488
472 489
472 491
472 492
472 493
472 494
472 495
472 496
472 497
472 499
473 477
473 478
473 479
473 480
473 481
473 483
473 484
473 486
473 487
473 488
473 489
473 490
473 491
473 493
473 494
473 495
473 496
473 498
473 499
474 475
474 476
474 477
474 478
474 479
474 480
474 481
474 482
474 483
474 484
474 485
474 486
474 487
474 488
474 490
474 491
474 492
474 494
474 495
474 496
474 497
475 476
475 477
475 478
475 479
475 480
475 481
475 482
475 483
475 484
475 485
475 486
475 487
475 489
475 490
475 491
475 493
475 494
475 495
475 496
475 497
475 498
475 499
476 478
476 479
476 480
476 481
476 482
476 484
476 485
476 486
476 489
476 490
476 491
476 492
476 494
476 495
476 496
476 497
476 498
476 499
477 478
477 480
477 481
477 482
477 483
477 484
477 485
477 486
477 487
477 488
477 489
477 490
477 491
477 492
477 493
477 494
477 495
477 496
477 497
477 499
478 481
478 483
478 484
478 485
478 486
478 487
478 488
478 489
478 490
478 491
478 492
478 494
478 495
478 496
478 497
478 498
478 499
479 480
479 481
479 482
479 483
479 484
479 485
479 486
479 487
479 488
479 489
479 490
479 491
479 492
479 493
479 494
479 495
479 496
479 497
479 498
479 499
480 481
480 482
480 483
480 484
480 485
480 486
480 487
480 488
480 489
480 490
480 491
480 492
480 495
480 496
480 497
480 498
480 499
481 482
481 483
481 484
481 485
481 486
481 489
481 490
481 491
481 492
481 493
481 495
481 496
481 499
482 483
482 484
482 485
482 486
482 487
482 488
482 489
482 490
482 492
482 493
482 494
482 495
482 496
482 499
483 484
483 485
483 487
483 488
483 489
483 490
483 491
483 492
483 493
483 494
483 495
483 496
483 498
483 499
484 486
484 487
484 488
484 489
484 491
484 493
484 494
484 496
484 497
484 498
484 499
485 489
485 490
485 491
485 492
485 493
485 494
485 495
485 496
485 499
486 487
486 488
486 489
486 490
486 491
486 492
486 494
486 495
486 496
486 497
486 498
486 499
487 488
487 489
487 490
487 491
487 492
487 493
487 494
487 498
487 499
488 489
488 490
488 492
488 493
488 494
488 496
488 497
488 498
488 499
489 490
489 491
489 492
489 493
489 494
489 495
489 496
489 497
489 498
489 499
490 491
490 493
490 494
490 495
490 497
490 498
491 492
491 493
491 494
491 495
491 497
491 498
491 499
492 493
492 494
492 495
492 496
492 497
492 499
493 495
493 496
493 497
493 498
493 499
494 495
494 497
494 498
494 499
495 496
495 497
495 498
495 499
496 497
496 498
496 499
497 498
497 499
