0 1
0 2
0 3
0 4
0 5
0 6
0 7
0 8
0 9
0 10
0 11
0 12
0 13
0 14
0 15
0 16
0 17
0 18
0 19
0 20
0 21
0 22
0 23
0 24
0 25
0 26
0 27
0 28
0 29
0 30
0 31
0 32
0 33
0 34
0 35
0 36
0 37
0 38
0 39
0 40
0 41
0 42
0 43
0 44
0 45
0 46
0 47
0 48
0 49
0 61
0 63
0 64
0 66
0 70
0 71
0 73
0 74
0 75
0 76
0 80
0 86
0 88
0 89
0 90
0 94
0 99
0 128
0 129
0 132
0 136
0 142
0 143
0 145
0 146
0 148
0 149
0 103
0 107
0 109
0 113
0 114
0 116
0 119
0 124
0 125
0 127
0 151
0 155
0 163
0 166
0 174
0 177
0 179
0 180
0 182
0 184
0 185
0 191
0 196
0 198
0 200
0 202
0 214
0 216
0 224
0 229
0 233
0 235
0 237
0 238
0 243
0 245
0 248
1 2
1 3
1 4
1 5
1 6
1 7
1 8
1 9
1 10
1 11
1 12
1 13
1 14
1 15
1 16
1 17
1 18
1 19
1 20
1 21
1 22
1 23
1 24
1 25
1 26
1 27
1 28
1 29
1 30
1 31
1 32
1 33
1 34
1 35
1 36
1 37
1 38
1 39
1 40
1 41
1 42
1 43
1 44
1 45
1 46
1 47
1 48
1 49
1 58
1 60
1 66
1 67
1 72
1 74
1 79
1 83
1 90
1 98
1 99
1 129
1 130
1 134
1 135
1 137
1 138
1 140
1 143
1 146
1 149
1 101
1 105
1 116
1 118
1 120
1 121
1 125
1 150
1 152
1 156
1 157
1 158
1 159
1 160
1 165
1 169
1 171
1 177
1 178
1 181
1 186
1 190
1 199
1 200
1 201
1 202
1 208
1 210
1 218
1 220
1 221
1 223
1 225
1 227
1 228
1 229
1 240
1 242
1 244
1 246
2 3
2 4
2 5
2 6
2 7
2 8
2 9
2 10
2 11
2 12
2 13
2 14
2 15
2 16
2 17
2 18
2 19
2 20
2 21
2 22
2 23
2 24
2 25
2 26
2 27
2 28
2 29
2 30
2 31
2 32
2 33
2 34
2 35
2 36
2 37
2 38
2 39
2 40
2 41
2 42
2 43
2 44
2 45
2 46
2 47
2 48
2 49
2 50
2 51
2 53
2 55
2 57
2 61
2 62
2 67
2 69
2 71
2 72
2 73
2 75
2 77
2 80
2 84
2 85
2 95
2 97
2 98
2 132
2 140
2 147
2 148
2 149
2 100
2 101
2 103
2 106
2 110
2 112
2 115
2 116
2 119
2 120
2 124
2 155
2 159
2 161
2 165
2 168
2 174
2 177
2 178
2 179
2 183
2 186
2 187
2 190
2 194
2 199
2 202
2 204
2 206
2 209
2 219
2 223
2 227
2 229
2 231
2 233
2 240
2 243
2 246
2 248
2 249
3 4
3 5
3 6
3 7
3 8
3 9
3 10
3 11
3 12
3 13
3 14
3 15
3 16
3 17
3 18
3 19
3 20
3 21
3 22
3 23
3 24
3 25
3 26
3 27
3 28
3 29
3 30
3 31
3 32
3 33
3 34
3 35
3 36
3 37
3 38
3 39
3 40
3 41
3 42
3 43
3 44
3 45
3 46
3 47
3 48
3 49
3 59
3 65
3 67
3 68
3 69
3 71
3 78
3 79
3 80
3 82
3 84
3 88
3 92
3 94
3 98
3 131
3 134
3 138
3 140
3 149
3 100
3 103
3 105
3 113
3 115
3 119
3 121
3 157
3 158
3 161
3 162
3 163
3 174
3 177
3 181
3 183
3 185
3 188
3 190
3 193
3 196
3 199
3 200
3 201
3 202
3 203
3 207
3 213
3 217
3 220
3 229
3 230
3 232
3 241
3 242
3 245
3 247
4 5
4 6
4 7
4 8
4 9
4 10
4 11
4 12
4 13
4 14
4 15
4 16
4 17
4 18
4 19
4 20
4 21
4 22
4 23
4 24
4 25
4 26
4 27
4 28
4 29
4 30
4 31
4 32
4 33
4 34
4 35
4 36
4 37
4 38
4 39
4 40
4 41
4 42
4 43
4 44
4 45
4 46
4 47
4 48
4 49
4 57
4 60
4 63
4 66
4 68
4 71
4 73
4 76
4 79
4 82
4 87
4 89
4 93
4 98
4 128
4 129
4 130
4 132
4 133
4 134
4 139
4 141
4 142
4 143
4 144
4 146
4 100
4 108
4 110
4 121
4 125
4 151
4 152
4 154
4 155
4 157
4 159
4 165
4 166
4 171
4 172
4 173
4 175
4 177
4 178
4 179
4 180
4 182
4 187
4 188
4 189
4 198
4 202
4 205
4 206
4 208
4 212
4 217
4 218
4 221
4 222
4 228
4 231
4 234
4 237
4 238
4 241
4 242
4 244
5 6
5 7
5 8
5 9
5 10
5 11
5 12
5 13
5 14
5 15
5 16
5 17
5 18
5 19
5 20
5 21
5 22
5 23
5 24
5 25
5 26
5 27
5 28
5 29
5 30
5 31
5 32
5 33
5 34
5 35
5 36
5 37
5 38
5 39
5 40
5 41
5 42
5 43
5 44
5 45
5 46
5 47
5 48
5 49
5 52
5 59
5 60
5 63
5 67
5 69
5 71
5 78
5 79
5 80
5 89
5 91
5 92
5 94
5 99
5 128
5 133
5 134
5 137
5 138
5 144
5 146
5 103
5 104
5 105
5 106
5 108
5 110
5 112
5 113
5 115
5 116
5 118
5 122
5 125
5 150
5 153
5 154
5 155
5 163
5 164
5 168
5 170
5 175
5 177
5 179
5 180
5 182
5 189
5 190
5 191
5 193
5 195
5 200
5 203
5 204
5 209
5 216
5 218
5 219
5 222
5 226
5 227
5 233
5 234
5 235
5 236
5 240
5 243
5 245
5 247
6 7
6 8
6 9
6 10
6 11
6 12
6 13
6 14
6 15
6 16
6 17
6 18
6 19
6 20
6 21
6 22
6 23
6 24
6 25
6 26
6 27
6 28
6 29
6 30
6 31
6 32
6 33
6 34
6 35
6 36
6 37
6 38
6 39
6 40
6 41
6 42
6 43
6 44
6 45
6 46
6 47
6 48
6 49
6 51
6 55
6 58
6 59
6 67
6 69
6 70
6 71
6 72
6 77
6 80
6 87
6 88
6 89
6 90
6 94
6 98
6 129
6 133
6 134
6 136
6 138
6 146
6 147
6 100
6 103
6 106
6 109
6 115
6 117
6 118
6 119
6 120
6 121
6 127
6 155
6 158
6 160
6 161
6 168
6 169
6 171
6 177
6 179
6 180
6 181
6 185
6 186
6 187
6 188
6 189
6 201
6 206
6 208
6 211
6 212
6 215
6 216
6 218
6 220
6 223
6 226
6 228
6 229
6 236
6 242
6 243
6 247
6 249
7 8
7 9
7 10
7 11
7 12
7 13
7 14
7 15
7 16
7 17
7 18
7 19
7 20
7 21
7 22
7 23
7 24
7 25
7 26
7 27
7 28
7 29
7 30
7 31
7 32
7 33
7 34
7 35
7 36
7 37
7 38
7 39
7 40
7 41
7 42
7 43
7 44
7 45
7 46
7 47
7 48
7 49
7 56
7 60
7 61
7 65
7 69
7 70
7 74
7 82
7 83
7 87
7 95
7 97
7 133
7 147
7 149
7 106
7 109
7 113
7 117
7 121
7 160
7 165
7 169
7 174
7 176
7 180
7 184
7 185
7 190
7 199
7 205
7 212
7 213
7 216
7 218
7 235
7 237
7 238
7 244
7 245
7 246
8 9
8 10
8 11
8 12
8 13
8 14
8 15
8 16
8 17
8 18
8 19
8 20
8 21
8 22
8 23
8 24
8 25
8 26
8 27
8 28
8 29
8 30
8 31
8 32
8 33
8 34
8 35
8 36
8 37
8 38
8 39
8 40
8 41
8 42
8 43
8 44
8 45
8 46
8 47
8 48
8 49
8 50
8 61
8 65
8 66
8 69
8 70
8 72
8 73
8 75
8 77
8 80
8 81
8 82
8 84
8 95
8 131
8 134
8 136
8 138
8 139
8 141
8 145
8 103
8 106
8 116
8 117
8 121
8 123
8 124
8 152
8 157
8 162
8 165
8 169
8 173
8 176
8 177
8 180
8 187
8 189
8 190
8 193
8 195
8 198
8 199
8 200
8 201
8 203
8 205
8 206
8 214
8 216
8 221
8 225
8 235
8 242
8 247
9 10
9 11
9 12
9 13
9 14
9 15
9 16
9 17
9 18
9 19
9 20
9 21
9 22
9 23
9 24
9 25
9 26
9 27
9 28
9 29
9 30
9 31
9 32
9 33
9 34
9 35
9 36
9 37
9 38
9 39
9 40
9 41
9 42
9 43
9 44
9 45
9 46
9 47
9 48
9 49
9 51
9 52
9 55
9 64
9 65
9 67
9 71
9 73
9 74
9 75
9 76
9 77
9 78
9 79
9 95
9 129
9 131
9 137
9 141
9 146
9 149
9 100
9 108
9 120
9 121
9 122
9 123
9 126
9 152
9 154
9 158
9 167
9 177
9 179
9 181
9 183
9 189
9 190
9 191
9 193
9 194
9 195
9 197
9 200
9 205
9 206
9 208
9 210
9 220
9 222
9 224
9 226
9 229
9 230
9 231
9 232
9 233
9 235
9 236
9 237
9 241
9 242
9 244
10 11
10 12
10 13
10 14
10 15
10 16
10 17
10 18
10 19
10 20
10 21
10 22
10 23
10 24
10 25
10 26
10 27
10 28
10 29
10 30
10 31
10 32
10 33
10 34
10 35
10 36
10 37
10 38
10 39
10 40
10 41
10 42
10 43
10 44
10 45
10 46
10 47
10 48
10 49
10 52
10 53
10 57
10 59
10 60
10 61
10 62
10 64
10 69
10 73
10 75
10 78
10 82
10 97
10 99
10 128
10 133
10 134
10 137
10 138
10 144
10 145
10 148
10 149
10 104
10 105
10 106
10 108
10 109
10 110
10 112
10 113
10 116
10 118
10 119
10 120
10 121
10 127
10 150
10 153
10 154
10 155
10 156
10 162
10 163
10 165
10 168
10 169
10 170
10 175
10 177
10 178
10 184
10 185
10 188
10 189
10 194
10 195
10 203
10 207
10 211
10 212
10 214
10 220
10 222
10 225
10 238
10 241
11 12
11 13
11 14
11 15
11 16
11 17
11 18
11 19
11 20
11 21
11 22
11 23
11 24
11 25
11 26
11 27
11 28
11 29
11 30
11 31
11 32
11 33
11 34
11 35
11 36
11 37
11 38
11 39
11 40
11 41
11 42
11 43
11 44
11 45
11 46
11 47
11 48
11 49
11 52
11 54
11 55
11 60
11 68
11 71
11 77
11 78
11 81
11 84
11 85
11 87
11 95
11 96
11 98
11 128
11 129
11 130
11 133
11 140
11 143
11 146
11 147
11 148
11 100
11 101
11 105
11 106
11 107
11 109
11 110
11 113
11 115
11 118
11 121
11 152
11 153
11 157
11 159
11 161
11 169
11 170
11 172
11 175
11 178
11 179
11 181
11 182
11 186
11 187
11 191
11 194
11 198
11 207
11 209
11 212
11 214
11 218
11 219
11 228
11 232
11 233
11 235
11 237
11 243
11 245
11 249
12 13
12 14
12 15
12 16
12 17
12 18
12 19
12 20
12 21
12 22
12 23
12 24
12 25
12 26
12 27
12 28
12 29
12 30
12 31
12 32
12 33
12 34
12 35
12 36
12 37
12 38
12 39
12 40
12 41
12 42
12 43
12 44
12 45
12 46
12 47
12 48
12 49
12 50
12 57
12 58
12 64
12 67
12 68
12 71
12 72
12 74
12 77
12 79
12 85
12 87
12 89
12 99
12 129
12 131
12 133
12 146
12 149
12 101
12 103
12 106
12 113
12 115
12 118
12 119
12 122
12 124
12 153
12 154
12 156
12 157
12 161
12 162
12 179
12 180
12 184
12 186
12 188
12 190
12 191
12 195
12 196
12 204
12 205
12 206
12 209
12 210
12 212
12 215
12 219
12 220
12 226
12 238
12 243
13 14
13 15
13 16
13 17
13 18
13 19
13 20
13 21
13 22
13 23
13 24
13 25
13 26
13 27
13 28
13 29
13 30
13 31
13 32
13 33
13 34
13 35
13 36
13 37
13 38
13 39
13 40
13 41
13 42
13 43
13 44
13 45
13 46
13 47
13 48
13 49
13 50
13 52
13 53
13 54
13 55
13 58
13 69
13 72
13 75
13 76
13 79
13 83
13 87
13 88
13 89
13 90
13 95
13 96
13 129
13 131
13 139
13 140
13 141
13 147
13 103
13 107
13 115
13 116
13 117
13 120
13 123
13 126
13 127
13 150
13 151
13 154
13 155
13 161
13 164
13 169
13 170
13 171
13 172
13 183
13 193
13 195
13 202
13 211
13 214
13 216
13 220
13 221
13 229
13 231
13 234
13 237
13 238
13 239
13 241
13 249
14 15
14 16
14 17
14 18
14 19
14 20
14 21
14 22
14 23
14 24
14 25
14 26
14 27
14 28
14 29
14 30
14 31
14 32
14 33
14 34
14 35
14 36
14 37
14 38
14 39
14 40
14 41
14 42
14 43
14 44
14 45
14 46
14 47
14 48
14 49
14 52
14 59
14 65
14 68
14 69
14 73
14 75
14 78
14 82
14 83
14 86
14 89
14 91
14 97
14 98
14 128
14 132
14 135
14 136
14 138
14 139
14 145
14 103
14 104
14 105
14 106
14 108
14 110
14 114
14 116
14 117
14 118
14 121
14 123
14 127
14 152
14 155
14 158
14 162
14 172
14 176
14 177
14 178
14 182
14 187
14 188
14 189
14 193
14 195
14 197
14 199
14 200
14 201
14 206
14 207
14 208
14 209
14 214
14 215
14 216
14 219
14 221
14 226
14 227
14 229
14 230
14 235
14 238
14 239
14 240
14 243
14 244
14 246
14 247
14 248
15 16
15 17
15 18
15 19
15 20
15 21
15 22
15 23
15 24
15 25
15 26
15 27
15 28
15 29
15 30
15 31
15 32
15 33
15 34
15 35
15 36
15 37
15 38
15 39
15 40
15 41
15 42
15 43
15 44
15 45
15 46
15 47
15 48
15 49
15 53
15 54
15 55
15 61
15 66
15 69
15 70
15 71
15 78
15 79
15 82
15 87
15 92
15 133
15 135
15 136
15 138
15 140
15 148
15 101
15 103
15 107
15 110
15 118
15 119
15 123
15 152
15 157
15 158
15 159
15 160
15 169
15 172
15 176
15 178
15 180
15 184
15 191
15 192
15 200
15 202
15 209
15 210
15 215
15 217
15 222
15 225
15 230
15 232
15 235
15 241
15 243
15 244
15 246
15 247
16 17
16 18
16 19
16 20
16 21
16 22
16 23
16 24
16 25
16 26
16 27
16 28
16 29
16 30
16 31
16 32
16 33
16 34
16 35
16 36
16 37
16 38
16 39
16 40
16 41
16 42
16 43
16 44
16 45
16 46
16 47
16 48
16 49
16 56
16 60
16 63
16 66
16 71
16 75
16 80
16 82
16 85
16 86
16 94
16 97
16 130
16 133
16 138
16 142
16 103
16 104
16 108
16 111
16 112
16 115
16 116
16 117
16 119
16 122
16 126
16 151
16 155
16 159
16 160
16 163
16 173
16 175
16 178
16 180
16 186
16 187
16 188
16 189
16 196
16 197
16 202
16 207
16 209
16 213
16 217
16 220
16 224
16 231
16 234
16 237
16 239
16 243
16 245
16 246
16 249
17 18
17 19
17 20
17 21
17 22
17 23
17 24
17 25
17 26
17 27
17 28
17 29
17 30
17 31
17 32
17 33
17 34
17 35
17 36
17 37
17 38
17 39
17 40
17 41
17 42
17 43
17 44
17 45
17 46
17 47
17 48
17 49
17 56
17 61
17 62
17 65
17 70
17 73
17 80
17 82
17 86
17 88
17 89
17 138
17 140
17 142
17 146
17 103
17 112
17 115
17 124
17 125
17 151
17 157
17 159
17 164
17 167
17 177
17 180
17 181
17 182
17 183
17 184
17 185
17 188
17 191
17 192
17 194
17 198
17 199
17 201
17 203
17 206
17 208
17 215
17 218
17 221
17 224
17 237
17 240
17 242
17 246
17 248
18 19
18 20
18 21
18 22
18 23
18 24
18 25
18 26
18 27
18 28
18 29
18 30
18 31
18 32
18 33
18 34
18 35
18 36
18 37
18 38
18 39
18 40
18 41
18 42
18 43
18 44
18 45
18 46
18 47
18 48
18 49
18 50
18 54
18 57
18 62
18 68
18 70
18 71
18 76
18 77
18 82
18 85
18 86
18 91
18 93
18 95
18 96
18 132
18 134
18 136
18 137
18 139
18 144
18 145
18 148
18 101
18 104
18 108
18 110
18 112
18 116
18 118
18 123
18 124
18 127
18 150
18 156
18 164
18 166
18 169
18 171
18 172
18 174
18 175
18 178
18 185
18 202
18 203
18 207
18 208
18 217
18 220
18 225
18 228
18 229
18 231
18 236
18 240
18 243
18 244
18 245
18 248
18 249
19 20
19 21
19 22
19 23
19 24
19 25
19 26
19 27
19 28
19 29
19 30
19 31
19 32
19 33
19 34
19 35
19 36
19 37
19 38
19 39
19 40
19 41
19 42
19 43
19 44
19 45
19 46
19 47
19 48
19 49
19 50
19 58
19 64
19 65
19 69
19 71
19 79
19 80
19 83
19 84
19 87
19 91
19 93
19 128
19 130
19 136
19 140
19 142
19 143
19 144
19 102
19 105
19 108
19 110
19 112
19 113
19 115
19 117
19 120
19 124
19 125
19 152
19 154
19 161
19 162
19 165
19 166
19 168
19 169
19 173
19 174
19 179
19 193
19 197
19 200
19 204
19 208
19 213
19 215
19 217
19 218
19 231
19 235
19 237
19 239
19 245
19 246
19 247
20 21
20 22
20 23
20 24
20 25
20 26
20 27
20 28
20 29
20 30
20 31
20 32
20 33
20 34
20 35
20 36
20 37
20 38
20 39
20 40
20 41
20 42
20 43
20 44
20 45
20 46
20 47
20 48
20 49
20 52
20 55
20 59
20 60
20 63
20 66
20 69
20 70
20 73
20 74
20 80
20 83
20 85
20 90
20 92
20 129
20 130
20 132
20 134
20 136
20 139
20 140
20 142
20 144
20 147
20 149
20 100
20 103
20 105
20 107
20 112
20 114
20 116
20 117
20 118
20 120
20 122
20 151
20 152
20 153
20 164
20 187
20 189
20 192
20 197
20 207
20 211
20 213
20 221
20 227
20 233
20 237
20 240
20 247
20 248
21 22
21 23
21 24
21 25
21 26
21 27
21 28
21 29
21 30
21 31
21 32
21 33
21 34
21 35
21 36
21 37
21 38
21 39
21 40
21 41
21 42
21 43
21 44
21 45
21 46
21 47
21 48
21 49
21 51
21 55
21 58
21 66
21 68
21 70
21 71
21 72
21 77
21 82
21 85
21 87
21 89
21 94
21 95
21 97
21 131
21 133
21 135
21 138
21 140
21 142
21 149
21 101
21 104
21 106
21 112
21 114
21 115
21 124
21 127
21 153
21 159
21 161
21 162
21 163
21 165
21 166
21 167
21 178
21 181
21 187
21 190
21 192
21 197
21 199
21 205
21 208
21 210
21 213
21 215
21 221
21 222
21 235
21 236
21 237
21 238
21 240
21 242
21 243
22 23
22 24
22 25
22 26
22 27
22 28
22 29
22 30
22 31
22 32
22 33
22 34
22 35
22 36
22 37
22 38
22 39
22 40
22 41
22 42
22 43
22 44
22 45
22 46
22 47
22 48
22 49
22 53
22 54
22 57
22 59
22 63
22 67
22 70
22 71
22 76
22 78
22 84
22 85
22 90
22 93
22 94
22 97
22 99
22 142
22 143
22 146
22 149
22 105
22 113
22 114
22 115
22 116
22 118
22 120
22 121
22 124
22 125
22 126
22 150
22 151
22 157
22 171
22 173
22 179
22 180
22 181
22 186
22 189
22 191
22 199
22 201
22 202
22 211
22 222
22 224
22 225
22 232
22 235
22 238
22 239
22 240
22 241
22 242
22 245
23 24
23 25
23 26
23 27
23 28
23 29
23 30
23 31
23 32
23 33
23 34
23 35
23 36
23 37
23 38
23 39
23 40
23 41
23 42
23 43
23 44
23 45
23 46
23 47
23 48
23 49
23 50
23 52
23 56
23 62
23 71
23 74
23 80
23 81
23 87
23 89
23 90
23 92
23 93
23 128
23 133
23 137
23 138
23 142
23 100
23 111
23 112
23 118
23 120
23 122
23 127
23 150
23 151
23 159
23 162
23 165
23 166
23 167
23 170
23 171
23 178
23 189
23 193
23 194
23 197
23 202
23 210
23 212
23 217
23 218
23 221
23 224
23 227
23 230
23 237
23 245
23 247
24 25
24 26
24 27
24 28
24 29
24 30
24 31
24 32
24 33
24 34
24 35
24 36
24 37
24 38
24 39
24 40
24 41
24 42
24 43
24 44
24 45
24 46
24 47
24 48
24 49
24 56
24 59
24 64
24 71
24 73
24 82
24 84
24 85
24 91
24 94
24 131
24 135
24 137
24 138
24 145
24 146
24 148
24 149
24 100
24 101
24 103
24 105
24 108
24 110
24 121
24 125
24 127
24 158
24 161
24 163
24 167
24 168
24 171
24 172
24 176
24 179
24 190
24 191
24 192
24 193
24 194
24 202
24 203
24 206
24 210
24 212
24 213
24 214
24 221
24 224
24 225
24 226
24 228
24 233
24 236
24 237
24 242
24 246
24 247
24 249
25 26
25 27
25 28
25 29
25 30
25 31
25 32
25 33
25 34
25 35
25 36
25 37
25 38
25 39
25 40
25 41
25 42
25 43
25 44
25 45
25 46
25 47
25 48
25 49
25 52
25 57
25 62
25 64
25 70
25 73
25 75
25 76
25 77
25 80
25 81
25 85
25 87
25 89
25 128
25 132
25 133
25 135
25 136
25 142
25 147
25 100
25 104
25 107
25 110
25 117
25 118
25 124
25 126
25 151
25 154
25 166
25 167
25 172
25 174
25 179
25 185
25 187
25 189
25 192
25 196
25 197
25 202
25 207
25 208
25 211
25 213
25 220
25 226
25 231
25 232
25 233
25 235
25 236
25 237
25 239
25 244
25 246
26 27
26 28
26 29
26 30
26 31
26 32
26 33
26 34
26 35
26 36
26 37
26 38
26 39
26 40
26 41
26 42
26 43
26 44
26 45
26 46
26 47
26 48
26 49
26 50
26 58
26 59
26 60
26 63
26 67
26 69
26 70
26 72
26 76
26 87
26 92
26 96
26 97
26 98
26 128
26 129
26 132
26 134
26 142
26 145
26 147
26 148
26 110
26 111
26 112
26 113
26 120
26 127
26 156
26 157
26 162
26 166
26 170
26 182
26 192
26 193
26 194
26 195
26 198
26 199
26 200
26 203
26 204
26 207
26 209
26 210
26 216
26 217
26 221
26 230
26 234
26 245
26 246
26 249
27 28
27 29
27 30
27 31
27 32
27 33
27 34
27 35
27 36
27 37
27 38
27 39
27 40
27 41
27 42
27 43
27 44
27 45
27 46
27 47
27 48
27 49
27 54
27 59
27 60
27 67
27 68
27 77
27 79
27 83
27 89
27 93
27 96
27 135
27 136
27 137
27 143
27 100
27 101
27 104
27 109
27 110
27 115
27 118
27 125
27 126
27 151
27 155
27 159
27 160
27 162
27 168
27 171
27 172
27 173
27 184
27 186
27 190
27 191
27 192
27 196
27 197
27 198
27 199
27 202
27 203
27 204
27 209
27 213
27 216
27 217
27 220
27 224
27 235
27 237
27 239
27 240
27 244
28 29
28 30
28 31
28 32
28 33
28 34
28 35
28 36
28 37
28 38
28 39
28 40
28 41
28 42
28 43
28 44
28 45
28 46
28 47
28 48
28 49
28 62
28 70
28 72
28 74
28 77
28 80
28 81
28 84
28 88
28 90
28 91
28 92
28 93
28 131
28 142
28 146
28 149
28 101
28 104
28 107
28 109
28 117
28 122
28 124
28 125
28 151
28 153
28 155
28 157
28 165
28 166
28 169
28 183
28 194
28 197
28 201
28 202
28 205
28 206
28 207
28 209
28 210
28 212
28 214
28 218
28 221
28 222
28 226
28 228
28 230
28 231
28 232
28 247
28 248
29 30
29 31
29 32
29 33
29 34
29 35
29 36
29 37
29 38
29 39
29 40
29 41
29 42
29 43
29 44
29 45
29 46
29 47
29 48
29 49
29 51
29 52
29 54
29 59
29 63
29 67
29 72
29 75
29 76
29 81
29 83
29 97
29 128
29 129
29 131
29 133
29 139
29 143
29 145
29 146
29 148
29 105
29 109
29 116
29 117
29 118
29 120
29 127
29 153
29 156
29 160
29 161
29 166
29 168
29 170
29 171
29 176
29 183
29 185
29 188
29 189
29 193
29 197
29 205
29 208
29 209
29 212
29 220
29 223
29 225
29 227
29 231
29 232
29 238
29 241
29 248
30 31
30 32
30 33
30 34
30 35
30 36
30 37
30 38
30 39
30 40
30 41
30 42
30 43
30 44
30 45
30 46
30 47
30 48
30 49
30 56
30 57
30 58
30 60
30 62
30 63
30 69
30 70
30 72
30 81
30 87
30 89
30 90
30 91
30 93
30 95
30 96
30 98
30 99
30 130
30 140
30 145
30 146
30 147
30 102
30 108
30 109
30 116
30 118
30 120
30 121
30 124
30 150
30 151
30 157
30 166
30 168
30 169
30 173
30 175
30 178
30 179
30 181
30 184
30 185
30 187
30 191
30 193
30 194
30 195
30 197
30 199
30 202
30 204
30 209
30 210
30 211
30 212
30 217
30 220
30 221
30 228
30 233
30 237
30 240
30 242
30 243
30 247
31 32
31 33
31 34
31 35
31 36
31 37
31 38
31 39
31 40
31 41
31 42
31 43
31 44
31 45
31 46
31 47
31 48
31 49
31 54
31 55
31 60
31 61
31 68
31 69
31 75
31 83
31 86
31 90
31 92
31 94
31 95
31 96
31 97
31 98
31 99
31 130
31 132
31 139
31 140
31 141
31 142
31 143
31 149
31 104
31 108
31 110
31 111
31 114
31 121
31 126
31 151
31 156
31 159
31 165
31 166
31 171
31 172
31 174
31 176
31 177
31 178
31 181
31 185
31 186
31 187
31 189
31 191
31 193
31 197
31 198
31 200
31 202
31 213
31 215
31 216
31 217
31 227
31 230
31 237
31 238
31 239
31 240
31 241
31 245
32 33
32 34
32 35
32 36
32 37
32 38
32 39
32 40
32 41
32 42
32 43
32 44
32 45
32 46
32 47
32 48
32 49
32 57
32 60
32 64
32 67
32 68
32 70
32 75
32 78
32 79
32 80
32 81
32 83
32 95
32 96
32 99
32 131
32 137
32 145
32 147
32 149
32 101
32 102
32 104
32 106
32 108
32 110
32 111
32 115
32 117
32 123
32 124
32 127
32 157
32 170
32 171
32 186
32 192
32 193
32 196
32 197
32 202
32 215
32 216
32 218
32 220
32 225
32 227
32 232
32 233
32 237
32 238
32 240
32 242
33 34
33 35
33 36
33 37
33 38
33 39
33 40
33 41
33 42
33 43
33 44
33 45
33 46
33 47
33 48
33 49
33 53
33 59
33 61
33 62
33 67
33 68
33 71
33 73
33 79
33 85
33 89
33 94
33 96
33 129
33 136
33 100
33 104
33 108
33 109
33 111
33 113
33 114
33 120
33 155
33 156
33 157
33 161
33 163
33 165
33 167
33 178
33 185
33 193
33 198
33 200
33 202
33 210
33 212
33 218
33 219
33 221
33 231
33 236
33 248
33 249
34 35
34 36
34 37
34 38
34 39
34 40
34 41
34 42
34 43
34 44
34 45
34 46
34 47
34 48
34 49
34 51
34 55
34 58
34 67
34 72
34 80
34 81
34 82
34 86
34 87
34 88
34 89
34 92
34 94
34 95
34 96
34 130
34 131
34 133
34 134
34 138
34 139
34 140
34 146
34 148
34 102
34 103
34 107
34 112
34 113
34 114
34 117
34 118
34 120
34 122
34 123
34 150
34 155
34 159
34 160
34 164
34 167
34 168
34 174
34 175
34 180
34 183
34 190
34 191
34 205
34 206
34 207
34 211
34 213
34 216
34 218
34 223
34 226
34 227
34 232
34 243
34 245
35 36
35 37
35 38
35 39
35 40
35 41
35 42
35 43
35 44
35 45
35 46
35 47
35 48
35 49
35 50
35 51
35 53
35 60
35 64
35 67
35 73
35 74
35 75
35 76
35 77
35 79
35 82
35 83
35 84
35 86
35 88
35 91
35 94
35 95
35 97
35 98
35 99
35 128
35 129
35 131
35 132
35 133
35 134
35 138
35 143
35 104
35 105
35 106
35 110
35 115
35 125
35 127
35 150
35 151
35 154
35 159
35 167
35 172
35 173
35 176
35 178
35 180
35 181
35 183
35 186
35 192
35 193
35 198
35 203
35 204
35 206
35 217
35 220
35 222
35 223
35 235
35 236
35 237
35 240
35 247
36 37
36 38
36 39
36 40
36 41
36 42
36 43
36 44
36 45
36 46
36 47
36 48
36 49
36 51
36 52
36 55
36 62
36 66
36 68
36 70
36 71
36 72
36 80
36 84
36 85
36 89
36 90
36 91
36 93
36 128
36 135
36 138
36 142
36 145
36 146
36 148
36 101
36 103
36 105
36 106
36 111
36 118
36 124
36 153
36 154
36 162
36 176
36 180
36 182
36 184
36 185
36 189
36 191
36 193
36 194
36 197
36 201
36 202
36 204
36 205
36 206
36 207
36 211
36 212
36 219
36 221
36 222
36 223
36 226
36 228
36 230
36 232
36 236
36 240
36 248
37 38
37 39
37 40
37 41
37 42
37 43
37 44
37 45
37 46
37 47
37 48
37 49
37 52
37 54
37 58
37 59
37 60
37 61
37 62
37 63
37 65
37 67
37 68
37 71
37 75
37 78
37 80
37 82
37 83
37 86
37 88
37 89
37 91
37 95
37 99
37 129
37 130
37 134
37 135
37 136
37 137
37 138
37 140
37 145
37 146
37 147
37 148
37 103
37 106
37 107
37 110
37 113
37 115
37 123
37 124
37 126
37 151
37 165
37 173
37 176
37 179
37 183
37 184
37 186
37 190
37 193
37 195
37 197
37 198
37 201
37 204
37 209
37 211
37 220
37 222
37 224
37 230
37 235
37 238
38 39
38 40
38 41
38 42
38 43
38 44
38 45
38 46
38 47
38 48
38 49
38 52
38 54
38 55
38 59
38 61
38 63
38 65
38 66
38 67
38 68
38 69
38 71
38 80
38 82
38 84
38 87
38 89
38 97
38 98
38 132
38 136
38 138
38 141
38 144
38 111
38 115
38 116
38 122
38 153
38 163
38 166
38 170
38 171
38 182
38 184
38 190
38 192
38 195
38 196
38 197
38 204
38 205
38 210
38 212
38 215
38 217
38 218
38 219
38 221
38 225
38 227
38 228
38 229
38 230
38 238
38 241
38 243
38 244
38 247
38 249
39 40
39 41
39 42
39 43
39 44
39 45
39 46
39 47
39 48
39 49
39 55
39 56
39 57
39 58
39 59
39 60
39 61
39 66
39 74
39 81
39 82
39 84
39 88
39 132
39 134
39 137
39 140
39 145
39 149
39 101
39 106
39 109
39 110
39 111
39 113
39 118
39 119
39 124
39 150
39 163
39 168
39 171
39 173
39 179
39 182
39 183
39 184
39 189
39 197
39 198
39 199
39 201
39 202
39 212
39 214
39 215
39 223
39 226
39 227
39 240
39 241
39 243
39 244
40 41
40 42
40 43
40 44
40 45
40 46
40 47
40 48
40 49
40 50
40 56
40 59
40 62
40 67
40 68
40 73
40 81
40 83
40 86
40 94
40 95
40 96
40 132
40 134
40 136
40 137
40 143
40 144
40 104
40 108
40 110
40 123
40 125
40 151
40 152
40 156
40 160
40 163
40 164
40 165
40 166
40 168
40 172
40 173
40 182
40 183
40 186
40 188
40 190
40 193
40 196
40 198
40 202
40 212
40 222
40 223
40 225
40 231
40 238
40 248
41 42
41 43
41 44
41 45
41 46
41 47
41 48
41 49
41 52
41 59
41 62
41 66
41 70
41 75
41 78
41 80
41 81
41 82
41 86
41 87
41 88
41 91
41 93
41 96
41 134
41 136
41 141
41 142
41 146
41 149
41 113
41 114
41 115
41 118
41 122
41 125
41 126
41 157
41 158
41 164
41 165
41 171
41 174
41 175
41 181
41 186
41 191
41 194
41 205
41 206
41 210
41 214
41 217
41 218
41 222
41 227
41 228
41 230
41 231
41 236
41 238
41 240
41 241
41 242
41 243
41 249
42 43
42 44
42 45
42 46
42 47
42 48
42 49
42 50
42 55
42 59
42 65
42 69
42 71
42 77
42 79
42 84
42 85
42 138
42 139
42 140
42 145
42 147
42 149
42 107
42 109
42 111
42 113
42 115
42 116
42 118
42 120
42 123
42 125
42 126
42 127
42 150
42 151
42 152
42 154
42 156
42 159
42 160
42 164
42 166
42 169
42 171
42 176
42 184
42 194
42 199
42 200
42 204
42 209
42 211
42 212
42 220
42 221
42 222
42 223
42 227
42 229
42 231
42 234
42 236
42 237
42 239
42 240
42 241
42 242
42 247
42 248
43 44
43 45
43 46
43 47
43 48
43 49
43 50
43 57
43 58
43 64
43 66
43 67
43 70
43 72
43 76
43 77
43 79
43 82
43 91
43 93
43 96
43 97
43 145
43 147
43 148
43 149
43 101
43 118
43 121
43 122
43 125
43 150
43 153
43 154
43 155
43 157
43 159
43 162
43 163
43 164
43 167
43 168
43 170
43 171
43 173
43 174
43 178
43 179
43 183
43 187
43 188
43 189
43 193
43 194
43 198
43 199
43 209
43 210
43 213
43 214
43 219
43 224
43 225
43 229
43 233
44 45
44 46
44 47
44 48
44 49
44 54
44 56
44 58
44 61
44 65
44 66
44 74
44 78
44 81
44 82
44 83
44 86
44 88
44 92
44 97
44 133
44 135
44 136
44 143
44 145
44 149
44 100
44 104
44 105
44 109
44 111
44 112
44 115
44 117
44 120
44 125
44 126
44 127
44 150
44 154
44 155
44 159
44 165
44 170
44 173
44 174
44 179
44 181
44 182
44 184
44 186
44 187
44 188
44 198
44 206
44 207
44 208
44 211
44 214
44 218
44 225
44 229
44 232
44 234
44 237
44 245
44 249
45 46
45 47
45 48
45 49
45 51
45 55
45 56
45 59
45 60
45 64
45 65
45 66
45 67
45 71
45 73
45 74
45 75
45 76
45 80
45 84
45 86
45 90
45 92
45 97
45 130
45 140
45 145
45 146
45 148
45 106
45 113
45 114
45 120
45 123
45 125
45 127
45 150
45 152
45 157
45 162
45 168
45 169
45 172
45 174
45 178
45 187
45 194
45 200
45 201
45 202
45 206
45 207
45 218
45 229
45 232
45 240
45 241
45 245
45 246
45 248
46 47
46 48
46 49
46 56
46 57
46 58
46 61
46 63
46 64
46 67
46 68
46 72
46 80
46 81
46 82
46 83
46 84
46 88
46 89
46 92
46 93
46 96
46 130
46 131
46 145
46 146
46 147
46 100
46 104
46 105
46 106
46 107
46 108
46 111
46 115
46 116
46 117
46 118
46 120
46 122
46 123
46 127
46 150
46 151
46 154
46 157
46 161
46 163
46 165
46 168
46 172
46 176
46 193
46 201
46 206
46 208
46 213
46 214
46 215
46 217
46 220
46 223
46 226
46 230
46 231
46 234
46 236
46 240
46 246
47 48
47 49
47 52
47 53
47 58
47 60
47 66
47 70
47 74
47 75
47 90
47 95
47 96
47 128
47 131
47 134
47 136
47 139
47 142
47 144
47 145
47 146
47 149
47 109
47 110
47 115
47 118
47 122
47 124
47 126
47 155
47 160
47 168
47 170
47 172
47 174
47 188
47 195
47 196
47 199
47 201
47 203
47 209
47 210
47 211
47 212
47 213
47 214
47 221
47 225
47 226
47 234
47 236
47 243
47 245
47 247
48 49
48 52
48 55
48 58
48 65
48 67
48 69
48 72
48 78
48 80
48 91
48 93
48 94
48 99
48 128
48 129
48 132
48 133
48 134
48 135
48 137
48 140
48 143
48 149
48 101
48 105
48 106
48 120
48 123
48 153
48 156
48 159
48 169
48 171
48 178
48 179
48 181
48 184
48 185
48 189
48 190
48 191
48 193
48 196
48 198
48 206
48 207
48 208
48 211
48 212
48 216
48 217
48 218
48 219
48 220
48 221
48 224
48 225
48 228
48 232
48 234
48 237
48 242
48 246
48 248
48 249
49 58
49 61
49 64
49 66
49 68
49 76
49 78
49 85
49 86
49 128
49 131
49 134
49 138
49 140
49 146
49 101
49 104
49 108
49 112
49 152
49 153
49 154
49 155
49 157
49 160
49 162
49 167
49 168
49 172
49 173
49 175
49 180
49 182
49 188
49 189
49 195
49 196
49 197
49 198
49 202
49 203
49 205
49 206
49 208
49 210
49 218
49 220
49 234
49 235
49 237
49 239
49 241
49 242
49 243
49 247
50 51
50 52
50 53
50 54
50 55
50 56
50 57
50 58
50 59
50 60
50 61
50 62
50 63
50 64
50 65
50 66
50 67
50 68
50 69
50 70
50 71
50 72
50 73
50 74
50 75
50 76
50 77
50 78
50 79
50 80
50 81
50 82
50 83
50 84
50 85
50 86
50 87
50 88
50 89
50 90
50 91
50 92
50 93
50 94
50 95
50 96
50 97
50 98
50 99
50 130
50 131
50 137
50 140
50 142
50 143
50 144
50 147
50 100
50 101
50 102
50 103
50 104
50 107
50 108
50 114
50 115
50 118
50 125
50 150
50 165
50 166
50 171
50 184
50 185
50 186
50 189
50 192
50 194
50 204
50 209
50 212
50 215
50 219
50 221
50 225
50 226
50 230
50 232
50 233
50 238
50 247
51 52
51 53
51 54
51 55
51 56
51 57
51 58
51 59
51 60
51 61
51 62
51 63
51 64
51 65
51 66
51 67
51 68
51 69
51 70
51 71
51 72
51 73
51 74
51 75
51 76
51 77
51 78
51 79
51 80
51 81
51 82
51 83
51 84
51 85
51 86
51 87
51 88
51 89
51 90
51 91
51 92
51 93
51 94
51 95
51 96
51 97
51 98
51 99
51 146
51 147
51 102
51 104
51 105
51 107
51 113
51 115
51 119
51 123
51 126
51 153
51 155
51 156
51 159
51 160
51 164
51 168
51 169
51 172
51 173
51 174
51 176
51 179
51 185
51 195
51 197
51 198
51 199
51 202
51 206
51 210
51 211
51 212
51 214
51 217
51 223
51 224
51 228
51 229
51 230
51 231
51 232
51 236
51 245
52 53
52 54
52 55
52 56
52 57
52 58
52 59
52 60
52 61
52 62
52 63
52 64
52 65
52 66
52 67
52 68
52 69
52 70
52 71
52 72
52 73
52 74
52 75
52 76
52 77
52 78
52 79
52 80
52 81
52 82
52 83
52 84
52 85
52 86
52 87
52 88
52 89
52 90
52 91
52 92
52 93
52 94
52 95
52 96
52 97
52 98
52 99
52 128
52 137
52 141
52 146
52 104
52 114
52 118
52 124
52 125
52 153
52 156
52 158
52 159
52 161
52 164
52 165
52 172
52 174
52 177
52 182
52 184
52 190
52 191
52 192
52 195
52 207
52 211
52 213
52 214
52 221
52 232
52 235
52 237
52 241
52 245
52 246
52 247
52 248
52 249
53 54
53 55
53 56
53 57
53 58
53 59
53 60
53 61
53 62
53 63
53 64
53 65
53 66
53 67
53 68
53 69
53 70
53 71
53 72
53 73
53 74
53 75
53 76
53 77
53 78
53 79
53 80
53 81
53 82
53 83
53 84
53 85
53 86
53 87
53 88
53 89
53 90
53 91
53 92
53 93
53 94
53 95
53 96
53 97
53 98
53 99
53 140
53 142
53 146
53 147
53 105
53 106
53 109
53 110
53 112
53 113
53 114
53 115
53 116
53 117
53 121
53 150
53 154
53 161
53 164
53 169
53 180
53 181
53 189
53 192
53 198
53 199
53 201
53 203
53 205
53 206
53 208
53 215
53 221
53 225
53 233
53 238
53 239
53 242
53 247
54 55
54 56
54 57
54 58
54 59
54 60
54 61
54 62
54 63
54 64
54 65
54 66
54 67
54 68
54 69
54 70
54 71
54 72
54 73
54 74
54 75
54 76
54 77
54 78
54 79
54 80
54 81
54 82
54 83
54 84
54 85
54 86
54 87
54 88
54 89
54 90
54 91
54 92
54 93
54 94
54 95
54 96
54 97
54 98
54 99
54 128
54 131
54 135
54 148
54 100
54 102
54 106
54 112
54 150
54 151
54 153
54 157
54 160
54 163
54 166
54 173
54 174
54 179
54 180
54 184
54 187
54 188
54 190
54 193
54 195
54 196
54 199
54 203
54 205
54 216
54 220
54 221
54 222
54 223
54 225
54 227
54 228
54 232
54 234
54 238
54 246
54 249
55 56
55 57
55 58
55 59
55 60
55 61
55 62
55 63
55 64
55 65
55 66
55 67
55 68
55 69
55 70
55 71
55 72
55 73
55 74
55 75
55 76
55 77
55 78
55 79
55 80
55 81
55 82
55 83
55 84
55 85
55 86
55 87
55 88
55 89
55 90
55 91
55 92
55 93
55 94
55 95
55 96
55 97
55 98
55 99
55 131
55 136
55 139
55 140
55 146
55 147
55 148
55 100
55 103
55 106
55 110
55 112
55 113
55 114
55 115
55 116
55 126
55 150
55 155
55 157
55 163
55 169
55 172
55 173
55 174
55 176
55 184
55 193
55 195
55 204
55 207
55 211
55 214
55 216
55 224
55 226
55 227
55 230
55 233
55 235
55 236
55 239
55 240
55 247
56 57
56 58
56 59
56 60
56 61
56 62
56 63
56 64
56 65
56 66
56 67
56 68
56 69
56 70
56 71
56 72
56 73
56 74
56 75
56 76
56 77
56 78
56 79
56 80
56 81
56 82
56 83
56 84
56 85
56 86
56 87
56 88
56 89
56 90
56 91
56 92
56 93
56 94
56 95
56 96
56 97
56 98
56 99
56 130
56 132
56 134
56 144
56 145
56 146
56 148
56 103
56 104
56 110
56 112
56 116
56 151
56 152
56 156
56 162
56 164
56 165
56 166
56 171
56 175
56 178
56 184
56 188
56 192
56 193
56 196
56 200
56 201
56 207
56 209
56 211
56 213
56 217
56 219
56 220
56 232
56 234
56 243
56 245
56 247
56 248
56 249
57 58
57 59
57 60
57 61
57 62
57 63
57 64
57 65
57 66
57 67
57 68
57 69
57 70
57 71
57 72
57 73
57 74
57 75
57 76
57 77
57 78
57 79
57 80
57 81
57 82
57 83
57 84
57 85
57 86
57 87
57 88
57 89
57 90
57 91
57 92
57 93
57 94
57 95
57 96
57 97
57 98
57 99
57 128
57 129
57 130
57 132
57 134
57 135
57 136
57 140
57 141
57 148
57 108
57 110
57 111
57 114
57 115
57 121
57 122
57 126
57 150
57 151
57 156
57 161
57 164
57 165
57 166
57 168
57 174
57 175
57 181
57 190
57 192
57 196
57 198
57 201
57 204
57 205
57 213
57 219
57 233
57 235
57 237
57 241
57 243
57 245
57 246
57 248
57 249
58 59
58 60
58 61
58 62
58 63
58 64
58 65
58 66
58 67
58 68
58 69
58 70
58 71
58 72
58 73
58 74
58 75
58 76
58 77
58 78
58 79
58 80
58 81
58 82
58 83
58 84
58 85
58 86
58 87
58 88
58 89
58 90
58 91
58 92
58 93
58 94
58 95
58 96
58 97
58 98
58 99
58 132
58 133
58 134
58 135
58 139
58 141
58 142
58 148
58 149
58 100
58 102
58 113
58 118
58 119
58 120
58 123
58 152
58 155
58 157
58 160
58 164
58 165
58 166
58 168
58 171
58 181
58 182
58 184
58 189
58 194
58 195
58 196
58 199
58 200
58 201
58 206
58 212
58 213
58 217
58 221
58 225
58 226
58 228
58 229
58 231
58 233
58 235
58 238
58 240
58 242
58 244
58 249
59 60
59 61
59 62
59 63
59 64
59 65
59 66
59 67
59 68
59 69
59 70
59 71
59 72
59 73
59 74
59 75
59 76
59 77
59 78
59 79
59 80
59 81
59 82
59 83
59 84
59 85
59 86
59 87
59 88
59 89
59 90
59 91
59 92
59 93
59 94
59 95
59 96
59 97
59 98
59 99
59 128
59 129
59 132
59 142
59 146
59 147
59 107
59 108
59 110
59 119
59 120
59 123
59 126
59 151
59 153
59 156
59 158
59 159
59 168
59 169
59 175
59 181
59 184
59 185
59 194
59 199
59 206
59 209
59 212
59 216
59 222
59 225
59 228
59 229
59 231
59 233
59 236
59 237
59 239
59 242
59 244
59 245
59 248
60 61
60 62
60 63
60 64
60 65
60 66
60 67
60 68
60 69
60 70
60 71
60 72
60 73
60 74
60 75
60 76
60 77
60 78
60 79
60 80
60 81
60 82
60 83
60 84
60 85
60 86
60 87
60 88
60 89
60 90
60 91
60 92
60 93
60 94
60 95
60 96
60 97
60 98
60 99
60 129
60 139
60 146
60 100
60 101
60 104
60 105
60 106
60 108
60 112
60 115
60 118
60 120
60 151
60 154
60 157
60 159
60 164
60 165
60 166
60 169
60 172
60 174
60 175
60 182
60 188
60 189
60 197
60 199
60 200
60 201
60 218
60 221
60 224
60 232
60 238
60 241
60 244
60 246
60 247
60 248
61 62
61 63
61 64
61 65
61 66
61 67
61 68
61 69
61 70
61 71
61 72
61 73
61 74
61 75
61 76
61 77
61 78
61 79
61 80
61 81
61 82
61 83
61 84
61 85
61 86
61 87
61 88
61 89
61 90
61 91
61 92
61 93
61 94
61 95
61 96
61 97
61 98
61 99
61 130
61 133
61 134
61 135
61 137
61 139
61 145
61 101
61 103
61 105
61 113
61 116
61 117
61 125
61 151
61 152
61 153
61 159
61 163
61 164
61 166
61 182
61 185
61 187
61 197
61 198
61 200
61 202
61 206
61 209
61 212
61 214
61 215
61 216
61 221
61 224
61 225
61 226
61 232
61 236
61 238
61 241
61 243
61 246
62 63
62 64
62 65
62 66
62 67
62 68
62 69
62 70
62 71
62 72
62 73
62 74
62 75
62 76
62 77
62 78
62 79
62 80
62 81
62 82
62 83
62 84
62 85
62 86
62 87
62 88
62 89
62 90
62 91
62 92
62 93
62 94
62 95
62 96
62 97
62 98
62 99
62 128
62 130
62 131
62 133
62 134
62 138
62 140
62 143
62 146
62 148
62 101
62 102
62 103
62 104
62 105
62 113
62 117
62 118
62 124
62 127
62 153
62 161
62 162
62 165
62 168
62 172
62 176
62 177
62 178
62 181
62 183
62 184
62 188
62 190
62 194
62 196
62 198
62 200
62 208
62 211
62 212
62 218
62 223
62 225
62 226
62 228
62 237
62 239
62 242
62 243
62 244
62 247
62 249
63 64
63 65
63 66
63 67
63 68
63 69
63 70
63 71
63 72
63 73
63 74
63 75
63 76
63 77
63 78
63 79
63 80
63 81
63 82
63 83
63 84
63 85
63 86
63 87
63 88
63 89
63 90
63 91
63 92
63 93
63 94
63 95
63 96
63 97
63 98
63 99
63 130
63 132
63 133
63 134
63 136
63 137
63 138
63 144
63 147
63 148
63 101
63 102
63 106
63 112
63 113
63 114
63 115
63 117
63 126
63 151
63 155
63 159
63 161
63 165
63 168
63 170
63 171
63 176
63 177
63 178
63 181
63 182
63 185
63 191
63 198
63 204
63 210
63 215
63 218
63 220
63 225
63 226
63 228
63 229
63 231
63 233
63 238
63 239
63 241
63 248
64 65
64 66
64 67
64 68
64 69
64 70
64 71
64 72
64 73
64 74
64 75
64 76
64 77
64 78
64 79
64 80
64 81
64 82
64 83
64 84
64 85
64 86
64 87
64 88
64 89
64 90
64 91
64 92
64 93
64 94
64 95
64 96
64 97
64 98
64 99
64 135
64 142
64 148
64 149
64 104
64 107
64 108
64 109
64 110
64 112
64 113
64 114
64 122
64 125
64 152
64 154
64 156
64 160
64 163
64 165
64 172
64 184
64 187
64 193
64 204
64 205
64 206
64 207
64 211
64 215
64 216
64 223
64 224
64 230
64 231
64 240
64 241
64 248
65 66
65 67
65 68
65 69
65 70
65 71
65 72
65 73
65 74
65 75
65 76
65 77
65 78
65 79
65 80
65 81
65 82
65 83
65 84
65 85
65 86
65 87
65 88
65 89
65 90
65 91
65 92
65 93
65 94
65 95
65 96
65 97
65 98
65 99
65 129
65 139
65 140
65 141
65 144
65 145
65 146
65 148
65 149
65 101
65 102
65 107
65 109
65 115
65 118
65 122
65 123
65 157
65 159
65 162
65 168
65 184
65 194
65 203
65 207
65 215
65 220
65 223
65 228
65 233
65 238
65 239
65 240
65 243
65 246
66 67
66 68
66 69
66 70
66 71
66 72
66 73
66 74
66 75
66 76
66 77
66 78
66 79
66 80
66 81
66 82
66 83
66 84
66 85
66 86
66 87
66 88
66 89
66 90
66 91
66 92
66 93
66 94
66 95
66 96
66 97
66 98
66 99
66 128
66 130
66 134
66 140
66 143
66 145
66 149
66 106
66 114
66 116
66 150
66 153
66 154
66 160
66 166
66 175
66 178
66 181
66 185
66 186
66 188
66 190
66 193
66 194
66 199
66 200
66 205
66 207
66 218
66 219
66 221
66 231
66 232
66 234
66 236
66 237
66 238
66 239
66 244
67 68
67 69
67 70
67 71
67 72
67 73
67 74
67 75
67 76
67 77
67 78
67 79
67 80
67 81
67 82
67 83
67 84
67 85
67 86
67 87
67 88
67 89
67 90
67 91
67 92
67 93
67 94
67 95
67 96
67 97
67 98
67 99
67 133
67 138
67 142
67 143
67 144
67 148
67 149
67 100
67 101
67 105
67 107
67 109
67 111
67 112
67 115
67 122
67 125
67 126
67 161
67 166
67 168
67 179
67 182
67 187
67 189
67 192
67 193
67 194
67 195
67 198
67 199
67 202
67 204
67 205
67 208
67 209
67 211
67 214
67 216
67 220
67 223
67 224
67 230
67 234
67 238
67 240
67 242
67 244
67 245
68 69
68 70
68 71
68 72
68 73
68 74
68 75
68 76
68 77
68 78
68 79
68 80
68 81
68 82
68 83
68 84
68 85
68 86
68 87
68 88
68 89
68 90
68 91
68 92
68 93
68 94
68 95
68 96
68 97
68 98
68 99
68 130
68 134
68 135
68 139
68 145
68 147
68 102
68 104
68 107
68 108
68 109
68 110
68 116
68 125
68 156
68 159
68 161
68 164
68 168
68 169
68 170
68 171
68 178
68 179
68 181
68 182
68 184
68 185
68 192
68 194
68 199
68 205
68 206
68 207
68 210
68 211
68 213
68 221
68 222
68 229
68 236
68 239
68 241
68 242
68 243
68 244
68 245
68 246
68 248
69 70
69 71
69 72
69 73
69 74
69 75
69 76
69 77
69 78
69 79
69 80
69 81
69 82
69 83
69 84
69 85
69 86
69 87
69 88
69 89
69 90
69 91
69 92
69 93
69 94
69 95
69 96
69 97
69 98
69 99
69 128
69 131
69 133
69 134
69 138
69 141
69 146
69 147
69 102
69 104
69 105
69 106
69 109
69 111
69 114
69 117
69 119
69 121
69 124
69 126
69 127
69 150
69 153
69 155
69 158
69 166
69 168
69 176
69 180
69 182
69 183
69 188
69 194
69 198
69 201
69 203
69 208
69 214
69 216
69 219
69 220
69 222
69 223
69 225
69 229
69 232
69 234
69 239
69 240
69 248
70 71
70 72
70 73
70 74
70 75
70 76
70 77
70 78
70 79
70 80
70 81
70 82
70 83
70 84
70 85
70 86
70 87
70 88
70 89
70 90
70 91
70 92
70 93
70 94
70 95
70 96
70 97
70 98
70 99
70 129
70 131
70 138
70 142
70 145
70 149
70 105
70 109
70 119
70 157
70 160
70 164
70 165
70 170
70 172
70 177
70 187
70 188
70 190
70 193
70 197
70 202
70 204
70 206
70 210
70 212
70 216
70 217
70 218
70 219
70 224
70 226
70 227
70 229
70 230
70 232
70 233
70 239
70 240
70 241
70 243
71 72
71 73
71 74
71 75
71 76
71 77
71 78
71 79
71 80
71 81
71 82
71 83
71 84
71 85
71 86
71 87
71 88
71 89
71 90
71 91
71 92
71 93
71 94
71 95
71 96
71 97
71 98
71 99
71 129
71 132
71 135
71 136
71 142
71 146
71 148
71 149
71 100
71 101
71 104
71 108
71 112
71 113
71 115
71 119
71 120
71 123
71 124
71 125
71 154
71 157
71 158
71 159
71 161
71 163
71 166
71 171
71 173
71 177
71 183
71 187
71 191
71 193
71 197
71 198
71 204
71 205
71 210
71 212
71 219
71 220
71 225
71 226
71 230
71 232
71 235
71 238
71 243
71 246
72 73
72 74
72 75
72 76
72 77
72 78
72 79
72 80
72 81
72 82
72 83
72 84
72 85
72 86
72 87
72 88
72 89
72 90
72 91
72 92
72 93
72 94
72 95
72 96
72 97
72 98
72 99
72 128
72 132
72 136
72 141
72 143
72 144
72 146
72 104
72 110
72 114
72 118
72 119
72 122
72 123
72 124
72 126
72 154
72 156
72 157
72 158
72 162
72 166
72 174
72 179
72 183
72 186
72 190
72 192
72 196
72 197
72 199
72 209
72 211
72 212
72 215
72 217
72 218
72 219
72 221
72 223
72 225
72 229
72 232
72 239
72 243
72 248
72 249
73 74
73 75
73 76
73 77
73 78
73 79
73 80
73 81
73 82
73 83
73 84
73 85
73 86
73 87
73 88
73 89
73 90
73 91
73 92
73 93
73 94
73 95
73 96
73 97
73 98
73 99
73 128
73 134
73 139
73 141
73 142
73 149
73 103
73 106
73 107
73 111
73 113
73 117
73 123
73 126
73 127
73 156
73 158
73 159
73 160
73 163
73 180
73 190
73 193
73 194
73 196
73 202
73 204
73 212
73 213
73 216
73 226
73 227
73 233
73 234
73 235
73 238
73 241
74 75
74 76
74 77
74 78
74 79
74 80
74 81
74 82
74 83
74 84
74 85
74 86
74 87
74 88
74 89
74 90
74 91
74 92
74 93
74 94
74 95
74 96
74 97
74 98
74 99
74 136
74 137
74 140
74 141
74 143
74 147
74 148
74 107
74 108
74 110
74 112
74 113
74 115
74 120
74 122
74 153
74 154
74 158
74 159
74 160
74 161
74 164
74 168
74 171
74 172
74 174
74 175
74 176
74 178
74 181
74 195
74 203
74 205
74 206
74 207
74 211
74 214
74 218
74 226
74 230
74 236
74 240
74 241
74 242
74 244
75 76
75 77
75 78
75 79
75 80
75 81
75 82
75 83
75 84
75 85
75 86
75 87
75 88
75 89
75 90
75 91
75 92
75 93
75 94
75 95
75 96
75 97
75 98
75 99
75 131
75 132
75 135
75 136
75 142
75 144
75 146
75 147
75 100
75 105
75 106
75 108
75 113
75 116
75 117
75 119
75 122
75 127
75 154
75 155
75 159
75 160
75 161
75 163
75 173
75 174
75 176
75 178
75 181
75 185
75 188
75 190
75 200
75 202
75 203
75 207
75 211
75 212
75 213
75 214
75 216
75 222
75 226
75 235
75 237
75 239
75 240
75 241
75 243
75 249
76 77
76 78
76 79
76 80
76 81
76 82
76 83
76 84
76 85
76 86
76 87
76 88
76 89
76 90
76 91
76 92
76 93
76 94
76 95
76 96
76 97
76 98
76 99
76 129
76 139
76 148
76 101
76 104
76 109
76 112
76 117
76 118
76 119
76 120
76 125
76 153
76 156
76 174
76 178
76 179
76 182
76 185
76 194
76 199
76 200
76 201
76 203
76 208
76 212
76 213
76 219
76 220
76 226
76 227
76 228
76 229
76 230
76 232
76 243
77 78
77 79
77 80
77 81
77 82
77 83
77 84
77 85
77 86
77 87
77 88
77 89
77 90
77 91
77 92
77 93
77 94
77 95
77 96
77 97
77 98
77 99
77 129
77 130
77 131
77 134
77 137
77 138
77 141
77 142
77 143
77 144
77 109
77 112
77 118
77 120
77 123
77 126
77 150
77 165
77 167
77 172
77 174
77 175
77 181
77 185
77 186
77 189
77 190
77 192
77 193
77 196
77 197
77 198
77 202
77 205
77 206
77 210
77 215
77 217
77 219
77 221
77 223
77 231
77 235
77 237
77 240
77 244
77 247
77 248
77 249
78 79
78 80
78 81
78 82
78 83
78 84
78 85
78 86
78 87
78 88
78 89
78 90
78 91
78 92
78 93
78 94
78 95
78 96
78 97
78 98
78 99
78 138
78 147
78 100
78 110
78 111
78 113
78 116
78 121
78 123
78 150
78 152
78 155
78 156
78 157
78 158
78 161
78 162
78 166
78 167
78 180
78 189
78 192
78 202
78 203
78 205
78 207
78 208
78 211
78 214
78 220
78 221
78 222
78 232
78 234
78 238
78 239
78 249
79 80
79 81
79 82
79 83
79 84
79 85
79 86
79 87
79 88
79 89
79 90
79 91
79 92
79 93
79 94
79 95
79 96
79 97
79 98
79 99
79 130
79 133
79 139
79 142
79 143
79 148
79 149
79 101
79 105
79 115
79 118
79 122
79 127
79 155
79 156
79 161
79 169
79 172
79 176
79 180
79 182
79 184
79 186
79 197
79 199
79 200
79 205
79 209
79 210
79 214
79 215
79 228
79 231
79 235
79 239
79 243
79 246
80 81
80 82
80 83
80 84
80 85
80 86
80 87
80 88
80 89
80 90
80 91
80 92
80 93
80 94
80 95
80 96
80 97
80 98
80 99
80 130
80 136
80 146
80 149
80 118
80 119
80 122
80 124
80 125
80 154
80 156
80 159
80 163
80 164
80 168
80 169
80 170
80 173
80 174
80 175
80 184
80 194
80 197
80 199
80 202
80 208
80 210
80 221
80 222
80 231
80 236
80 237
80 240
80 246
81 82
81 83
81 84
81 85
81 86
81 87
81 88
81 89
81 90
81 91
81 92
81 93
81 94
81 95
81 96
81 97
81 98
81 99
81 128
81 139
81 140
81 144
81 148
81 101
81 105
81 107
81 108
81 121
81 127
81 150
81 152
81 153
81 156
81 160
81 177
81 180
81 181
81 183
81 184
81 185
81 195
81 202
81 204
81 207
81 208
81 209
81 210
81 214
81 215
81 216
81 218
81 221
81 229
81 239
81 241
81 243
81 247
81 248
81 249
82 83
82 84
82 85
82 86
82 87
82 88
82 89
82 90
82 91
82 92
82 93
82 94
82 95
82 96
82 97
82 98
82 99
82 134
82 135
82 136
82 137
82 143
82 147
82 148
82 149
82 101
82 102
82 104
82 111
82 114
82 118
82 120
82 126
82 127
82 153
82 155
82 157
82 160
82 162
82 166
82 167
82 171
82 173
82 174
82 175
82 177
82 185
82 187
82 189
82 190
82 191
82 193
82 194
82 196
82 197
82 198
82 200
82 201
82 207
82 209
82 219
82 220
82 223
82 225
82 230
82 232
82 233
82 237
82 238
82 243
82 248
82 249
83 84
83 85
83 86
83 87
83 88
83 89
83 90
83 91
83 92
83 93
83 94
83 95
83 96
83 97
83 98
83 99
83 128
83 130
83 133
83 136
83 145
83 102
83 105
83 108
83 109
83 110
83 113
83 119
83 126
83 150
83 151
83 152
83 156
83 157
83 159
83 162
83 164
83 165
83 166
83 170
83 177
83 185
83 186
83 197
83 198
83 199
83 200
83 202
83 205
83 207
83 210
83 213
83 215
83 218
83 220
83 225
83 227
83 228
83 229
83 231
83 238
83 239
83 240
83 241
83 248
84 85
84 86
84 87
84 88
84 89
84 90
84 91
84 92
84 93
84 94
84 95
84 96
84 97
84 98
84 99
84 140
84 144
84 145
84 148
84 101
84 110
84 115
84 118
84 120
84 121
84 123
84 125
84 126
84 150
84 151
84 153
84 155
84 156
84 159
84 160
84 163
84 166
84 167
84 169
84 170
84 176
84 179
84 181
84 183
84 185
84 189
84 198
84 199
84 201
84 208
84 209
84 211
84 212
84 224
84 230
84 232
84 241
84 242
84 249
85 86
85 87
85 88
85 89
85 90
85 91
85 92
85 93
85 94
85 95
85 96
85 97
85 98
85 99
85 132
85 133
85 134
85 141
85 142
85 145
85 146
85 147
85 102
85 109
85 113
85 115
85 116
85 117
85 118
85 119
85 123
85 125
85 127
85 152
85 154
85 162
85 165
85 167
85 169
85 180
85 185
85 190
85 191
85 192
85 193
85 197
85 212
85 213
85 214
85 216
85 220
85 230
85 235
85 236
85 239
85 245
85 248
86 87
86 88
86 89
86 90
86 91
86 92
86 93
86 94
86 95
86 96
86 97
86 98
86 99
86 132
86 133
86 135
86 144
86 146
86 147
86 100
86 106
86 108
86 109
86 110
86 115
86 118
86 121
86 125
86 151
86 153
86 159
86 170
86 173
86 175
86 186
86 188
86 190
86 196
86 199
86 200
86 202
86 204
86 205
86 207
86 211
86 212
86 215
86 216
86 219
86 221
86 226
86 228
86 235
86 239
86 242
86 243
86 245
86 246
86 249
87 88
87 89
87 90
87 91
87 92
87 93
87 94
87 95
87 96
87 97
87 98
87 99
87 129
87 135
87 139
87 144
87 145
87 147
87 148
87 101
87 102
87 103
87 106
87 109
87 110
87 113
87 116
87 117
87 119
87 122
87 124
87 125
87 151
87 152
87 157
87 159
87 161
87 162
87 163
87 164
87 167
87 171
87 174
87 175
87 176
87 177
87 178
87 180
87 186
87 188
87 194
87 195
87 197
87 204
87 207
87 212
87 217
87 219
87 224
87 226
87 228
87 229
87 232
87 234
87 236
87 238
87 242
87 244
88 89
88 90
88 91
88 92
88 93
88 94
88 95
88 96
88 97
88 98
88 99
88 145
88 147
88 103
88 106
88 111
88 112
88 113
88 114
88 116
88 118
88 122
88 127
88 150
88 152
88 155
88 157
88 161
88 164
88 166
88 171
88 172
88 176
88 183
88 185
88 186
88 187
88 190
88 206
88 207
88 209
88 224
88 229
88 232
88 235
88 237
88 239
88 240
88 243
88 244
88 245
89 90
89 91
89 92
89 93
89 94
89 95
89 96
89 97
89 98
89 99
89 132
89 133
89 136
89 138
89 140
89 147
89 103
89 109
89 111
89 112
89 117
89 151
89 164
89 166
89 169
89 172
89 175
89 176
89 177
89 179
89 181
89 184
89 185
89 186
89 188
89 190
89 193
89 196
89 204
89 205
89 206
89 207
89 211
89 212
89 219
89 221
89 230
89 231
89 232
89 234
89 238
89 240
89 241
90 91
90 92
90 93
90 94
90 95
90 96
90 97
90 98
90 99
90 128
90 129
90 132
90 135
90 142
90 148
90 100
90 101
90 103
90 109
90 116
90 119
90 120
90 127
90 151
90 152
90 154
90 156
90 159
90 167
90 168
90 172
90 183
90 189
90 190
90 194
90 195
90 197
90 202
90 204
90 205
90 206
90 208
90 209
90 213
90 214
90 219
90 222
90 224
90 226
90 233
90 240
90 241
90 244
91 92
91 93
91 94
91 95
91 96
91 97
91 98
91 99
91 128
91 135
91 136
91 137
91 142
91 143
91 147
91 101
91 106
91 116
91 118
91 123
91 124
91 125
91 126
91 127
91 152
91 158
91 168
91 169
91 170
91 177
91 182
91 188
91 193
91 195
91 197
91 200
91 202
91 203
91 205
91 207
91 208
91 209
91 210
91 213
91 222
91 223
91 225
91 227
91 228
91 230
91 236
91 242
91 247
91 248
92 93
92 94
92 95
92 96
92 97
92 98
92 99
92 128
92 130
92 133
92 134
92 137
92 138
92 145
92 146
92 148
92 101
92 105
92 107
92 112
92 113
92 114
92 115
92 118
92 121
92 122
92 125
92 152
92 155
92 157
92 163
92 166
92 168
92 171
92 174
92 176
92 181
92 190
92 191
92 199
92 203
92 208
92 209
92 212
92 222
92 225
92 228
92 230
92 235
92 239
92 241
92 242
92 246
93 94
93 95
93 96
93 97
93 98
93 99
93 130
93 133
93 134
93 138
93 141
93 142
93 143
93 102
93 106
93 109
93 110
93 112
93 114
93 115
93 117
93 120
93 125
93 153
93 162
93 167
93 168
93 171
93 179
93 186
93 187
93 191
93 194
93 198
93 202
93 209
93 211
93 214
93 215
93 217
93 221
93 222
93 227
93 231
93 233
93 240
93 242
93 243
93 245
93 247
94 95
94 96
94 97
94 98
94 99
94 133
94 135
94 137
94 142
94 144
94 147
94 149
94 101
94 102
94 104
94 112
94 113
94 118
94 122
94 123
94 124
94 126
94 151
94 153
94 155
94 158
94 159
94 164
94 166
94 167
94 178
94 180
94 185
94 186
94 189
94 198
94 203
94 207
94 210
94 211
94 213
94 214
94 218
94 222
94 227
94 228
94 231
94 234
94 235
94 236
94 237
94 238
94 244
94 246
94 247
94 249
95 96
95 97
95 98
95 99
95 130
95 132
95 133
95 135
95 137
95 139
95 140
95 149
95 105
95 107
95 108
95 119
95 123
95 124
95 126
95 150
95 155
95 162
95 166
95 171
95 180
95 185
95 208
95 210
95 220
95 222
95 224
95 235
95 236
95 237
95 243
95 244
96 97
96 98
96 99
96 131
96 135
96 142
96 145
96 146
96 100
96 107
96 112
96 116
96 118
96 119
96 125
96 154
96 155
96 164
96 166
96 173
96 175
96 178
96 181
96 188
96 191
96 195
96 198
96 200
96 211
96 212
96 213
96 214
96 218
96 221
96 222
96 234
96 235
96 241
96 244
96 248
97 98
97 99
97 128
97 134
97 136
97 138
97 146
97 148
97 149
97 100
97 104
97 106
97 112
97 114
97 121
97 126
97 155
97 156
97 162
97 166
97 168
97 169
97 181
97 191
97 193
97 195
97 198
97 200
97 203
97 206
97 210
97 212
97 230
97 233
97 235
97 239
97 242
97 245
97 246
98 99
98 129
98 137
98 138
98 141
98 142
98 143
98 145
98 102
98 103
98 104
98 109
98 110
98 111
98 114
98 119
98 123
98 126
98 127
98 150
98 151
98 152
98 158
98 159
98 161
98 162
98 163
98 169
98 170
98 174
98 175
98 176
98 178
98 179
98 185
98 186
98 188
98 189
98 191
98 195
98 196
98 197
98 212
98 213
98 216
98 219
98 222
98 223
98 225
98 226
98 231
98 232
98 237
98 240
98 242
99 129
99 134
99 141
99 144
99 148
99 149
99 108
99 109
99 111
99 112
99 114
99 117
99 119
99 121
99 125
99 150
99 152
99 153
99 160
99 168
99 172
99 174
99 178
99 180
99 181
99 182
99 183
99 186
99 195
99 197
99 199
99 201
99 206
99 207
99 209
99 211
99 217
99 219
99 220
99 227
99 230
99 232
99 233
99 234
99 235
99 241
99 244
99 247
99 248
128 129
128 130
128 131
128 132
128 133
128 134
128 135
128 136
128 137
128 138
128 139
128 140
128 141
128 142
128 143
128 144
128 145
128 146
128 147
128 148
128 149
128 100
128 101
128 102
128 103
128 104
128 105
128 106
128 107
128 108
128 109
128 110
128 111
128 112
128 113
128 114
128 115
128 116
128 117
128 118
128 119
128 120
128 121
128 122
128 123
128 124
128 125
128 126
128 127
128 151
128 153
128 156
128 162
128 163
128 164
128 169
128 170
128 171
128 173
128 175
128 178
128 179
128 188
128 191
128 194
128 195
128 199
128 206
128 207
128 216
128 219
128 225
128 228
128 230
128 233
128 240
128 242
128 243
128 244
128 245
128 246
128 248
128 249
129 130
129 131
129 132
129 133
129 134
129 135
129 136
129 137
129 138
129 139
129 140
129 141
129 142
129 143
129 144
129 145
129 146
129 147
129 148
129 149
129 100
129 101
129 102
129 103
129 104
129 105
129 106
129 107
129 108
129 109
129 110
129 111
129 112
129 113
129 114
129 115
129 116
129 117
129 118
129 119
129 120
129 121
129 122
129 123
129 124
129 125
129 126
129 127
129 157
129 159
129 162
129 168
129 169
129 170
129 185
129 190
129 192
129 194
129 195
129 197
129 198
129 202
129 206
129 207
129 208
129 210
129 212
129 213
129 214
129 216
129 222
129 224
129 225
129 226
129 230
129 238
129 239
129 240
129 242
129 245
129 247
129 248
130 131
130 132
130 133
130 134
130 135
130 136
130 137
130 138
130 139
130 140
130 141
130 142
130 143
130 144
130 145
130 146
130 147
130 148
130 149
130 100
130 101
130 102
130 103
130 104
130 105
130 106
130 107
130 108
130 109
130 110
130 111
130 112
130 113
130 114
130 115
130 116
130 117
130 118
130 119
130 120
130 121
130 122
130 123
130 124
130 125
130 126
130 127
130 154
130 158
130 162
130 166
130 179
130 180
130 183
130 193
130 197
130 199
130 201
130 209
130 212
130 217
130 221
130 222
130 226
130 227
130 241
131 132
131 133
131 134
131 135
131 136
131 137
131 138
131 139
131 140
131 141
131 142
131 143
131 144
131 145
131 146
131 147
131 148
131 149
131 100
131 101
131 102
131 103
131 104
131 105
131 106
131 107
131 108
131 109
131 110
131 111
131 112
131 113
131 114
131 115
131 116
131 117
131 118
131 119
131 120
131 121
131 122
131 123
131 124
131 125
131 126
131 127
131 158
131 165
131 168
131 172
131 173
131 174
131 181
131 182
131 184
131 191
131 192
131 194
131 195
131 202
131 203
131 211
131 212
131 216
131 221
131 222
131 226
131 227
131 233
131 234
131 237
131 240
131 241
131 244
131 245
131 248
132 133
132 134
132 135
132 136
132 137
132 138
132 139
132 140
132 141
132 142
132 143
132 144
132 145
132 146
132 147
132 148
132 149
132 100
132 101
132 102
132 103
132 104
132 105
132 106
132 107
132 108
132 109
132 110
132 111
132 112
132 113
132 114
132 115
132 116
132 117
132 118
132 119
132 120
132 121
132 122
132 123
132 124
132 125
132 126
132 127
132 152
132 155
132 156
132 157
132 158
132 159
132 162
132 169
132 170
132 175
132 187
132 188
132 189
132 192
132 196
132 198
132 201
132 206
132 207
132 216
132 220
132 224
132 225
132 227
132 229
132 230
132 237
132 243
132 244
132 247
133 134
133 135
133 136
133 137
133 138
133 139
133 140
133 141
133 142
133 143
133 144
133 145
133 146
133 147
133 148
133 149
133 100
133 101
133 102
133 103
133 104
133 105
133 106
133 107
133 108
133 109
133 110
133 111
133 112
133 113
133 114
133 115
133 116
133 117
133 118
133 119
133 120
133 121
133 122
133 123
133 124
133 125
133 126
133 127
133 151
133 154
133 155
133 156
133 161
133 162
133 168
133 170
133 171
133 173
133 174
133 180
133 184
133 185
133 186
133 190
133 194
133 195
133 196
133 197
133 200
133 202
133 205
133 210
133 220
133 221
133 222
133 225
133 230
133 232
133 234
133 237
133 238
133 246
133 248
134 135
134 136
134 137
134 138
134 139
134 140
134 141
134 142
134 143
134 144
134 145
134 146
134 147
134 148
134 149
134 100
134 101
134 102
134 103
134 104
134 105
134 106
134 107
134 108
134 109
134 110
134 111
134 112
134 113
134 114
134 115
134 116
134 117
134 118
134 119
134 120
134 121
134 122
134 123
134 124
134 125
134 126
134 127
134 151
134 152
134 157
134 171
134 174
134 176
134 177
134 179
134 182
134 183
134 184
134 189
134 199
134 200
134 205
134 212
134 214
134 215
134 222
134 226
134 227
134 228
134 229
134 237
134 239
134 240
134 242
134 243
134 244
134 245
134 248
135 136
135 137
135 138
135 139
135 140
135 141
135 142
135 143
135 144
135 145
135 146
135 147
135 148
135 149
135 100
135 101
135 102
135 103
135 104
135 105
135 106
135 107
135 108
135 109
135 110
135 111
135 112
135 113
135 114
135 115
135 116
135 117
135 118
135 119
135 120
135 121
135 122
135 123
135 124
135 125
135 126
135 127
135 151
135 155
135 159
135 174
135 179
135 181
135 183
135 187
135 188
135 194
135 196
135 198
135 199
135 200
135 202
135 204
135 205
135 206
135 208
135 209
135 212
135 213
135 223
135 231
135 234
135 236
135 237
135 244
135 245
136 137
136 138
136 139
136 140
136 141
136 142
136 143
136 144
136 145
136 146
136 147
136 148
136 149
136 100
136 101
136 102
136 103
136 104
136 105
136 106
136 107
136 108
136 109
136 110
136 111
136 112
136 113
136 114
136 115
136 116
136 117
136 118
136 119
136 120
136 121
136 122
136 123
136 124
136 125
136 126
136 127
136 154
136 155
136 156
136 159
136 161
136 162
136 163
136 168
136 171
136 177
136 178
136 182
136 184
136 190
136 193
136 197
136 198
136 200
136 201
136 202
136 215
136 216
136 217
136 220
136 222
136 223
136 226
136 227
136 229
136 240
136 246
137 138
137 139
137 140
137 141
137 142
137 143
137 144
137 145
137 146
137 147
137 148
137 149
137 100
137 101
137 102
137 103
137 104
137 105
137 106
137 107
137 108
137 109
137 110
137 111
137 112
137 113
137 114
137 115
137 116
137 117
137 118
137 119
137 120
137 121
137 122
137 123
137 124
137 125
137 126
137 127
137 153
137 159
137 161
137 163
137 168
137 170
137 171
137 174
137 178
137 184
137 186
137 188
137 194
137 197
137 199
137 200
137 202
137 206
137 207
137 211
137 212
137 217
137 219
137 221
137 222
137 225
137 232
137 242
137 243
137 246
137 247
137 248
137 249
138 139
138 140
138 141
138 142
138 143
138 144
138 145
138 146
138 147
138 148
138 149
138 100
138 101
138 102
138 103
138 104
138 105
138 106
138 107
138 108
138 109
138 110
138 111
138 112
138 113
138 114
138 115
138 116
138 117
138 118
138 119
138 120
138 121
138 122
138 123
138 124
138 125
138 126
138 127
138 162
138 163
138 164
138 165
138 169
138 172
138 176
138 183
138 187
138 188
138 191
138 192
138 195
138 198
138 201
138 203
138 209
138 210
138 211
138 222
138 225
138 231
138 234
138 240
138 241
138 245
138 246
138 247
138 249
139 140
139 141
139 142
139 143
139 144
139 145
139 146
139 147
139 148
139 149
139 100
139 101
139 102
139 103
139 104
139 105
139 106
139 107
139 108
139 109
139 110
139 111
139 112
139 113
139 114
139 115
139 116
139 117
139 118
139 119
139 120
139 121
139 122
139 123
139 124
139 125
139 126
139 127
139 152
139 153
139 155
139 157
139 159
139 161
139 170
139 174
139 175
139 177
139 178
139 180
139 188
139 189
139 192
139 193
139 194
139 202
139 208
139 209
139 211
139 218
139 223
139 224
139 233
139 238
139 240
139 241
139 242
139 243
139 244
140 141
140 142
140 143
140 144
140 145
140 146
140 147
140 148
140 149
140 100
140 101
140 102
140 103
140 104
140 105
140 106
140 107
140 108
140 109
140 110
140 111
140 112
140 113
140 114
140 115
140 116
140 117
140 118
140 119
140 120
140 121
140 122
140 123
140 124
140 125
140 126
140 127
140 153
140 160
140 173
140 177
140 178
140 179
140 180
140 181
140 185
140 187
140 190
140 191
140 192
140 196
140 198
140 209
140 210
140 211
140 213
140 232
140 234
140 238
140 242
140 246
141 142
141 143
141 144
141 145
141 146
141 147
141 148
141 149
141 100
141 101
141 102
141 103
141 104
141 105
141 106
141 107
141 108
141 109
141 110
141 111
141 112
141 113
141 114
141 115
141 116
141 117
141 118
141 119
141 120
141 121
141 122
141 123
141 124
141 125
141 126
141 127
141 151
141 152
141 157
141 161
141 164
141 171
141 179
141 185
141 186
141 187
141 188
141 191
141 192
141 203
141 206
141 208
141 211
141 216
141 217
141 222
141 223
141 224
141 230
141 231
141 237
141 239
141 242
141 243
141 248
142 143
142 144
142 145
142 146
142 147
142 148
142 149
142 100
142 101
142 102
142 103
142 104
142 105
142 106
142 107
142 108
142 109
142 110
142 111
142 112
142 113
142 114
142 115
142 116
142 117
142 118
142 119
142 120
142 121
142 122
142 123
142 124
142 125
142 126
142 127
142 152
142 156
142 160
142 162
142 164
142 165
142 166
142 174
142 176
142 179
142 183
142 184
142 188
142 200
142 205
142 206
142 210
142 211
142 213
142 214
142 217
142 220
142 221
142 224
142 227
142 228
142 230
142 233
142 234
142 245
142 249
143 144
143 145
143 146
143 147
143 148
143 149
143 100
143 101
143 102
143 103
143 104
143 105
143 106
143 107
143 108
143 109
143 110
143 111
143 112
143 113
143 114
143 115
143 116
143 117
143 118
143 119
143 120
143 121
143 122
143 123
143 124
143 125
143 126
143 127
143 166
143 169
143 170
143 172
143 179
143 182
143 185
143 188
143 189
143 190
143 195
143 200
143 208
143 214
143 215
143 218
143 220
143 228
143 230
143 238
143 239
143 240
143 244
143 249
144 145
144 146
144 147
144 148
144 149
144 100
144 101
144 102
144 103
144 104
144 105
144 106
144 107
144 108
144 109
144 110
144 111
144 112
144 113
144 114
144 115
144 116
144 117
144 118
144 119
144 120
144 121
144 122
144 123
144 124
144 125
144 126
144 127
144 154
144 159
144 161
144 162
144 163
144 169
144 172
144 174
144 175
144 177
144 180
144 181
144 186
144 189
144 196
144 201
144 202
144 203
144 204
144 209
144 211
144 213
144 216
144 224
144 226
144 228
144 230
144 231
144 232
144 240
144 245
145 146
145 147
145 148
145 149
145 100
145 101
145 102
145 103
145 104
145 105
145 106
145 107
145 108
145 109
145 110
145 111
145 112
145 113
145 114
145 115
145 116
145 117
145 118
145 119
145 120
145 121
145 122
145 123
145 124
145 125
145 126
145 127
145 150
145 152
145 156
145 157
145 158
145 165
145 166
145 167
145 169
145 172
145 176
145 178
145 182
145 183
145 189
145 190
145 195
145 196
145 197
145 198
145 203
145 206
145 210
145 212
145 217
145 219
145 220
145 221
145 223
145 226
145 235
145 236
145 237
145 244
145 246
146 147
146 148
146 149
146 100
146 101
146 102
146 103
146 104
146 105
146 106
146 107
146 108
146 109
146 110
146 111
146 112
146 113
146 114
146 115
146 116
146 117
146 118
146 119
146 120
146 121
146 122
146 123
146 124
146 125
146 126
146 127
146 150
146 152
146 154
146 160
146 162
146 167
146 168
146 169
146 170
146 172
146 175
146 177
146 185
146 192
146 195
146 196
146 203
146 204
146 206
146 209
146 210
146 214
146 216
146 222
146 228
146 230
146 233
146 234
146 235
146 237
146 240
146 241
146 242
147 148
147 149
147 100
147 101
147 102
147 103
147 104
147 105
147 106
147 107
147 108
147 109
147 110
147 111
147 112
147 113
147 114
147 115
147 116
147 117
147 118
147 119
147 120
147 121
147 122
147 123
147 124
147 125
147 126
147 127
147 150
147 151
147 158
147 161
147 163
147 165
147 168
147 171
147 175
147 178
147 180
147 184
147 194
147 195
147 197
147 199
147 203
147 205
147 207
147 216
147 217
147 218
147 219
147 231
147 233
147 241
147 242
147 245
147 247
148 149
148 100
148 101
148 102
148 103
148 104
148 105
148 106
148 107
148 108
148 109
148 110
148 111
148 112
148 113
148 114
148 115
148 116
148 117
148 118
148 119
148 120
148 121
148 122
148 123
148 124
148 125
148 126
148 127
148 153
148 154
148 155
148 158
148 159
148 160
148 165
148 167
148 170
148 180
148 184
148 185
148 188
148 190
148 193
148 201
148 204
148 207
148 208
148 209
148 210
148 221
148 228
148 231
148 232
148 233
148 241
148 242
148 247
148 248
149 100
149 101
149 102
149 103
149 104
149 105
149 106
149 107
149 108
149 109
149 110
149 111
149 112
149 113
149 114
149 115
149 116
149 117
149 118
149 119
149 120
149 121
149 122
149 123
149 124
149 125
149 126
149 127
149 150
149 154
149 159
149 161
149 166
149 168
149 169
149 176
149 180
149 183
149 186
149 190
149 191
149 192
149 198
149 200
149 202
149 206
149 210
149 211
149 212
149 213
149 218
149 220
149 221
149 224
149 225
149 226
149 229
149 237
149 239
149 246
149 247
149 249
100 101
100 102
100 103
100 104
100 105
100 106
100 107
100 108
100 109
100 110
100 111
100 112
100 113
100 114
100 115
100 116
100 117
100 118
100 119
100 120
100 121
100 122
100 123
100 124
100 125
100 126
100 127
100 154
100 162
100 165
100 166
100 168
100 171
100 178
100 182
100 187
100 190
100 192
100 193
100 194
100 196
100 199
100 200
100 203
100 205
100 213
100 218
100 221
100 223
100 232
100 233
100 235
100 241
100 243
100 245
100 246
100 247
101 102
101 103
101 104
101 105
101 106
101 107
101 108
101 109
101 110
101 111
101 112
101 113
101 114
101 115
101 116
101 117
101 118
101 119
101 120
101 121
101 122
101 123
101 124
101 125
101 126
101 127
101 151
101 152
101 154
101 155
101 157
101 158
101 162
101 168
101 169
101 170
101 171
101 180
101 184
101 185
101 191
101 201
101 208
101 209
101 210
101 211
101 216
101 217
101 219
101 221
101 222
101 224
101 226
101 229
101 230
101 235
101 240
101 241
101 242
102 103
102 104
102 105
102 106
102 107
102 108
102 109
102 110
102 111
102 112
102 113
102 114
102 115
102 116
102 117
102 118
102 119
102 120
102 121
102 122
102 123
102 124
102 125
102 126
102 127
102 150
102 152
102 154
102 163
102 164
102 165
102 167
102 173
102 180
102 184
102 185
102 191
102 192
102 201
102 203
102 204
102 206
102 208
102 213
102 219
102 225
102 226
102 230
102 235
102 238
102 241
102 243
102 244
103 104
103 105
103 106
103 107
103 108
103 109
103 110
103 111
103 112
103 113
103 114
103 115
103 116
103 117
103 118
103 119
103 120
103 121
103 122
103 123
103 124
103 125
103 126
103 127
103 150
103 151
103 161
103 170
103 177
103 178
103 179
103 181
103 188
103 203
103 205
103 208
103 215
103 216
103 218
103 223
103 224
103 231
103 233
103 239
103 241
103 243
104 105
104 106
104 107
104 108
104 109
104 110
104 111
104 112
104 113
104 114
104 115
104 116
104 117
104 118
104 119
104 120
104 121
104 122
104 123
104 124
104 125
104 126
104 127
104 150
104 154
104 157
104 160
104 165
104 170
104 171
104 178
104 181
104 183
104 185
104 186
104 189
104 190
104 193
104 195
104 199
104 200
104 204
104 206
104 211
104 217
104 220
104 221
104 235
104 236
104 237
104 243
104 246
104 247
105 106
105 107
105 108
105 109
105 110
105 111
105 112
105 113
105 114
105 115
105 116
105 117
105 118
105 119
105 120
105 121
105 122
105 123
105 124
105 125
105 126
105 127
105 150
105 154
105 155
105 158
105 159
105 161
105 162
105 163
105 164
105 165
105 168
105 171
105 172
105 173
105 174
105 180
105 181
105 182
105 183
105 187
105 188
105 200
105 206
105 207
105 208
105 212
105 214
105 215
105 218
105 219
105 220
105 225
105 226
105 229
105 230
105 231
105 232
105 234
105 236
105 243
106 107
106 108
106 109
106 110
106 111
106 112
106 113
106 114
106 115
106 116
106 117
106 118
106 119
106 120
106 121
106 122
106 123
106 124
106 125
106 126
106 127
106 150
106 159
106 168
106 176
106 181
106 188
106 190
106 193
106 194
106 196
106 198
106 200
106 201
106 203
106 204
106 205
106 206
106 210
106 211
106 212
106 215
106 216
106 217
106 218
106 219
106 220
106 222
106 225
106 237
106 239
106 242
106 247
106 248
107 108
107 109
107 110
107 111
107 112
107 113
107 114
107 115
107 116
107 117
107 118
107 119
107 120
107 121
107 122
107 123
107 124
107 125
107 126
107 127
107 152
107 155
107 157
107 158
107 159
107 165
107 169
107 176
107 177
107 182
107 183
107 191
107 192
107 193
107 195
107 196
107 198
107 204
107 208
107 211
107 215
107 216
107 221
107 226
107 233
107 235
107 237
107 240
107 241
107 243
107 248
107 249
108 109
108 110
108 111
108 112
108 113
108 114
108 115
108 116
108 117
108 118
108 119
108 120
108 121
108 122
108 123
108 124
108 125
108 126
108 127
108 150
108 157
108 160
108 164
108 167
108 171
108 172
108 174
108 175
108 177
108 181
108 182
108 183
108 185
108 187
108 188
108 192
108 196
108 197
108 199
108 205
108 208
108 216
108 221
108 222
108 223
108 224
108 225
108 226
108 227
108 231
108 232
108 234
108 239
108 240
108 241
108 242
108 249
109 110
109 111
109 112
109 113
109 114
109 115
109 116
109 117
109 118
109 119
109 120
109 121
109 122
109 123
109 124
109 125
109 126
109 127
109 158
109 159
109 172
109 175
109 182
109 191
109 195
109 201
109 203
109 204
109 208
109 210
109 212
109 214
109 219
109 220
109 223
109 225
109 230
109 232
109 233
109 238
109 241
110 111
110 112
110 113
110 114
110 115
110 116
110 117
110 118
110 119
110 120
110 121
110 122
110 123
110 124
110 125
110 126
110 127
110 160
110 162
110 164
110 168
110 169
110 178
110 179
110 181
110 183
110 189
110 195
110 197
110 198
110 200
110 202
110 203
110 207
110 209
110 210
110 211
110 214
110 217
110 221
110 228
110 230
110 234
110 237
110 240
110 244
110 246
110 247
110 248
110 249
111 112
111 113
111 114
111 115
111 116
111 117
111 118
111 119
111 120
111 121
111 122
111 123
111 124
111 125
111 126
111 127
111 150
111 152
111 154
111 156
111 157
111 159
111 160
111 163
111 166
111 167
111 168
111 172
111 174
111 176
111 180
111 182
111 185
111 189
111 192
111 205
111 210
111 216
111 227
111 229
111 231
111 240
111 241
111 242
111 243
111 244
111 245
112 113
112 114
112 115
112 116
112 117
112 118
112 119
112 120
112 121
112 122
112 123
112 124
112 125
112 126
112 127
112 154
112 155
112 158
112 165
112 169
112 172
112 179
112 180
112 181
112 185
112 188
112 190
112 192
112 193
112 194
112 197
112 198
112 199
112 201
112 203
112 206
112 207
112 219
112 220
112 221
112 226
112 231
112 237
112 242
112 243
113 114
113 115
113 116
113 117
113 118
113 119
113 120
113 121
113 122
113 123
113 124
113 125
113 126
113 127
113 152
113 153
113 156
113 159
113 163
113 169
113 171
113 178
113 179
113 180
113 182
113 185
113 186
113 196
113 200
113 201
113 202
113 203
113 205
113 207
113 211
113 216
113 217
113 218
113 225
113 226
113 227
113 244
113 245
113 247
113 248
114 115
114 116
114 117
114 118
114 119
114 120
114 121
114 122
114 123
114 124
114 125
114 126
114 127
114 150
114 151
114 154
114 155
114 157
114 162
114 163
114 165
114 167
114 177
114 180
114 182
114 185
114 188
114 191
114 193
114 194
114 195
114 198
114 202
114 208
114 209
114 211
114 217
114 220
114 221
114 222
114 227
114 234
114 239
114 240
114 245
114 247
114 248
114 249
115 116
115 117
115 118
115 119
115 120
115 121
115 122
115 123
115 124
115 125
115 126
115 127
115 153
115 156
115 158
115 159
115 162
115 166
115 173
115 176
115 183
115 184
115 185
115 190
115 198
115 201
115 203
115 206
115 212
115 213
115 215
115 217
115 219
115 220
115 221
115 226
115 227
115 231
115 232
115 234
115 236
115 244
115 249
116 117
116 118
116 119
116 120
116 121
116 122
116 123
116 124
116 125
116 126
116 127
116 150
116 151
116 155
116 159
116 175
116 176
116 177
116 179
116 191
116 194
116 200
116 202
116 205
116 207
116 228
116 229
116 246
117 118
117 119
117 120
117 121
117 122
117 123
117 124
117 125
117 126
117 127
117 150
117 154
117 157
117 166
117 167
117 178
117 187
117 188
117 201
117 202
117 204
117 206
117 218
117 220
117 225
117 229
117 233
117 237
117 239
117 240
117 241
117 242
118 119
118 120
118 121
118 122
118 123
118 124
118 125
118 126
118 127
118 150
118 151
118 154
118 159
118 163
118 168
118 173
118 175
118 180
118 182
118 187
118 188
118 192
118 194
118 204
118 207
118 212
118 217
118 221
118 225
118 230
118 234
118 235
118 240
118 241
118 244
118 246
118 247
119 120
119 121
119 122
119 123
119 124
119 125
119 126
119 127
119 150
119 159
119 160
119 163
119 164
119 165
119 169
119 170
119 174
119 179
119 181
119 192
119 195
119 196
119 216
119 226
119 232
119 235
119 237
119 239
119 245
119 247
120 121
120 122
120 123
120 124
120 125
120 126
120 127
120 154
120 155
120 161
120 162
120 166
120 171
120 179
120 182
120 183
120 190
120 191
120 192
120 194
120 195
120 196
120 198
120 205
120 210
120 216
120 222
120 224
120 233
120 240
120 244
120 246
120 248
121 122
121 123
121 124
121 125
121 126
121 127
121 157
121 162
121 166
121 170
121 177
121 178
121 179
121 180
121 182
121 185
121 190
121 193
121 194
121 197
121 198
121 203
121 213
121 214
121 220
121 221
121 223
121 224
121 226
121 229
121 230
121 235
121 236
121 237
121 238
121 240
121 245
121 248
121 249
122 123
122 124
122 125
122 126
122 127
122 152
122 158
122 163
122 174
122 175
122 178
122 188
122 189
122 193
122 196
122 201
122 212
122 215
122 218
122 220
122 224
122 225
122 227
122 228
122 239
122 241
122 244
122 245
123 124
123 125
123 126
123 127
123 154
123 157
123 159
123 166
123 179
123 180
123 181
123 182
123 186
123 189
123 190
123 191
123 194
123 196
123 198
123 200
123 203
123 204
123 207
123 226
123 227
123 229
123 238
123 241
124 125
124 126
124 127
124 154
124 158
124 161
124 162
124 166
124 176
124 179
124 180
124 181
124 182
124 183
124 184
124 188
124 191
124 192
124 198
124 200
124 203
124 204
124 207
124 212
124 213
124 214
124 219
124 220
124 223
124 224
124 226
124 227
124 231
124 233
124 238
124 239
124 246
124 248
125 126
125 127
125 151
125 152
125 156
125 157
125 158
125 161
125 172
125 173
125 174
125 176
125 179
125 181
125 182
125 183
125 185
125 186
125 187
125 190
125 191
125 198
125 201
125 203
125 209
125 212
125 213
125 214
125 216
125 218
125 223
125 225
125 227
125 230
125 231
125 234
125 236
125 238
125 243
125 245
125 248
126 127
126 151
126 153
126 157
126 160
126 162
126 166
126 167
126 170
126 173
126 174
126 176
126 178
126 179
126 181
126 189
126 191
126 196
126 198
126 202
126 203
126 205
126 209
126 212
126 214
126 216
126 217
126 225
126 228
126 232
126 233
126 236
126 239
126 244
126 246
127 152
127 153
127 159
127 161
127 162
127 167
127 168
127 170
127 173
127 175
127 177
127 180
127 181
127 182
127 183
127 185
127 186
127 187
127 195
127 199
127 201
127 202
127 211
127 213
127 225
127 232
127 239
127 243
127 244
127 245
150 151
150 152
150 153
150 154
150 155
150 156
150 157
150 158
150 159
150 160
150 161
150 162
150 163
150 164
150 165
150 166
150 167
150 168
150 169
150 170
150 171
150 172
150 173
150 174
150 175
150 176
150 177
150 178
150 179
150 180
150 181
150 182
150 183
150 184
150 185
150 186
150 187
150 188
150 189
150 190
150 191
150 192
150 193
150 194
150 195
150 196
150 197
150 198
150 199
150 202
150 203
150 204
150 207
150 213
150 214
150 221
150 222
150 225
150 237
150 239
150 243
151 152
151 153
151 154
151 155
151 156
151 157
151 158
151 159
151 160
151 161
151 162
151 163
151 164
151 165
151 166
151 167
151 168
151 169
151 170
151 171
151 172
151 173
151 174
151 175
151 176
151 177
151 178
151 179
151 180
151 181
151 182
151 183
151 184
151 185
151 186
151 187
151 188
151 189
151 190
151 191
151 192
151 193
151 194
151 195
151 196
151 197
151 198
151 199
151 208
151 213
151 216
151 221
151 222
151 233
151 234
151 237
151 243
152 153
152 154
152 155
152 156
152 157
152 158
152 159
152 160
152 161
152 162
152 163
152 164
152 165
152 166
152 167
152 168
152 169
152 170
152 171
152 172
152 173
152 174
152 175
152 176
152 177
152 178
152 179
152 180
152 181
152 182
152 183
152 184
152 185
152 186
152 187
152 188
152 189
152 190
152 191
152 192
152 193
152 194
152 195
152 196
152 197
152 198
152 199
152 200
152 201
152 202
152 204
152 207
152 209
152 210
152 212
152 214
152 216
152 221
152 224
152 228
152 230
152 231
152 236
152 237
152 241
152 242
152 243
152 244
153 154
153 155
153 156
153 157
153 158
153 159
153 160
153 161
153 162
153 163
153 164
153 165
153 166
153 167
153 168
153 169
153 170
153 171
153 172
153 173
153 174
153 175
153 176
153 177
153 178
153 179
153 180
153 181
153 182
153 183
153 184
153 185
153 186
153 187
153 188
153 189
153 190
153 191
153 192
153 193
153 194
153 195
153 196
153 197
153 198
153 199
153 201
153 207
153 208
153 211
153 216
153 225
153 226
153 228
153 232
153 235
153 236
153 244
153 248
153 249
154 155
154 156
154 157
154 158
154 159
154 160
154 161
154 162
154 163
154 164
154 165
154 166
154 167
154 168
154 169
154 170
154 171
154 172
154 173
154 174
154 175
154 176
154 177
154 178
154 179
154 180
154 181
154 182
154 183
154 184
154 185
154 186
154 187
154 188
154 189
154 190
154 191
154 192
154 193
154 194
154 195
154 196
154 197
154 198
154 199
154 202
154 204
154 206
154 209
154 211
154 212
154 213
154 214
154 215
154 216
154 220
154 221
154 225
154 229
154 230
154 231
154 232
154 233
154 240
154 243
154 247
155 156
155 157
155 158
155 159
155 160
155 161
155 162
155 163
155 164
155 165
155 166
155 167
155 168
155 169
155 170
155 171
155 172
155 173
155 174
155 175
155 176
155 177
155 178
155 179
155 180
155 181
155 182
155 183
155 184
155 185
155 186
155 187
155 188
155 189
155 190
155 191
155 192
155 193
155 194
155 195
155 196
155 197
155 198
155 199
155 206
155 207
155 211
155 215
155 218
155 220
155 225
155 226
155 228
155 229
155 232
155 234
155 237
155 242
155 244
155 246
155 248
155 249
156 157
156 158
156 159
156 160
156 161
156 162
156 163
156 164
156 165
156 166
156 167
156 168
156 169
156 170
156 171
156 172
156 173
156 174
156 175
156 176
156 177
156 178
156 179
156 180
156 181
156 182
156 183
156 184
156 185
156 186
156 187
156 188
156 189
156 190
156 191
156 192
156 193
156 194
156 195
156 196
156 197
156 198
156 199
156 200
156 203
156 204
156 206
156 207
156 208
156 209
156 215
156 219
156 223
156 225
156 227
156 230
156 233
156 235
156 240
156 241
156 242
157 158
157 159
157 160
157 161
157 162
157 163
157 164
157 165
157 166
157 167
157 168
157 169
157 170
157 171
157 172
157 173
157 174
157 175
157 176
157 177
157 178
157 179
157 180
157 181
157 182
157 183
157 184
157 185
157 186
157 187
157 188
157 189
157 190
157 191
157 192
157 193
157 194
157 195
157 196
157 197
157 198
157 199
157 201
157 203
157 205
157 207
157 216
157 219
157 223
157 228
157 235
157 239
157 240
157 244
157 246
157 247
157 249
158 159
158 160
158 161
158 162
158 163
158 164
158 165
158 166
158 167
158 168
158 169
158 170
158 171
158 172
158 173
158 174
158 175
158 176
158 177
158 178
158 179
158 180
158 181
158 182
158 183
158 184
158 185
158 186
158 187
158 188
158 189
158 190
158 191
158 192
158 193
158 194
158 195
158 196
158 197
158 198
158 199
158 202
158 203
158 205
158 208
158 210
158 211
158 212
158 213
158 219
158 221
158 223
158 226
158 234
158 241
158 245
158 246
158 248
159 160
159 161
159 162
159 163
159 164
159 165
159 166
159 167
159 168
159 169
159 170
159 171
159 172
159 173
159 174
159 175
159 176
159 177
159 178
159 179
159 180
159 181
159 182
159 183
159 184
159 185
159 186
159 187
159 188
159 189
159 190
159 191
159 192
159 193
159 194
159 195
159 196
159 197
159 198
159 199
159 202
159 205
159 210
159 213
159 215
159 217
159 221
159 227
159 228
159 229
159 230
159 238
159 241
159 243
159 247
160 161
160 162
160 163
160 164
160 165
160 166
160 167
160 168
160 169
160 170
160 171
160 172
160 173
160 174
160 175
160 176
160 177
160 178
160 179
160 180
160 181
160 182
160 183
160 184
160 185
160 186
160 187
160 188
160 189
160 190
160 191
160 192
160 193
160 194
160 195
160 196
160 197
160 198
160 199
160 201
160 203
160 204
160 208
160 211
160 217
160 218
160 221
160 224
160 225
160 227
160 230
160 236
160 247
160 248
161 162
161 163
161 164
161 165
161 166
161 167
161 168
161 169
161 170
161 171
161 172
161 173
161 174
161 175
161 176
161 177
161 178
161 179
161 180
161 181
161 182
161 183
161 184
161 185
161 186
161 187
161 188
161 189
161 190
161 191
161 192
161 193
161 194
161 195
161 196
161 197
161 198
161 199
161 200
161 203
161 204
161 205
161 206
161 207
161 212
161 214
161 215
161 216
161 222
161 224
161 227
161 229
161 232
161 233
161 236
161 245
162 163
162 164
162 165
162 166
162 167
162 168
162 169
162 170
162 171
162 172
162 173
162 174
162 175
162 176
162 177
162 178
162 179
162 180
162 181
162 182
162 183
162 184
162 185
162 186
162 187
162 188
162 189
162 190
162 191
162 192
162 193
162 194
162 195
162 196
162 197
162 198
162 199
162 202
162 204
162 213
162 216
162 217
162 221
162 222
162 225
162 230
162 235
162 237
162 239
162 240
162 242
162 249
163 164
163 165
163 166
163 167
163 168
163 169
163 170
163 171
163 172
163 173
163 174
163 175
163 176
163 177
163 178
163 179
163 180
163 181
163 182
163 183
163 184
163 185
163 186
163 187
163 188
163 189
163 190
163 191
163 192
163 193
163 194
163 195
163 196
163 197
163 198
163 199
163 207
163 208
163 210
163 215
163 219
163 220
163 227
163 229
163 230
163 233
163 236
163 239
163 243
164 165
164 166
164 167
164 168
164 169
164 170
164 171
164 172
164 173
164 174
164 175
164 176
164 177
164 178
164 179
164 180
164 181
164 182
164 183
164 184
164 185
164 186
164 187
164 188
164 189
164 190
164 191
164 192
164 193
164 194
164 195
164 196
164 197
164 198
164 199
164 202
164 203
164 222
164 229
164 230
164 237
164 239
164 241
164 245
165 166
165 167
165 168
165 169
165 170
165 171
165 172
165 173
165 174
165 175
165 176
165 177
165 178
165 179
165 180
165 181
165 182
165 183
165 184
165 185
165 186
165 187
165 188
165 189
165 190
165 191
165 192
165 193
165 194
165 195
165 196
165 197
165 198
165 199
165 201
165 202
165 204
165 208
165 209
165 217
165 222
165 224
165 225
165 226
165 230
165 231
165 234
165 243
165 245
166 167
166 168
166 169
166 170
166 171
166 172
166 173
166 174
166 175
166 176
166 177
166 178
166 179
166 180
166 181
166 182
166 183
166 184
166 185
166 186
166 187
166 188
166 189
166 190
166 191
166 192
166 193
166 194
166 195
166 196
166 197
166 198
166 199
166 200
166 201
166 203
166 206
166 209
166 216
166 218
166 219
166 222
166 223
166 227
166 229
166 233
166 237
166 238
166 239
166 241
166 245
167 168
167 169
167 170
167 171
167 172
167 173
167 174
167 175
167 176
167 177
167 178
167 179
167 180
167 181
167 182
167 183
167 184
167 185
167 186
167 187
167 188
167 189
167 190
167 191
167 192
167 193
167 194
167 195
167 196
167 197
167 198
167 199
167 201
167 203
167 204
167 208
167 209
167 211
167 215
167 220
167 228
167 234
167 249
168 169
168 170
168 171
168 172
168 173
168 174
168 175
168 176
168 177
168 178
168 179
168 180
168 181
168 182
168 183
168 184
168 185
168 186
168 187
168 188
168 189
168 190
168 191
168 192
168 193
168 194
168 195
168 196
168 197
168 198
168 199
168 200
168 207
168 214
168 218
168 219
168 225
168 226
168 234
168 235
168 242
168 247
168 248
168 249
169 170
169 171
169 172
169 173
169 174
169 175
169 176
169 177
169 178
169 179
169 180
169 181
169 182
169 183
169 184
169 185
169 186
169 187
169 188
169 189
169 190
169 191
169 192
169 193
169 194
169 195
169 196
169 197
169 198
169 199
169 201
169 209
169 213
169 217
169 219
169 220
169 222
169 223
169 229
169 231
169 238
169 245
169 248
169 249
170 171
170 172
170 173
170 174
170 175
170 176
170 177
170 178
170 179
170 180
170 181
170 182
170 183
170 184
170 185
170 186
170 187
170 188
170 189
170 190
170 191
170 192
170 193
170 194
170 195
170 196
170 197
170 198
170 199
170 201
170 202
170 205
170 210
170 212
170 215
170 216
170 234
170 236
170 239
170 243
170 246
170 247
170 248
171 172
171 173
171 174
171 175
171 176
171 177
171 178
171 179
171 180
171 181
171 182
171 183
171 184
171 185
171 186
171 187
171 188
171 189
171 190
171 191
171 192
171 193
171 194
171 195
171 196
171 197
171 198
171 199
171 200
171 206
171 207
171 213
171 214
171 218
171 220
171 222
171 227
171 228
171 236
171 238
171 240
171 244
171 245
172 173
172 174
172 175
172 176
172 177
172 178
172 179
172 180
172 181
172 182
172 183
172 184
172 185
172 186
172 187
172 188
172 189
172 190
172 191
172 192
172 193
172 194
172 195
172 196
172 197
172 198
172 199
172 200
172 201
172 204
172 206
172 207
172 208
172 212
172 214
172 220
172 224
172 232
172 233
172 237
172 242
172 246
172 248
173 174
173 175
173 176
173 177
173 178
173 179
173 180
173 181
173 182
173 183
173 184
173 185
173 186
173 187
173 188
173 189
173 190
173 191
173 192
173 193
173 194
173 195
173 196
173 197
173 198
173 199
173 202
173 210
173 213
173 223
173 226
173 228
173 230
173 247
173 248
174 175
174 176
174 177
174 178
174 179
174 180
174 181
174 182
174 183
174 184
174 185
174 186
174 187
174 188
174 189
174 190
174 191
174 192
174 193
174 194
174 195
174 196
174 197
174 198
174 199
174 200
174 204
174 205
174 210
174 212
174 213
174 215
174 217
174 219
174 221
174 222
174 231
174 232
174 240
174 241
174 242
174 243
174 244
174 249
175 176
175 177
175 178
175 179
175 180
175 181
175 182
175 183
175 184
175 185
175 186
175 187
175 188
175 189
175 190
175 191
175 192
175 193
175 194
175 195
175 196
175 197
175 198
175 199
175 208
175 209
175 212
175 216
175 218
175 222
175 227
175 228
175 229
175 232
175 234
175 237
175 244
175 246
175 247
175 248
176 177
176 178
176 179
176 180
176 181
176 182
176 183
176 184
176 185
176 186
176 187
176 188
176 189
176 190
176 191
176 192
176 193
176 194
176 195
176 196
176 197
176 198
176 199
176 201
176 202
176 203
176 205
176 207
176 209
176 218
176 224
176 225
176 226
176 227
176 228
176 229
176 231
176 232
176 233
176 234
176 237
176 241
176 242
176 246
177 178
177 179
177 180
177 181
177 182
177 183
177 184
177 185
177 186
177 187
177 188
177 189
177 190
177 191
177 192
177 193
177 194
177 195
177 196
177 197
177 198
177 199
177 211
177 216
177 221
177 222
177 224
177 225
177 228
177 232
177 233
177 234
177 235
177 242
177 244
177 246
177 247
178 179
178 180
178 181
178 182
178 183
178 184
178 185
178 186
178 187
178 188
178 189
178 190
178 191
178 192
178 193
178 194
178 195
178 196
178 197
178 198
178 199
178 200
178 203
178 204
178 208
178 215
178 219
178 223
178 229
178 231
178 234
178 239
178 240
178 245
178 246
178 249
179 180
179 181
179 182
179 183
179 184
179 185
179 186
179 187
179 188
179 189
179 190
179 191
179 192
179 193
179 194
179 195
179 196
179 197
179 198
179 199
179 201
179 204
179 205
179 206
179 208
179 209
179 210
179 211
179 213
179 217
179 219
179 220
179 222
179 227
179 230
179 241
179 244
179 246
179 247
179 248
180 181
180 182
180 183
180 184
180 185
180 186
180 187
180 188
180 189
180 190
180 191
180 192
180 193
180 194
180 195
180 196
180 197
180 198
180 199
180 204
180 205
180 206
180 208
180 217
180 224
180 226
180 231
180 236
180 239
180 244
180 249
181 182
181 183
181 184
181 185
181 186
181 187
181 188
181 189
181 190
181 191
181 192
181 193
181 194
181 195
181 196
181 197
181 198
181 199
181 204
181 208
181 215
181 217
181 220
181 221
181 222
181 223
181 225
181 226
181 227
181 237
181 244
181 245
182 183
182 184
182 185
182 186
182 187
182 188
182 189
182 190
182 191
182 192
182 193
182 194
182 195
182 196
182 197
182 198
182 199
182 204
182 211
182 215
182 219
182 221
182 223
182 229
182 233
182 234
182 235
182 240
182 246
182 248
183 184
183 185
183 186
183 187
183 188
183 189
183 190
183 191
183 192
183 193
183 194
183 195
183 196
183 197
183 198
183 199
183 201
183 207
183 228
183 229
183 230
183 233
183 234
183 243
183 245
183 247
184 185
184 186
184 187
184 188
184 189
184 190
184 191
184 192
184 193
184 194
184 195
184 196
184 197
184 198
184 199
184 200
184 205
184 207
184 218
184 222
184 224
184 228
184 235
184 236
184 237
184 244
184 247
184 248
185 186
185 187
185 188
185 189
185 190
185 191
185 192
185 193
185 194
185 195
185 196
185 197
185 198
185 199
185 211
185 222
185 223
185 231
185 242
185 244
185 248
186 187
186 188
186 189
186 190
186 191
186 192
186 193
186 194
186 195
186 196
186 197
186 198
186 199
186 203
186 205
186 211
186 213
186 215
186 216
186 218
186 221
186 222
186 223
186 224
186 225
186 226
186 231
186 233
186 235
186 243
186 248
187 188
187 189
187 190
187 191
187 192
187 193
187 194
187 195
187 196
187 197
187 198
187 199
187 205
187 211
187 212
187 216
187 217
187 223
187 227
187 231
187 232
187 233
187 234
187 235
187 239
187 241
188 189
188 190
188 191
188 192
188 193
188 194
188 195
188 196
188 197
188 198
188 199
188 202
188 211
188 213
188 215
188 217
188 223
188 232
188 242
188 247
189 190
189 191
189 192
189 193
189 194
189 195
189 196
189 197
189 198
189 199
189 205
189 206
189 208
189 210
189 211
189 213
189 215
189 216
189 220
189 221
189 223
189 225
189 228
189 231
189 232
189 233
189 239
189 240
189 241
189 242
189 248
189 249
190 191
190 192
190 193
190 194
190 195
190 196
190 197
190 198
190 199
190 206
190 209
190 219
190 221
190 228
190 229
190 230
190 231
190 232
190 236
190 237
190 238
190 239
190 244
190 245
190 246
190 249
191 192
191 193
191 194
191 195
191 196
191 197
191 198
191 199
191 201
191 205
191 213
191 215
191 219
191 223
191 228
191 231
191 233
191 236
191 239
191 242
191 248
191 249
192 193
192 194
192 195
192 196
192 197
192 198
192 199
192 201
192 208
192 211
192 217
192 223
192 226
192 227
192 235
192 243
193 194
193 195
193 196
193 197
193 198
193 199
193 206
193 214
193 216
193 217
193 219
193 222
193 226
193 228
193 229
193 230
193 234
193 236
193 242
193 244
193 249
194 195
194 196
194 197
194 198
194 199
194 205
194 209
194 210
194 212
194 213
194 215
194 217
194 218
194 220
194 226
194 228
194 229
194 230
194 233
194 236
194 238
194 240
194 246
194 247
194 248
195 196
195 197
195 198
195 199
195 200
195 204
195 206
195 208
195 210
195 214
195 215
195 217
195 230
195 231
195 232
195 233
195 234
195 240
195 241
195 243
195 245
195 248
195 249
196 197
196 198
196 199
196 200
196 201
196 202
196 204
196 206
196 222
196 226
196 227
196 232
196 233
196 234
196 236
196 237
196 238
196 239
196 242
196 244
196 246
196 247
197 198
197 199
197 200
197 208
197 209
197 211
197 215
197 217
197 219
197 220
197 221
197 223
197 228
197 233
197 237
197 240
197 244
197 246
198 199
198 202
198 203
198 204
198 205
198 207
198 215
198 217
198 221
198 226
198 228
198 233
198 236
198 238
198 241
198 244
198 245
198 247
199 203
199 205
199 207
199 215
199 216
199 218
199 221
199 224
199 233
199 234
199 238
199 249
200 201
200 202
200 203
200 204
200 205
200 206
200 207
200 208
200 209
200 210
200 211
200 212
200 213
200 214
200 215
200 216
200 217
200 218
200 219
200 220
200 221
200 222
200 223
200 224
200 225
200 226
200 227
200 228
200 229
200 230
200 231
200 232
200 233
200 234
200 235
200 236
200 237
200 238
200 239
200 240
200 241
200 242
200 243
200 244
200 245
200 246
200 247
200 248
200 249
201 202
201 203
201 204
201 205
201 206
201 207
201 208
201 209
201 210
201 211
201 212
201 213
201 214
201 215
201 216
201 217
201 218
201 219
201 220
201 221
201 222
201 223
201 224
201 225
201 226
201 227
201 228
201 229
201 230
201 231
201 232
201 233
201 234
201 235
201 236
201 237
201 238
201 239
201 240
201 241
201 242
201 243
201 244
201 245
201 246
201 247
201 248
201 249
202 203
202 204
202 205
202 206
202 207
202 208
202 209
202 210
202 211
202 212
202 213
202 214
202 215
202 216
202 217
202 218
202 219
202 220
202 221
202 222
202 223
202 224
202 225
202 226
202 227
202 228
202 229
202 230
202 231
202 232
202 233
202 234
202 235
202 236
202 237
202 238
202 239
202 240
202 241
202 242
202 243
202 244
202 245
202 246
202 247
202 248
202 249
203 204
203 205
203 206
203 207
203 208
203 209
203 210
203 211
203 212
203 213
203 214
203 215
203 216
203 217
203 218
203 219
203 220
203 221
203 222
203 223
203 224
203 225
203 226
203 227
203 228
203 229
203 230
203 231
203 232
203 233
203 234
203 235
203 236
203 237
203 238
203 239
203 240
203 241
203 242
203 243
203 244
203 245
203 246
203 247
203 248
203 249
204 205
204 206
204 207
204 208
204 209
204 210
204 211
204 212
204 213
204 214
204 215
204 216
204 217
204 218
204 219
204 220
204 221
204 222
204 223
204 224
204 225
204 226
204 227
204 228
204 229
204 230
204 231
204 232
204 233
204 234
204 235
204 236
204 237
204 238
204 239
204 240
204 241
204 242
204 243
204 244
204 245
204 246
204 247
204 248
204 249
205 206
205 207
205 208
205 209
205 210
205 211
205 212
205 213
205 214
205 215
205 216
205 217
205 218
205 219
205 220
205 221
205 222
205 223
205 224
205 225
205 226
205 227
205 228
205 229
205 230
205 231
205 232
205 233
205 234
205 235
205 236
205 237
205 238
205 239
205 240
205 241
205 242
205 243
205 244
205 245
205 246
205 247
205 248
205 249
206 207
206 208
206 209
206 210
206 211
206 212
206 213
206 214
206 215
206 216
206 217
206 218
206 219
206 220
206 221
206 222
206 223
206 224
206 225
206 226
206 227
206 228
206 229
206 230
206 231
206 232
206 233
206 234
206 235
206 236
206 237
206 238
206 239
206 240
206 241
206 242
206 243
206 244
206 245
206 246
206 247
206 248
206 249
207 208
207 209
207 210
207 211
207 212
207 213
207 214
207 215
207 216
207 217
207 218
207 219
207 220
207 221
207 222
207 223
207 224
207 225
207 226
207 227
207 228
207 229
207 230
207 231
207 232
207 233
207 234
207 235
207 236
207 237
207 238
207 239
207 240
207 241
207 242
207 243
207 244
207 245
207 246
207 247
207 248
207 249
208 209
208 210
208 211
208 212
208 213
208 214
208 215
208 216
208 217
208 218
208 219
208 220
208 221
208 222
208 223
208 224
208 225
208 226
208 227
208 228
208 229
208 230
208 231
208 232
208 233
208 234
208 235
208 236
208 237
208 238
208 239
208 240
208 241
208 242
208 243
208 244
208 245
208 246
208 247
208 248
208 249
209 210
209 211
209 212
209 213
209 214
209 215
209 216
209 217
209 218
209 219
209 220
209 221
209 222
209 223
209 224
209 225
209 226
209 227
209 228
209 229
209 230
209 231
209 232
209 233
209 234
209 235
209 236
209 237
209 238
209 239
209 240
209 241
209 242
209 243
209 244
209 245
209 246
209 247
209 248
209 249
210 211
210 212
210 213
210 214
210 215
210 216
210 217
210 218
210 219
210 220
210 221
210 222
210 223
210 224
210 225
210 226
210 227
210 228
210 229
210 230
210 231
210 232
210 233
210 234
210 235
210 236
210 237
210 238
210 239
210 240
210 241
210 242
210 243
210 244
210 245
210 246
210 247
210 248
210 249
211 212
211 213
211 214
211 215
211 216
211 217
211 218
211 219
211 220
211 221
211 222
211 223
211 224
211 225
211 226
211 227
211 228
211 229
211 230
211 231
211 232
211 233
211 234
211 235
211 236
211 237
211 238
211 239
211 240
211 241
211 242
211 243
211 244
211 245
211 246
211 247
211 248
211 249
212 213
212 214
212 215
212 216
212 217
212 218
212 219
212 220
212 221
212 222
212 223
212 224
212 225
212 226
212 227
212 228
212 229
212 230
212 231
212 232
212 233
212 234
212 235
212 236
212 237
212 238
212 239
212 240
212 241
212 242
212 243
212 244
212 245
212 246
212 247
212 248
212 249
213 214
213 215
213 216
213 217
213 218
213 219
213 220
213 221
213 222
213 223
213 224
213 225
213 226
213 227
213 228
213 229
213 230
213 231
213 232
213 233
213 234
213 235
213 236
213 237
213 238
213 239
213 240
213 241
213 242
213 243
213 244
213 245
213 246
213 247
213 248
213 249
214 215
214 216
214 217
214 218
214 219
214 220
214 221
214 222
214 223
214 224
214 225
214 226
214 227
214 228
214 229
214 230
214 231
214 232
214 233
214 234
214 235
214 236
214 237
214 238
214 239
214 240
214 241
214 242
214 243
214 244
214 245
214 246
214 247
214 248
214 249
215 216
215 217
215 218
215 219
215 220
215 221
215 222
215 223
215 224
215 225
215 226
215 227
215 228
215 229
215 230
215 231
215 232
215 233
215 234
215 235
215 236
215 237
215 238
215 239
215 240
215 241
215 242
215 243
215 244
215 245
215 246
215 247
215 248
215 249
216 217
216 218
216 219
216 220
216 221
216 222
216 223
216 224
216 225
216 226
216 227
216 228
216 229
216 230
216 231
216 232
216 233
216 234
216 235
216 236
216 237
216 238
216 239
216 240
216 241
216 242
216 243
216 244
216 245
216 246
216 247
216 248
216 249
217 218
217 219
217 220
217 221
217 222
217 223
217 224
217 225
217 226
217 227
217 228
217 229
217 230
217 231
217 232
217 233
217 234
217 235
217 236
217 237
217 238
217 239
217 240
217 241
217 242
217 243
217 244
217 245
217 246
217 247
217 248
217 249
218 219
218 220
218 221
218 222
218 223
218 224
218 225
218 226
218 227
218 228
218 229
218 230
218 231
218 232
218 233
218 234
218 235
218 236
218 237
218 238
218 239
218 240
218 241
218 242
218 243
218 244
218 245
218 246
218 247
218 248
218 249
219 220
219 221
219 222
219 223
219 224
219 225
219 226
219 227
219 228
219 229
219 230
219 231
219 232
219 233
219 234
219 235
219 236
219 237
219 238
219 239
219 240
219 241
219 242
219 243
219 244
219 245
219 246
219 247
219 248
219 249
220 221
220 222
220 223
220 224
220 225
220 226
220 227
220 228
220 229
220 230
220 231
220 232
220 233
220 234
220 235
220 236
220 237
220 238
220 239
220 240
220 241
220 242
220 243
220 244
220 245
220 246
220 247
220 248
220 249
221 222
221 223
221 224
221 225
221 226
221 227
221 228
221 229
221 230
221 231
221 232
221 233
221 234
221 235
221 236
221 237
221 238
221 239
221 240
221 241
221 242
221 243
221 244
221 245
221 246
221 247
221 248
221 249
222 223
222 224
222 225
222 226
222 227
222 228
222 229
222 230
222 231
222 232
222 233
222 234
222 235
222 236
222 237
222 238
222 239
222 240
222 241
222 242
222 243
222 244
222 245
222 246
222 247
222 248
222 249
223 224
223 225
223 226
223 227
223 228
223 229
223 230
223 231
223 232
223 233
223 234
223 235
223 236
223 237
223 238
223 239
223 240
223 241
223 242
223 243
223 244
223 245
223 246
223 247
223 248
223 249
224 225
224 226
224 227
224 228
224 229
224 230
224 231
224 232
224 233
224 234
224 235
224 236
224 237
224 238
224 239
224 240
224 241
224 242
224 243
224 244
224 245
224 246
224 247
224 248
224 249
225 226
225 227
225 228
225 229
225 230
225 231
225 232
225 233
225 234
225 235
225 236
225 237
225 238
225 239
225 240
225 241
225 242
225 243
225 244
225 245
225 246
225 247
225 248
225 249
226 227
226 228
226 229
226 230
226 231
226 232
226 233
226 234
226 235
226 236
226 237
226 238
226 239
226 240
226 241
226 242
226 243
226 244
226 245
226 246
226 247
226 248
226 249
227 228
227 229
227 230
227 231
227 232
227 233
227 234
227 235
227 236
227 237
227 238
227 239
227 240
227 241
227 242
227 243
227 244
227 245
227 246
227 247
227 248
227 249
228 229
228 230
228 231
228 232
228 233
228 234
228 235
228 236
228 237
228 238
228 239
228 240
228 241
228 242
228 243
228 244
228 245
228 246
228 247
228 248
228 249
229 230
229 231
229 232
229 233
229 234
229 235
229 236
229 237
229 238
229 239
229 240
229 241
229 242
229 243
229 244
229 245
229 246
229 247
229 248
229 249
230 231
230 232
230 233
230 234
230 235
230 236
230 237
230 238
230 239
230 240
230 241
230 242
230 243
230 244
230 245
230 246
230 247
230 248
230 249
231 232
231 233
231 234
231 235
231 236
231 237
231 238
231 239
231 240
231 241
231 242
231 243
231 244
231 245
231 246
231 247
231 248
231 249
232 233
232 234
232 235
232 236
232 237
232 238
232 239
232 240
232 241
232 242
232 243
232 244
232 245
232 246
232 247
232 248
232 249
233 234
233 235
233 236
233 237
233 238
233 239
233 240
233 241
233 242
233 243
233 244
233 245
233 246
233 247
233 248
233 249
234 235
234 236
234 237
234 238
234 239
234 240
234 241
234 242
234 243
234 244
234 245
234 246
234 247
234 248
234 249
235 236
235 237
235 238
235 239
235 240
235 241
235 242
235 243
235 244
235 245
235 246
235 247
235 248
235 249
236 237
236 238
236 239
236 240
236 241
236 242
236 243
236 244
236 245
236 246
236 247
236 248
236 249
237 238
237 239
237 240
237 241
237 242
237 243
237 244
237 245
237 246
237 247
237 248
237 249
238 239
238 240
238 241
238 242
238 243
238 244
238 245
238 246
238 247
238 248
238 249
239 240
239 241
239 242
239 243
239 244
239 245
239 246
239 247
239 248
239 249
240 241
240 242
240 243
240 244
240 245
240 246
240 247
240 248
240 249
241 242
241 243
241 244
241 245
241 246
241 247
241 248
241 249
242 243
242 244
242 245
242 246
242 247
242 248
242 249
243 244
243 245
243 246
243 247
243 248
243 249
244 245
244 246
244 247
244 248
244 249
245 246
245 247
245 248
245 249
246 247
246 248
246 249
247 248
247 249
248 249
