0 1
0 2
0 3
0 4
0 5
0 6
0 7
0 8
0 9
0 10
0 11
0 12
0 13
0 14
0 15
0 16
0 17
0 18
0 19
0 20
0 21
0 22
0 23
0 24
0 25
0 26
0 27
0 28
0 29
0 30
0 31
0 32
0 33
0 34
0 35
0 36
0 37
0 38
0 39
0 40
0 41
0 42
0 43
0 44
0 45
0 46
0 47
0 48
0 49
0 52
0 61
0 72
0 74
0 81
0 96
0 131
0 142
0 143
0 148
0 101
0 107
0 114
0 117
0 120
0 122
0 163
0 164
0 177
0 180
0 182
0 189
0 198
0 210
0 221
0 231
0 235
0 243
0 244
1 2
1 3
1 4
1 5
1 6
1 7
1 8
1 9
1 10
1 11
1 12
1 13
1 14
1 15
1 16
1 17
1 18
1 19
1 20
1 21
1 22
1 23
1 24
1 25
1 26
1 27
1 28
1 29
1 30
1 31
1 32
1 33
1 34
1 35
1 36
1 37
1 38
1 39
1 40
1 41
1 42
1 43
1 44
1 45
1 46
1 47
1 48
1 49
1 50
1 67
1 82
1 88
1 89
1 90
1 132
1 135
1 144
1 148
1 124
1 152
1 154
1 160
1 161
1 164
1 173
1 191
1 195
1 209
1 212
1 213
1 217
1 230
1 234
1 243
1 245
1 246
2 3
2 4
2 5
2 6
2 7
2 8
2 9
2 10
2 11
2 12
2 13
2 14
2 15
2 16
2 17
2 18
2 19
2 20
2 21
2 22
2 23
2 24
2 25
2 26
2 27
2 28
2 29
2 30
2 31
2 32
2 33
2 34
2 35
2 36
2 37
2 38
2 39
2 40
2 41
2 42
2 43
2 44
2 45
2 46
2 47
2 48
2 49
2 52
2 55
2 56
2 66
2 75
2 76
2 81
2 82
2 84
2 98
2 129
2 143
2 145
2 104
2 107
2 117
2 124
2 126
2 163
2 166
2 170
2 174
2 179
2 183
2 195
2 204
2 209
2 225
2 235
2 242
2 245
2 246
3 4
3 5
3 6
3 7
3 8
3 9
3 10
3 11
3 12
3 13
3 14
3 15
3 16
3 17
3 18
3 19
3 20
3 21
3 22
3 23
3 24
3 25
3 26
3 27
3 28
3 29
3 30
3 31
3 32
3 33
3 34
3 35
3 36
3 37
3 38
3 39
3 40
3 41
3 42
3 43
3 44
3 45
3 46
3 47
3 48
3 49
3 55
3 59
3 62
3 65
3 67
3 71
3 81
3 84
3 131
3 132
3 134
3 140
3 114
3 120
3 122
3 127
3 151
3 158
3 164
3 169
3 172
3 179
3 187
3 196
3 200
3 202
3 208
3 213
3 220
3 228
3 229
3 231
3 241
3 247
4 5
4 6
4 7
4 8
4 9
4 10
4 11
4 12
4 13
4 14
4 15
4 16
4 17
4 18
4 19
4 20
4 21
4 22
4 23
4 24
4 25
4 26
4 27
4 28
4 29
4 30
4 31
4 32
4 33
4 34
4 35
4 36
4 37
4 38
4 39
4 40
4 41
4 42
4 43
4 44
4 45
4 46
4 47
4 48
4 49
4 52
4 53
4 56
4 61
4 63
4 75
4 85
4 90
4 133
4 141
4 143
4 145
4 148
4 113
4 171
4 175
4 192
4 198
4 199
4 207
4 211
4 218
4 220
4 222
4 227
4 239
5 6
5 7
5 8
5 9
5 10
5 11
5 12
5 13
5 14
5 15
5 16
5 17
5 18
5 19
5 20
5 21
5 22
5 23
5 24
5 25
5 26
5 27
5 28
5 29
5 30
5 31
5 32
5 33
5 34
5 35
5 36
5 37
5 38
5 39
5 40
5 41
5 42
5 43
5 44
5 45
5 46
5 47
5 48
5 49
5 52
5 54
5 59
5 62
5 63
5 84
5 130
5 134
5 136
5 138
5 141
5 110
5 116
5 118
5 119
5 123
5 160
5 164
5 170
5 174
5 177
5 197
5 200
5 204
5 222
5 227
5 231
5 234
5 242
6 7
6 8
6 9
6 10
6 11
6 12
6 13
6 14
6 15
6 16
6 17
6 18
6 19
6 20
6 21
6 22
6 23
6 24
6 25
6 26
6 27
6 28
6 29
6 30
6 31
6 32
6 33
6 34
6 35
6 36
6 37
6 38
6 39
6 40
6 41
6 42
6 43
6 44
6 45
6 46
6 47
6 48
6 49
6 55
6 60
6 64
6 79
6 83
6 85
6 87
6 98
6 133
6 140
6 144
6 145
6 100
6 106
6 108
6 115
6 116
6 123
6 124
6 153
6 157
6 163
6 164
6 172
6 187
6 195
6 198
6 210
6 211
6 212
6 226
6 233
6 242
6 243
7 8
7 9
7 10
7 11
7 12
7 13
7 14
7 15
7 16
7 17
7 18
7 19
7 20
7 21
7 22
7 23
7 24
7 25
7 26
7 27
7 28
7 29
7 30
7 31
7 32
7 33
7 34
7 35
7 36
7 37
7 38
7 39
7 40
7 41
7 42
7 43
7 44
7 45
7 46
7 47
7 48
7 49
7 51
7 55
7 63
7 64
7 67
7 77
7 83
7 84
7 85
7 86
7 99
7 139
7 108
7 110
7 111
7 115
7 121
7 125
7 150
7 152
7 174
7 182
7 199
7 204
7 205
7 208
7 213
7 214
7 216
7 227
7 233
7 241
7 249
8 9
8 10
8 11
8 12
8 13
8 14
8 15
8 16
8 17
8 18
8 19
8 20
8 21
8 22
8 23
8 24
8 25
8 26
8 27
8 28
8 29
8 30
8 31
8 32
8 33
8 34
8 35
8 36
8 37
8 38
8 39
8 40
8 41
8 42
8 43
8 44
8 45
8 46
8 47
8 48
8 49
8 57
8 62
8 64
8 67
8 76
8 81
8 83
8 88
8 92
8 128
8 137
8 138
8 100
8 101
8 110
8 117
8 122
8 123
8 152
8 156
8 172
8 175
8 177
8 178
8 182
8 186
8 197
8 198
8 217
8 218
8 219
8 227
8 240
8 241
9 10
9 11
9 12
9 13
9 14
9 15
9 16
9 17
9 18
9 19
9 20
9 21
9 22
9 23
9 24
9 25
9 26
9 27
9 28
9 29
9 30
9 31
9 32
9 33
9 34
9 35
9 36
9 37
9 38
9 39
9 40
9 41
9 42
9 43
9 44
9 45
9 46
9 47
9 48
9 49
9 57
9 70
9 78
9 80
9 83
9 135
9 137
9 139
9 149
9 102
9 118
9 122
9 153
9 157
9 166
9 178
9 185
9 192
9 196
9 199
9 200
9 211
9 224
9 233
9 237
9 245
10 11
10 12
10 13
10 14
10 15
10 16
10 17
10 18
10 19
10 20
10 21
10 22
10 23
10 24
10 25
10 26
10 27
10 28
10 29
10 30
10 31
10 32
10 33
10 34
10 35
10 36
10 37
10 38
10 39
10 40
10 41
10 42
10 43
10 44
10 45
10 46
10 47
10 48
10 49
10 51
10 53
10 54
10 62
10 67
10 72
10 77
10 82
10 98
10 109
10 113
10 114
10 118
10 121
10 156
10 161
10 163
10 164
10 166
10 167
10 179
10 182
10 191
10 228
10 230
10 231
10 239
10 244
11 12
11 13
11 14
11 15
11 16
11 17
11 18
11 19
11 20
11 21
11 22
11 23
11 24
11 25
11 26
11 27
11 28
11 29
11 30
11 31
11 32
11 33
11 34
11 35
11 36
11 37
11 38
11 39
11 40
11 41
11 42
11 43
11 44
11 45
11 46
11 47
11 48
11 49
11 53
11 67
11 93
11 130
11 106
11 107
11 111
11 114
11 124
11 154
11 159
11 161
11 164
11 166
11 178
11 189
11 190
11 193
11 206
11 215
11 218
11 219
11 227
11 247
12 13
12 14
12 15
12 16
12 17
12 18
12 19
12 20
12 21
12 22
12 23
12 24
12 25
12 26
12 27
12 28
12 29
12 30
12 31
12 32
12 33
12 34
12 35
12 36
12 37
12 38
12 39
12 40
12 41
12 42
12 43
12 44
12 45
12 46
12 47
12 48
12 49
12 55
12 56
12 70
12 79
12 94
12 95
12 140
12 103
12 112
12 113
12 124
12 155
12 160
12 162
12 164
12 166
12 168
12 171
12 174
12 182
12 191
12 207
12 213
12 224
12 233
12 241
12 242
12 243
12 246
13 14
13 15
13 16
13 17
13 18
13 19
13 20
13 21
13 22
13 23
13 24
13 25
13 26
13 27
13 28
13 29
13 30
13 31
13 32
13 33
13 34
13 35
13 36
13 37
13 38
13 39
13 40
13 41
13 42
13 43
13 44
13 45
13 46
13 47
13 48
13 49
13 60
13 63
13 65
13 70
13 75
13 94
13 98
13 129
13 131
13 136
13 141
13 145
13 118
13 120
13 127
13 156
13 160
13 162
13 169
13 172
13 178
13 181
13 184
13 210
13 212
13 219
13 233
13 243
14 15
14 16
14 17
14 18
14 19
14 20
14 21
14 22
14 23
14 24
14 25
14 26
14 27
14 28
14 29
14 30
14 31
14 32
14 33
14 34
14 35
14 36
14 37
14 38
14 39
14 40
14 41
14 42
14 43
14 44
14 45
14 46
14 47
14 48
14 49
14 50
14 53
14 58
14 59
14 68
14 77
14 137
14 138
14 142
14 145
14 102
14 123
14 126
14 168
14 172
14 173
14 182
14 183
14 188
14 190
14 196
14 204
14 206
14 226
14 238
14 243
14 248
15 16
15 17
15 18
15 19
15 20
15 21
15 22
15 23
15 24
15 25
15 26
15 27
15 28
15 29
15 30
15 31
15 32
15 33
15 34
15 35
15 36
15 37
15 38
15 39
15 40
15 41
15 42
15 43
15 44
15 45
15 46
15 47
15 48
15 49
15 50
15 52
15 65
15 69
15 74
15 83
15 87
15 89
15 93
15 94
15 95
15 96
15 99
15 147
15 148
15 101
15 123
15 126
15 150
15 151
15 154
15 157
15 178
15 182
15 187
15 190
15 193
15 196
15 205
15 210
15 218
15 220
15 225
15 227
15 228
15 245
16 17
16 18
16 19
16 20
16 21
16 22
16 23
16 24
16 25
16 26
16 27
16 28
16 29
16 30
16 31
16 32
16 33
16 34
16 35
16 36
16 37
16 38
16 39
16 40
16 41
16 42
16 43
16 44
16 45
16 46
16 47
16 48
16 49
16 50
16 53
16 54
16 59
16 60
16 61
16 68
16 70
16 73
16 77
16 87
16 89
16 91
16 94
16 129
16 131
16 136
16 101
16 155
16 158
16 173
16 175
16 176
16 187
16 192
16 193
16 200
16 202
16 205
16 219
16 233
16 236
16 245
16 247
17 18
17 19
17 20
17 21
17 22
17 23
17 24
17 25
17 26
17 27
17 28
17 29
17 30
17 31
17 32
17 33
17 34
17 35
17 36
17 37
17 38
17 39
17 40
17 41
17 42
17 43
17 44
17 45
17 46
17 47
17 48
17 49
17 50
17 58
17 71
17 73
17 74
17 95
17 99
17 132
17 134
17 146
17 108
17 115
17 122
17 123
17 158
17 188
17 193
17 194
17 198
17 200
17 211
17 218
17 222
17 232
17 235
17 236
17 248
18 19
18 20
18 21
18 22
18 23
18 24
18 25
18 26
18 27
18 28
18 29
18 30
18 31
18 32
18 33
18 34
18 35
18 36
18 37
18 38
18 39
18 40
18 41
18 42
18 43
18 44
18 45
18 46
18 47
18 48
18 49
18 63
18 65
18 66
18 69
18 72
18 82
18 86
18 91
18 96
18 133
18 136
18 137
18 138
18 141
18 119
18 122
18 154
18 161
18 167
18 186
18 195
18 200
18 206
18 209
18 211
18 218
18 234
18 240
18 241
18 242
19 20
19 21
19 22
19 23
19 24
19 25
19 26
19 27
19 28
19 29
19 30
19 31
19 32
19 33
19 34
19 35
19 36
19 37
19 38
19 39
19 40
19 41
19 42
19 43
19 44
19 45
19 46
19 47
19 48
19 49
19 51
19 66
19 76
19 77
19 78
19 85
19 87
19 93
19 94
19 130
19 133
19 141
19 101
19 104
19 116
19 168
19 179
19 197
19 205
19 212
19 213
19 224
19 225
19 238
19 241
19 242
19 246
19 247
20 21
20 22
20 23
20 24
20 25
20 26
20 27
20 28
20 29
20 30
20 31
20 32
20 33
20 34
20 35
20 36
20 37
20 38
20 39
20 40
20 41
20 42
20 43
20 44
20 45
20 46
20 47
20 48
20 49
20 50
20 58
20 88
20 91
20 98
20 148
20 100
20 110
20 124
20 126
20 169
20 177
20 193
20 217
20 221
20 222
20 232
20 246
20 247
20 248
21 22
21 23
21 24
21 25
21 26
21 27
21 28
21 29
21 30
21 31
21 32
21 33
21 34
21 35
21 36
21 37
21 38
21 39
21 40
21 41
21 42
21 43
21 44
21 45
21 46
21 47
21 48
21 49
21 56
21 69
21 76
21 82
21 89
21 90
21 94
21 136
21 138
21 141
21 143
21 148
21 102
21 109
21 111
21 163
21 176
21 179
21 181
21 190
21 193
21 195
21 212
21 214
21 218
21 221
21 229
21 230
21 233
21 234
21 237
21 244
22 23
22 24
22 25
22 26
22 27
22 28
22 29
22 30
22 31
22 32
22 33
22 34
22 35
22 36
22 37
22 38
22 39
22 40
22 41
22 42
22 43
22 44
22 45
22 46
22 47
22 48
22 49
22 56
22 66
22 81
22 89
22 91
22 92
22 137
22 140
22 143
22 146
22 102
22 108
22 118
22 122
22 150
22 153
22 158
22 172
22 184
22 197
22 201
22 213
22 215
22 229
22 239
22 244
22 247
22 248
23 24
23 25
23 26
23 27
23 28
23 29
23 30
23 31
23 32
23 33
23 34
23 35
23 36
23 37
23 38
23 39
23 40
23 41
23 42
23 43
23 44
23 45
23 46
23 47
23 48
23 49
23 54
23 58
23 62
23 65
23 73
23 75
23 84
23 92
23 128
23 132
23 134
23 103
23 107
23 116
23 123
23 126
23 152
23 164
23 168
23 173
23 176
23 179
23 187
23 198
23 201
23 202
23 203
23 210
23 223
23 235
23 249
24 25
24 26
24 27
24 28
24 29
24 30
24 31
24 32
24 33
24 34
24 35
24 36
24 37
24 38
24 39
24 40
24 41
24 42
24 43
24 44
24 45
24 46
24 47
24 48
24 49
24 54
24 58
24 59
24 67
24 80
24 94
24 128
24 129
24 131
24 132
24 143
24 100
24 114
24 161
24 162
24 164
24 190
24 196
24 198
24 204
24 209
24 212
24 213
24 228
24 236
24 241
24 243
25 26
25 27
25 28
25 29
25 30
25 31
25 32
25 33
25 34
25 35
25 36
25 37
25 38
25 39
25 40
25 41
25 42
25 43
25 44
25 45
25 46
25 47
25 48
25 49
25 51
25 53
25 64
25 89
25 90
25 97
25 130
25 131
25 137
25 155
25 167
25 175
25 184
25 196
25 205
25 216
25 219
25 223
25 229
25 230
25 239
25 240
25 242
26 27
26 28
26 29
26 30
26 31
26 32
26 33
26 34
26 35
26 36
26 37
26 38
26 39
26 40
26 41
26 42
26 43
26 44
26 45
26 46
26 47
26 48
26 49
26 66
26 80
26 81
26 85
26 91
26 92
26 138
26 140
26 145
26 102
26 111
26 112
26 113
26 119
26 151
26 156
26 157
26 158
26 177
26 178
26 205
26 206
26 207
26 209
26 210
26 223
26 230
26 243
26 244
26 246
26 249
27 28
27 29
27 30
27 31
27 32
27 33
27 34
27 35
27 36
27 37
27 38
27 39
27 40
27 41
27 42
27 43
27 44
27 45
27 46
27 47
27 48
27 49
27 59
27 71
27 75
27 87
27 90
27 93
27 128
27 134
27 136
27 139
27 100
27 107
27 113
27 127
27 151
27 158
27 163
27 175
27 193
27 201
27 205
27 207
27 214
27 218
27 220
27 227
27 229
27 234
27 235
27 240
27 247
28 29
28 30
28 31
28 32
28 33
28 34
28 35
28 36
28 37
28 38
28 39
28 40
28 41
28 42
28 43
28 44
28 45
28 46
28 47
28 48
28 49
28 50
28 55
28 61
28 67
28 75
28 83
28 92
28 93
28 98
28 129
28 115
28 155
28 159
28 170
28 181
28 201
28 203
28 221
28 229
28 238
28 241
28 246
29 30
29 31
29 32
29 33
29 34
29 35
29 36
29 37
29 38
29 39
29 40
29 41
29 42
29 43
29 44
29 45
29 46
29 47
29 48
29 49
29 53
29 68
29 86
29 97
29 98
29 128
29 130
29 132
29 138
29 143
29 144
29 105
29 106
29 115
29 117
29 124
29 150
29 153
29 161
29 165
29 168
29 181
29 201
29 213
29 217
29 229
29 234
29 240
30 31
30 32
30 33
30 34
30 35
30 36
30 37
30 38
30 39
30 40
30 41
30 42
30 43
30 44
30 45
30 46
30 47
30 48
30 49
30 60
30 62
30 64
30 66
30 71
30 74
30 75
30 97
30 98
30 142
30 146
30 108
30 114
30 120
30 126
30 156
30 173
30 175
30 206
30 212
30 215
30 238
30 239
30 243
30 245
30 249
31 32
31 33
31 34
31 35
31 36
31 37
31 38
31 39
31 40
31 41
31 42
31 43
31 44
31 45
31 46
31 47
31 48
31 49
31 60
31 61
31 63
31 65
31 80
31 82
31 83
31 85
31 88
31 90
31 91
31 99
31 128
31 135
31 107
31 112
31 119
31 126
31 152
31 156
31 160
31 164
31 169
31 170
31 180
31 188
31 196
31 201
31 204
31 218
31 219
31 228
31 230
31 234
31 240
31 248
32 33
32 34
32 35
32 36
32 37
32 38
32 39
32 40
32 41
32 42
32 43
32 44
32 45
32 46
32 47
32 48
32 49
32 52
32 57
32 58
32 59
32 67
32 75
32 81
32 84
32 85
32 86
32 90
32 130
32 136
32 141
32 142
32 146
32 101
32 107
32 111
32 114
32 118
32 119
32 153
32 157
32 165
32 167
32 168
32 173
32 194
32 200
32 203
32 210
32 226
32 232
32 246
33 34
33 35
33 36
33 37
33 38
33 39
33 40
33 41
33 42
33 43
33 44
33 45
33 46
33 47
33 48
33 49
33 56
33 61
33 68
33 70
33 128
33 130
33 137
33 138
33 100
33 101
33 107
33 108
33 117
33 119
33 123
33 127
33 150
33 151
33 153
33 156
33 158
33 162
33 170
33 174
33 179
33 181
33 186
33 190
33 192
33 196
33 204
33 208
33 228
33 230
33 246
34 35
34 36
34 37
34 38
34 39
34 40
34 41
34 42
34 43
34 44
34 45
34 46
34 47
34 48
34 49
34 62
34 68
34 71
34 89
34 97
34 131
34 141
34 142
34 143
34 114
34 117
34 118
34 119
34 152
34 154
34 156
34 161
34 162
34 170
34 186
34 191
34 198
34 202
34 205
34 206
34 215
34 219
34 222
34 225
34 227
34 234
34 236
34 240
34 242
34 243
34 244
34 249
35 36
35 37
35 38
35 39
35 40
35 41
35 42
35 43
35 44
35 45
35 46
35 47
35 48
35 49
35 50
35 58
35 61
35 74
35 84
35 86
35 94
35 96
35 129
35 132
35 143
35 146
35 147
35 104
35 105
35 109
35 122
35 124
35 153
35 161
35 164
35 194
35 197
35 199
35 214
35 215
35 221
35 224
35 225
35 230
35 234
35 239
35 246
36 37
36 38
36 39
36 40
36 41
36 42
36 43
36 44
36 45
36 46
36 47
36 48
36 49
36 51
36 52
36 54
36 63
36 71
36 72
36 75
36 80
36 92
36 93
36 98
36 99
36 137
36 138
36 139
36 142
36 143
36 146
36 100
36 119
36 123
36 150
36 156
36 159
36 168
36 169
36 171
36 174
36 179
36 183
36 186
36 189
36 198
36 199
36 203
36 209
36 216
36 223
36 234
36 248
37 38
37 39
37 40
37 41
37 42
37 43
37 44
37 45
37 46
37 47
37 48
37 49
37 52
37 66
37 67
37 72
37 77
37 79
37 80
37 83
37 84
37 85
37 86
37 91
37 135
37 136
37 146
37 148
37 100
37 113
37 121
37 161
37 174
37 176
37 181
37 193
37 199
37 227
37 228
37 234
37 242
38 39
38 40
38 41
38 42
38 43
38 44
38 45
38 46
38 47
38 48
38 49
38 55
38 58
38 79
38 97
38 98
38 131
38 141
38 144
38 107
38 110
38 114
38 117
38 122
38 123
38 154
38 172
38 191
38 195
38 205
38 220
38 222
38 224
38 248
39 40
39 41
39 42
39 43
39 44
39 45
39 46
39 47
39 48
39 49
39 50
39 59
39 60
39 68
39 78
39 134
39 147
39 109
39 111
39 112
39 114
39 118
39 127
39 152
39 179
39 189
39 192
39 208
39 214
39 225
39 230
39 232
39 233
39 238
39 245
40 41
40 42
40 43
40 44
40 45
40 46
40 47
40 48
40 49
40 62
40 69
40 70
40 78
40 79
40 84
40 85
40 89
40 134
40 109
40 111
40 124
40 153
40 158
40 181
40 188
40 192
40 211
40 212
40 216
40 238
40 246
41 42
41 43
41 44
41 45
41 46
41 47
41 48
41 49
41 51
41 62
41 64
41 88
41 148
41 106
41 109
41 113
41 118
41 157
41 164
41 180
41 182
41 184
41 187
41 203
41 206
41 208
41 209
41 219
41 229
41 234
41 235
42 43
42 44
42 45
42 46
42 47
42 48
42 49
42 53
42 56
42 57
42 75
42 76
42 77
42 89
42 90
42 91
42 97
42 144
42 146
42 100
42 103
42 105
42 115
42 116
42 124
42 153
42 158
42 162
42 166
42 196
42 202
42 208
42 210
42 221
42 225
42 235
43 44
43 45
43 46
43 47
43 48
43 49
43 59
43 65
43 74
43 77
43 94
43 96
43 100
43 110
43 114
43 168
43 188
43 196
43 206
43 212
43 220
43 223
43 225
43 234
43 236
43 237
43 239
43 242
43 246
44 45
44 46
44 47
44 48
44 49
44 50
44 52
44 66
44 69
44 71
44 72
44 88
44 98
44 129
44 133
44 140
44 146
44 104
44 112
44 155
44 164
44 165
44 174
44 182
44 187
44 204
44 207
44 213
44 219
44 221
44 223
44 234
44 241
45 46
45 47
45 48
45 49
45 54
45 58
45 59
45 64
45 71
45 89
45 92
45 93
45 128
45 145
45 147
45 149
45 102
45 116
45 126
45 164
45 167
45 168
45 177
45 179
45 195
45 199
45 214
45 215
45 225
45 248
46 47
46 48
46 49
46 56
46 58
46 59
46 61
46 62
46 71
46 77
46 85
46 88
46 89
46 99
46 131
46 132
46 137
46 147
46 104
46 107
46 114
46 152
46 164
46 169
46 173
46 175
46 180
46 190
46 197
46 208
46 213
46 221
46 247
47 48
47 49
47 56
47 60
47 61
47 83
47 94
47 129
47 135
47 105
47 106
47 110
47 117
47 120
47 179
47 185
47 192
47 195
47 205
47 211
47 215
47 220
47 226
47 233
47 244
47 247
47 249
48 49
48 53
48 81
48 89
48 90
48 93
48 96
48 97
48 130
48 133
48 137
48 138
48 106
48 114
48 125
48 162
48 175
48 187
48 188
48 194
48 209
48 211
48 212
48 219
48 221
48 223
48 227
48 235
48 244
49 57
49 67
49 72
49 84
49 86
49 93
49 95
49 134
49 148
49 105
49 107
49 120
49 155
49 160
49 168
49 169
49 172
49 185
49 186
49 197
49 211
49 222
49 230
49 231
49 240
49 248
50 51
50 52
50 53
50 54
50 55
50 56
50 57
50 58
50 59
50 60
50 61
50 62
50 63
50 64
50 65
50 66
50 67
50 68
50 69
50 70
50 71
50 72
50 73
50 74
50 75
50 76
50 77
50 78
50 79
50 80
50 81
50 82
50 83
50 84
50 85
50 86
50 87
50 88
50 89
50 90
50 91
50 92
50 93
50 94
50 95
50 96
50 97
50 98
50 99
50 132
50 141
50 147
50 116
50 121
50 150
50 157
50 162
50 166
50 174
50 185
50 211
50 215
50 220
50 229
50 232
51 52
51 53
51 54
51 55
51 56
51 57
51 58
51 59
51 60
51 61
51 62
51 63
51 64
51 65
51 66
51 67
51 68
51 69
51 70
51 71
51 72
51 73
51 74
51 75
51 76
51 77
51 78
51 79
51 80
51 81
51 82
51 83
51 84
51 85
51 86
51 87
51 88
51 89
51 90
51 91
51 92
51 93
51 94
51 95
51 96
51 97
51 98
51 99
51 128
51 130
51 131
51 137
51 144
51 149
51 102
51 122
51 151
51 167
51 174
51 180
51 182
51 186
51 187
51 189
51 204
51 205
51 210
51 211
51 227
51 243
52 53
52 54
52 55
52 56
52 57
52 58
52 59
52 60
52 61
52 62
52 63
52 64
52 65
52 66
52 67
52 68
52 69
52 70
52 71
52 72
52 73
52 74
52 75
52 76
52 77
52 78
52 79
52 80
52 81
52 82
52 83
52 84
52 85
52 86
52 87
52 88
52 89
52 90
52 91
52 92
52 93
52 94
52 95
52 96
52 97
52 98
52 99
52 128
52 134
52 145
52 105
52 108
52 124
52 164
52 167
52 179
52 180
52 188
52 190
52 205
52 215
52 225
52 227
52 236
52 238
53 54
53 55
53 56
53 57
53 58
53 59
53 60
53 61
53 62
53 63
53 64
53 65
53 66
53 67
53 68
53 69
53 70
53 71
53 72
53 73
53 74
53 75
53 76
53 77
53 78
53 79
53 80
53 81
53 82
53 83
53 84
53 85
53 86
53 87
53 88
53 89
53 90
53 91
53 92
53 93
53 94
53 95
53 96
53 97
53 98
53 99
53 128
53 130
53 136
53 140
53 104
53 106
53 126
53 160
53 168
53 186
53 193
53 195
53 197
53 201
53 204
53 207
53 210
53 217
53 218
53 233
53 236
53 248
54 55
54 56
54 57
54 58
54 59
54 60
54 61
54 62
54 63
54 64
54 65
54 66
54 67
54 68
54 69
54 70
54 71
54 72
54 73
54 74
54 75
54 76
54 77
54 78
54 79
54 80
54 81
54 82
54 83
54 84
54 85
54 86
54 87
54 88
54 89
54 90
54 91
54 92
54 93
54 94
54 95
54 96
54 97
54 98
54 99
54 128
54 132
54 134
54 138
54 145
54 101
54 105
54 109
54 116
54 153
54 158
54 173
54 209
54 222
54 223
54 236
54 248
55 56
55 57
55 58
55 59
55 60
55 61
55 62
55 63
55 64
55 65
55 66
55 67
55 68
55 69
55 70
55 71
55 72
55 73
55 74
55 75
55 76
55 77
55 78
55 79
55 80
55 81
55 82
55 83
55 84
55 85
55 86
55 87
55 88
55 89
55 90
55 91
55 92
55 93
55 94
55 95
55 96
55 97
55 98
55 99
55 130
55 131
55 133
55 141
55 148
55 106
55 110
55 113
55 124
55 127
55 173
55 174
55 190
55 199
55 207
55 211
55 232
55 236
55 238
56 57
56 58
56 59
56 60
56 61
56 62
56 63
56 64
56 65
56 66
56 67
56 68
56 69
56 70
56 71
56 72
56 73
56 74
56 75
56 76
56 77
56 78
56 79
56 80
56 81
56 82
56 83
56 84
56 85
56 86
56 87
56 88
56 89
56 90
56 91
56 92
56 93
56 94
56 95
56 96
56 97
56 98
56 99
56 132
56 134
56 135
56 138
56 143
56 149
56 101
56 103
56 104
56 112
56 115
56 118
56 158
56 164
56 167
56 180
56 191
56 195
56 213
56 214
56 229
56 245
56 248
57 58
57 59
57 60
57 61
57 62
57 63
57 64
57 65
57 66
57 67
57 68
57 69
57 70
57 71
57 72
57 73
57 74
57 75
57 76
57 77
57 78
57 79
57 80
57 81
57 82
57 83
57 84
57 85
57 86
57 87
57 88
57 89
57 90
57 91
57 92
57 93
57 94
57 95
57 96
57 97
57 98
57 99
57 128
57 108
57 111
57 114
57 119
57 120
57 155
57 162
57 178
57 179
57 180
57 186
57 187
57 188
57 193
57 209
57 210
57 212
57 213
57 216
57 217
57 223
57 226
57 228
57 231
57 234
57 243
57 244
57 247
58 59
58 60
58 61
58 62
58 63
58 64
58 65
58 66
58 67
58 68
58 69
58 70
58 71
58 72
58 73
58 74
58 75
58 76
58 77
58 78
58 79
58 80
58 81
58 82
58 83
58 84
58 85
58 86
58 87
58 88
58 89
58 90
58 91
58 92
58 93
58 94
58 95
58 96
58 97
58 98
58 99
58 142
58 143
58 144
58 108
58 109
58 113
58 119
58 151
58 152
58 162
58 164
58 168
58 171
58 173
58 192
58 194
58 201
58 207
58 213
58 214
58 223
58 231
58 238
58 244
58 246
58 249
59 60
59 61
59 62
59 63
59 64
59 65
59 66
59 67
59 68
59 69
59 70
59 71
59 72
59 73
59 74
59 75
59 76
59 77
59 78
59 79
59 80
59 81
59 82
59 83
59 84
59 85
59 86
59 87
59 88
59 89
59 90
59 91
59 92
59 93
59 94
59 95
59 96
59 97
59 98
59 99
59 137
59 103
59 112
59 118
59 152
59 160
59 162
59 168
59 172
59 191
59 192
59 197
59 199
59 200
59 220
59 229
59 232
59 243
59 246
60 61
60 62
60 63
60 64
60 65
60 66
60 67
60 68
60 69
60 70
60 71
60 72
60 73
60 74
60 75
60 76
60 77
60 78
60 79
60 80
60 81
60 82
60 83
60 84
60 85
60 86
60 87
60 88
60 89
60 90
60 91
60 92
60 93
60 94
60 95
60 96
60 97
60 98
60 99
60 139
60 111
60 117
60 150
60 158
60 159
60 161
60 169
60 183
60 196
60 200
60 204
60 205
60 218
60 227
60 230
60 232
60 238
60 241
61 62
61 63
61 64
61 65
61 66
61 67
61 68
61 69
61 70
61 71
61 72
61 73
61 74
61 75
61 76
61 77
61 78
61 79
61 80
61 81
61 82
61 83
61 84
61 85
61 86
61 87
61 88
61 89
61 90
61 91
61 92
61 93
61 94
61 95
61 96
61 97
61 98
61 99
61 128
61 130
61 132
61 138
61 145
61 146
61 102
61 111
61 113
61 114
61 115
61 155
61 166
61 173
61 183
61 184
61 191
61 192
61 198
61 200
61 210
61 221
61 222
61 230
61 240
62 63
62 64
62 65
62 66
62 67
62 68
62 69
62 70
62 71
62 72
62 73
62 74
62 75
62 76
62 77
62 78
62 79
62 80
62 81
62 82
62 83
62 84
62 85
62 86
62 87
62 88
62 89
62 90
62 91
62 92
62 93
62 94
62 95
62 96
62 97
62 98
62 99
62 107
62 120
62 126
62 159
62 163
62 165
62 176
62 177
62 178
62 179
62 183
62 185
62 190
62 198
62 206
62 216
62 218
62 222
62 235
62 248
63 64
63 65
63 66
63 67
63 68
63 69
63 70
63 71
63 72
63 73
63 74
63 75
63 76
63 77
63 78
63 79
63 80
63 81
63 82
63 83
63 84
63 85
63 86
63 87
63 88
63 89
63 90
63 91
63 92
63 93
63 94
63 95
63 96
63 97
63 98
63 99
63 143
63 145
63 103
63 114
63 124
63 127
63 154
63 156
63 166
63 170
63 183
63 188
63 209
63 217
63 225
63 227
63 228
63 237
63 241
63 243
64 65
64 66
64 67
64 68
64 69
64 70
64 71
64 72
64 73
64 74
64 75
64 76
64 77
64 78
64 79
64 80
64 81
64 82
64 83
64 84
64 85
64 86
64 87
64 88
64 89
64 90
64 91
64 92
64 93
64 94
64 95
64 96
64 97
64 98
64 99
64 132
64 136
64 140
64 145
64 147
64 116
64 125
64 127
64 162
64 167
64 169
64 189
64 191
64 196
64 201
64 208
64 209
64 211
64 212
64 218
64 230
64 234
65 66
65 67
65 68
65 69
65 70
65 71
65 72
65 73
65 74
65 75
65 76
65 77
65 78
65 79
65 80
65 81
65 82
65 83
65 84
65 85
65 86
65 87
65 88
65 89
65 90
65 91
65 92
65 93
65 94
65 95
65 96
65 97
65 98
65 99
65 128
65 129
65 101
65 102
65 103
65 105
65 111
65 116
65 120
65 122
65 173
65 174
65 181
65 195
65 199
65 201
65 216
65 218
65 231
65 238
65 239
65 245
65 246
66 67
66 68
66 69
66 70
66 71
66 72
66 73
66 74
66 75
66 76
66 77
66 78
66 79
66 80
66 81
66 82
66 83
66 84
66 85
66 86
66 87
66 88
66 89
66 90
66 91
66 92
66 93
66 94
66 95
66 96
66 97
66 98
66 99
66 140
66 141
66 148
66 100
66 106
66 113
66 116
66 117
66 119
66 150
66 152
66 153
66 154
66 161
66 166
66 172
66 173
66 186
66 193
66 195
66 198
66 203
66 221
66 228
66 229
66 238
66 239
66 249
67 68
67 69
67 70
67 71
67 72
67 73
67 74
67 75
67 76
67 77
67 78
67 79
67 80
67 81
67 82
67 83
67 84
67 85
67 86
67 87
67 88
67 89
67 90
67 91
67 92
67 93
67 94
67 95
67 96
67 97
67 98
67 99
67 135
67 136
67 139
67 148
67 101
67 163
67 166
67 167
67 174
67 175
67 177
67 188
67 189
67 195
67 201
67 205
67 211
67 224
67 233
67 237
67 247
68 69
68 70
68 71
68 72
68 73
68 74
68 75
68 76
68 77
68 78
68 79
68 80
68 81
68 82
68 83
68 84
68 85
68 86
68 87
68 88
68 89
68 90
68 91
68 92
68 93
68 94
68 95
68 96
68 97
68 98
68 99
68 129
68 133
68 105
68 112
68 115
68 116
68 126
68 150
68 152
68 157
68 165
68 176
68 179
68 181
68 182
68 184
68 185
68 188
68 199
68 201
68 208
68 218
68 223
68 225
68 227
68 243
68 244
69 70
69 71
69 72
69 73
69 74
69 75
69 76
69 77
69 78
69 79
69 80
69 81
69 82
69 83
69 84
69 85
69 86
69 87
69 88
69 89
69 90
69 91
69 92
69 93
69 94
69 95
69 96
69 97
69 98
69 99
69 131
69 137
69 103
69 108
69 152
69 153
69 155
69 160
69 165
69 169
69 180
69 182
69 197
69 201
69 220
69 226
69 229
69 230
69 234
69 243
70 71
70 72
70 73
70 74
70 75
70 76
70 77
70 78
70 79
70 80
70 81
70 82
70 83
70 84
70 85
70 86
70 87
70 88
70 89
70 90
70 91
70 92
70 93
70 94
70 95
70 96
70 97
70 98
70 99
70 143
70 146
70 148
70 153
70 155
70 159
70 173
70 178
70 182
70 188
70 213
70 218
70 223
70 226
70 236
70 237
70 247
71 72
71 73
71 74
71 75
71 76
71 77
71 78
71 79
71 80
71 81
71 82
71 83
71 84
71 85
71 86
71 87
71 88
71 89
71 90
71 91
71 92
71 93
71 94
71 95
71 96
71 97
71 98
71 99
71 129
71 134
71 139
71 142
71 110
71 115
71 121
71 125
71 156
71 158
71 165
71 172
71 183
71 186
71 193
71 196
71 204
71 208
71 210
71 213
71 215
71 217
71 225
71 230
71 242
71 244
71 248
72 73
72 74
72 75
72 76
72 77
72 78
72 79
72 80
72 81
72 82
72 83
72 84
72 85
72 86
72 87
72 88
72 89
72 90
72 91
72 92
72 93
72 94
72 95
72 96
72 97
72 98
72 99
72 132
72 134
72 145
72 100
72 104
72 109
72 123
72 150
72 152
72 161
72 171
72 182
72 186
72 194
72 196
72 199
72 208
72 213
72 219
72 235
72 237
72 239
72 240
72 247
72 248
73 74
73 75
73 76
73 77
73 78
73 79
73 80
73 81
73 82
73 83
73 84
73 85
73 86
73 87
73 88
73 89
73 90
73 91
73 92
73 93
73 94
73 95
73 96
73 97
73 98
73 99
73 129
73 136
73 142
73 143
73 146
73 103
73 104
73 105
73 111
73 117
73 157
73 170
73 190
73 199
73 205
73 209
73 216
73 230
73 234
73 237
73 239
73 247
73 249
74 75
74 76
74 77
74 78
74 79
74 80
74 81
74 82
74 83
74 84
74 85
74 86
74 87
74 88
74 89
74 90
74 91
74 92
74 93
74 94
74 95
74 96
74 97
74 98
74 99
74 134
74 135
74 138
74 140
74 141
74 147
74 149
74 105
74 108
74 113
74 115
74 117
74 151
74 156
74 160
74 164
74 176
74 181
74 182
74 189
74 193
74 194
74 203
74 207
74 226
74 227
74 228
74 238
75 76
75 77
75 78
75 79
75 80
75 81
75 82
75 83
75 84
75 85
75 86
75 87
75 88
75 89
75 90
75 91
75 92
75 93
75 94
75 95
75 96
75 97
75 98
75 99
75 131
75 144
75 147
75 103
75 107
75 124
75 152
75 159
75 169
75 174
75 178
75 195
75 205
75 212
75 214
75 216
75 218
75 229
75 231
75 234
75 238
76 77
76 78
76 79
76 80
76 81
76 82
76 83
76 84
76 85
76 86
76 87
76 88
76 89
76 90
76 91
76 92
76 93
76 94
76 95
76 96
76 97
76 98
76 99
76 128
76 129
76 146
76 107
76 108
76 115
76 154
76 155
76 161
76 163
76 167
76 175
76 177
76 180
76 183
76 187
76 190
76 194
76 203
76 205
76 210
76 233
76 244
77 78
77 79
77 80
77 81
77 82
77 83
77 84
77 85
77 86
77 87
77 88
77 89
77 90
77 91
77 92
77 93
77 94
77 95
77 96
77 97
77 98
77 99
77 132
77 136
77 143
77 144
77 148
77 110
77 119
77 120
77 122
77 150
77 152
77 153
77 156
77 171
77 173
77 181
77 183
77 191
77 196
77 201
77 207
77 208
77 218
77 229
77 232
77 248
78 79
78 80
78 81
78 82
78 83
78 84
78 85
78 86
78 87
78 88
78 89
78 90
78 91
78 92
78 93
78 94
78 95
78 96
78 97
78 98
78 99
78 135
78 140
78 103
78 104
78 108
78 158
78 162
78 164
78 167
78 177
78 178
78 183
78 188
78 189
78 197
78 200
78 201
78 208
78 214
78 226
78 227
78 229
78 233
78 235
78 239
78 240
78 242
78 244
79 80
79 81
79 82
79 83
79 84
79 85
79 86
79 87
79 88
79 89
79 90
79 91
79 92
79 93
79 94
79 95
79 96
79 97
79 98
79 99
79 137
79 142
79 148
79 112
79 114
79 125
79 151
79 163
79 170
79 177
79 178
79 182
79 196
79 208
79 213
79 218
79 235
79 237
80 81
80 82
80 83
80 84
80 85
80 86
80 87
80 88
80 89
80 90
80 91
80 92
80 93
80 94
80 95
80 96
80 97
80 98
80 99
80 129
80 136
80 141
80 102
80 103
80 109
80 111
80 115
80 151
80 152
80 154
80 155
80 163
80 171
80 173
80 179
80 185
80 187
80 188
80 189
80 198
80 199
80 200
80 204
80 210
80 224
80 226
80 227
80 232
80 237
81 82
81 83
81 84
81 85
81 86
81 87
81 88
81 89
81 90
81 91
81 92
81 93
81 94
81 95
81 96
81 97
81 98
81 99
81 136
81 143
81 110
81 111
81 115
81 168
81 180
81 182
81 186
81 187
81 188
81 195
81 204
81 220
81 229
81 230
81 231
81 234
81 238
81 240
81 241
81 247
82 83
82 84
82 85
82 86
82 87
82 88
82 89
82 90
82 91
82 92
82 93
82 94
82 95
82 96
82 97
82 98
82 99
82 134
82 148
82 101
82 108
82 127
82 158
82 161
82 162
82 165
82 172
82 174
82 202
82 207
82 210
82 215
82 219
82 224
82 229
83 84
83 85
83 86
83 87
83 88
83 89
83 90
83 91
83 92
83 93
83 94
83 95
83 96
83 97
83 98
83 99
83 133
83 134
83 139
83 140
83 113
83 121
83 125
83 155
83 160
83 161
83 164
83 167
83 172
83 175
83 191
83 198
83 204
83 209
83 214
83 221
83 223
83 236
83 249
84 85
84 86
84 87
84 88
84 89
84 90
84 91
84 92
84 93
84 94
84 95
84 96
84 97
84 98
84 99
84 128
84 145
84 147
84 112
84 120
84 151
84 162
84 163
84 170
84 173
84 185
84 188
84 190
84 202
84 221
84 231
84 235
84 246
85 86
85 87
85 88
85 89
85 90
85 91
85 92
85 93
85 94
85 95
85 96
85 97
85 98
85 99
85 131
85 102
85 111
85 119
85 126
85 152
85 156
85 157
85 158
85 169
85 174
85 179
85 190
85 193
85 194
85 201
85 202
85 208
85 219
85 227
85 229
85 247
86 87
86 88
86 89
86 90
86 91
86 92
86 93
86 94
86 95
86 96
86 97
86 98
86 99
86 129
86 131
86 132
86 138
86 143
86 111
86 121
86 124
86 171
86 176
86 182
86 184
86 185
86 188
86 190
86 194
86 211
86 215
86 221
86 229
86 244
86 245
87 88
87 89
87 90
87 91
87 92
87 93
87 94
87 95
87 96
87 97
87 98
87 99
87 129
87 137
87 140
87 146
87 148
87 149
87 102
87 107
87 110
87 125
87 126
87 154
87 164
87 168
87 169
87 170
87 213
87 223
87 237
88 89
88 90
88 91
88 92
88 93
88 94
88 95
88 96
88 97
88 98
88 99
88 128
88 131
88 132
88 138
88 148
88 106
88 107
88 108
88 109
88 110
88 119
88 126
88 150
88 154
88 158
88 162
88 169
88 176
88 178
88 186
88 189
88 202
88 205
88 207
88 210
88 213
88 216
88 217
88 229
88 236
88 244
88 248
88 249
89 90
89 91
89 92
89 93
89 94
89 95
89 96
89 97
89 98
89 99
89 130
89 135
89 145
89 100
89 103
89 125
89 126
89 162
89 168
89 169
89 181
89 183
89 184
89 187
89 190
89 196
89 199
89 203
89 207
89 216
89 221
89 233
89 236
90 91
90 92
90 93
90 94
90 95
90 96
90 97
90 98
90 99
90 128
90 132
90 141
90 119
90 150
90 151
90 152
90 159
90 163
90 169
90 170
90 178
90 183
90 184
90 186
90 192
90 195
90 196
90 199
90 204
90 205
90 212
90 215
90 219
90 221
90 225
90 227
90 230
90 231
90 232
90 241
90 243
90 247
91 92
91 93
91 94
91 95
91 96
91 97
91 98
91 99
91 133
91 143
91 103
91 110
91 113
91 114
91 116
91 120
91 121
91 126
91 151
91 154
91 167
91 175
91 184
91 193
91 197
91 199
91 207
91 208
91 220
91 227
91 229
91 230
91 233
91 237
91 243
91 247
92 93
92 94
92 95
92 96
92 97
92 98
92 99
92 129
92 133
92 135
92 143
92 148
92 103
92 153
92 161
92 162
92 170
92 173
92 187
92 191
92 195
92 201
92 211
92 215
92 230
93 94
93 95
93 96
93 97
93 98
93 99
93 128
93 132
93 104
93 105
93 106
93 120
93 123
93 162
93 163
93 165
93 168
93 169
93 170
93 177
93 182
93 186
93 187
93 189
93 191
93 199
93 202
93 214
93 220
93 235
93 246
94 95
94 96
94 97
94 98
94 99
94 132
94 145
94 147
94 101
94 104
94 126
94 161
94 162
94 171
94 173
94 175
94 185
94 218
94 225
94 231
94 232
95 96
95 97
95 98
95 99
95 130
95 131
95 136
95 138
95 139
95 140
95 141
95 100
95 103
95 107
95 111
95 114
95 115
95 116
95 119
95 120
95 127
95 156
95 166
95 168
95 178
95 197
95 204
95 213
95 214
95 216
95 218
95 239
95 248
96 97
96 98
96 99
96 130
96 131
96 132
96 133
96 139
96 143
96 144
96 145
96 148
96 100
96 102
96 103
96 108
96 112
96 113
96 116
96 117
96 118
96 122
96 152
96 153
96 165
96 170
96 173
96 177
96 183
96 186
96 195
96 196
96 197
96 209
96 215
96 224
96 234
96 247
97 98
97 99
97 131
97 138
97 100
97 101
97 103
97 107
97 115
97 119
97 127
97 150
97 151
97 152
97 156
97 158
97 159
97 161
97 163
97 165
97 166
97 169
97 173
97 174
97 183
97 190
97 213
97 223
97 235
97 243
97 245
98 99
98 129
98 139
98 149
98 106
98 113
98 126
98 160
98 167
98 169
98 171
98 172
98 178
98 180
98 181
98 185
98 187
98 190
98 194
98 195
98 197
98 200
98 201
98 222
98 235
98 237
99 128
99 131
99 133
99 144
99 147
99 149
99 115
99 152
99 162
99 164
99 173
99 184
99 187
99 204
99 217
99 221
99 231
99 235
99 240
99 249
128 129
128 130
128 131
128 132
128 133
128 134
128 135
128 136
128 137
128 138
128 139
128 140
128 141
128 142
128 143
128 144
128 145
128 146
128 147
128 148
128 149
128 100
128 101
128 102
128 103
128 104
128 105
128 106
128 107
128 108
128 109
128 110
128 111
128 112
128 113
128 114
128 115
128 116
128 117
128 118
128 119
128 120
128 121
128 122
128 123
128 124
128 125
128 126
128 127
128 151
128 168
128 180
128 203
128 210
128 212
128 224
128 230
128 233
128 245
128 247
128 249
129 130
129 131
129 132
129 133
129 134
129 135
129 136
129 137
129 138
129 139
129 140
129 141
129 142
129 143
129 144
129 145
129 146
129 147
129 148
129 149
129 100
129 101
129 102
129 103
129 104
129 105
129 106
129 107
129 108
129 109
129 110
129 111
129 112
129 113
129 114
129 115
129 116
129 117
129 118
129 119
129 120
129 121
129 122
129 123
129 124
129 125
129 126
129 127
129 153
129 161
129 176
129 185
129 193
129 215
129 229
129 234
129 237
130 131
130 132
130 133
130 134
130 135
130 136
130 137
130 138
130 139
130 140
130 141
130 142
130 143
130 144
130 145
130 146
130 147
130 148
130 149
130 100
130 101
130 102
130 103
130 104
130 105
130 106
130 107
130 108
130 109
130 110
130 111
130 112
130 113
130 114
130 115
130 116
130 117
130 118
130 119
130 120
130 121
130 122
130 123
130 124
130 125
130 126
130 127
130 159
130 162
130 164
130 165
130 168
130 172
130 196
130 197
130 202
130 216
130 220
130 227
130 229
130 236
130 244
131 132
131 133
131 134
131 135
131 136
131 137
131 138
131 139
131 140
131 141
131 142
131 143
131 144
131 145
131 146
131 147
131 148
131 149
131 100
131 101
131 102
131 103
131 104
131 105
131 106
131 107
131 108
131 109
131 110
131 111
131 112
131 113
131 114
131 115
131 116
131 117
131 118
131 119
131 120
131 121
131 122
131 123
131 124
131 125
131 126
131 127
131 151
131 164
131 166
131 172
131 181
131 184
131 195
131 202
131 211
131 214
131 221
131 226
132 133
132 134
132 135
132 136
132 137
132 138
132 139
132 140
132 141
132 142
132 143
132 144
132 145
132 146
132 147
132 148
132 149
132 100
132 101
132 102
132 103
132 104
132 105
132 106
132 107
132 108
132 109
132 110
132 111
132 112
132 113
132 114
132 115
132 116
132 117
132 118
132 119
132 120
132 121
132 122
132 123
132 124
132 125
132 126
132 127
132 151
132 158
132 159
132 162
132 168
132 170
132 177
132 180
132 181
132 187
132 193
132 197
132 198
132 205
132 211
132 216
132 233
132 235
132 238
132 243
132 245
132 249
133 134
133 135
133 136
133 137
133 138
133 139
133 140
133 141
133 142
133 143
133 144
133 145
133 146
133 147
133 148
133 149
133 100
133 101
133 102
133 103
133 104
133 105
133 106
133 107
133 108
133 109
133 110
133 111
133 112
133 113
133 114
133 115
133 116
133 117
133 118
133 119
133 120
133 121
133 122
133 123
133 124
133 125
133 126
133 127
133 165
133 176
133 199
133 200
133 209
133 212
133 213
133 218
133 225
133 233
133 241
133 246
134 135
134 136
134 137
134 138
134 139
134 140
134 141
134 142
134 143
134 144
134 145
134 146
134 147
134 148
134 149
134 100
134 101
134 102
134 103
134 104
134 105
134 106
134 107
134 108
134 109
134 110
134 111
134 112
134 113
134 114
134 115
134 116
134 117
134 118
134 119
134 120
134 121
134 122
134 123
134 124
134 125
134 126
134 127
134 151
134 163
134 173
134 177
134 181
134 195
134 196
134 197
134 200
134 213
134 214
134 217
134 222
134 230
134 231
134 238
134 241
134 245
135 136
135 137
135 138
135 139
135 140
135 141
135 142
135 143
135 144
135 145
135 146
135 147
135 148
135 149
135 100
135 101
135 102
135 103
135 104
135 105
135 106
135 107
135 108
135 109
135 110
135 111
135 112
135 113
135 114
135 115
135 116
135 117
135 118
135 119
135 120
135 121
135 122
135 123
135 124
135 125
135 126
135 127
135 151
135 162
135 165
135 174
135 183
135 185
135 191
135 193
135 204
135 205
135 222
135 227
135 232
135 245
135 248
135 249
136 137
136 138
136 139
136 140
136 141
136 142
136 143
136 144
136 145
136 146
136 147
136 148
136 149
136 100
136 101
136 102
136 103
136 104
136 105
136 106
136 107
136 108
136 109
136 110
136 111
136 112
136 113
136 114
136 115
136 116
136 117
136 118
136 119
136 120
136 121
136 122
136 123
136 124
136 125
136 126
136 127
136 157
136 163
136 165
136 169
136 174
136 175
136 181
136 191
136 196
136 211
136 212
136 219
136 235
136 237
136 239
136 245
137 138
137 139
137 140
137 141
137 142
137 143
137 144
137 145
137 146
137 147
137 148
137 149
137 100
137 101
137 102
137 103
137 104
137 105
137 106
137 107
137 108
137 109
137 110
137 111
137 112
137 113
137 114
137 115
137 116
137 117
137 118
137 119
137 120
137 121
137 122
137 123
137 124
137 125
137 126
137 127
137 154
137 157
137 164
137 187
137 193
137 212
137 215
137 218
137 219
137 223
138 139
138 140
138 141
138 142
138 143
138 144
138 145
138 146
138 147
138 148
138 149
138 100
138 101
138 102
138 103
138 104
138 105
138 106
138 107
138 108
138 109
138 110
138 111
138 112
138 113
138 114
138 115
138 116
138 117
138 118
138 119
138 120
138 121
138 122
138 123
138 124
138 125
138 126
138 127
138 155
138 156
138 157
138 158
138 166
138 169
138 174
138 175
138 195
138 202
138 209
138 213
138 217
138 238
138 240
138 244
139 140
139 141
139 142
139 143
139 144
139 145
139 146
139 147
139 148
139 149
139 100
139 101
139 102
139 103
139 104
139 105
139 106
139 107
139 108
139 109
139 110
139 111
139 112
139 113
139 114
139 115
139 116
139 117
139 118
139 119
139 120
139 121
139 122
139 123
139 124
139 125
139 126
139 127
139 151
139 160
139 171
139 207
139 215
139 224
139 235
139 237
139 241
139 245
140 141
140 142
140 143
140 144
140 145
140 146
140 147
140 148
140 149
140 100
140 101
140 102
140 103
140 104
140 105
140 106
140 107
140 108
140 109
140 110
140 111
140 112
140 113
140 114
140 115
140 116
140 117
140 118
140 119
140 120
140 121
140 122
140 123
140 124
140 125
140 126
140 127
140 167
140 173
140 191
140 192
140 197
140 205
140 221
140 222
140 243
140 244
140 247
141 142
141 143
141 144
141 145
141 146
141 147
141 148
141 149
141 100
141 101
141 102
141 103
141 104
141 105
141 106
141 107
141 108
141 109
141 110
141 111
141 112
141 113
141 114
141 115
141 116
141 117
141 118
141 119
141 120
141 121
141 122
141 123
141 124
141 125
141 126
141 127
141 157
141 171
141 173
141 180
141 181
141 189
141 194
141 198
141 200
141 202
141 206
141 213
141 221
141 222
141 227
141 234
141 240
142 143
142 144
142 145
142 146
142 147
142 148
142 149
142 100
142 101
142 102
142 103
142 104
142 105
142 106
142 107
142 108
142 109
142 110
142 111
142 112
142 113
142 114
142 115
142 116
142 117
142 118
142 119
142 120
142 121
142 122
142 123
142 124
142 125
142 126
142 127
142 154
142 159
142 170
142 173
142 200
142 214
142 226
142 227
142 236
142 237
142 240
142 245
143 144
143 145
143 146
143 147
143 148
143 149
143 100
143 101
143 102
143 103
143 104
143 105
143 106
143 107
143 108
143 109
143 110
143 111
143 112
143 113
143 114
143 115
143 116
143 117
143 118
143 119
143 120
143 121
143 122
143 123
143 124
143 125
143 126
143 127
143 152
143 153
143 156
143 162
143 173
143 177
143 178
143 181
143 188
143 203
143 204
143 216
143 219
143 222
143 223
143 224
143 225
143 236
143 239
143 249
144 145
144 146
144 147
144 148
144 149
144 100
144 101
144 102
144 103
144 104
144 105
144 106
144 107
144 108
144 109
144 110
144 111
144 112
144 113
144 114
144 115
144 116
144 117
144 118
144 119
144 120
144 121
144 122
144 123
144 124
144 125
144 126
144 127
144 151
144 158
144 162
144 164
144 168
144 170
144 176
144 195
144 197
144 204
144 213
144 214
144 219
144 220
144 223
144 225
144 230
144 239
144 246
144 247
145 146
145 147
145 148
145 149
145 100
145 101
145 102
145 103
145 104
145 105
145 106
145 107
145 108
145 109
145 110
145 111
145 112
145 113
145 114
145 115
145 116
145 117
145 118
145 119
145 120
145 121
145 122
145 123
145 124
145 125
145 126
145 127
145 151
145 159
145 161
145 166
145 169
145 170
145 175
145 178
145 184
145 206
145 214
145 215
145 231
145 232
145 233
145 235
145 237
145 244
146 147
146 148
146 149
146 100
146 101
146 102
146 103
146 104
146 105
146 106
146 107
146 108
146 109
146 110
146 111
146 112
146 113
146 114
146 115
146 116
146 117
146 118
146 119
146 120
146 121
146 122
146 123
146 124
146 125
146 126
146 127
146 151
146 152
146 161
146 164
146 172
146 177
146 183
146 192
146 196
146 197
146 201
146 204
146 216
146 223
146 226
146 237
146 244
146 245
147 148
147 149
147 100
147 101
147 102
147 103
147 104
147 105
147 106
147 107
147 108
147 109
147 110
147 111
147 112
147 113
147 114
147 115
147 116
147 117
147 118
147 119
147 120
147 121
147 122
147 123
147 124
147 125
147 126
147 127
147 150
147 152
147 154
147 156
147 159
147 161
147 163
147 167
147 170
147 173
147 177
147 178
147 180
147 204
147 206
147 237
147 242
148 149
148 100
148 101
148 102
148 103
148 104
148 105
148 106
148 107
148 108
148 109
148 110
148 111
148 112
148 113
148 114
148 115
148 116
148 117
148 118
148 119
148 120
148 121
148 122
148 123
148 124
148 125
148 126
148 127
148 153
148 160
148 172
148 182
148 192
148 196
148 198
148 208
148 213
148 223
148 233
148 241
148 245
148 246
149 100
149 101
149 102
149 103
149 104
149 105
149 106
149 107
149 108
149 109
149 110
149 111
149 112
149 113
149 114
149 115
149 116
149 117
149 118
149 119
149 120
149 121
149 122
149 123
149 124
149 125
149 126
149 127
149 156
149 159
149 160
149 167
149 181
149 187
149 194
149 195
149 210
149 221
149 228
149 233
149 235
149 236
149 237
100 101
100 102
100 103
100 104
100 105
100 106
100 107
100 108
100 109
100 110
100 111
100 112
100 113
100 114
100 115
100 116
100 117
100 118
100 119
100 120
100 121
100 122
100 123
100 124
100 125
100 126
100 127
100 153
100 156
100 160
100 174
100 177
100 202
100 203
100 207
100 224
100 242
100 249
101 102
101 103
101 104
101 105
101 106
101 107
101 108
101 109
101 110
101 111
101 112
101 113
101 114
101 115
101 116
101 117
101 118
101 119
101 120
101 121
101 122
101 123
101 124
101 125
101 126
101 127
101 150
101 155
101 165
101 167
101 178
101 186
101 203
101 204
101 206
101 207
101 208
101 225
101 226
101 229
101 234
101 237
101 241
101 247
102 103
102 104
102 105
102 106
102 107
102 108
102 109
102 110
102 111
102 112
102 113
102 114
102 115
102 116
102 117
102 118
102 119
102 120
102 121
102 122
102 123
102 124
102 125
102 126
102 127
102 151
102 155
102 165
102 169
102 170
102 176
102 178
102 182
102 187
102 191
102 195
102 196
102 198
102 199
102 224
102 231
102 232
103 104
103 105
103 106
103 107
103 108
103 109
103 110
103 111
103 112
103 113
103 114
103 115
103 116
103 117
103 118
103 119
103 120
103 121
103 122
103 123
103 124
103 125
103 126
103 127
103 161
103 170
103 184
103 189
103 194
103 203
103 221
103 224
103 244
103 249
104 105
104 106
104 107
104 108
104 109
104 110
104 111
104 112
104 113
104 114
104 115
104 116
104 117
104 118
104 119
104 120
104 121
104 122
104 123
104 124
104 125
104 126
104 127
104 156
104 165
104 168
104 185
104 186
104 189
104 190
104 193
104 195
104 199
104 201
104 207
104 220
104 230
104 240
105 106
105 107
105 108
105 109
105 110
105 111
105 112
105 113
105 114
105 115
105 116
105 117
105 118
105 119
105 120
105 121
105 122
105 123
105 124
105 125
105 126
105 127
105 157
105 159
105 169
105 173
105 178
105 181
105 190
105 213
105 214
105 215
105 236
105 247
105 248
106 107
106 108
106 109
106 110
106 111
106 112
106 113
106 114
106 115
106 116
106 117
106 118
106 119
106 120
106 121
106 122
106 123
106 124
106 125
106 126
106 127
106 151
106 154
106 161
106 166
106 172
106 177
106 183
106 185
106 191
106 197
106 198
106 202
106 204
106 206
106 210
106 211
106 219
106 234
106 235
106 239
106 247
107 108
107 109
107 110
107 111
107 112
107 113
107 114
107 115
107 116
107 117
107 118
107 119
107 120
107 121
107 122
107 123
107 124
107 125
107 126
107 127
107 150
107 151
107 182
107 186
107 187
107 190
107 199
107 203
107 212
107 219
107 224
107 231
107 236
107 243
108 109
108 110
108 111
108 112
108 113
108 114
108 115
108 116
108 117
108 118
108 119
108 120
108 121
108 122
108 123
108 124
108 125
108 126
108 127
108 175
108 179
108 186
108 188
108 198
108 206
108 218
108 224
108 247
108 249
109 110
109 111
109 112
109 113
109 114
109 115
109 116
109 117
109 118
109 119
109 120
109 121
109 122
109 123
109 124
109 125
109 126
109 127
109 153
109 165
109 168
109 172
109 173
109 176
109 183
109 190
109 192
109 193
109 200
109 203
109 205
109 207
109 220
109 226
109 228
109 229
109 231
109 232
109 238
109 248
110 111
110 112
110 113
110 114
110 115
110 116
110 117
110 118
110 119
110 120
110 121
110 122
110 123
110 124
110 125
110 126
110 127
110 151
110 157
110 159
110 175
110 185
110 201
110 213
110 219
110 225
110 228
110 233
110 246
110 247
111 112
111 113
111 114
111 115
111 116
111 117
111 118
111 119
111 120
111 121
111 122
111 123
111 124
111 125
111 126
111 127
111 150
111 159
111 160
111 167
111 173
111 188
111 189
111 198
111 199
111 205
111 208
111 231
111 232
111 234
111 235
111 236
111 243
112 113
112 114
112 115
112 116
112 117
112 118
112 119
112 120
112 121
112 122
112 123
112 124
112 125
112 126
112 127
112 152
112 156
112 173
112 176
112 181
112 203
112 207
112 209
112 213
112 218
112 220
112 236
112 237
112 243
112 245
112 246
112 248
113 114
113 115
113 116
113 117
113 118
113 119
113 120
113 121
113 122
113 123
113 124
113 125
113 126
113 127
113 152
113 153
113 154
113 157
113 161
113 162
113 164
113 167
113 176
113 183
113 192
113 193
113 194
113 199
113 205
113 206
113 209
113 210
113 216
113 217
113 222
113 225
113 237
114 115
114 116
114 117
114 118
114 119
114 120
114 121
114 122
114 123
114 124
114 125
114 126
114 127
114 150
114 160
114 161
114 164
114 165
114 170
114 171
114 173
114 177
114 183
114 184
114 185
114 194
114 197
114 203
114 207
114 214
114 216
114 218
114 221
114 222
114 233
114 237
114 243
115 116
115 117
115 118
115 119
115 120
115 121
115 122
115 123
115 124
115 125
115 126
115 127
115 153
115 154
115 163
115 170
115 186
115 189
115 201
115 210
115 212
115 213
115 221
115 242
115 243
115 249
116 117
116 118
116 119
116 120
116 121
116 122
116 123
116 124
116 125
116 126
116 127
116 152
116 157
116 160
116 161
116 164
116 181
116 191
116 209
116 211
116 214
116 218
116 220
116 224
116 231
116 232
116 233
117 118
117 119
117 120
117 121
117 122
117 123
117 124
117 125
117 126
117 127
117 166
117 167
117 178
117 181
117 195
117 205
117 208
117 211
117 217
117 231
117 232
118 119
118 120
118 121
118 122
118 123
118 124
118 125
118 126
118 127
118 154
118 157
118 165
118 170
118 181
118 187
118 192
118 207
118 209
118 222
118 231
118 242
119 120
119 121
119 122
119 123
119 124
119 125
119 126
119 127
119 162
119 163
119 165
119 166
119 184
119 185
119 191
119 209
119 215
119 221
119 225
119 230
119 247
120 121
120 122
120 123
120 124
120 125
120 126
120 127
120 157
120 160
120 161
120 166
120 167
120 169
120 170
120 175
120 179
120 181
120 184
120 187
120 191
120 199
120 203
120 211
120 213
120 225
120 233
120 242
120 248
121 122
121 123
121 124
121 125
121 126
121 127
121 150
121 153
121 158
121 160
121 174
121 184
121 191
121 196
121 197
121 201
121 203
121 212
121 214
121 218
121 220
121 222
121 225
121 226
121 227
121 229
121 231
122 123
122 124
122 125
122 126
122 127
122 155
122 159
122 160
122 170
122 190
122 193
122 203
122 233
123 124
123 125
123 126
123 127
123 153
123 155
123 158
123 173
123 177
123 195
123 199
123 201
123 206
123 218
123 225
123 226
123 243
123 245
124 125
124 126
124 127
124 157
124 158
124 167
124 169
124 171
124 178
124 186
124 189
124 193
124 200
124 224
124 240
124 244
124 247
125 126
125 127
125 159
125 168
125 180
125 183
125 207
125 224
126 127
126 151
126 152
126 158
126 163
126 165
126 168
126 185
126 187
126 188
126 189
126 190
126 191
126 197
126 198
126 199
126 201
126 204
126 206
126 207
126 209
126 213
126 226
126 240
126 242
126 243
127 156
127 166
127 167
127 169
127 171
127 178
127 189
127 190
127 199
127 206
127 211
127 213
127 222
127 224
127 225
127 227
127 234
127 236
127 237
127 244
150 151
150 152
150 153
150 154
150 155
150 156
150 157
150 158
150 159
150 160
150 161
150 162
150 163
150 164
150 165
150 166
150 167
150 168
150 169
150 170
150 171
150 172
150 173
150 174
150 175
150 176
150 177
150 178
150 179
150 180
150 181
150 182
150 183
150 184
150 185
150 186
150 187
150 188
150 189
150 190
150 191
150 192
150 193
150 194
150 195
150 196
150 197
150 198
150 199
150 200
150 206
150 210
150 218
150 221
150 227
150 230
150 244
151 152
151 153
151 154
151 155
151 156
151 157
151 158
151 159
151 160
151 161
151 162
151 163
151 164
151 165
151 166
151 167
151 168
151 169
151 170
151 171
151 172
151 173
151 174
151 175
151 176
151 177
151 178
151 179
151 180
151 181
151 182
151 183
151 184
151 185
151 186
151 187
151 188
151 189
151 190
151 191
151 192
151 193
151 194
151 195
151 196
151 197
151 198
151 199
151 229
151 232
151 236
151 238
151 249
152 153
152 154
152 155
152 156
152 157
152 158
152 159
152 160
152 161
152 162
152 163
152 164
152 165
152 166
152 167
152 168
152 169
152 170
152 171
152 172
152 173
152 174
152 175
152 176
152 177
152 178
152 179
152 180
152 181
152 182
152 183
152 184
152 185
152 186
152 187
152 188
152 189
152 190
152 191
152 192
152 193
152 194
152 195
152 196
152 197
152 198
152 199
152 202
152 209
152 211
152 213
152 224
152 241
152 247
153 154
153 155
153 156
153 157
153 158
153 159
153 160
153 161
153 162
153 163
153 164
153 165
153 166
153 167
153 168
153 169
153 170
153 171
153 172
153 173
153 174
153 175
153 176
153 177
153 178
153 179
153 180
153 181
153 182
153 183
153 184
153 185
153 186
153 187
153 188
153 189
153 190
153 191
153 192
153 193
153 194
153 195
153 196
153 197
153 198
153 199
153 207
153 212
153 213
153 220
153 222
153 226
153 235
153 241
153 246
154 155
154 156
154 157
154 158
154 159
154 160
154 161
154 162
154 163
154 164
154 165
154 166
154 167
154 168
154 169
154 170
154 171
154 172
154 173
154 174
154 175
154 176
154 177
154 178
154 179
154 180
154 181
154 182
154 183
154 184
154 185
154 186
154 187
154 188
154 189
154 190
154 191
154 192
154 193
154 194
154 195
154 196
154 197
154 198
154 199
154 203
154 207
154 211
154 213
154 227
154 230
154 232
155 156
155 157
155 158
155 159
155 160
155 161
155 162
155 163
155 164
155 165
155 166
155 167
155 168
155 169
155 170
155 171
155 172
155 173
155 174
155 175
155 176
155 177
155 178
155 179
155 180
155 181
155 182
155 183
155 184
155 185
155 186
155 187
155 188
155 189
155 190
155 191
155 192
155 193
155 194
155 195
155 196
155 197
155 198
155 199
155 208
155 209
155 236
155 237
155 239
155 242
155 243
155 248
156 157
156 158
156 159
156 160
156 161
156 162
156 163
156 164
156 165
156 166
156 167
156 168
156 169
156 170
156 171
156 172
156 173
156 174
156 175
156 176
156 177
156 178
156 179
156 180
156 181
156 182
156 183
156 184
156 185
156 186
156 187
156 188
156 189
156 190
156 191
156 192
156 193
156 194
156 195
156 196
156 197
156 198
156 199
156 203
156 204
156 205
156 208
156 213
156 225
156 245
157 158
157 159
157 160
157 161
157 162
157 163
157 164
157 165
157 166
157 167
157 168
157 169
157 170
157 171
157 172
157 173
157 174
157 175
157 176
157 177
157 178
157 179
157 180
157 181
157 182
157 183
157 184
157 185
157 186
157 187
157 188
157 189
157 190
157 191
157 192
157 193
157 194
157 195
157 196
157 197
157 198
157 199
157 203
157 204
157 212
157 228
157 234
157 236
157 237
158 159
158 160
158 161
158 162
158 163
158 164
158 165
158 166
158 167
158 168
158 169
158 170
158 171
158 172
158 173
158 174
158 175
158 176
158 177
158 178
158 179
158 180
158 181
158 182
158 183
158 184
158 185
158 186
158 187
158 188
158 189
158 190
158 191
158 192
158 193
158 194
158 195
158 196
158 197
158 198
158 199
158 208
158 215
158 218
158 222
158 225
158 229
158 237
158 247
158 249
159 160
159 161
159 162
159 163
159 164
159 165
159 166
159 167
159 168
159 169
159 170
159 171
159 172
159 173
159 174
159 175
159 176
159 177
159 178
159 179
159 180
159 181
159 182
159 183
159 184
159 185
159 186
159 187
159 188
159 189
159 190
159 191
159 192
159 193
159 194
159 195
159 196
159 197
159 198
159 199
159 208
159 215
159 219
159 229
159 230
159 234
160 161
160 162
160 163
160 164
160 165
160 166
160 167
160 168
160 169
160 170
160 171
160 172
160 173
160 174
160 175
160 176
160 177
160 178
160 179
160 180
160 181
160 182
160 183
160 184
160 185
160 186
160 187
160 188
160 189
160 190
160 191
160 192
160 193
160 194
160 195
160 196
160 197
160 198
160 199
160 205
160 208
160 210
160 211
160 212
160 213
160 221
160 223
160 224
160 228
160 233
161 162
161 163
161 164
161 165
161 166
161 167
161 168
161 169
161 170
161 171
161 172
161 173
161 174
161 175
161 176
161 177
161 178
161 179
161 180
161 181
161 182
161 183
161 184
161 185
161 186
161 187
161 188
161 189
161 190
161 191
161 192
161 193
161 194
161 195
161 196
161 197
161 198
161 199
161 223
161 225
161 231
161 232
161 235
161 240
161 242
161 245
161 246
161 249
162 163
162 164
162 165
162 166
162 167
162 168
162 169
162 170
162 171
162 172
162 173
162 174
162 175
162 176
162 177
162 178
162 179
162 180
162 181
162 182
162 183
162 184
162 185
162 186
162 187
162 188
162 189
162 190
162 191
162 192
162 193
162 194
162 195
162 196
162 197
162 198
162 199
162 204
162 214
162 219
162 226
162 232
162 240
163 164
163 165
163 166
163 167
163 168
163 169
163 170
163 171
163 172
163 173
163 174
163 175
163 176
163 177
163 178
163 179
163 180
163 181
163 182
163 183
163 184
163 185
163 186
163 187
163 188
163 189
163 190
163 191
163 192
163 193
163 194
163 195
163 196
163 197
163 198
163 199
163 201
163 216
163 217
163 220
164 165
164 166
164 167
164 168
164 169
164 170
164 171
164 172
164 173
164 174
164 175
164 176
164 177
164 178
164 179
164 180
164 181
164 182
164 183
164 184
164 185
164 186
164 187
164 188
164 189
164 190
164 191
164 192
164 193
164 194
164 195
164 196
164 197
164 198
164 199
164 207
164 214
164 215
164 234
164 241
165 166
165 167
165 168
165 169
165 170
165 171
165 172
165 173
165 174
165 175
165 176
165 177
165 178
165 179
165 180
165 181
165 182
165 183
165 184
165 185
165 186
165 187
165 188
165 189
165 190
165 191
165 192
165 193
165 194
165 195
165 196
165 197
165 198
165 199
165 220
165 226
165 246
166 167
166 168
166 169
166 170
166 171
166 172
166 173
166 174
166 175
166 176
166 177
166 178
166 179
166 180
166 181
166 182
166 183
166 184
166 185
166 186
166 187
166 188
166 189
166 190
166 191
166 192
166 193
166 194
166 195
166 196
166 197
166 198
166 199
166 201
166 203
166 207
166 212
166 215
166 225
166 226
166 227
166 233
166 234
166 242
166 243
166 246
167 168
167 169
167 170
167 171
167 172
167 173
167 174
167 175
167 176
167 177
167 178
167 179
167 180
167 181
167 182
167 183
167 184
167 185
167 186
167 187
167 188
167 189
167 190
167 191
167 192
167 193
167 194
167 195
167 196
167 197
167 198
167 199
167 201
167 203
167 208
167 214
167 222
167 223
167 229
167 234
167 242
167 244
167 247
167 248
167 249
168 169
168 170
168 171
168 172
168 173
168 174
168 175
168 176
168 177
168 178
168 179
168 180
168 181
168 182
168 183
168 184
168 185
168 186
168 187
168 188
168 189
168 190
168 191
168 192
168 193
168 194
168 195
168 196
168 197
168 198
168 199
168 200
168 202
168 208
168 209
168 211
168 224
168 234
168 235
168 236
168 240
169 170
169 171
169 172
169 173
169 174
169 175
169 176
169 177
169 178
169 179
169 180
169 181
169 182
169 183
169 184
169 185
169 186
169 187
169 188
169 189
169 190
169 191
169 192
169 193
169 194
169 195
169 196
169 197
169 198
169 199
169 202
169 204
169 209
169 217
169 222
169 228
169 230
169 231
169 234
169 240
169 242
169 244
170 171
170 172
170 173
170 174
170 175
170 176
170 177
170 178
170 179
170 180
170 181
170 182
170 183
170 184
170 185
170 186
170 187
170 188
170 189
170 190
170 191
170 192
170 193
170 194
170 195
170 196
170 197
170 198
170 199
170 202
170 204
170 222
170 225
170 230
170 245
170 246
170 248
170 249
171 172
171 173
171 174
171 175
171 176
171 177
171 178
171 179
171 180
171 181
171 182
171 183
171 184
171 185
171 186
171 187
171 188
171 189
171 190
171 191
171 192
171 193
171 194
171 195
171 196
171 197
171 198
171 199
171 213
171 215
171 221
171 231
171 243
171 249
172 173
172 174
172 175
172 176
172 177
172 178
172 179
172 180
172 181
172 182
172 183
172 184
172 185
172 186
172 187
172 188
172 189
172 190
172 191
172 192
172 193
172 194
172 195
172 196
172 197
172 198
172 199
172 206
172 207
172 208
172 221
172 235
172 242
173 174
173 175
173 176
173 177
173 178
173 179
173 180
173 181
173 182
173 183
173 184
173 185
173 186
173 187
173 188
173 189
173 190
173 191
173 192
173 193
173 194
173 195
173 196
173 197
173 198
173 199
173 215
173 220
173 222
173 233
173 240
173 242
174 175
174 176
174 177
174 178
174 179
174 180
174 181
174 182
174 183
174 184
174 185
174 186
174 187
174 188
174 189
174 190
174 191
174 192
174 193
174 194
174 195
174 196
174 197
174 198
174 199
174 201
174 224
174 225
174 231
174 247
174 248
175 176
175 177
175 178
175 179
175 180
175 181
175 182
175 183
175 184
175 185
175 186
175 187
175 188
175 189
175 190
175 191
175 192
175 193
175 194
175 195
175 196
175 197
175 198
175 199
175 215
175 223
175 232
175 237
175 244
175 245
176 177
176 178
176 179
176 180
176 181
176 182
176 183
176 184
176 185
176 186
176 187
176 188
176 189
176 190
176 191
176 192
176 193
176 194
176 195
176 196
176 197
176 198
176 199
176 210
176 213
176 222
176 223
176 226
176 228
176 247
177 178
177 179
177 180
177 181
177 182
177 183
177 184
177 185
177 186
177 187
177 188
177 189
177 190
177 191
177 192
177 193
177 194
177 195
177 196
177 197
177 198
177 199
177 200
177 204
177 212
177 217
177 221
177 233
177 238
177 247
177 248
178 179
178 180
178 181
178 182
178 183
178 184
178 185
178 186
178 187
178 188
178 189
178 190
178 191
178 192
178 193
178 194
178 195
178 196
178 197
178 198
178 199
178 203
178 204
178 205
178 206
178 207
178 209
179 180
179 181
179 182
179 183
179 184
179 185
179 186
179 187
179 188
179 189
179 190
179 191
179 192
179 193
179 194
179 195
179 196
179 197
179 198
179 199
179 200
179 216
179 222
179 223
179 224
179 227
179 233
180 181
180 182
180 183
180 184
180 185
180 186
180 187
180 188
180 189
180 190
180 191
180 192
180 193
180 194
180 195
180 196
180 197
180 198
180 199
180 202
180 203
180 205
180 206
180 212
180 214
180 222
180 224
180 239
180 241
180 244
181 182
181 183
181 184
181 185
181 186
181 187
181 188
181 189
181 190
181 191
181 192
181 193
181 194
181 195
181 196
181 197
181 198
181 199
181 204
181 206
181 207
181 212
181 218
181 225
181 229
181 230
181 231
181 232
181 237
181 241
181 244
182 183
182 184
182 185
182 186
182 187
182 188
182 189
182 190
182 191
182 192
182 193
182 194
182 195
182 196
182 197
182 198
182 199
182 207
182 208
182 210
182 218
182 226
182 227
182 232
182 236
182 240
182 244
183 184
183 185
183 186
183 187
183 188
183 189
183 190
183 191
183 192
183 193
183 194
183 195
183 196
183 197
183 198
183 199
183 217
183 224
183 235
183 241
183 244
184 185
184 186
184 187
184 188
184 189
184 190
184 191
184 192
184 193
184 194
184 195
184 196
184 197
184 198
184 199
184 200
184 205
184 206
184 212
184 220
184 223
184 225
184 239
184 241
184 247
184 248
185 186
185 187
185 188
185 189
185 190
185 191
185 192
185 193
185 194
185 195
185 196
185 197
185 198
185 199
185 200
185 210
185 212
185 243
185 245
185 248
186 187
186 188
186 189
186 190
186 191
186 192
186 193
186 194
186 195
186 196
186 197
186 198
186 199
186 200
186 219
186 224
186 225
186 245
187 188
187 189
187 190
187 191
187 192
187 193
187 194
187 195
187 196
187 197
187 198
187 199
187 201
187 206
187 211
187 213
187 216
187 229
187 241
188 189
188 190
188 191
188 192
188 193
188 194
188 195
188 196
188 197
188 198
188 199
188 207
188 209
188 211
188 213
188 216
188 222
189 190
189 191
189 192
189 193
189 194
189 195
189 196
189 197
189 198
189 199
189 201
189 202
189 203
189 214
189 225
189 232
189 239
190 191
190 192
190 193
190 194
190 195
190 196
190 197
190 198
190 199
190 210
190 212
190 218
190 233
190 237
190 243
190 249
191 192
191 193
191 194
191 195
191 196
191 197
191 198
191 199
191 201
191 202
191 204
191 210
191 213
191 216
191 222
191 226
191 242
191 244
192 193
192 194
192 195
192 196
192 197
192 198
192 199
192 206
192 207
192 221
192 223
192 227
192 230
192 234
192 238
192 239
192 243
193 194
193 195
193 196
193 197
193 198
193 199
193 214
193 215
193 229
193 232
194 195
194 196
194 197
194 198
194 199
194 213
194 215
194 217
194 218
194 222
194 225
194 239
194 242
194 245
194 246
195 196
195 197
195 198
195 199
195 221
195 224
195 225
195 229
195 236
196 197
196 198
196 199
196 203
196 208
196 217
196 218
196 222
196 224
196 234
196 239
197 198
197 199
197 200
197 206
197 209
197 212
197 222
197 237
197 241
197 244
197 248
198 199
198 202
198 211
198 217
198 226
198 243
198 248
198 249
199 208
199 212
199 214
199 233
200 201
200 202
200 203
200 204
200 205
200 206
200 207
200 208
200 209
200 210
200 211
200 212
200 213
200 214
200 215
200 216
200 217
200 218
200 219
200 220
200 221
200 222
200 223
200 224
200 225
200 226
200 227
200 228
200 229
200 230
200 231
200 232
200 233
200 234
200 235
200 236
200 237
200 238
200 239
200 240
200 241
200 242
200 243
200 244
200 245
200 246
200 247
200 248
200 249
201 202
201 203
201 204
201 205
201 206
201 207
201 208
201 209
201 210
201 211
201 212
201 213
201 214
201 215
201 216
201 217
201 218
201 219
201 220
201 221
201 222
201 223
201 224
201 225
201 226
201 227
201 228
201 229
201 230
201 231
201 232
201 233
201 234
201 235
201 236
201 237
201 238
201 239
201 240
201 241
201 242
201 243
201 244
201 245
201 246
201 247
201 248
201 249
202 203
202 204
202 205
202 206
202 207
202 208
202 209
202 210
202 211
202 212
202 213
202 214
202 215
202 216
202 217
202 218
202 219
202 220
202 221
202 222
202 223
202 224
202 225
202 226
202 227
202 228
202 229
202 230
202 231
202 232
202 233
202 234
202 235
202 236
202 237
202 238
202 239
202 240
202 241
202 242
202 243
202 244
202 245
202 246
202 247
202 248
202 249
203 204
203 205
203 206
203 207
203 208
203 209
203 210
203 211
203 212
203 213
203 214
203 215
203 216
203 217
203 218
203 219
203 220
203 221
203 222
203 223
203 224
203 225
203 226
203 227
203 228
203 229
203 230
203 231
203 232
203 233
203 234
203 235
203 236
203 237
203 238
203 239
203 240
203 241
203 242
203 243
203 244
203 245
203 246
203 247
203 248
203 249
204 205
204 206
204 207
204 208
204 209
204 210
204 211
204 212
204 213
204 214
204 215
204 216
204 217
204 218
204 219
204 220
204 221
204 222
204 223
204 224
204 225
204 226
204 227
204 228
204 229
204 230
204 231
204 232
204 233
204 234
204 235
204 236
204 237
204 238
204 239
204 240
204 241
204 242
204 243
204 244
204 245
204 246
204 247
204 248
204 249
205 206
205 207
205 208
205 209
205 210
205 211
205 212
205 213
205 214
205 215
205 216
205 217
205 218
205 219
205 220
205 221
205 222
205 223
205 224
205 225
205 226
205 227
205 228
205 229
205 230
205 231
205 232
205 233
205 234
205 235
205 236
205 237
205 238
205 239
205 240
205 241
205 242
205 243
205 244
205 245
205 246
205 247
205 248
205 249
206 207
206 208
206 209
206 210
206 211
206 212
206 213
206 214
206 215
206 216
206 217
206 218
206 219
206 220
206 221
206 222
206 223
206 224
206 225
206 226
206 227
206 228
206 229
206 230
206 231
206 232
206 233
206 234
206 235
206 236
206 237
206 238
206 239
206 240
206 241
206 242
206 243
206 244
206 245
206 246
206 247
206 248
206 249
207 208
207 209
207 210
207 211
207 212
207 213
207 214
207 215
207 216
207 217
207 218
207 219
207 220
207 221
207 222
207 223
207 224
207 225
207 226
207 227
207 228
207 229
207 230
207 231
207 232
207 233
207 234
207 235
207 236
207 237
207 238
207 239
207 240
207 241
207 242
207 243
207 244
207 245
207 246
207 247
207 248
207 249
208 209
208 210
208 211
208 212
208 213
208 214
208 215
208 216
208 217
208 218
208 219
208 220
208 221
208 222
208 223
208 224
208 225
208 226
208 227
208 228
208 229
208 230
208 231
208 232
208 233
208 234
208 235
208 236
208 237
208 238
208 239
208 240
208 241
208 242
208 243
208 244
208 245
208 246
208 247
208 248
208 249
209 210
209 211
209 212
209 213
209 214
209 215
209 216
209 217
209 218
209 219
209 220
209 221
209 222
209 223
209 224
209 225
209 226
209 227
209 228
209 229
209 230
209 231
209 232
209 233
209 234
209 235
209 236
209 237
209 238
209 239
209 240
209 241
209 242
209 243
209 244
209 245
209 246
209 247
209 248
209 249
210 211
210 212
210 213
210 214
210 215
210 216
210 217
210 218
210 219
210 220
210 221
210 222
210 223
210 224
210 225
210 226
210 227
210 228
210 229
210 230
210 231
210 232
210 233
210 234
210 235
210 236
210 237
210 238
210 239
210 240
210 241
210 242
210 243
210 244
210 245
210 246
210 247
210 248
210 249
211 212
211 213
211 214
211 215
211 216
211 217
211 218
211 219
211 220
211 221
211 222
211 223
211 224
211 225
211 226
211 227
211 228
211 229
211 230
211 231
211 232
211 233
211 234
211 235
211 236
211 237
211 238
211 239
211 240
211 241
211 242
211 243
211 244
211 245
211 246
211 247
211 248
211 249
212 213
212 214
212 215
212 216
212 217
212 218
212 219
212 220
212 221
212 222
212 223
212 224
212 225
212 226
212 227
212 228
212 229
212 230
212 231
212 232
212 233
212 234
212 235
212 236
212 237
212 238
212 239
212 240
212 241
212 242
212 243
212 244
212 245
212 246
212 247
212 248
212 249
213 214
213 215
213 216
213 217
213 218
213 219
213 220
213 221
213 222
213 223
213 224
213 225
213 226
213 227
213 228
213 229
213 230
213 231
213 232
213 233
213 234
213 235
213 236
213 237
213 238
213 239
213 240
213 241
213 242
213 243
213 244
213 245
213 246
213 247
213 248
213 249
214 215
214 216
214 217
214 218
214 219
214 220
214 221
214 222
214 223
214 224
214 225
214 226
214 227
214 228
214 229
214 230
214 231
214 232
214 233
214 234
214 235
214 236
214 237
214 238
214 239
214 240
214 241
214 242
214 243
214 244
214 245
214 246
214 247
214 248
214 249
215 216
215 217
215 218
215 219
215 220
215 221
215 222
215 223
215 224
215 225
215 226
215 227
215 228
215 229
215 230
215 231
215 232
215 233
215 234
215 235
215 236
215 237
215 238
215 239
215 240
215 241
215 242
215 243
215 244
215 245
215 246
215 247
215 248
215 249
216 217
216 218
216 219
216 220
216 221
216 222
216 223
216 224
216 225
216 226
216 227
216 228
216 229
216 230
216 231
216 232
216 233
216 234
216 235
216 236
216 237
216 238
216 239
216 240
216 241
216 242
216 243
216 244
216 245
216 246
216 247
216 248
216 249
217 218
217 219
217 220
217 221
217 222
217 223
217 224
217 225
217 226
217 227
217 228
217 229
217 230
217 231
217 232
217 233
217 234
217 235
217 236
217 237
217 238
217 239
217 240
217 241
217 242
217 243
217 244
217 245
217 246
217 247
217 248
217 249
218 219
218 220
218 221
218 222
218 223
218 224
218 225
218 226
218 227
218 228
218 229
218 230
218 231
218 232
218 233
218 234
218 235
218 236
218 237
218 238
218 239
218 240
218 241
218 242
218 243
218 244
218 245
218 246
218 247
218 248
218 249
219 220
219 221
219 222
219 223
219 224
219 225
219 226
219 227
219 228
219 229
219 230
219 231
219 232
219 233
219 234
219 235
219 236
219 237
219 238
219 239
219 240
219 241
219 242
219 243
219 244
219 245
219 246
219 247
219 248
219 249
220 221
220 222
220 223
220 224
220 225
220 226
220 227
220 228
220 229
220 230
220 231
220 232
220 233
220 234
220 235
220 236
220 237
220 238
220 239
220 240
220 241
220 242
220 243
220 244
220 245
220 246
220 247
220 248
220 249
221 222
221 223
221 224
221 225
221 226
221 227
221 228
221 229
221 230
221 231
221 232
221 233
221 234
221 235
221 236
221 237
221 238
221 239
221 240
221 241
221 242
221 243
221 244
221 245
221 246
221 247
221 248
221 249
222 223
222 224
222 225
222 226
222 227
222 228
222 229
222 230
222 231
222 232
222 233
222 234
222 235
222 236
222 237
222 238
222 239
222 240
222 241
222 242
222 243
222 244
222 245
222 246
222 247
222 248
222 249
223 224
223 225
223 226
223 227
223 228
223 229
223 230
223 231
223 232
223 233
223 234
223 235
223 236
223 237
223 238
223 239
223 240
223 241
223 242
223 243
223 244
223 245
223 246
223 247
223 248
223 249
224 225
224 226
224 227
224 228
224 229
224 230
224 231
224 232
224 233
224 234
224 235
224 236
224 237
224 238
224 239
224 240
224 241
224 242
224 243
224 244
224 245
224 246
224 247
224 248
224 249
225 226
225 227
225 228
225 229
225 230
225 231
225 232
225 233
225 234
225 235
225 236
225 237
225 238
225 239
225 240
225 241
225 242
225 243
225 244
225 245
225 246
225 247
225 248
225 249
226 227
226 228
226 229
226 230
226 231
226 232
226 233
226 234
226 235
226 236
226 237
226 238
226 239
226 240
226 241
226 242
226 243
226 244
226 245
226 246
226 247
226 248
226 249
227 228
227 229
227 230
227 231
227 232
227 233
227 234
227 235
227 236
227 237
227 238
227 239
227 240
227 241
227 242
227 243
227 244
227 245
227 246
227 247
227 248
227 249
228 229
228 230
228 231
228 232
228 233
228 234
228 235
228 236
228 237
228 238
228 239
228 240
228 241
228 242
228 243
228 244
228 245
228 246
228 247
228 248
228 249
229 230
229 231
229 232
229 233
229 234
229 235
229 236
229 237
229 238
229 239
229 240
229 241
229 242
229 243
229 244
229 245
229 246
229 247
229 248
229 249
230 231
230 232
230 233
230 234
230 235
230 236
230 237
230 238
230 239
230 240
230 241
230 242
230 243
230 244
230 245
230 246
230 247
230 248
230 249
231 232
231 233
231 234
231 235
231 236
231 237
231 238
231 239
231 240
231 241
231 242
231 243
231 244
231 245
231 246
231 247
231 248
231 249
232 233
232 234
232 235
232 236
232 237
232 238
232 239
232 240
232 241
232 242
232 243
232 244
232 245
232 246
232 247
232 248
232 249
233 234
233 235
233 236
233 237
233 238
233 239
233 240
233 241
233 242
233 243
233 244
233 245
233 246
233 247
233 248
233 249
234 235
234 236
234 237
234 238
234 239
234 240
234 241
234 242
234 243
234 244
234 245
234 246
234 247
234 248
234 249
235 236
235 237
235 238
235 239
235 240
235 241
235 242
235 243
235 244
235 245
235 246
235 247
235 248
235 249
236 237
236 238
236 239
236 240
236 241
236 242
236 243
236 244
236 245
236 246
236 247
236 248
236 249
237 238
237 239
237 240
237 241
237 242
237 243
237 244
237 245
237 246
237 247
237 248
237 249
238 239
238 240
238 241
238 242
238 243
238 244
238 245
238 246
238 247
238 248
238 249
239 240
239 241
239 242
239 243
239 244
239 245
239 246
239 247
239 248
239 249
240 241
240 242
240 243
240 244
240 245
240 246
240 247
240 248
240 249
241 242
241 243
241 244
241 245
241 246
241 247
241 248
241 249
242 243
242 244
242 245
242 246
242 247
242 248
242 249
243 244
243 245
243 246
243 247
243 248
243 249
244 245
244 246
244 247
244 248
244 249
245 246
245 247
245 248
245 249
246 247
246 248
246 249
247 248
247 249
248 249
