0 1
0 2
0 3
0 4
0 5
0 6
0 7
0 8
0 9
0 10
0 11
0 12
0 13
0 14
0 15
0 16
0 17
0 18
0 19
0 20
0 21
0 22
0 23
0 24
0 25
0 26
0 27
0 28
0 29
0 30
0 31
0 32
0 33
0 34
0 35
0 36
0 37
0 38
0 39
0 40
0 41
0 42
0 43
0 44
0 45
0 46
0 47
0 48
0 49
0 52
0 53
0 60
0 67
0 72
0 74
0 77
0 88
0 91
0 95
0 96
0 99
0 129
0 139
0 144
0 146
0 147
0 107
0 111
0 113
0 117
0 153
0 158
0 165
0 166
0 168
0 171
0 173
0 179
0 192
0 193
0 194
0 195
0 200
0 201
0 209
0 214
0 222
0 228
0 235
0 236
0 237
1 2
1 3
1 4
1 5
1 6
1 7
1 8
1 9
1 10
1 11
1 12
1 13
1 14
1 15
1 16
1 17
1 18
1 19
1 20
1 21
1 22
1 23
1 24
1 25
1 26
1 27
1 28
1 29
1 30
1 31
1 32
1 33
1 34
1 35
1 36
1 37
1 38
1 39
1 40
1 41
1 42
1 43
1 44
1 45
1 46
1 47
1 48
1 49
1 50
1 51
1 54
1 56
1 57
1 62
1 64
1 66
1 67
1 68
1 74
1 75
1 85
1 86
1 90
1 91
1 94
1 97
1 98
1 128
1 131
1 135
1 145
1 100
1 102
1 106
1 107
1 112
1 113
1 115
1 116
1 121
1 156
1 157
1 158
1 159
1 160
1 164
1 167
1 175
1 178
1 186
1 187
1 192
1 195
1 199
1 200
1 201
1 205
1 206
1 207
1 208
1 210
1 212
1 214
1 217
1 219
1 230
1 239
1 241
1 245
1 247
1 248
2 3
2 4
2 5
2 6
2 7
2 8
2 9
2 10
2 11
2 12
2 13
2 14
2 15
2 16
2 17
2 18
2 19
2 20
2 21
2 22
2 23
2 24
2 25
2 26
2 27
2 28
2 29
2 30
2 31
2 32
2 33
2 34
2 35
2 36
2 37
2 38
2 39
2 40
2 41
2 42
2 43
2 44
2 45
2 46
2 47
2 48
2 49
2 50
2 53
2 56
2 64
2 68
2 69
2 72
2 82
2 85
2 90
2 96
2 130
2 131
2 139
2 146
2 100
2 101
2 104
2 106
2 112
2 115
2 117
2 124
2 150
2 168
2 171
2 175
2 177
2 178
2 179
2 181
2 193
2 203
2 207
2 208
2 212
2 217
2 223
2 225
2 228
2 229
2 232
2 235
2 239
2 242
2 246
3 4
3 5
3 6
3 7
3 8
3 9
3 10
3 11
3 12
3 13
3 14
3 15
3 16
3 17
3 18
3 19
3 20
3 21
3 22
3 23
3 24
3 25
3 26
3 27
3 28
3 29
3 30
3 31
3 32
3 33
3 34
3 35
3 36
3 37
3 38
3 39
3 40
3 41
3 42
3 43
3 44
3 45
3 46
3 47
3 48
3 49
3 53
3 59
3 60
3 65
3 67
3 73
3 74
3 79
3 81
3 86
3 89
3 93
3 98
3 138
3 109
3 116
3 119
3 154
3 157
3 165
3 167
3 168
3 172
3 179
3 180
3 191
3 200
3 203
3 205
3 207
3 208
3 211
3 213
3 214
3 223
3 225
3 226
3 227
3 229
3 230
3 234
3 237
3 249
4 5
4 6
4 7
4 8
4 9
4 10
4 11
4 12
4 13
4 14
4 15
4 16
4 17
4 18
4 19
4 20
4 21
4 22
4 23
4 24
4 25
4 26
4 27
4 28
4 29
4 30
4 31
4 32
4 33
4 34
4 35
4 36
4 37
4 38
4 39
4 40
4 41
4 42
4 43
4 44
4 45
4 46
4 47
4 48
4 49
4 52
4 56
4 61
4 62
4 64
4 68
4 72
4 81
4 87
4 88
4 90
4 94
4 95
4 128
4 129
4 137
4 143
4 103
4 113
4 116
4 150
4 154
4 160
4 166
4 168
4 174
4 175
4 176
4 177
4 178
4 185
4 186
4 192
4 199
4 219
4 224
4 225
4 234
4 238
4 240
4 241
4 246
5 6
5 7
5 8
5 9
5 10
5 11
5 12
5 13
5 14
5 15
5 16
5 17
5 18
5 19
5 20
5 21
5 22
5 23
5 24
5 25
5 26
5 27
5 28
5 29
5 30
5 31
5 32
5 33
5 34
5 35
5 36
5 37
5 38
5 39
5 40
5 41
5 42
5 43
5 44
5 45
5 46
5 47
5 48
5 49
5 50
5 56
5 57
5 59
5 60
5 67
5 69
5 70
5 73
5 75
5 95
5 130
5 134
5 137
5 140
5 102
5 103
5 106
5 108
5 111
5 113
5 115
5 116
5 119
5 121
5 150
5 155
5 162
5 163
5 168
5 169
5 170
5 171
5 172
5 183
5 184
5 187
5 191
5 195
5 200
5 205
5 208
5 211
5 215
5 218
5 227
5 236
5 240
5 248
5 249
6 7
6 8
6 9
6 10
6 11
6 12
6 13
6 14
6 15
6 16
6 17
6 18
6 19
6 20
6 21
6 22
6 23
6 24
6 25
6 26
6 27
6 28
6 29
6 30
6 31
6 32
6 33
6 34
6 35
6 36
6 37
6 38
6 39
6 40
6 41
6 42
6 43
6 44
6 45
6 46
6 47
6 48
6 49
6 59
6 62
6 68
6 73
6 74
6 77
6 78
6 80
6 84
6 85
6 91
6 99
6 129
6 130
6 132
6 133
6 141
6 144
6 145
6 148
6 100
6 104
6 105
6 107
6 109
6 115
6 116
6 124
6 127
6 150
6 156
6 158
6 159
6 160
6 168
6 176
6 178
6 186
6 189
6 193
6 197
6 207
6 208
6 210
6 213
6 217
6 220
6 222
6 232
6 241
6 242
6 246
7 8
7 9
7 10
7 11
7 12
7 13
7 14
7 15
7 16
7 17
7 18
7 19
7 20
7 21
7 22
7 23
7 24
7 25
7 26
7 27
7 28
7 29
7 30
7 31
7 32
7 33
7 34
7 35
7 36
7 37
7 38
7 39
7 40
7 41
7 42
7 43
7 44
7 45
7 46
7 47
7 48
7 49
7 50
7 54
7 58
7 60
7 64
7 65
7 68
7 71
7 72
7 76
7 81
7 84
7 85
7 89
7 91
7 92
7 98
7 130
7 131
7 135
7 136
7 138
7 139
7 147
7 148
7 101
7 102
7 103
7 105
7 108
7 109
7 113
7 114
7 116
7 150
7 151
7 154
7 160
7 161
7 165
7 172
7 174
7 177
7 181
7 186
7 188
7 190
7 191
7 192
7 193
7 198
7 207
7 210
7 214
7 221
7 226
7 227
7 229
7 240
7 241
7 242
7 248
8 9
8 10
8 11
8 12
8 13
8 14
8 15
8 16
8 17
8 18
8 19
8 20
8 21
8 22
8 23
8 24
8 25
8 26
8 27
8 28
8 29
8 30
8 31
8 32
8 33
8 34
8 35
8 36
8 37
8 38
8 39
8 40
8 41
8 42
8 43
8 44
8 45
8 46
8 47
8 48
8 49
8 51
8 54
8 57
8 67
8 74
8 78
8 83
8 84
8 88
8 89
8 93
8 97
8 132
8 134
8 136
8 137
8 138
8 141
8 147
8 148
8 104
8 107
8 110
8 112
8 116
8 120
8 123
8 151
8 153
8 159
8 164
8 165
8 166
8 173
8 177
8 181
8 182
8 193
8 196
8 197
8 198
8 208
8 217
8 220
8 221
8 223
8 233
8 234
8 243
8 245
8 246
8 248
9 10
9 11
9 12
9 13
9 14
9 15
9 16
9 17
9 18
9 19
9 20
9 21
9 22
9 23
9 24
9 25
9 26
9 27
9 28
9 29
9 30
9 31
9 32
9 33
9 34
9 35
9 36
9 37
9 38
9 39
9 40
9 41
9 42
9 43
9 44
9 45
9 46
9 47
9 48
9 49
9 52
9 54
9 55
9 58
9 61
9 63
9 67
9 72
9 73
9 74
9 79
9 84
9 88
9 98
9 99
9 130
9 132
9 137
9 140
9 144
9 148
9 149
9 101
9 108
9 109
9 110
9 119
9 122
9 158
9 160
9 164
9 165
9 166
9 179
9 184
9 185
9 187
9 189
9 190
9 195
9 196
9 198
9 206
9 215
9 216
9 219
9 221
9 232
9 238
9 239
9 241
9 244
9 245
9 248
10 11
10 12
10 13
10 14
10 15
10 16
10 17
10 18
10 19
10 20
10 21
10 22
10 23
10 24
10 25
10 26
10 27
10 28
10 29
10 30
10 31
10 32
10 33
10 34
10 35
10 36
10 37
10 38
10 39
10 40
10 41
10 42
10 43
10 44
10 45
10 46
10 47
10 48
10 49
10 52
10 54
10 55
10 59
10 68
10 77
10 78
10 83
10 84
10 91
10 95
10 132
10 143
10 100
10 103
10 106
10 109
10 112
10 124
10 125
10 126
10 127
10 151
10 167
10 171
10 174
10 176
10 180
10 183
10 185
10 191
10 194
10 200
10 202
10 203
10 210
10 220
10 223
10 225
10 228
10 235
10 240
10 244
10 247
10 249
11 12
11 13
11 14
11 15
11 16
11 17
11 18
11 19
11 20
11 21
11 22
11 23
11 24
11 25
11 26
11 27
11 28
11 29
11 30
11 31
11 32
11 33
11 34
11 35
11 36
11 37
11 38
11 39
11 40
11 41
11 42
11 43
11 44
11 45
11 46
11 47
11 48
11 49
11 51
11 55
11 58
11 59
11 61
11 62
11 64
11 65
11 66
11 69
11 82
11 84
11 88
11 90
11 93
11 98
11 131
11 137
11 138
11 103
11 106
11 111
11 115
11 116
11 118
11 119
11 123
11 159
11 160
11 165
11 168
11 169
11 171
11 172
11 180
11 185
11 198
11 200
11 205
11 212
11 214
11 215
11 220
11 221
11 223
11 224
11 234
11 242
11 243
11 244
11 245
11 249
12 13
12 14
12 15
12 16
12 17
12 18
12 19
12 20
12 21
12 22
12 23
12 24
12 25
12 26
12 27
12 28
12 29
12 30
12 31
12 32
12 33
12 34
12 35
12 36
12 37
12 38
12 39
12 40
12 41
12 42
12 43
12 44
12 45
12 46
12 47
12 48
12 49
12 61
12 63
12 67
12 68
12 73
12 84
12 99
12 133
12 136
12 137
12 140
12 100
12 107
12 110
12 115
12 118
12 119
12 121
12 122
12 123
12 124
12 152
12 154
12 156
12 157
12 164
12 170
12 172
12 176
12 177
12 179
12 182
12 187
12 188
12 189
12 191
12 195
12 201
12 202
12 204
12 205
12 207
12 212
12 213
12 218
12 222
12 236
12 239
12 241
12 242
12 243
12 245
12 248
13 14
13 15
13 16
13 17
13 18
13 19
13 20
13 21
13 22
13 23
13 24
13 25
13 26
13 27
13 28
13 29
13 30
13 31
13 32
13 33
13 34
13 35
13 36
13 37
13 38
13 39
13 40
13 41
13 42
13 43
13 44
13 45
13 46
13 47
13 48
13 49
13 51
13 52
13 60
13 64
13 65
13 78
13 81
13 85
13 90
13 91
13 129
13 138
13 144
13 147
13 100
13 103
13 112
13 114
13 116
13 117
13 118
13 119
13 124
13 153
13 154
13 157
13 159
13 164
13 173
13 174
13 179
13 184
13 185
13 188
13 189
13 190
13 195
13 203
13 204
13 205
13 208
13 210
13 211
13 224
13 225
13 226
13 229
13 233
13 242
13 247
13 248
14 15
14 16
14 17
14 18
14 19
14 20
14 21
14 22
14 23
14 24
14 25
14 26
14 27
14 28
14 29
14 30
14 31
14 32
14 33
14 34
14 35
14 36
14 37
14 38
14 39
14 40
14 41
14 42
14 43
14 44
14 45
14 46
14 47
14 48
14 49
14 51
14 55
14 59
14 64
14 66
14 69
14 78
14 81
14 82
14 84
14 87
14 90
14 92
14 131
14 134
14 136
14 141
14 142
14 143
14 146
14 149
14 104
14 109
14 110
14 111
14 119
14 123
14 124
14 162
14 167
14 169
14 172
14 178
14 180
14 195
14 199
14 204
14 211
14 214
14 216
14 218
14 221
14 223
14 230
14 235
14 239
14 246
14 248
15 16
15 17
15 18
15 19
15 20
15 21
15 22
15 23
15 24
15 25
15 26
15 27
15 28
15 29
15 30
15 31
15 32
15 33
15 34
15 35
15 36
15 37
15 38
15 39
15 40
15 41
15 42
15 43
15 44
15 45
15 46
15 47
15 48
15 49
15 50
15 52
15 53
15 54
15 55
15 62
15 64
15 65
15 66
15 68
15 69
15 73
15 79
15 81
15 83
15 87
15 95
15 96
15 97
15 98
15 99
15 134
15 140
15 142
15 149
15 101
15 107
15 109
15 115
15 122
15 127
15 150
15 154
15 157
15 165
15 166
15 173
15 176
15 177
15 178
15 179
15 180
15 187
15 192
15 195
15 196
15 200
15 211
15 215
15 216
15 217
15 218
15 224
15 225
15 229
15 240
15 245
16 17
16 18
16 19
16 20
16 21
16 22
16 23
16 24
16 25
16 26
16 27
16 28
16 29
16 30
16 31
16 32
16 33
16 34
16 35
16 36
16 37
16 38
16 39
16 40
16 41
16 42
16 43
16 44
16 45
16 46
16 47
16 48
16 49
16 69
16 71
16 72
16 77
16 79
16 83
16 85
16 89
16 90
16 95
16 97
16 128
16 130
16 132
16 134
16 135
16 143
16 144
16 145
16 148
16 103
16 108
16 112
16 113
16 157
16 158
16 159
16 160
16 161
16 179
16 180
16 182
16 184
16 185
16 195
16 198
16 209
16 218
16 220
16 225
16 228
16 229
16 230
16 232
16 234
16 243
16 244
16 249
17 18
17 19
17 20
17 21
17 22
17 23
17 24
17 25
17 26
17 27
17 28
17 29
17 30
17 31
17 32
17 33
17 34
17 35
17 36
17 37
17 38
17 39
17 40
17 41
17 42
17 43
17 44
17 45
17 46
17 47
17 48
17 49
17 50
17 57
17 58
17 59
17 62
17 65
17 67
17 69
17 74
17 75
17 77
17 80
17 81
17 90
17 93
17 94
17 96
17 98
17 99
17 134
17 135
17 141
17 147
17 101
17 108
17 110
17 113
17 115
17 117
17 121
17 124
17 150
17 151
17 154
17 156
17 159
17 160
17 161
17 172
17 176
17 181
17 182
17 187
17 191
17 199
17 207
17 214
17 218
17 223
17 224
17 227
17 232
17 233
17 239
17 249
18 19
18 20
18 21
18 22
18 23
18 24
18 25
18 26
18 27
18 28
18 29
18 30
18 31
18 32
18 33
18 34
18 35
18 36
18 37
18 38
18 39
18 40
18 41
18 42
18 43
18 44
18 45
18 46
18 47
18 48
18 49
18 50
18 51
18 52
18 53
18 54
18 55
18 57
18 64
18 71
18 75
18 79
18 80
18 81
18 87
18 89
18 95
18 96
18 98
18 130
18 132
18 133
18 134
18 135
18 136
18 139
18 141
18 143
18 144
18 147
18 102
18 103
18 104
18 110
18 113
18 118
18 123
18 125
18 154
18 158
18 168
18 171
18 175
18 180
18 185
18 201
18 202
18 208
18 209
18 215
18 221
18 224
18 229
18 240
19 20
19 21
19 22
19 23
19 24
19 25
19 26
19 27
19 28
19 29
19 30
19 31
19 32
19 33
19 34
19 35
19 36
19 37
19 38
19 39
19 40
19 41
19 42
19 43
19 44
19 45
19 46
19 47
19 48
19 49
19 50
19 51
19 54
19 59
19 60
19 63
19 64
19 69
19 70
19 80
19 86
19 87
19 90
19 95
19 129
19 133
19 134
19 135
19 138
19 107
19 108
19 110
19 114
19 119
19 123
19 154
19 157
19 160
19 161
19 166
19 167
19 169
19 170
19 171
19 176
19 177
19 178
19 183
19 184
19 186
19 188
19 190
19 191
19 193
19 196
19 205
19 215
19 217
19 225
19 231
19 232
19 235
19 236
19 237
19 240
19 243
19 245
19 246
19 247
19 249
20 21
20 22
20 23
20 24
20 25
20 26
20 27
20 28
20 29
20 30
20 31
20 32
20 33
20 34
20 35
20 36
20 37
20 38
20 39
20 40
20 41
20 42
20 43
20 44
20 45
20 46
20 47
20 48
20 49
20 51
20 63
20 68
20 76
20 78
20 80
20 82
20 96
20 134
20 136
20 139
20 142
20 147
20 103
20 112
20 116
20 117
20 122
20 125
20 150
20 163
20 164
20 171
20 175
20 176
20 181
20 186
20 190
20 192
20 199
20 201
20 203
20 205
20 206
20 209
20 211
20 212
20 215
20 220
20 221
20 227
20 234
20 235
20 238
20 248
21 22
21 23
21 24
21 25
21 26
21 27
21 28
21 29
21 30
21 31
21 32
21 33
21 34
21 35
21 36
21 37
21 38
21 39
21 40
21 41
21 42
21 43
21 44
21 45
21 46
21 47
21 48
21 49
21 60
21 61
21 65
21 66
21 72
21 74
21 81
21 82
21 129
21 131
21 133
21 135
21 139
21 146
21 149
21 100
21 108
21 111
21 112
21 119
21 120
21 124
21 127
21 150
21 163
21 164
21 172
21 177
21 179
21 180
21 183
21 195
21 196
21 199
21 208
21 214
21 221
21 223
21 224
21 228
21 234
21 238
21 241
21 245
21 246
21 247
21 248
21 249
22 23
22 24
22 25
22 26
22 27
22 28
22 29
22 30
22 31
22 32
22 33
22 34
22 35
22 36
22 37
22 38
22 39
22 40
22 41
22 42
22 43
22 44
22 45
22 46
22 47
22 48
22 49
22 61
22 67
22 70
22 75
22 76
22 85
22 86
22 87
22 88
22 89
22 91
22 99
22 129
22 130
22 137
22 144
22 147
22 101
22 124
22 125
22 154
22 157
22 158
22 160
22 184
22 188
22 193
22 196
22 200
22 202
22 203
22 211
22 213
22 214
22 215
22 223
22 227
22 229
22 230
22 234
22 235
22 239
23 24
23 25
23 26
23 27
23 28
23 29
23 30
23 31
23 32
23 33
23 34
23 35
23 36
23 37
23 38
23 39
23 40
23 41
23 42
23 43
23 44
23 45
23 46
23 47
23 48
23 49
23 50
23 57
23 62
23 64
23 67
23 72
23 73
23 76
23 78
23 89
23 91
23 93
23 98
23 128
23 132
23 134
23 143
23 146
23 147
23 148
23 149
23 114
23 115
23 119
23 124
23 125
23 127
23 157
23 163
23 165
23 168
23 181
23 195
23 199
23 203
23 204
23 205
23 207
23 209
23 211
23 216
23 218
23 223
23 225
23 227
23 234
23 236
23 239
23 242
23 247
24 25
24 26
24 27
24 28
24 29
24 30
24 31
24 32
24 33
24 34
24 35
24 36
24 37
24 38
24 39
24 40
24 41
24 42
24 43
24 44
24 45
24 46
24 47
24 48
24 49
24 50
24 58
24 66
24 67
24 70
24 71
24 73
24 81
24 98
24 128
24 133
24 136
24 138
24 140
24 141
24 146
24 147
24 100
24 102
24 104
24 110
24 117
24 151
24 152
24 158
24 161
24 167
24 174
24 177
24 184
24 187
24 190
24 191
24 195
24 198
24 202
24 206
24 209
24 212
24 213
24 231
24 236
24 240
24 245
24 248
25 26
25 27
25 28
25 29
25 30
25 31
25 32
25 33
25 34
25 35
25 36
25 37
25 38
25 39
25 40
25 41
25 42
25 43
25 44
25 45
25 46
25 47
25 48
25 49
25 52
25 57
25 68
25 75
25 78
25 89
25 95
25 129
25 143
25 146
25 147
25 102
25 109
25 112
25 115
25 123
25 127
25 150
25 152
25 157
25 169
25 184
25 187
25 192
25 199
25 202
25 204
25 206
25 215
25 218
25 227
25 231
25 235
25 236
25 241
25 244
25 249
26 27
26 28
26 29
26 30
26 31
26 32
26 33
26 34
26 35
26 36
26 37
26 38
26 39
26 40
26 41
26 42
26 43
26 44
26 45
26 46
26 47
26 48
26 49
26 50
26 54
26 60
26 63
26 65
26 67
26 68
26 69
26 72
26 84
26 85
26 90
26 92
26 94
26 97
26 98
26 130
26 135
26 138
26 141
26 146
26 100
26 104
26 105
26 109
26 111
26 112
26 119
26 121
26 122
26 123
26 125
26 152
26 154
26 163
26 165
26 166
26 169
26 176
26 186
26 188
26 190
26 197
26 201
26 210
26 227
26 230
26 235
26 237
26 242
26 245
26 246
26 247
27 28
27 29
27 30
27 31
27 32
27 33
27 34
27 35
27 36
27 37
27 38
27 39
27 40
27 41
27 42
27 43
27 44
27 45
27 46
27 47
27 48
27 49
27 53
27 57
27 58
27 60
27 61
27 63
27 64
27 65
27 66
27 67
27 70
27 79
27 89
27 98
27 129
27 131
27 135
27 137
27 138
27 143
27 144
27 148
27 101
27 110
27 125
27 127
27 153
27 155
27 156
27 157
27 164
27 166
27 167
27 180
27 186
27 190
27 196
27 197
27 199
27 201
27 203
27 206
27 210
27 215
27 216
27 217
27 218
27 226
27 233
27 236
27 237
27 246
27 247
28 29
28 30
28 31
28 32
28 33
28 34
28 35
28 36
28 37
28 38
28 39
28 40
28 41
28 42
28 43
28 44
28 45
28 46
28 47
28 48
28 49
28 52
28 55
28 57
28 60
28 61
28 66
28 68
28 74
28 80
28 82
28 83
28 84
28 89
28 95
28 97
28 98
28 135
28 136
28 137
28 144
28 147
28 101
28 103
28 107
28 108
28 110
28 116
28 121
28 124
28 125
28 127
28 156
28 160
28 163
28 164
28 165
28 166
28 172
28 176
28 180
28 184
28 185
28 189
28 193
28 196
28 200
28 205
28 213
28 214
28 217
28 219
28 229
28 238
28 249
29 30
29 31
29 32
29 33
29 34
29 35
29 36
29 37
29 38
29 39
29 40
29 41
29 42
29 43
29 44
29 45
29 46
29 47
29 48
29 49
29 65
29 68
29 69
29 72
29 76
29 78
29 83
29 84
29 89
29 90
29 92
29 93
29 98
29 136
29 139
29 147
29 102
29 105
29 107
29 108
29 109
29 114
29 123
29 124
29 126
29 155
29 156
29 160
29 171
29 184
29 190
29 193
29 201
29 204
29 205
29 206
29 207
29 211
29 215
29 221
29 225
29 229
29 230
29 232
29 236
29 241
29 243
29 245
30 31
30 32
30 33
30 34
30 35
30 36
30 37
30 38
30 39
30 40
30 41
30 42
30 43
30 44
30 45
30 46
30 47
30 48
30 49
30 52
30 53
30 55
30 67
30 68
30 71
30 76
30 86
30 90
30 128
30 140
30 141
30 142
30 147
30 102
30 107
30 108
30 109
30 124
30 154
30 157
30 160
30 166
30 167
30 169
30 173
30 175
30 183
30 184
30 186
30 189
30 195
30 199
30 201
30 204
30 212
30 213
30 214
30 220
30 223
30 228
30 231
30 232
30 233
30 242
30 246
30 249
31 32
31 33
31 34
31 35
31 36
31 37
31 38
31 39
31 40
31 41
31 42
31 43
31 44
31 45
31 46
31 47
31 48
31 49
31 54
31 58
31 62
31 68
31 71
31 73
31 78
31 82
31 93
31 96
31 97
31 131
31 135
31 140
31 144
31 100
31 103
31 108
31 111
31 112
31 114
31 119
31 120
31 127
31 156
31 171
31 177
31 180
31 183
31 185
31 189
31 191
31 197
31 199
31 201
31 204
31 206
31 208
31 213
31 215
31 216
31 218
31 219
31 221
31 232
31 235
31 238
31 241
31 243
32 33
32 34
32 35
32 36
32 37
32 38
32 39
32 40
32 41
32 42
32 43
32 44
32 45
32 46
32 47
32 48
32 49
32 51
32 55
32 57
32 64
32 67
32 71
32 77
32 79
32 85
32 87
32 88
32 95
32 96
32 130
32 131
32 135
32 137
32 148
32 149
32 100
32 108
32 110
32 113
32 114
32 118
32 150
32 152
32 155
32 156
32 159
32 165
32 168
32 171
32 176
32 180
32 184
32 185
32 188
32 193
32 194
32 196
32 198
32 203
32 210
32 215
32 220
32 230
32 239
32 247
32 248
32 249
33 34
33 35
33 36
33 37
33 38
33 39
33 40
33 41
33 42
33 43
33 44
33 45
33 46
33 47
33 48
33 49
33 51
33 52
33 55
33 56
33 61
33 62
33 63
33 68
33 72
33 80
33 86
33 87
33 91
33 132
33 136
33 137
33 139
33 105
33 109
33 110
33 118
33 119
33 126
33 157
33 158
33 160
33 164
33 166
33 170
33 174
33 176
33 180
33 193
33 199
33 200
33 201
33 204
33 212
33 214
33 215
33 217
33 220
33 222
33 227
33 230
33 231
33 234
33 236
33 237
33 241
33 245
34 35
34 36
34 37
34 38
34 39
34 40
34 41
34 42
34 43
34 44
34 45
34 46
34 47
34 48
34 49
34 51
34 53
34 55
34 56
34 59
34 61
34 62
34 67
34 68
34 76
34 77
34 85
34 86
34 88
34 129
34 130
34 138
34 140
34 101
34 106
34 111
34 112
34 113
34 120
34 125
34 152
34 153
34 155
34 156
34 157
34 158
34 162
34 164
34 165
34 167
34 170
34 173
34 176
34 179
34 182
34 185
34 186
34 190
34 192
34 196
34 197
34 198
34 211
34 219
34 220
34 230
34 247
34 249
35 36
35 37
35 38
35 39
35 40
35 41
35 42
35 43
35 44
35 45
35 46
35 47
35 48
35 49
35 54
35 58
35 60
35 66
35 70
35 74
35 81
35 84
35 90
35 91
35 93
35 94
35 95
35 97
35 131
35 133
35 134
35 137
35 138
35 140
35 141
35 107
35 108
35 111
35 113
35 114
35 117
35 121
35 123
35 124
35 126
35 127
35 151
35 159
35 163
35 168
35 173
35 176
35 177
35 181
35 184
35 187
35 193
35 195
35 196
35 200
35 202
35 203
35 205
35 218
35 219
35 220
35 221
35 224
35 233
35 239
35 240
35 244
36 37
36 38
36 39
36 40
36 41
36 42
36 43
36 44
36 45
36 46
36 47
36 48
36 49
36 51
36 52
36 63
36 66
36 71
36 72
36 75
36 76
36 78
36 80
36 88
36 90
36 131
36 135
36 142
36 145
36 149
36 105
36 106
36 109
36 151
36 154
36 155
36 158
36 164
36 167
36 174
36 182
36 186
36 187
36 194
36 196
36 200
36 201
36 205
36 206
36 209
36 211
36 220
36 224
36 225
36 228
36 229
36 231
36 233
36 241
36 242
36 247
36 248
37 38
37 39
37 40
37 41
37 42
37 43
37 44
37 45
37 46
37 47
37 48
37 49
37 54
37 55
37 58
37 61
37 62
37 67
37 72
37 73
37 75
37 76
37 82
37 88
37 89
37 91
37 92
37 93
37 97
37 98
37 99
37 141
37 145
37 148
37 101
37 103
37 109
37 114
37 115
37 119
37 120
37 125
37 126
37 155
37 158
37 166
37 170
37 172
37 173
37 174
37 184
37 185
37 192
37 203
37 204
37 206
37 210
37 211
37 213
37 217
37 223
37 224
37 233
37 234
37 235
37 240
38 39
38 40
38 41
38 42
38 43
38 44
38 45
38 46
38 47
38 48
38 49
38 51
38 53
38 55
38 58
38 59
38 65
38 66
38 73
38 75
38 78
38 81
38 88
38 89
38 99
38 135
38 143
38 144
38 146
38 148
38 149
38 100
38 111
38 114
38 115
38 117
38 151
38 158
38 159
38 160
38 161
38 174
38 187
38 191
38 192
38 203
38 216
38 230
38 232
38 233
38 235
38 237
38 238
38 239
38 241
38 242
38 246
39 40
39 41
39 42
39 43
39 44
39 45
39 46
39 47
39 48
39 49
39 52
39 65
39 66
39 69
39 84
39 93
39 95
39 128
39 129
39 135
39 139
39 143
39 146
39 106
39 107
39 113
39 125
39 155
39 157
39 161
39 166
39 168
39 169
39 171
39 172
39 184
39 185
39 186
39 193
39 197
39 198
39 214
39 217
39 224
39 227
39 229
39 232
39 237
39 238
39 239
39 243
40 41
40 42
40 43
40 44
40 45
40 46
40 47
40 48
40 49
40 52
40 57
40 60
40 61
40 66
40 68
40 71
40 72
40 85
40 86
40 89
40 90
40 92
40 93
40 96
40 98
40 132
40 140
40 141
40 145
40 100
40 107
40 112
40 115
40 117
40 123
40 125
40 160
40 173
40 180
40 186
40 190
40 191
40 195
40 198
40 199
40 201
40 202
40 204
40 206
40 212
40 214
40 215
40 216
40 219
40 237
40 239
41 42
41 43
41 44
41 45
41 46
41 47
41 48
41 49
41 51
41 56
41 65
41 69
41 71
41 77
41 80
41 81
41 82
41 90
41 96
41 97
41 128
41 129
41 130
41 135
41 140
41 148
41 149
41 103
41 106
41 113
41 117
41 118
41 124
41 153
41 154
41 155
41 156
41 159
41 160
41 166
41 168
41 175
41 177
41 183
41 185
41 186
41 191
41 196
41 200
41 203
41 205
41 206
41 209
41 211
41 220
41 228
41 230
41 232
41 238
41 240
41 241
41 247
41 248
42 43
42 44
42 45
42 46
42 47
42 48
42 49
42 50
42 51
42 52
42 57
42 62
42 64
42 65
42 68
42 71
42 82
42 83
42 87
42 89
42 93
42 96
42 99
42 128
42 129
42 131
42 133
42 135
42 143
42 146
42 109
42 118
42 122
42 123
42 158
42 163
42 166
42 176
42 181
42 187
42 188
42 195
42 202
42 204
42 205
42 213
42 214
42 216
42 221
42 224
42 225
42 226
42 231
42 233
42 243
43 44
43 45
43 46
43 47
43 48
43 49
43 54
43 58
43 63
43 64
43 68
43 69
43 70
43 71
43 74
43 77
43 86
43 89
43 91
43 93
43 94
43 131
43 141
43 104
43 105
43 107
43 108
43 110
43 115
43 116
43 123
43 150
43 159
43 162
43 165
43 166
43 168
43 175
43 178
43 183
43 185
43 187
43 193
43 196
43 200
43 201
43 202
43 209
43 216
43 218
43 219
43 220
43 229
43 236
43 239
43 241
43 245
44 45
44 46
44 47
44 48
44 49
44 55
44 56
44 62
44 63
44 66
44 69
44 73
44 76
44 81
44 84
44 94
44 98
44 129
44 132
44 134
44 135
44 141
44 146
44 105
44 107
44 109
44 112
44 113
44 114
44 115
44 116
44 121
44 124
44 125
44 157
44 159
44 173
44 175
44 180
44 185
44 187
44 190
44 192
44 193
44 194
44 196
44 197
44 198
44 199
44 200
44 203
44 206
44 215
44 222
44 225
44 230
44 238
44 242
44 244
44 245
44 249
45 46
45 47
45 48
45 49
45 56
45 59
45 61
45 63
45 68
45 71
45 72
45 74
45 75
45 77
45 82
45 83
45 91
45 93
45 97
45 99
45 136
45 142
45 144
45 102
45 103
45 113
45 117
45 119
45 120
45 153
45 156
45 158
45 160
45 161
45 166
45 169
45 171
45 176
45 178
45 184
45 189
45 192
45 193
45 202
45 203
45 204
45 208
45 209
45 213
45 215
45 217
45 227
45 229
45 237
45 243
45 245
45 247
46 47
46 48
46 49
46 50
46 58
46 64
46 70
46 72
46 76
46 78
46 83
46 89
46 90
46 97
46 99
46 142
46 143
46 146
46 149
46 104
46 105
46 106
46 110
46 112
46 114
46 125
46 127
46 152
46 153
46 156
46 159
46 160
46 161
46 165
46 173
46 181
46 182
46 185
46 187
46 192
46 202
46 215
46 216
46 220
46 231
46 235
46 236
46 243
46 245
46 249
47 48
47 49
47 52
47 57
47 61
47 62
47 64
47 66
47 69
47 71
47 74
47 75
47 78
47 80
47 91
47 96
47 129
47 136
47 137
47 141
47 146
47 102
47 103
47 104
47 109
47 112
47 113
47 118
47 123
47 124
47 125
47 127
47 152
47 155
47 156
47 161
47 163
47 171
47 179
47 180
47 181
47 182
47 183
47 184
47 196
47 197
47 198
47 203
47 224
47 227
47 228
47 230
47 234
47 235
47 236
47 238
47 246
48 49
48 50
48 51
48 59
48 65
48 66
48 71
48 78
48 79
48 83
48 86
48 87
48 93
48 133
48 134
48 139
48 147
48 148
48 149
48 104
48 106
48 108
48 110
48 115
48 121
48 125
48 127
48 155
48 156
48 167
48 169
48 171
48 176
48 177
48 180
48 181
48 183
48 185
48 186
48 211
48 212
48 215
48 221
48 222
48 224
48 229
48 244
48 246
48 249
49 55
49 58
49 73
49 85
49 89
49 94
49 98
49 99
49 128
49 133
49 138
49 139
49 145
49 103
49 109
49 111
49 114
49 122
49 123
49 125
49 126
49 150
49 151
49 159
49 160
49 163
49 168
49 169
49 170
49 172
49 175
49 182
49 186
49 189
49 190
49 194
49 198
49 200
49 213
49 216
49 217
49 219
49 222
49 223
49 225
49 227
49 229
49 232
49 235
49 236
49 240
49 243
49 244
49 247
49 248
50 51
50 52
50 53
50 54
50 55
50 56
50 57
50 58
50 59
50 60
50 61
50 62
50 63
50 64
50 65
50 66
50 67
50 68
50 69
50 70
50 71
50 72
50 73
50 74
50 75
50 76
50 77
50 78
50 79
50 80
50 81
50 82
50 83
50 84
50 85
50 86
50 87
50 88
50 89
50 90
50 91
50 92
50 93
50 94
50 95
50 96
50 97
50 98
50 99
50 135
50 136
50 138
50 142
50 143
50 145
50 148
50 149
50 100
50 106
50 117
50 154
50 157
50 165
50 168
50 170
50 172
50 178
50 196
50 197
50 202
50 204
50 214
50 218
50 219
50 220
50 224
50 225
50 226
50 230
50 231
50 234
50 235
50 240
51 52
51 53
51 54
51 55
51 56
51 57
51 58
51 59
51 60
51 61
51 62
51 63
51 64
51 65
51 66
51 67
51 68
51 69
51 70
51 71
51 72
51 73
51 74
51 75
51 76
51 77
51 78
51 79
51 80
51 81
51 82
51 83
51 84
51 85
51 86
51 87
51 88
51 89
51 90
51 91
51 92
51 93
51 94
51 95
51 96
51 97
51 98
51 99
51 131
51 133
51 135
51 139
51 146
51 148
51 103
51 104
51 107
51 115
51 126
51 127
51 151
51 152
51 156
51 170
51 172
51 173
51 178
51 188
51 192
51 205
51 206
51 214
51 217
51 220
51 224
51 231
51 236
52 53
52 54
52 55
52 56
52 57
52 58
52 59
52 60
52 61
52 62
52 63
52 64
52 65
52 66
52 67
52 68
52 69
52 70
52 71
52 72
52 73
52 74
52 75
52 76
52 77
52 78
52 79
52 80
52 81
52 82
52 83
52 84
52 85
52 86
52 87
52 88
52 89
52 90
52 91
52 92
52 93
52 94
52 95
52 96
52 97
52 98
52 99
52 129
52 138
52 142
52 143
52 144
52 147
52 149
52 101
52 104
52 105
52 120
52 150
52 151
52 157
52 159
52 163
52 166
52 169
52 173
52 177
52 178
52 179
52 184
52 187
52 196
52 197
52 200
52 205
52 208
52 212
52 214
52 218
52 220
52 221
52 232
52 234
52 235
52 236
52 237
52 244
52 247
52 248
53 54
53 55
53 56
53 57
53 58
53 59
53 60
53 61
53 62
53 63
53 64
53 65
53 66
53 67
53 68
53 69
53 70
53 71
53 72
53 73
53 74
53 75
53 76
53 77
53 78
53 79
53 80
53 81
53 82
53 83
53 84
53 85
53 86
53 87
53 88
53 89
53 90
53 91
53 92
53 93
53 94
53 95
53 96
53 97
53 98
53 99
53 129
53 132
53 133
53 136
53 137
53 139
53 102
53 107
53 112
53 113
53 115
53 117
53 120
53 125
53 151
53 162
53 167
53 176
53 178
53 181
53 191
53 196
53 213
53 214
53 216
53 223
53 232
53 235
53 236
53 237
53 244
54 55
54 56
54 57
54 58
54 59
54 60
54 61
54 62
54 63
54 64
54 65
54 66
54 67
54 68
54 69
54 70
54 71
54 72
54 73
54 74
54 75
54 76
54 77
54 78
54 79
54 80
54 81
54 82
54 83
54 84
54 85
54 86
54 87
54 88
54 89
54 90
54 91
54 92
54 93
54 94
54 95
54 96
54 97
54 98
54 99
54 143
54 148
54 104
54 108
54 109
54 110
54 112
54 120
54 122
54 126
54 158
54 160
54 161
54 163
54 170
54 171
54 172
54 178
54 180
54 181
54 186
54 188
54 191
54 193
54 194
54 195
54 203
54 204
54 207
54 209
54 213
54 220
54 227
54 228
54 229
54 233
54 243
54 246
55 56
55 57
55 58
55 59
55 60
55 61
55 62
55 63
55 64
55 65
55 66
55 67
55 68
55 69
55 70
55 71
55 72
55 73
55 74
55 75
55 76
55 77
55 78
55 79
55 80
55 81
55 82
55 83
55 84
55 85
55 86
55 87
55 88
55 89
55 90
55 91
55 92
55 93
55 94
55 95
55 96
55 97
55 98
55 99
55 131
55 132
55 133
55 137
55 140
55 141
55 101
55 102
55 104
55 105
55 110
55 116
55 120
55 124
55 127
55 153
55 158
55 159
55 160
55 165
55 166
55 172
55 179
55 180
55 186
55 188
55 189
55 202
55 215
55 220
55 221
55 223
55 225
55 228
55 229
55 237
55 247
56 57
56 58
56 59
56 60
56 61
56 62
56 63
56 64
56 65
56 66
56 67
56 68
56 69
56 70
56 71
56 72
56 73
56 74
56 75
56 76
56 77
56 78
56 79
56 80
56 81
56 82
56 83
56 84
56 85
56 86
56 87
56 88
56 89
56 90
56 91
56 92
56 93
56 94
56 95
56 96
56 97
56 98
56 99
56 128
56 140
56 147
56 149
56 102
56 104
56 107
56 109
56 119
56 121
56 126
56 151
56 153
56 168
56 169
56 186
56 188
56 189
56 190
56 191
56 192
56 202
56 212
56 214
56 218
56 221
56 229
56 237
56 238
56 239
56 248
57 58
57 59
57 60
57 61
57 62
57 63
57 64
57 65
57 66
57 67
57 68
57 69
57 70
57 71
57 72
57 73
57 74
57 75
57 76
57 77
57 78
57 79
57 80
57 81
57 82
57 83
57 84
57 85
57 86
57 87
57 88
57 89
57 90
57 91
57 92
57 93
57 94
57 95
57 96
57 97
57 98
57 99
57 130
57 132
57 137
57 138
57 139
57 101
57 105
57 110
57 112
57 113
57 114
57 123
57 125
57 153
57 163
57 169
57 171
57 176
57 182
57 183
57 185
57 186
57 192
57 197
57 201
57 202
57 204
57 215
57 221
57 226
57 229
57 231
57 235
57 237
57 239
57 241
57 247
57 248
57 249
58 59
58 60
58 61
58 62
58 63
58 64
58 65
58 66
58 67
58 68
58 69
58 70
58 71
58 72
58 73
58 74
58 75
58 76
58 77
58 78
58 79
58 80
58 81
58 82
58 83
58 84
58 85
58 86
58 87
58 88
58 89
58 90
58 91
58 92
58 93
58 94
58 95
58 96
58 97
58 98
58 99
58 139
58 140
58 141
58 143
58 148
58 100
58 104
58 111
58 117
58 122
58 153
58 158
58 166
58 171
58 173
58 184
58 190
58 195
58 196
58 200
58 202
58 203
58 204
58 207
58 208
58 212
58 213
58 218
58 219
58 221
58 223
58 224
58 227
58 233
58 238
58 243
58 247
59 60
59 61
59 62
59 63
59 64
59 65
59 66
59 67
59 68
59 69
59 70
59 71
59 72
59 73
59 74
59 75
59 76
59 77
59 78
59 79
59 80
59 81
59 82
59 83
59 84
59 85
59 86
59 87
59 88
59 89
59 90
59 91
59 92
59 93
59 94
59 95
59 96
59 97
59 98
59 99
59 128
59 129
59 131
59 132
59 139
59 142
59 143
59 144
59 146
59 102
59 108
59 111
59 113
59 114
59 122
59 151
59 152
59 157
59 158
59 159
59 163
59 166
59 169
59 172
59 187
59 191
59 193
59 195
59 205
59 211
59 222
59 225
59 230
59 233
59 237
59 246
60 61
60 62
60 63
60 64
60 65
60 66
60 67
60 68
60 69
60 70
60 71
60 72
60 73
60 74
60 75
60 76
60 77
60 78
60 79
60 80
60 81
60 82
60 83
60 84
60 85
60 86
60 87
60 88
60 89
60 90
60 91
60 92
60 93
60 94
60 95
60 96
60 97
60 98
60 99
60 130
60 135
60 136
60 137
60 102
60 114
60 121
60 126
60 152
60 153
60 155
60 169
60 171
60 175
60 177
60 185
60 186
60 190
60 195
60 198
60 202
60 208
60 213
60 214
60 217
60 219
60 221
60 224
60 231
60 241
60 243
60 246
60 247
60 249
61 62
61 63
61 64
61 65
61 66
61 67
61 68
61 69
61 70
61 71
61 72
61 73
61 74
61 75
61 76
61 77
61 78
61 79
61 80
61 81
61 82
61 83
61 84
61 85
61 86
61 87
61 88
61 89
61 90
61 91
61 92
61 93
61 94
61 95
61 96
61 97
61 98
61 99
61 135
61 136
61 137
61 139
61 140
61 107
61 109
61 114
61 117
61 118
61 121
61 151
61 155
61 158
61 161
61 167
61 174
61 175
61 178
61 190
61 191
61 197
61 200
61 207
61 210
61 217
61 222
61 227
61 228
61 237
61 241
62 63
62 64
62 65
62 66
62 67
62 68
62 69
62 70
62 71
62 72
62 73
62 74
62 75
62 76
62 77
62 78
62 79
62 80
62 81
62 82
62 83
62 84
62 85
62 86
62 87
62 88
62 89
62 90
62 91
62 92
62 93
62 94
62 95
62 96
62 97
62 98
62 99
62 131
62 133
62 134
62 149
62 104
62 109
62 110
62 111
62 118
62 119
62 121
62 127
62 164
62 167
62 176
62 177
62 179
62 185
62 191
62 199
62 201
62 203
62 212
62 213
62 220
62 223
62 227
62 230
62 231
62 236
62 245
62 246
62 248
63 64
63 65
63 66
63 67
63 68
63 69
63 70
63 71
63 72
63 73
63 74
63 75
63 76
63 77
63 78
63 79
63 80
63 81
63 82
63 83
63 84
63 85
63 86
63 87
63 88
63 89
63 90
63 91
63 92
63 93
63 94
63 95
63 96
63 97
63 98
63 99
63 132
63 140
63 143
63 148
63 103
63 104
63 105
63 107
63 109
63 111
63 113
63 114
63 115
63 120
63 121
63 122
63 123
63 124
63 125
63 151
63 156
63 160
63 161
63 168
63 169
63 170
63 173
63 175
63 191
63 193
63 194
63 196
63 197
63 198
63 201
63 206
63 210
63 217
63 221
63 224
63 225
63 232
63 234
63 238
63 240
63 242
63 245
63 248
63 249
64 65
64 66
64 67
64 68
64 69
64 70
64 71
64 72
64 73
64 74
64 75
64 76
64 77
64 78
64 79
64 80
64 81
64 82
64 83
64 84
64 85
64 86
64 87
64 88
64 89
64 90
64 91
64 92
64 93
64 94
64 95
64 96
64 97
64 98
64 99
64 130
64 131
64 135
64 138
64 139
64 140
64 143
64 100
64 103
64 107
64 114
64 115
64 151
64 154
64 156
64 158
64 159
64 162
64 166
64 172
64 173
64 175
64 179
64 183
64 192
64 200
64 204
64 212
64 214
64 225
64 248
64 249
65 66
65 67
65 68
65 69
65 70
65 71
65 72
65 73
65 74
65 75
65 76
65 77
65 78
65 79
65 80
65 81
65 82
65 83
65 84
65 85
65 86
65 87
65 88
65 89
65 90
65 91
65 92
65 93
65 94
65 95
65 96
65 97
65 98
65 99
65 129
65 136
65 139
65 140
65 142
65 147
65 148
65 101
65 102
65 104
65 110
65 112
65 116
65 150
65 151
65 152
65 155
65 157
65 159
65 168
65 179
65 182
65 183
65 186
65 187
65 194
65 195
65 196
65 203
65 205
65 207
65 218
65 219
65 222
65 223
65 228
65 229
65 231
65 238
65 241
65 243
66 67
66 68
66 69
66 70
66 71
66 72
66 73
66 74
66 75
66 76
66 77
66 78
66 79
66 80
66 81
66 82
66 83
66 84
66 85
66 86
66 87
66 88
66 89
66 90
66 91
66 92
66 93
66 94
66 95
66 96
66 97
66 98
66 99
66 135
66 136
66 137
66 138
66 143
66 102
66 104
66 107
66 114
66 116
66 118
66 119
66 120
66 124
66 127
66 153
66 154
66 167
66 173
66 180
66 185
66 188
66 191
66 199
66 202
66 207
66 208
66 210
66 211
66 212
66 216
66 217
66 218
66 223
66 227
66 228
66 232
66 233
66 235
66 238
66 241
66 247
66 249
67 68
67 69
67 70
67 71
67 72
67 73
67 74
67 75
67 76
67 77
67 78
67 79
67 80
67 81
67 82
67 83
67 84
67 85
67 86
67 87
67 88
67 89
67 90
67 91
67 92
67 93
67 94
67 95
67 96
67 97
67 98
67 99
67 130
67 134
67 141
67 144
67 145
67 146
67 149
67 105
67 113
67 114
67 119
67 122
67 124
67 126
67 155
67 158
67 167
67 168
67 171
67 172
67 173
67 178
67 180
67 182
67 183
67 193
67 197
67 199
67 200
67 201
67 205
67 215
67 218
67 221
67 223
67 224
67 225
67 230
67 231
67 236
67 242
67 248
68 69
68 70
68 71
68 72
68 73
68 74
68 75
68 76
68 77
68 78
68 79
68 80
68 81
68 82
68 83
68 84
68 85
68 86
68 87
68 88
68 89
68 90
68 91
68 92
68 93
68 94
68 95
68 96
68 97
68 98
68 99
68 134
68 135
68 146
68 100
68 114
68 115
68 116
68 118
68 126
68 158
68 167
68 170
68 171
68 172
68 178
68 181
68 184
68 189
68 191
68 200
68 207
68 210
68 212
68 215
68 217
68 219
68 224
68 227
68 232
68 233
68 236
68 237
68 238
68 239
68 242
69 70
69 71
69 72
69 73
69 74
69 75
69 76
69 77
69 78
69 79
69 80
69 81
69 82
69 83
69 84
69 85
69 86
69 87
69 88
69 89
69 90
69 91
69 92
69 93
69 94
69 95
69 96
69 97
69 98
69 99
69 131
69 136
69 138
69 146
69 149
69 101
69 113
69 117
69 124
69 125
69 126
69 150
69 152
69 169
69 175
69 185
69 188
69 191
69 196
69 197
69 202
69 211
69 213
69 217
69 220
69 228
69 229
69 231
69 232
69 235
69 236
69 241
69 244
69 245
69 246
69 247
69 248
69 249
70 71
70 72
70 73
70 74
70 75
70 76
70 77
70 78
70 79
70 80
70 81
70 82
70 83
70 84
70 85
70 86
70 87
70 88
70 89
70 90
70 91
70 92
70 93
70 94
70 95
70 96
70 97
70 98
70 99
70 132
70 135
70 138
70 140
70 147
70 148
70 149
70 100
70 104
70 116
70 120
70 152
70 162
70 164
70 192
70 198
70 201
70 205
70 214
70 219
70 220
70 226
70 235
70 241
71 72
71 73
71 74
71 75
71 76
71 77
71 78
71 79
71 80
71 81
71 82
71 83
71 84
71 85
71 86
71 87
71 88
71 89
71 90
71 91
71 92
71 93
71 94
71 95
71 96
71 97
71 98
71 99
71 130
71 136
71 138
71 143
71 146
71 147
71 104
71 106
71 113
71 114
71 118
71 124
71 151
71 153
71 154
71 155
71 162
71 184
71 190
71 192
71 193
71 204
71 208
71 211
71 212
71 214
71 215
71 221
71 227
71 234
71 237
71 242
72 73
72 74
72 75
72 76
72 77
72 78
72 79
72 80
72 81
72 82
72 83
72 84
72 85
72 86
72 87
72 88
72 89
72 90
72 91
72 92
72 93
72 94
72 95
72 96
72 97
72 98
72 99
72 131
72 133
72 140
72 145
72 104
72 107
72 109
72 123
72 154
72 157
72 158
72 163
72 172
72 182
72 184
72 185
72 191
72 193
72 195
72 197
72 198
72 203
72 207
72 208
72 209
72 210
72 213
72 215
72 219
72 222
72 224
72 233
72 235
72 242
72 246
73 74
73 75
73 76
73 77
73 78
73 79
73 80
73 81
73 82
73 83
73 84
73 85
73 86
73 87
73 88
73 89
73 90
73 91
73 92
73 93
73 94
73 95
73 96
73 97
73 98
73 99
73 136
73 141
73 145
73 100
73 112
73 117
73 118
73 124
73 126
73 153
73 155
73 159
73 161
73 163
73 165
73 167
73 176
73 185
73 186
73 192
73 195
73 197
73 198
73 205
73 208
73 220
73 224
73 225
73 238
73 241
73 244
73 246
74 75
74 76
74 77
74 78
74 79
74 80
74 81
74 82
74 83
74 84
74 85
74 86
74 87
74 88
74 89
74 90
74 91
74 92
74 93
74 94
74 95
74 96
74 97
74 98
74 99
74 130
74 131
74 132
74 136
74 137
74 138
74 142
74 145
74 101
74 102
74 111
74 112
74 117
74 120
74 125
74 150
74 152
74 155
74 161
74 164
74 165
74 169
74 172
74 181
74 182
74 194
74 195
74 197
74 198
74 199
74 200
74 202
74 214
74 215
74 216
74 221
74 223
74 233
74 236
74 237
74 238
74 245
74 246
74 248
75 76
75 77
75 78
75 79
75 80
75 81
75 82
75 83
75 84
75 85
75 86
75 87
75 88
75 89
75 90
75 91
75 92
75 93
75 94
75 95
75 96
75 97
75 98
75 99
75 128
75 131
75 133
75 138
75 140
75 142
75 143
75 145
75 146
75 148
75 149
75 106
75 111
75 112
75 116
75 119
75 127
75 152
75 157
75 159
75 162
75 172
75 173
75 177
75 178
75 181
75 187
75 203
75 204
75 208
75 210
75 211
75 216
75 222
75 230
75 231
75 233
75 238
75 240
75 241
76 77
76 78
76 79
76 80
76 81
76 82
76 83
76 84
76 85
76 86
76 87
76 88
76 89
76 90
76 91
76 92
76 93
76 94
76 95
76 96
76 97
76 98
76 99
76 142
76 143
76 145
76 114
76 115
76 125
76 150
76 152
76 153
76 158
76 166
76 168
76 171
76 172
76 173
76 176
76 178
76 183
76 184
76 186
76 187
76 194
76 195
76 200
76 203
76 205
76 214
76 217
76 227
76 233
76 237
76 239
76 240
76 241
76 243
76 247
77 78
77 79
77 80
77 81
77 82
77 83
77 84
77 85
77 86
77 87
77 88
77 89
77 90
77 91
77 92
77 93
77 94
77 95
77 96
77 97
77 98
77 99
77 132
77 133
77 136
77 147
77 149
77 100
77 103
77 110
77 117
77 119
77 120
77 122
77 154
77 158
77 161
77 162
77 166
77 173
77 174
77 176
77 180
77 181
77 184
77 187
77 193
77 194
77 195
77 197
77 198
77 212
77 218
77 219
77 222
77 229
77 230
77 232
77 235
77 245
78 79
78 80
78 81
78 82
78 83
78 84
78 85
78 86
78 87
78 88
78 89
78 90
78 91
78 92
78 93
78 94
78 95
78 96
78 97
78 98
78 99
78 133
78 137
78 141
78 100
78 104
78 109
78 112
78 115
78 126
78 152
78 153
78 157
78 159
78 168
78 177
78 178
78 183
78 184
78 185
78 191
78 196
78 201
78 203
78 218
78 221
78 222
78 226
78 233
78 236
78 242
78 243
78 245
79 80
79 81
79 82
79 83
79 84
79 85
79 86
79 87
79 88
79 89
79 90
79 91
79 92
79 93
79 94
79 95
79 96
79 97
79 98
79 99
79 130
79 134
79 136
79 142
79 143
79 144
79 146
79 106
79 107
79 118
79 122
79 123
79 127
79 150
79 153
79 155
79 159
79 171
79 183
79 187
79 188
79 204
79 205
79 208
79 211
79 213
79 225
79 228
79 232
79 237
79 241
79 242
79 243
79 246
80 81
80 82
80 83
80 84
80 85
80 86
80 87
80 88
80 89
80 90
80 91
80 92
80 93
80 94
80 95
80 96
80 97
80 98
80 99
80 129
80 130
80 131
80 134
80 135
80 141
80 101
80 112
80 113
80 114
80 119
80 123
80 161
80 162
80 167
80 168
80 169
80 174
80 177
80 181
80 183
80 191
80 196
80 207
80 212
80 222
80 224
80 226
80 227
80 230
80 232
80 234
80 235
80 237
80 239
80 241
80 245
81 82
81 83
81 84
81 85
81 86
81 87
81 88
81 89
81 90
81 91
81 92
81 93
81 94
81 95
81 96
81 97
81 98
81 99
81 132
81 133
81 137
81 139
81 143
81 100
81 101
81 104
81 114
81 122
81 157
81 162
81 165
81 166
81 179
81 182
81 186
81 189
81 190
81 191
81 194
81 202
81 206
81 209
81 212
81 216
81 220
81 223
81 227
81 231
81 243
81 248
81 249
82 83
82 84
82 85
82 86
82 87
82 88
82 89
82 90
82 91
82 92
82 93
82 94
82 95
82 96
82 97
82 98
82 99
82 130
82 134
82 135
82 139
82 101
82 104
82 106
82 110
82 111
82 121
82 124
82 126
82 153
82 154
82 156
82 159
82 163
82 164
82 166
82 169
82 174
82 177
82 183
82 187
82 189
82 195
82 197
82 202
82 206
82 208
82 209
82 213
82 214
82 216
82 217
82 224
82 225
82 234
82 236
82 243
82 245
82 246
82 248
83 84
83 85
83 86
83 87
83 88
83 89
83 90
83 91
83 92
83 93
83 94
83 95
83 96
83 97
83 98
83 99
83 128
83 129
83 130
83 136
83 138
83 139
83 142
83 144
83 147
83 148
83 100
83 107
83 156
83 159
83 165
83 168
83 170
83 177
83 185
83 186
83 187
83 188
83 189
83 194
83 197
83 199
83 210
83 211
83 214
83 222
83 227
83 232
83 235
83 236
83 237
83 239
83 242
83 246
84 85
84 86
84 87
84 88
84 89
84 90
84 91
84 92
84 93
84 94
84 95
84 96
84 97
84 98
84 99
84 130
84 138
84 139
84 145
84 101
84 103
84 106
84 112
84 115
84 120
84 150
84 152
84 156
84 161
84 163
84 168
84 171
84 173
84 178
84 185
84 190
84 204
84 205
84 206
84 210
84 220
84 223
84 235
84 239
84 240
84 241
84 245
84 247
85 86
85 87
85 88
85 89
85 90
85 91
85 92
85 93
85 94
85 95
85 96
85 97
85 98
85 99
85 131
85 133
85 145
85 148
85 102
85 111
85 114
85 119
85 124
85 127
85 155
85 156
85 165
85 167
85 169
85 173
85 180
85 182
85 187
85 190
85 196
85 197
85 198
85 199
85 201
85 209
85 216
85 218
85 222
85 224
85 225
85 226
85 229
85 231
85 234
85 235
85 247
85 249
86 87
86 88
86 89
86 90
86 91
86 92
86 93
86 94
86 95
86 96
86 97
86 98
86 99
86 129
86 130
86 132
86 138
86 139
86 148
86 100
86 101
86 104
86 105
86 110
86 113
86 115
86 119
86 122
86 127
86 152
86 157
86 163
86 165
86 166
86 169
86 170
86 175
86 176
86 190
86 206
86 214
86 216
86 218
86 219
86 220
86 238
86 243
86 247
86 249
87 88
87 89
87 90
87 91
87 92
87 93
87 94
87 95
87 96
87 97
87 98
87 99
87 129
87 132
87 138
87 139
87 145
87 111
87 115
87 118
87 124
87 126
87 150
87 156
87 159
87 162
87 177
87 178
87 185
87 191
87 195
87 197
87 208
87 209
87 210
87 211
87 215
87 222
87 226
87 228
87 231
87 235
87 239
87 240
88 89
88 90
88 91
88 92
88 93
88 94
88 95
88 96
88 97
88 98
88 99
88 141
88 142
88 144
88 145
88 149
88 105
88 123
88 125
88 153
88 155
88 169
88 177
88 179
88 182
88 183
88 186
88 192
88 198
88 207
88 208
88 210
88 220
88 221
88 228
88 232
88 233
88 241
88 244
88 245
89 90
89 91
89 92
89 93
89 94
89 95
89 96
89 97
89 98
89 99
89 128
89 141
89 146
89 147
89 104
89 109
89 110
89 111
89 112
89 119
89 122
89 124
89 151
89 153
89 156
89 157
89 158
89 161
89 163
89 166
89 176
89 203
89 205
89 237
89 238
89 240
89 248
89 249
90 91
90 92
90 93
90 94
90 95
90 96
90 97
90 98
90 99
90 128
90 131
90 134
90 135
90 136
90 139
90 141
90 142
90 144
90 147
90 101
90 108
90 111
90 121
90 125
90 127
90 151
90 152
90 154
90 159
90 160
90 162
90 166
90 171
90 179
90 182
90 185
90 190
90 193
90 196
90 198
90 207
90 210
90 216
90 221
90 224
90 226
90 234
90 237
90 241
90 242
90 244
90 249
91 92
91 93
91 94
91 95
91 96
91 97
91 98
91 99
91 128
91 134
91 136
91 139
91 144
91 146
91 100
91 101
91 107
91 108
91 113
91 119
91 121
91 127
91 154
91 156
91 161
91 163
91 164
91 170
91 177
91 179
91 184
91 191
91 193
91 196
91 199
91 203
91 208
91 217
91 224
91 226
91 227
91 234
91 235
91 237
91 239
91 242
91 244
91 249
92 93
92 94
92 95
92 96
92 97
92 98
92 99
92 134
92 138
92 143
92 100
92 101
92 102
92 104
92 106
92 108
92 110
92 113
92 115
92 126
92 151
92 160
92 170
92 179
92 181
92 184
92 185
92 186
92 192
92 198
92 201
92 203
92 208
92 212
92 220
92 225
92 229
92 239
92 240
92 246
93 94
93 95
93 96
93 97
93 98
93 99
93 133
93 135
93 136
93 137
93 141
93 142
93 144
93 102
93 110
93 113
93 120
93 121
93 124
93 158
93 161
93 170
93 173
93 174
93 175
93 179
93 182
93 183
93 192
93 206
93 207
93 212
93 218
93 220
93 222
93 224
93 227
93 241
93 246
93 248
93 249
94 95
94 96
94 97
94 98
94 99
94 134
94 140
94 144
94 149
94 102
94 104
94 106
94 110
94 111
94 116
94 121
94 122
94 123
94 125
94 152
94 155
94 156
94 162
94 163
94 168
94 173
94 175
94 176
94 177
94 179
94 190
94 199
94 200
94 201
94 204
94 210
94 212
94 219
94 221
94 222
94 233
94 240
94 245
94 248
95 96
95 97
95 98
95 99
95 128
95 131
95 138
95 142
95 145
95 146
95 102
95 110
95 117
95 153
95 156
95 159
95 173
95 174
95 179
95 182
95 184
95 188
95 193
95 194
95 195
95 198
95 202
95 211
95 214
95 215
95 219
95 224
95 227
95 229
95 232
95 235
95 237
95 241
95 245
96 97
96 98
96 99
96 132
96 136
96 112
96 113
96 125
96 126
96 151
96 154
96 160
96 161
96 168
96 172
96 173
96 178
96 181
96 183
96 190
96 200
96 203
96 208
96 217
96 219
96 221
96 224
96 227
96 228
96 229
96 233
96 240
96 244
96 245
97 98
97 99
97 129
97 130
97 136
97 140
97 144
97 147
97 101
97 112
97 113
97 120
97 123
97 125
97 155
97 162
97 169
97 172
97 173
97 174
97 179
97 182
97 186
97 189
97 191
97 201
97 206
97 209
97 218
97 234
97 235
97 236
97 242
97 245
98 99
98 146
98 147
98 100
98 102
98 104
98 105
98 107
98 110
98 111
98 115
98 118
98 125
98 150
98 151
98 161
98 164
98 166
98 167
98 172
98 175
98 177
98 178
98 180
98 183
98 185
98 193
98 195
98 200
98 204
98 205
98 214
98 216
98 221
98 224
98 226
98 230
98 231
98 236
98 238
98 241
98 243
98 244
98 246
99 133
99 135
99 137
99 139
99 140
99 147
99 149
99 100
99 104
99 105
99 106
99 108
99 109
99 114
99 116
99 124
99 126
99 156
99 162
99 178
99 181
99 183
99 186
99 188
99 191
99 193
99 194
99 198
99 199
99 206
99 208
99 212
99 214
99 216
99 219
99 220
99 225
99 230
99 235
99 241
99 242
99 243
99 249
128 129
128 130
128 131
128 132
128 133
128 134
128 135
128 136
128 137
128 138
128 139
128 140
128 141
128 142
128 143
128 144
128 145
128 146
128 147
128 148
128 149
128 100
128 101
128 102
128 103
128 104
128 105
128 106
128 107
128 108
128 109
128 110
128 111
128 112
128 113
128 114
128 115
128 116
128 117
128 118
128 119
128 120
128 121
128 122
128 123
128 124
128 125
128 126
128 127
128 153
128 156
128 157
128 159
128 168
128 172
128 175
128 178
128 183
128 184
128 188
128 190
128 192
128 193
128 207
128 211
128 213
128 214
128 222
128 224
128 230
128 247
129 130
129 131
129 132
129 133
129 134
129 135
129 136
129 137
129 138
129 139
129 140
129 141
129 142
129 143
129 144
129 145
129 146
129 147
129 148
129 149
129 100
129 101
129 102
129 103
129 104
129 105
129 106
129 107
129 108
129 109
129 110
129 111
129 112
129 113
129 114
129 115
129 116
129 117
129 118
129 119
129 120
129 121
129 122
129 123
129 124
129 125
129 126
129 127
129 150
129 159
129 163
129 164
129 171
129 172
129 174
129 175
129 177
129 178
129 180
129 181
129 184
129 188
129 195
129 196
129 197
129 198
129 202
129 204
129 206
129 210
129 213
129 219
129 229
129 231
129 233
129 235
129 238
129 245
129 247
129 248
130 131
130 132
130 133
130 134
130 135
130 136
130 137
130 138
130 139
130 140
130 141
130 142
130 143
130 144
130 145
130 146
130 147
130 148
130 149
130 100
130 101
130 102
130 103
130 104
130 105
130 106
130 107
130 108
130 109
130 110
130 111
130 112
130 113
130 114
130 115
130 116
130 117
130 118
130 119
130 120
130 121
130 122
130 123
130 124
130 125
130 126
130 127
130 151
130 155
130 158
130 160
130 161
130 172
130 182
130 184
130 185
130 188
130 191
130 194
130 198
130 199
130 201
130 207
130 209
130 213
130 215
130 217
130 218
130 227
130 228
130 235
130 238
130 240
130 248
131 132
131 133
131 134
131 135
131 136
131 137
131 138
131 139
131 140
131 141
131 142
131 143
131 144
131 145
131 146
131 147
131 148
131 149
131 100
131 101
131 102
131 103
131 104
131 105
131 106
131 107
131 108
131 109
131 110
131 111
131 112
131 113
131 114
131 115
131 116
131 117
131 118
131 119
131 120
131 121
131 122
131 123
131 124
131 125
131 126
131 127
131 163
131 166
131 168
131 172
131 174
131 178
131 189
131 192
131 200
131 202
131 212
131 214
131 216
131 218
131 223
131 233
131 235
131 240
131 244
132 133
132 134
132 135
132 136
132 137
132 138
132 139
132 140
132 141
132 142
132 143
132 144
132 145
132 146
132 147
132 148
132 149
132 100
132 101
132 102
132 103
132 104
132 105
132 106
132 107
132 108
132 109
132 110
132 111
132 112
132 113
132 114
132 115
132 116
132 117
132 118
132 119
132 120
132 121
132 122
132 123
132 124
132 125
132 126
132 127
132 153
132 157
132 161
132 168
132 176
132 177
132 178
132 180
132 189
132 193
132 194
132 202
132 203
132 208
132 210
132 213
132 215
132 220
132 222
132 223
132 224
132 228
132 229
132 232
132 236
132 240
132 245
132 248
133 134
133 135
133 136
133 137
133 138
133 139
133 140
133 141
133 142
133 143
133 144
133 145
133 146
133 147
133 148
133 149
133 100
133 101
133 102
133 103
133 104
133 105
133 106
133 107
133 108
133 109
133 110
133 111
133 112
133 113
133 114
133 115
133 116
133 117
133 118
133 119
133 120
133 121
133 122
133 123
133 124
133 125
133 126
133 127
133 151
133 153
133 154
133 155
133 157
133 159
133 161
133 170
133 182
133 185
133 188
133 192
133 196
133 202
133 206
133 216
133 217
133 220
133 221
133 222
133 232
133 234
133 237
133 242
133 243
133 248
134 135
134 136
134 137
134 138
134 139
134 140
134 141
134 142
134 143
134 144
134 145
134 146
134 147
134 148
134 149
134 100
134 101
134 102
134 103
134 104
134 105
134 106
134 107
134 108
134 109
134 110
134 111
134 112
134 113
134 114
134 115
134 116
134 117
134 118
134 119
134 120
134 121
134 122
134 123
134 124
134 125
134 126
134 127
134 154
134 160
134 165
134 172
134 174
134 179
134 185
134 187
134 188
134 189
134 191
134 194
134 195
134 196
134 197
134 198
134 204
134 209
134 222
134 225
134 229
134 235
134 237
134 243
134 248
135 136
135 137
135 138
135 139
135 140
135 141
135 142
135 143
135 144
135 145
135 146
135 147
135 148
135 149
135 100
135 101
135 102
135 103
135 104
135 105
135 106
135 107
135 108
135 109
135 110
135 111
135 112
135 113
135 114
135 115
135 116
135 117
135 118
135 119
135 120
135 121
135 122
135 123
135 124
135 125
135 126
135 127
135 151
135 152
135 157
135 163
135 168
135 169
135 172
135 177
135 178
135 192
135 195
135 200
135 201
135 202
135 204
135 207
135 211
135 214
135 215
135 236
135 245
135 246
136 137
136 138
136 139
136 140
136 141
136 142
136 143
136 144
136 145
136 146
136 147
136 148
136 149
136 100
136 101
136 102
136 103
136 104
136 105
136 106
136 107
136 108
136 109
136 110
136 111
136 112
136 113
136 114
136 115
136 116
136 117
136 118
136 119
136 120
136 121
136 122
136 123
136 124
136 125
136 126
136 127
136 156
136 157
136 160
136 161
136 164
136 172
136 176
136 178
136 180
136 183
136 184
136 188
136 191
136 193
136 194
136 198
136 201
136 204
136 212
136 213
136 214
136 215
136 218
136 219
136 224
136 226
136 229
136 235
136 239
136 241
136 246
136 247
137 138
137 139
137 140
137 141
137 142
137 143
137 144
137 145
137 146
137 147
137 148
137 149
137 100
137 101
137 102
137 103
137 104
137 105
137 106
137 107
137 108
137 109
137 110
137 111
137 112
137 113
137 114
137 115
137 116
137 117
137 118
137 119
137 120
137 121
137 122
137 123
137 124
137 125
137 126
137 127
137 151
137 153
137 162
137 166
137 172
137 176
137 177
137 183
137 185
137 189
137 194
137 195
137 198
137 200
137 202
137 206
137 208
137 212
137 214
137 215
137 216
137 217
137 218
137 219
137 223
137 228
137 229
137 234
137 237
137 240
137 242
137 245
138 139
138 140
138 141
138 142
138 143
138 144
138 145
138 146
138 147
138 148
138 149
138 100
138 101
138 102
138 103
138 104
138 105
138 106
138 107
138 108
138 109
138 110
138 111
138 112
138 113
138 114
138 115
138 116
138 117
138 118
138 119
138 120
138 121
138 122
138 123
138 124
138 125
138 126
138 127
138 151
138 157
138 163
138 166
138 167
138 168
138 169
138 179
138 181
138 186
138 187
138 193
138 199
138 202
138 204
138 207
138 208
138 212
138 214
138 215
138 218
138 220
138 223
138 226
138 227
138 230
138 236
138 238
138 240
138 245
138 249
139 140
139 141
139 142
139 143
139 144
139 145
139 146
139 147
139 148
139 149
139 100
139 101
139 102
139 103
139 104
139 105
139 106
139 107
139 108
139 109
139 110
139 111
139 112
139 113
139 114
139 115
139 116
139 117
139 118
139 119
139 120
139 121
139 122
139 123
139 124
139 125
139 126
139 127
139 150
139 156
139 161
139 162
139 163
139 177
139 182
139 184
139 194
139 195
139 203
139 217
139 220
139 230
139 239
139 241
139 245
139 246
139 247
140 141
140 142
140 143
140 144
140 145
140 146
140 147
140 148
140 149
140 100
140 101
140 102
140 103
140 104
140 105
140 106
140 107
140 108
140 109
140 110
140 111
140 112
140 113
140 114
140 115
140 116
140 117
140 118
140 119
140 120
140 121
140 122
140 123
140 124
140 125
140 126
140 127
140 150
140 153
140 154
140 161
140 162
140 167
140 170
140 174
140 178
140 180
140 181
140 182
140 184
140 188
140 195
140 200
140 203
140 204
140 206
140 207
140 208
140 214
140 217
140 219
140 220
140 223
140 225
140 226
140 235
140 237
140 241
140 244
140 246
141 142
141 143
141 144
141 145
141 146
141 147
141 148
141 149
141 100
141 101
141 102
141 103
141 104
141 105
141 106
141 107
141 108
141 109
141 110
141 111
141 112
141 113
141 114
141 115
141 116
141 117
141 118
141 119
141 120
141 121
141 122
141 123
141 124
141 125
141 126
141 127
141 151
141 152
141 157
141 172
141 186
141 189
141 192
141 195
141 199
141 200
141 203
141 206
141 209
141 211
141 213
141 216
141 217
141 219
141 221
141 222
141 233
141 234
141 236
141 239
141 241
141 242
141 243
142 143
142 144
142 145
142 146
142 147
142 148
142 149
142 100
142 101
142 102
142 103
142 104
142 105
142 106
142 107
142 108
142 109
142 110
142 111
142 112
142 113
142 114
142 115
142 116
142 117
142 118
142 119
142 120
142 121
142 122
142 123
142 124
142 125
142 126
142 127
142 150
142 152
142 155
142 163
142 164
142 166
142 176
142 177
142 181
142 182
142 185
142 188
142 194
142 197
142 198
142 205
142 209
142 211
142 215
142 218
142 219
142 222
142 223
142 230
142 231
142 234
142 238
142 239
142 243
142 246
142 248
143 144
143 145
143 146
143 147
143 148
143 149
143 100
143 101
143 102
143 103
143 104
143 105
143 106
143 107
143 108
143 109
143 110
143 111
143 112
143 113
143 114
143 115
143 116
143 117
143 118
143 119
143 120
143 121
143 122
143 123
143 124
143 125
143 126
143 127
143 150
143 154
143 169
143 171
143 173
143 175
143 180
143 193
143 194
143 199
143 201
143 204
143 232
143 239
143 244
143 249
144 145
144 146
144 147
144 148
144 149
144 100
144 101
144 102
144 103
144 104
144 105
144 106
144 107
144 108
144 109
144 110
144 111
144 112
144 113
144 114
144 115
144 116
144 117
144 118
144 119
144 120
144 121
144 122
144 123
144 124
144 125
144 126
144 127
144 153
144 160
144 173
144 174
144 177
144 188
144 192
144 194
144 196
144 201
144 205
144 220
144 229
144 230
144 232
144 236
144 241
144 243
145 146
145 147
145 148
145 149
145 100
145 101
145 102
145 103
145 104
145 105
145 106
145 107
145 108
145 109
145 110
145 111
145 112
145 113
145 114
145 115
145 116
145 117
145 118
145 119
145 120
145 121
145 122
145 123
145 124
145 125
145 126
145 127
145 151
145 153
145 156
145 157
145 165
145 169
145 172
145 174
145 177
145 189
145 192
145 193
145 199
145 200
145 205
145 206
145 209
145 211
145 228
145 232
145 236
145 248
145 249
146 147
146 148
146 149
146 100
146 101
146 102
146 103
146 104
146 105
146 106
146 107
146 108
146 109
146 110
146 111
146 112
146 113
146 114
146 115
146 116
146 117
146 118
146 119
146 120
146 121
146 122
146 123
146 124
146 125
146 126
146 127
146 150
146 154
146 159
146 171
146 175
146 182
146 185
146 189
146 208
146 210
146 216
146 224
146 227
146 237
146 238
146 241
147 148
147 149
147 100
147 101
147 102
147 103
147 104
147 105
147 106
147 107
147 108
147 109
147 110
147 111
147 112
147 113
147 114
147 115
147 116
147 117
147 118
147 119
147 120
147 121
147 122
147 123
147 124
147 125
147 126
147 127
147 151
147 155
147 160
147 162
147 166
147 168
147 172
147 177
147 178
147 183
147 194
147 207
147 215
147 216
147 217
147 220
147 222
147 223
147 225
147 230
147 233
147 240
147 242
147 244
147 246
147 248
148 149
148 100
148 101
148 102
148 103
148 104
148 105
148 106
148 107
148 108
148 109
148 110
148 111
148 112
148 113
148 114
148 115
148 116
148 117
148 118
148 119
148 120
148 121
148 122
148 123
148 124
148 125
148 126
148 127
148 151
148 157
148 163
148 168
148 170
148 174
148 176
148 181
148 184
148 185
148 193
148 194
148 213
148 216
148 221
148 222
148 226
148 232
148 238
148 241
148 242
148 244
149 100
149 101
149 102
149 103
149 104
149 105
149 106
149 107
149 108
149 109
149 110
149 111
149 112
149 113
149 114
149 115
149 116
149 117
149 118
149 119
149 120
149 121
149 122
149 123
149 124
149 125
149 126
149 127
149 167
149 176
149 183
149 185
149 193
149 199
149 204
149 210
149 214
149 217
149 219
149 223
149 229
149 230
149 236
149 247
149 248
100 101
100 102
100 103
100 104
100 105
100 106
100 107
100 108
100 109
100 110
100 111
100 112
100 113
100 114
100 115
100 116
100 117
100 118
100 119
100 120
100 121
100 122
100 123
100 124
100 125
100 126
100 127
100 154
100 160
100 163
100 171
100 173
100 175
100 179
100 181
100 182
100 187
100 193
100 197
100 202
100 211
100 230
100 234
100 235
100 238
100 241
100 243
100 247
101 102
101 103
101 104
101 105
101 106
101 107
101 108
101 109
101 110
101 111
101 112
101 113
101 114
101 115
101 116
101 117
101 118
101 119
101 120
101 121
101 122
101 123
101 124
101 125
101 126
101 127
101 150
101 153
101 156
101 162
101 165
101 169
101 171
101 183
101 185
101 189
101 204
101 208
101 210
101 220
101 225
101 228
101 233
101 236
101 237
101 238
101 245
101 249
102 103
102 104
102 105
102 106
102 107
102 108
102 109
102 110
102 111
102 112
102 113
102 114
102 115
102 116
102 117
102 118
102 119
102 120
102 121
102 122
102 123
102 124
102 125
102 126
102 127
102 150
102 151
102 154
102 156
102 161
102 170
102 174
102 176
102 178
102 202
102 212
102 214
102 215
102 217
102 218
102 220
102 226
102 227
102 231
102 233
102 237
102 239
102 241
102 249
103 104
103 105
103 106
103 107
103 108
103 109
103 110
103 111
103 112
103 113
103 114
103 115
103 116
103 117
103 118
103 119
103 120
103 121
103 122
103 123
103 124
103 125
103 126
103 127
103 153
103 157
103 162
103 163
103 178
103 181
103 187
103 195
103 196
103 197
103 201
103 205
103 209
103 210
103 213
103 217
103 218
103 227
103 235
103 237
103 238
103 241
103 243
103 245
104 105
104 106
104 107
104 108
104 109
104 110
104 111
104 112
104 113
104 114
104 115
104 116
104 117
104 118
104 119
104 120
104 121
104 122
104 123
104 124
104 125
104 126
104 127
104 150
104 156
104 159
104 163
104 165
104 175
104 177
104 178
104 180
104 185
104 188
104 192
104 204
104 206
104 210
104 214
104 218
104 221
104 223
104 226
104 229
104 230
104 232
104 238
104 240
104 247
105 106
105 107
105 108
105 109
105 110
105 111
105 112
105 113
105 114
105 115
105 116
105 117
105 118
105 119
105 120
105 121
105 122
105 123
105 124
105 125
105 126
105 127
105 156
105 157
105 162
105 163
105 165
105 169
105 170
105 178
105 179
105 182
105 183
105 189
105 200
105 202
105 204
105 210
105 211
105 212
105 213
105 217
105 223
105 231
105 232
105 235
105 240
105 242
105 245
106 107
106 108
106 109
106 110
106 111
106 112
106 113
106 114
106 115
106 116
106 117
106 118
106 119
106 120
106 121
106 122
106 123
106 124
106 125
106 126
106 127
106 152
106 154
106 159
106 160
106 161
106 162
106 163
106 166
106 169
106 174
106 176
106 177
106 178
106 182
106 183
106 188
106 190
106 200
106 204
106 205
106 210
106 212
106 213
106 214
106 215
106 219
106 230
106 234
106 236
106 237
106 241
106 248
107 108
107 109
107 110
107 111
107 112
107 113
107 114
107 115
107 116
107 117
107 118
107 119
107 120
107 121
107 122
107 123
107 124
107 125
107 126
107 127
107 150
107 153
107 156
107 158
107 159
107 161
107 162
107 163
107 165
107 167
107 169
107 172
107 175
107 178
107 184
107 185
107 188
107 190
107 193
107 195
107 198
107 200
107 204
107 205
107 207
107 209
107 214
107 215
107 216
107 219
107 223
107 231
107 235
107 236
107 242
107 243
108 109
108 110
108 111
108 112
108 113
108 114
108 115
108 116
108 117
108 118
108 119
108 120
108 121
108 122
108 123
108 124
108 125
108 126
108 127
108 154
108 155
108 157
108 163
108 170
108 171
108 180
108 181
108 188
108 191
108 197
108 201
108 203
108 210
108 212
108 216
108 218
108 229
108 230
108 232
108 233
108 237
108 238
109 110
109 111
109 112
109 113
109 114
109 115
109 116
109 117
109 118
109 119
109 120
109 121
109 122
109 123
109 124
109 125
109 126
109 127
109 152
109 153
109 158
109 159
109 163
109 168
109 174
109 176
109 180
109 181
109 194
109 199
109 215
109 218
109 223
109 225
109 234
109 246
110 111
110 112
110 113
110 114
110 115
110 116
110 117
110 118
110 119
110 120
110 121
110 122
110 123
110 124
110 125
110 126
110 127
110 154
110 155
110 163
110 164
110 167
110 172
110 174
110 176
110 179
110 181
110 182
110 185
110 188
110 189
110 190
110 196
110 197
110 199
110 206
110 211
110 213
110 217
110 218
110 226
110 229
110 236
110 243
110 245
110 249
111 112
111 113
111 114
111 115
111 116
111 117
111 118
111 119
111 120
111 121
111 122
111 123
111 124
111 125
111 126
111 127
111 158
111 159
111 166
111 168
111 172
111 175
111 179
111 181
111 194
111 196
111 207
111 211
111 212
111 213
111 221
111 222
111 228
111 233
111 237
111 238
111 239
111 243
111 248
112 113
112 114
112 115
112 116
112 117
112 118
112 119
112 120
112 121
112 122
112 123
112 124
112 125
112 126
112 127
112 153
112 154
112 157
112 158
112 164
112 168
112 170
112 172
112 190
112 192
112 194
112 198
112 202
112 203
112 211
112 216
112 225
112 229
112 232
112 234
112 236
112 238
112 245
112 247
113 114
113 115
113 116
113 117
113 118
113 119
113 120
113 121
113 122
113 123
113 124
113 125
113 126
113 127
113 151
113 152
113 153
113 156
113 163
113 167
113 174
113 178
113 180
113 184
113 188
113 190
113 192
113 194
113 199
113 207
113 208
113 214
113 222
113 225
113 228
113 229
113 242
113 243
114 115
114 116
114 117
114 118
114 119
114 120
114 121
114 122
114 123
114 124
114 125
114 126
114 127
114 150
114 154
114 156
114 157
114 158
114 162
114 163
114 166
114 174
114 177
114 180
114 185
114 188
114 189
114 190
114 191
114 196
114 203
114 217
114 220
114 222
114 227
114 231
114 240
114 241
114 242
114 245
115 116
115 117
115 118
115 119
115 120
115 121
115 122
115 123
115 124
115 125
115 126
115 127
115 159
115 163
115 166
115 167
115 169
115 174
115 176
115 180
115 186
115 188
115 190
115 193
115 195
115 198
115 203
115 206
115 208
115 213
115 214
115 218
115 223
115 229
115 232
115 233
115 239
115 242
116 117
116 118
116 119
116 120
116 121
116 122
116 123
116 124
116 125
116 126
116 127
116 155
116 156
116 158
116 160
116 167
116 168
116 170
116 173
116 176
116 178
116 180
116 181
116 186
116 192
116 193
116 204
116 205
116 212
116 213
116 216
116 217
116 222
116 227
116 233
116 235
116 237
116 240
117 118
117 119
117 120
117 121
117 122
117 123
117 124
117 125
117 126
117 127
117 157
117 158
117 162
117 174
117 175
117 181
117 182
117 193
117 195
117 197
117 203
117 210
117 217
117 221
117 228
117 229
117 230
117 243
117 245
118 119
118 120
118 121
118 122
118 123
118 124
118 125
118 126
118 127
118 152
118 156
118 158
118 159
118 162
118 165
118 172
118 173
118 174
118 175
118 176
118 178
118 182
118 183
118 184
118 185
118 186
118 193
118 195
118 197
118 208
118 209
118 211
118 213
118 216
118 217
118 218
118 222
118 226
118 229
118 231
118 232
118 234
118 235
118 238
118 245
118 246
119 120
119 121
119 122
119 123
119 124
119 125
119 126
119 127
119 150
119 164
119 165
119 169
119 170
119 176
119 179
119 182
119 184
119 186
119 193
119 194
119 202
119 204
119 206
119 207
119 209
119 214
119 230
119 241
119 243
119 246
119 247
120 121
120 122
120 123
120 124
120 125
120 126
120 127
120 155
120 160
120 166
120 167
120 168
120 174
120 178
120 179
120 180
120 186
120 187
120 192
120 193
120 194
120 201
120 209
120 211
120 214
120 217
120 219
120 227
120 231
120 234
120 236
120 240
120 241
120 245
121 122
121 123
121 124
121 125
121 126
121 127
121 152
121 153
121 158
121 161
121 166
121 168
121 171
121 178
121 184
121 186
121 191
121 194
121 195
121 198
121 201
121 202
121 203
121 229
121 230
121 233
121 240
122 123
122 124
122 125
122 126
122 127
122 153
122 156
122 157
122 161
122 162
122 164
122 166
122 170
122 174
122 179
122 181
122 183
122 192
122 194
122 195
122 200
122 202
122 205
122 207
122 208
122 211
122 213
122 216
122 218
122 221
122 222
122 224
122 235
122 247
122 248
122 249
123 124
123 125
123 126
123 127
123 162
123 167
123 170
123 171
123 175
123 186
123 190
123 195
123 201
123 204
123 206
123 208
123 209
123 212
123 213
123 222
123 226
123 228
123 240
123 241
123 242
123 246
123 249
124 125
124 126
124 127
124 154
124 163
124 166
124 170
124 174
124 178
124 180
124 184
124 189
124 192
124 194
124 201
124 207
124 210
124 214
124 215
124 216
124 225
124 226
124 227
124 230
124 234
124 241
124 247
125 126
125 127
125 151
125 154
125 155
125 169
125 170
125 171
125 172
125 176
125 179
125 184
125 185
125 187
125 192
125 199
125 200
125 201
125 205
125 206
125 208
125 213
125 217
125 220
125 223
125 228
125 236
125 240
125 245
125 247
125 249
126 127
126 153
126 154
126 158
126 159
126 165
126 168
126 170
126 176
126 179
126 181
126 190
126 193
126 194
126 195
126 206
126 209
126 216
126 231
126 233
126 234
126 235
126 236
126 239
126 240
126 246
126 247
127 150
127 155
127 157
127 163
127 165
127 170
127 173
127 175
127 178
127 179
127 182
127 185
127 191
127 193
127 203
127 204
127 208
127 218
127 222
127 226
127 234
127 243
127 244
150 151
150 152
150 153
150 154
150 155
150 156
150 157
150 158
150 159
150 160
150 161
150 162
150 163
150 164
150 165
150 166
150 167
150 168
150 169
150 170
150 171
150 172
150 173
150 174
150 175
150 176
150 177
150 178
150 179
150 180
150 181
150 182
150 183
150 184
150 185
150 186
150 187
150 188
150 189
150 190
150 191
150 192
150 193
150 194
150 195
150 196
150 197
150 198
150 199
150 207
150 212
150 213
150 214
150 220
150 221
150 225
150 233
150 236
150 239
150 242
151 152
151 153
151 154
151 155
151 156
151 157
151 158
151 159
151 160
151 161
151 162
151 163
151 164
151 165
151 166
151 167
151 168
151 169
151 170
151 171
151 172
151 173
151 174
151 175
151 176
151 177
151 178
151 179
151 180
151 181
151 182
151 183
151 184
151 185
151 186
151 187
151 188
151 189
151 190
151 191
151 192
151 193
151 194
151 195
151 196
151 197
151 198
151 199
151 200
151 201
151 213
151 219
151 220
151 234
151 235
151 236
151 237
151 246
152 153
152 154
152 155
152 156
152 157
152 158
152 159
152 160
152 161
152 162
152 163
152 164
152 165
152 166
152 167
152 168
152 169
152 170
152 171
152 172
152 173
152 174
152 175
152 176
152 177
152 178
152 179
152 180
152 181
152 182
152 183
152 184
152 185
152 186
152 187
152 188
152 189
152 190
152 191
152 192
152 193
152 194
152 195
152 196
152 197
152 198
152 199
152 200
152 204
152 233
152 237
152 239
152 244
152 246
152 247
153 154
153 155
153 156
153 157
153 158
153 159
153 160
153 161
153 162
153 163
153 164
153 165
153 166
153 167
153 168
153 169
153 170
153 171
153 172
153 173
153 174
153 175
153 176
153 177
153 178
153 179
153 180
153 181
153 182
153 183
153 184
153 185
153 186
153 187
153 188
153 189
153 190
153 191
153 192
153 193
153 194
153 195
153 196
153 197
153 198
153 199
153 208
153 210
153 214
153 218
153 221
153 222
153 223
153 231
153 234
153 235
153 239
153 244
153 245
154 155
154 156
154 157
154 158
154 159
154 160
154 161
154 162
154 163
154 164
154 165
154 166
154 167
154 168
154 169
154 170
154 171
154 172
154 173
154 174
154 175
154 176
154 177
154 178
154 179
154 180
154 181
154 182
154 183
154 184
154 185
154 186
154 187
154 188
154 189
154 190
154 191
154 192
154 193
154 194
154 195
154 196
154 197
154 198
154 199
154 207
154 208
154 213
154 218
154 219
154 222
154 231
154 233
154 235
154 239
154 240
154 242
154 247
155 156
155 157
155 158
155 159
155 160
155 161
155 162
155 163
155 164
155 165
155 166
155 167
155 168
155 169
155 170
155 171
155 172
155 173
155 174
155 175
155 176
155 177
155 178
155 179
155 180
155 181
155 182
155 183
155 184
155 185
155 186
155 187
155 188
155 189
155 190
155 191
155 192
155 193
155 194
155 195
155 196
155 197
155 198
155 199
155 201
155 203
155 209
155 210
155 213
155 216
155 219
155 225
155 228
155 229
156 157
156 158
156 159
156 160
156 161
156 162
156 163
156 164
156 165
156 166
156 167
156 168
156 169
156 170
156 171
156 172
156 173
156 174
156 175
156 176
156 177
156 178
156 179
156 180
156 181
156 182
156 183
156 184
156 185
156 186
156 187
156 188
156 189
156 190
156 191
156 192
156 193
156 194
156 195
156 196
156 197
156 198
156 199
156 200
156 202
156 203
156 204
156 206
156 207
156 212
156 214
156 216
156 220
156 221
156 223
156 224
156 225
156 227
156 230
156 233
156 237
156 241
156 243
156 248
157 158
157 159
157 160
157 161
157 162
157 163
157 164
157 165
157 166
157 167
157 168
157 169
157 170
157 171
157 172
157 173
157 174
157 175
157 176
157 177
157 178
157 179
157 180
157 181
157 182
157 183
157 184
157 185
157 186
157 187
157 188
157 189
157 190
157 191
157 192
157 193
157 194
157 195
157 196
157 197
157 198
157 199
157 204
157 205
157 211
157 213
157 216
157 218
157 219
157 220
157 224
157 225
157 229
157 233
157 241
157 246
158 159
158 160
158 161
158 162
158 163
158 164
158 165
158 166
158 167
158 168
158 169
158 170
158 171
158 172
158 173
158 174
158 175
158 176
158 177
158 178
158 179
158 180
158 181
158 182
158 183
158 184
158 185
158 186
158 187
158 188
158 189
158 190
158 191
158 192
158 193
158 194
158 195
158 196
158 197
158 198
158 199
158 200
158 201
158 202
158 203
158 208
158 212
158 214
158 218
158 221
158 222
158 233
158 234
158 235
158 237
158 240
158 241
158 242
158 244
158 247
159 160
159 161
159 162
159 163
159 164
159 165
159 166
159 167
159 168
159 169
159 170
159 171
159 172
159 173
159 174
159 175
159 176
159 177
159 178
159 179
159 180
159 181
159 182
159 183
159 184
159 185
159 186
159 187
159 188
159 189
159 190
159 191
159 192
159 193
159 194
159 195
159 196
159 197
159 198
159 199
159 207
159 212
159 213
159 229
159 231
159 232
159 235
159 240
159 247
159 249
160 161
160 162
160 163
160 164
160 165
160 166
160 167
160 168
160 169
160 170
160 171
160 172
160 173
160 174
160 175
160 176
160 177
160 178
160 179
160 180
160 181
160 182
160 183
160 184
160 185
160 186
160 187
160 188
160 189
160 190
160 191
160 192
160 193
160 194
160 195
160 196
160 197
160 198
160 199
160 201
160 202
160 203
160 204
160 209
160 212
160 222
160 226
160 244
160 246
161 162
161 163
161 164
161 165
161 166
161 167
161 168
161 169
161 170
161 171
161 172
161 173
161 174
161 175
161 176
161 177
161 178
161 179
161 180
161 181
161 182
161 183
161 184
161 185
161 186
161 187
161 188
161 189
161 190
161 191
161 192
161 193
161 194
161 195
161 196
161 197
161 198
161 199
161 208
161 209
161 214
161 216
161 217
161 218
161 221
161 226
161 247
162 163
162 164
162 165
162 166
162 167
162 168
162 169
162 170
162 171
162 172
162 173
162 174
162 175
162 176
162 177
162 178
162 179
162 180
162 181
162 182
162 183
162 184
162 185
162 186
162 187
162 188
162 189
162 190
162 191
162 192
162 193
162 194
162 195
162 196
162 197
162 198
162 199
162 210
162 211
162 214
162 218
162 220
162 221
162 226
162 239
162 245
162 246
162 249
163 164
163 165
163 166
163 167
163 168
163 169
163 170
163 171
163 172
163 173
163 174
163 175
163 176
163 177
163 178
163 179
163 180
163 181
163 182
163 183
163 184
163 185
163 186
163 187
163 188
163 189
163 190
163 191
163 192
163 193
163 194
163 195
163 196
163 197
163 198
163 199
163 201
163 207
163 214
163 215
163 223
163 229
163 237
163 246
163 247
163 249
164 165
164 166
164 167
164 168
164 169
164 170
164 171
164 172
164 173
164 174
164 175
164 176
164 177
164 178
164 179
164 180
164 181
164 182
164 183
164 184
164 185
164 186
164 187
164 188
164 189
164 190
164 191
164 192
164 193
164 194
164 195
164 196
164 197
164 198
164 199
164 204
164 205
164 211
164 216
164 224
164 225
164 229
164 230
164 242
164 243
165 166
165 167
165 168
165 169
165 170
165 171
165 172
165 173
165 174
165 175
165 176
165 177
165 178
165 179
165 180
165 181
165 182
165 183
165 184
165 185
165 186
165 187
165 188
165 189
165 190
165 191
165 192
165 193
165 194
165 195
165 196
165 197
165 198
165 199
165 202
165 204
165 213
165 218
165 219
165 221
165 227
165 233
165 240
165 243
165 244
165 246
166 167
166 168
166 169
166 170
166 171
166 172
166 173
166 174
166 175
166 176
166 177
166 178
166 179
166 180
166 181
166 182
166 183
166 184
166 185
166 186
166 187
166 188
166 189
166 190
166 191
166 192
166 193
166 194
166 195
166 196
166 197
166 198
166 199
166 207
166 208
166 209
166 210
166 212
166 213
166 222
166 223
166 240
166 241
166 245
166 249
167 168
167 169
167 170
167 171
167 172
167 173
167 174
167 175
167 176
167 177
167 178
167 179
167 180
167 181
167 182
167 183
167 184
167 185
167 186
167 187
167 188
167 189
167 190
167 191
167 192
167 193
167 194
167 195
167 196
167 197
167 198
167 199
167 202
167 205
167 206
167 207
167 208
167 210
167 212
167 213
167 215
167 218
167 222
167 224
167 226
167 229
167 238
167 243
167 248
168 169
168 170
168 171
168 172
168 173
168 174
168 175
168 176
168 177
168 178
168 179
168 180
168 181
168 182
168 183
168 184
168 185
168 186
168 187
168 188
168 189
168 190
168 191
168 192
168 193
168 194
168 195
168 196
168 197
168 198
168 199
168 202
168 204
168 208
168 214
168 218
168 220
168 221
168 222
168 225
168 231
168 234
168 236
168 238
168 244
168 248
169 170
169 171
169 172
169 173
169 174
169 175
169 176
169 177
169 178
169 179
169 180
169 181
169 182
169 183
169 184
169 185
169 186
169 187
169 188
169 189
169 190
169 191
169 192
169 193
169 194
169 195
169 196
169 197
169 198
169 199
169 209
169 210
169 217
169 222
169 227
169 232
169 234
169 236
169 242
169 245
169 247
170 171
170 172
170 173
170 174
170 175
170 176
170 177
170 178
170 179
170 180
170 181
170 182
170 183
170 184
170 185
170 186
170 187
170 188
170 189
170 190
170 191
170 192
170 193
170 194
170 195
170 196
170 197
170 198
170 199
170 201
170 207
170 221
170 225
170 231
170 234
170 235
170 236
170 238
170 244
170 249
171 172
171 173
171 174
171 175
171 176
171 177
171 178
171 179
171 180
171 181
171 182
171 183
171 184
171 185
171 186
171 187
171 188
171 189
171 190
171 191
171 192
171 193
171 194
171 195
171 196
171 197
171 198
171 199
171 201
171 206
171 214
171 224
171 226
171 228
171 229
171 231
171 234
171 237
171 240
171 244
171 245
171 246
171 247
171 248
172 173
172 174
172 175
172 176
172 177
172 178
172 179
172 180
172 181
172 182
172 183
172 184
172 185
172 186
172 187
172 188
172 189
172 190
172 191
172 192
172 193
172 194
172 195
172 196
172 197
172 198
172 199
172 200
172 204
172 205
172 206
172 207
172 209
172 214
172 215
172 224
172 225
172 229
172 231
172 232
172 236
172 241
172 243
172 244
172 245
172 246
173 174
173 175
173 176
173 177
173 178
173 179
173 180
173 181
173 182
173 183
173 184
173 185
173 186
173 187
173 188
173 189
173 190
173 191
173 192
173 193
173 194
173 195
173 196
173 197
173 198
173 199
173 201
173 202
173 203
173 209
173 216
173 226
173 230
173 231
173 239
173 244
174 175
174 176
174 177
174 178
174 179
174 180
174 181
174 182
174 183
174 184
174 185
174 186
174 187
174 188
174 189
174 190
174 191
174 192
174 193
174 194
174 195
174 196
174 197
174 198
174 199
174 201
174 202
174 208
174 213
174 215
174 217
174 218
174 219
174 226
174 227
174 231
174 234
174 236
174 238
174 241
174 243
174 249
175 176
175 177
175 178
175 179
175 180
175 181
175 182
175 183
175 184
175 185
175 186
175 187
175 188
175 189
175 190
175 191
175 192
175 193
175 194
175 195
175 196
175 197
175 198
175 199
175 202
175 203
175 208
175 209
175 210
175 211
175 215
175 217
175 218
175 219
175 226
175 227
175 236
175 237
175 242
176 177
176 178
176 179
176 180
176 181
176 182
176 183
176 184
176 185
176 186
176 187
176 188
176 189
176 190
176 191
176 192
176 193
176 194
176 195
176 196
176 197
176 198
176 199
176 216
176 220
176 225
176 229
176 230
176 236
176 237
176 238
176 241
176 242
177 178
177 179
177 180
177 181
177 182
177 183
177 184
177 185
177 186
177 187
177 188
177 189
177 190
177 191
177 192
177 193
177 194
177 195
177 196
177 197
177 198
177 199
177 200
177 201
177 205
177 207
177 208
177 211
177 218
177 222
177 229
177 231
177 233
177 234
177 236
177 247
177 249
178 179
178 180
178 181
178 182
178 183
178 184
178 185
178 186
178 187
178 188
178 189
178 190
178 191
178 192
178 193
178 194
178 195
178 196
178 197
178 198
178 199
178 200
178 205
178 207
178 210
178 213
178 214
178 215
178 216
178 217
178 218
178 219
178 221
178 224
178 225
178 226
178 232
179 180
179 181
179 182
179 183
179 184
179 185
179 186
179 187
179 188
179 189
179 190
179 191
179 192
179 193
179 194
179 195
179 196
179 197
179 198
179 199
179 202
179 204
179 206
179 211
179 222
179 231
179 236
179 238
179 239
179 245
179 246
180 181
180 182
180 183
180 184
180 185
180 186
180 187
180 188
180 189
180 190
180 191
180 192
180 193
180 194
180 195
180 196
180 197
180 198
180 199
180 209
180 210
180 214
180 216
180 221
180 226
180 234
180 237
180 241
180 244
181 182
181 183
181 184
181 185
181 186
181 187
181 188
181 189
181 190
181 191
181 192
181 193
181 194
181 195
181 196
181 197
181 198
181 199
181 203
181 209
181 211
181 214
181 219
181 237
181 238
181 240
181 241
181 244
182 183
182 184
182 185
182 186
182 187
182 188
182 189
182 190
182 191
182 192
182 193
182 194
182 195
182 196
182 197
182 198
182 199
182 202
182 203
182 211
182 218
182 220
182 224
182 225
182 229
182 233
182 236
182 239
182 240
182 243
182 245
183 184
183 185
183 186
183 187
183 188
183 189
183 190
183 191
183 192
183 193
183 194
183 195
183 196
183 197
183 198
183 199
183 206
183 209
183 214
183 215
183 216
183 217
183 218
183 235
183 243
183 246
184 185
184 186
184 187
184 188
184 189
184 190
184 191
184 192
184 193
184 194
184 195
184 196
184 197
184 198
184 199
184 201
184 202
184 205
184 207
184 210
184 212
184 226
184 229
184 234
184 239
184 241
184 244
185 186
185 187
185 188
185 189
185 190
185 191
185 192
185 193
185 194
185 195
185 196
185 197
185 198
185 199
185 201
185 203
185 205
185 206
185 207
185 212
185 214
185 218
185 220
185 221
185 224
185 226
185 235
185 238
185 242
185 247
186 187
186 188
186 189
186 190
186 191
186 192
186 193
186 194
186 195
186 196
186 197
186 198
186 199
186 201
186 202
186 205
186 221
186 226
186 235
186 242
186 247
187 188
187 189
187 190
187 191
187 192
187 193
187 194
187 195
187 196
187 197
187 198
187 199
187 201
187 216
187 219
187 225
187 226
187 230
187 231
187 234
187 237
187 238
187 240
187 243
188 189
188 190
188 191
188 192
188 193
188 194
188 195
188 196
188 197
188 198
188 199
188 202
188 205
188 207
188 209
188 211
188 212
188 213
188 216
188 220
188 223
188 228
188 242
188 246
189 190
189 191
189 192
189 193
189 194
189 195
189 196
189 197
189 198
189 199
189 201
189 203
189 204
189 205
189 208
189 209
189 210
189 214
189 217
189 222
189 223
189 230
189 231
189 232
189 233
189 236
189 239
189 240
189 242
189 244
190 191
190 192
190 193
190 194
190 195
190 196
190 197
190 198
190 199
190 202
190 203
190 206
190 208
190 212
190 213
190 214
190 219
190 232
190 234
190 238
190 248
191 192
191 193
191 194
191 195
191 196
191 197
191 198
191 199
191 207
191 210
191 223
191 225
191 232
191 238
191 242
191 243
191 246
191 249
192 193
192 194
192 195
192 196
192 197
192 198
192 199
192 212
192 215
192 230
192 231
192 232
193 194
193 195
193 196
193 197
193 198
193 199
193 204
193 205
193 207
193 208
193 209
193 210
193 212
193 218
193 219
193 221
193 224
193 229
193 230
193 245
193 247
194 195
194 196
194 197
194 198
194 199
194 204
194 206
194 208
194 209
194 210
194 215
194 218
194 220
194 234
194 238
194 241
194 244
194 249
195 196
195 197
195 198
195 199
195 205
195 215
195 218
195 222
195 226
195 230
195 235
195 239
195 240
195 241
195 247
195 249
196 197
196 198
196 199
196 200
196 201
196 203
196 205
196 208
196 209
196 215
196 217
196 231
196 234
196 236
196 240
196 241
196 249
197 198
197 199
197 202
197 203
197 204
197 205
197 207
197 214
197 216
197 217
197 225
197 231
197 232
197 237
197 239
197 240
197 243
197 246
198 199
198 200
198 216
198 218
198 219
198 220
198 223
198 225
198 227
198 234
198 236
198 238
198 244
198 246
199 200
199 213
199 215
199 221
199 222
199 226
199 227
199 228
199 230
199 231
199 232
199 233
199 235
199 238
199 242
199 243
199 245
200 201
200 202
200 203
200 204
200 205
200 206
200 207
200 208
200 209
200 210
200 211
200 212
200 213
200 214
200 215
200 216
200 217
200 218
200 219
200 220
200 221
200 222
200 223
200 224
200 225
200 226
200 227
200 228
200 229
200 230
200 231
200 232
200 233
200 234
200 235
200 236
200 237
200 238
200 239
200 240
200 241
200 242
200 243
200 244
200 245
200 246
200 247
200 248
200 249
201 202
201 203
201 204
201 205
201 206
201 207
201 208
201 209
201 210
201 211
201 212
201 213
201 214
201 215
201 216
201 217
201 218
201 219
201 220
201 221
201 222
201 223
201 224
201 225
201 226
201 227
201 228
201 229
201 230
201 231
201 232
201 233
201 234
201 235
201 236
201 237
201 238
201 239
201 240
201 241
201 242
201 243
201 244
201 245
201 246
201 247
201 248
201 249
202 203
202 204
202 205
202 206
202 207
202 208
202 209
202 210
202 211
202 212
202 213
202 214
202 215
202 216
202 217
202 218
202 219
202 220
202 221
202 222
202 223
202 224
202 225
202 226
202 227
202 228
202 229
202 230
202 231
202 232
202 233
202 234
202 235
202 236
202 237
202 238
202 239
202 240
202 241
202 242
202 243
202 244
202 245
202 246
202 247
202 248
202 249
203 204
203 205
203 206
203 207
203 208
203 209
203 210
203 211
203 212
203 213
203 214
203 215
203 216
203 217
203 218
203 219
203 220
203 221
203 222
203 223
203 224
203 225
203 226
203 227
203 228
203 229
203 230
203 231
203 232
203 233
203 234
203 235
203 236
203 237
203 238
203 239
203 240
203 241
203 242
203 243
203 244
203 245
203 246
203 247
203 248
203 249
204 205
204 206
204 207
204 208
204 209
204 210
204 211
204 212
204 213
204 214
204 215
204 216
204 217
204 218
204 219
204 220
204 221
204 222
204 223
204 224
204 225
204 226
204 227
204 228
204 229
204 230
204 231
204 232
204 233
204 234
204 235
204 236
204 237
204 238
204 239
204 240
204 241
204 242
204 243
204 244
204 245
204 246
204 247
204 248
204 249
205 206
205 207
205 208
205 209
205 210
205 211
205 212
205 213
205 214
205 215
205 216
205 217
205 218
205 219
205 220
205 221
205 222
205 223
205 224
205 225
205 226
205 227
205 228
205 229
205 230
205 231
205 232
205 233
205 234
205 235
205 236
205 237
205 238
205 239
205 240
205 241
205 242
205 243
205 244
205 245
205 246
205 247
205 248
205 249
206 207
206 208
206 209
206 210
206 211
206 212
206 213
206 214
206 215
206 216
206 217
206 218
206 219
206 220
206 221
206 222
206 223
206 224
206 225
206 226
206 227
206 228
206 229
206 230
206 231
206 232
206 233
206 234
206 235
206 236
206 237
206 238
206 239
206 240
206 241
206 242
206 243
206 244
206 245
206 246
206 247
206 248
206 249
207 208
207 209
207 210
207 211
207 212
207 213
207 214
207 215
207 216
207 217
207 218
207 219
207 220
207 221
207 222
207 223
207 224
207 225
207 226
207 227
207 228
207 229
207 230
207 231
207 232
207 233
207 234
207 235
207 236
207 237
207 238
207 239
207 240
207 241
207 242
207 243
207 244
207 245
207 246
207 247
207 248
207 249
208 209
208 210
208 211
208 212
208 213
208 214
208 215
208 216
208 217
208 218
208 219
208 220
208 221
208 222
208 223
208 224
208 225
208 226
208 227
208 228
208 229
208 230
208 231
208 232
208 233
208 234
208 235
208 236
208 237
208 238
208 239
208 240
208 241
208 242
208 243
208 244
208 245
208 246
208 247
208 248
208 249
209 210
209 211
209 212
209 213
209 214
209 215
209 216
209 217
209 218
209 219
209 220
209 221
209 222
209 223
209 224
209 225
209 226
209 227
209 228
209 229
209 230
209 231
209 232
209 233
209 234
209 235
209 236
209 237
209 238
209 239
209 240
209 241
209 242
209 243
209 244
209 245
209 246
209 247
209 248
209 249
210 211
210 212
210 213
210 214
210 215
210 216
210 217
210 218
210 219
210 220
210 221
210 222
210 223
210 224
210 225
210 226
210 227
210 228
210 229
210 230
210 231
210 232
210 233
210 234
210 235
210 236
210 237
210 238
210 239
210 240
210 241
210 242
210 243
210 244
210 245
210 246
210 247
210 248
210 249
211 212
211 213
211 214
211 215
211 216
211 217
211 218
211 219
211 220
211 221
211 222
211 223
211 224
211 225
211 226
211 227
211 228
211 229
211 230
211 231
211 232
211 233
211 234
211 235
211 236
211 237
211 238
211 239
211 240
211 241
211 242
211 243
211 244
211 245
211 246
211 247
211 248
211 249
212 213
212 214
212 215
212 216
212 217
212 218
212 219
212 220
212 221
212 222
212 223
212 224
212 225
212 226
212 227
212 228
212 229
212 230
212 231
212 232
212 233
212 234
212 235
212 236
212 237
212 238
212 239
212 240
212 241
212 242
212 243
212 244
212 245
212 246
212 247
212 248
212 249
213 214
213 215
213 216
213 217
213 218
213 219
213 220
213 221
213 222
213 223
213 224
213 225
213 226
213 227
213 228
213 229
213 230
213 231
213 232
213 233
213 234
213 235
213 236
213 237
213 238
213 239
213 240
213 241
213 242
213 243
213 244
213 245
213 246
213 247
213 248
213 249
214 215
214 216
214 217
214 218
214 219
214 220
214 221
214 222
214 223
214 224
214 225
214 226
214 227
214 228
214 229
214 230
214 231
214 232
214 233
214 234
214 235
214 236
214 237
214 238
214 239
214 240
214 241
214 242
214 243
214 244
214 245
214 246
214 247
214 248
214 249
215 216
215 217
215 218
215 219
215 220
215 221
215 222
215 223
215 224
215 225
215 226
215 227
215 228
215 229
215 230
215 231
215 232
215 233
215 234
215 235
215 236
215 237
215 238
215 239
215 240
215 241
215 242
215 243
215 244
215 245
215 246
215 247
215 248
215 249
216 217
216 218
216 219
216 220
216 221
216 222
216 223
216 224
216 225
216 226
216 227
216 228
216 229
216 230
216 231
216 232
216 233
216 234
216 235
216 236
216 237
216 238
216 239
216 240
216 241
216 242
216 243
216 244
216 245
216 246
216 247
216 248
216 249
217 218
217 219
217 220
217 221
217 222
217 223
217 224
217 225
217 226
217 227
217 228
217 229
217 230
217 231
217 232
217 233
217 234
217 235
217 236
217 237
217 238
217 239
217 240
217 241
217 242
217 243
217 244
217 245
217 246
217 247
217 248
217 249
218 219
218 220
218 221
218 222
218 223
218 224
218 225
218 226
218 227
218 228
218 229
218 230
218 231
218 232
218 233
218 234
218 235
218 236
218 237
218 238
218 239
218 240
218 241
218 242
218 243
218 244
218 245
218 246
218 247
218 248
218 249
219 220
219 221
219 222
219 223
219 224
219 225
219 226
219 227
219 228
219 229
219 230
219 231
219 232
219 233
219 234
219 235
219 236
219 237
219 238
219 239
219 240
219 241
219 242
219 243
219 244
219 245
219 246
219 247
219 248
219 249
220 221
220 222
220 223
220 224
220 225
220 226
220 227
220 228
220 229
220 230
220 231
220 232
220 233
220 234
220 235
220 236
220 237
220 238
220 239
220 240
220 241
220 242
220 243
220 244
220 245
220 246
220 247
220 248
220 249
221 222
221 223
221 224
221 225
221 226
221 227
221 228
221 229
221 230
221 231
221 232
221 233
221 234
221 235
221 236
221 237
221 238
221 239
221 240
221 241
221 242
221 243
221 244
221 245
221 246
221 247
221 248
221 249
222 223
222 224
222 225
222 226
222 227
222 228
222 229
222 230
222 231
222 232
222 233
222 234
222 235
222 236
222 237
222 238
222 239
222 240
222 241
222 242
222 243
222 244
222 245
222 246
222 247
222 248
222 249
223 224
223 225
223 226
223 227
223 228
223 229
223 230
223 231
223 232
223 233
223 234
223 235
223 236
223 237
223 238
223 239
223 240
223 241
223 242
223 243
223 244
223 245
223 246
223 247
223 248
223 249
224 225
224 226
224 227
224 228
224 229
224 230
224 231
224 232
224 233
224 234
224 235
224 236
224 237
224 238
224 239
224 240
224 241
224 242
224 243
224 244
224 245
224 246
224 247
224 248
224 249
225 226
225 227
225 228
225 229
225 230
225 231
225 232
225 233
225 234
225 235
225 236
225 237
225 238
225 239
225 240
225 241
225 242
225 243
225 244
225 245
225 246
225 247
225 248
225 249
226 227
226 228
226 229
226 230
226 231
226 232
226 233
226 234
226 235
226 236
226 237
226 238
226 239
226 240
226 241
226 242
226 243
226 244
226 245
226 246
226 247
226 248
226 249
227 228
227 229
227 230
227 231
227 232
227 233
227 234
227 235
227 236
227 237
227 238
227 239
227 240
227 241
227 242
227 243
227 244
227 245
227 246
227 247
227 248
227 249
228 229
228 230
228 231
228 232
228 233
228 234
228 235
228 236
228 237
228 238
228 239
228 240
228 241
228 242
228 243
228 244
228 245
228 246
228 247
228 248
228 249
229 230
229 231
229 232
229 233
229 234
229 235
229 236
229 237
229 238
229 239
229 240
229 241
229 242
229 243
229 244
229 245
229 246
229 247
229 248
229 249
230 231
230 232
230 233
230 234
230 235
230 236
230 237
230 238
230 239
230 240
230 241
230 242
230 243
230 244
230 245
230 246
230 247
230 248
230 249
231 232
231 233
231 234
231 235
231 236
231 237
231 238
231 239
231 240
231 241
231 242
231 243
231 244
231 245
231 246
231 247
231 248
231 249
232 233
232 234
232 235
232 236
232 237
232 238
232 239
232 240
232 241
232 242
232 243
232 244
232 245
232 246
232 247
232 248
232 249
233 234
233 235
233 236
233 237
233 238
233 239
233 240
233 241
233 242
233 243
233 244
233 245
233 246
233 247
233 248
233 249
234 235
234 236
234 237
234 238
234 239
234 240
234 241
234 242
234 243
234 244
234 245
234 246
234 247
234 248
234 249
235 236
235 237
235 238
235 239
235 240
235 241
235 242
235 243
235 244
235 245
235 246
235 247
235 248
235 249
236 237
236 238
236 239
236 240
236 241
236 242
236 243
236 244
236 245
236 246
236 247
236 248
236 249
237 238
237 239
237 240
237 241
237 242
237 243
237 244
237 245
237 246
237 247
237 248
237 249
238 239
238 240
238 241
238 242
238 243
238 244
238 245
238 246
238 247
238 248
238 249
239 240
239 241
239 242
239 243
239 244
239 245
239 246
239 247
239 248
239 249
240 241
240 242
240 243
240 244
240 245
240 246
240 247
240 248
240 249
241 242
241 243
241 244
241 245
241 246
241 247
241 248
241 249
242 243
242 244
242 245
242 246
242 247
242 248
242 249
243 244
243 245
243 246
243 247
243 248
243 249
244 245
244 246
244 247
244 248
244 249
245 246
245 247
245 248
245 249
246 247
246 248
246 249
247 248
247 249
248 249
