0 1
0 2
0 3
0 4
0 5
0 6
0 7
0 8
0 9
0 10
0 11
0 12
0 13
0 14
0 15
0 16
0 17
0 18
0 19
0 20
0 21
0 22
0 23
0 24
0 25
0 26
0 27
0 28
0 29
0 30
0 31
0 32
0 33
0 34
0 35
0 36
0 37
0 38
0 39
0 40
0 41
0 42
0 43
0 44
0 45
0 46
0 47
0 48
0 49
0 53
0 55
0 58
0 60
0 65
0 66
0 72
0 75
0 77
0 80
0 81
0 90
0 92
0 94
0 130
0 131
0 136
0 137
0 146
0 107
0 108
0 109
0 110
0 115
0 122
0 124
0 154
0 168
0 189
0 202
0 203
0 204
0 210
0 211
0 213
0 215
0 218
0 222
0 231
0 247
0 248
0 249
1 2
1 3
1 4
1 5
1 6
1 7
1 8
1 9
1 10
1 11
1 12
1 13
1 14
1 15
1 16
1 17
1 18
1 19
1 20
1 21
1 22
1 23
1 24
1 25
1 26
1 27
1 28
1 29
1 30
1 31
1 32
1 33
1 34
1 35
1 36
1 37
1 38
1 39
1 40
1 41
1 42
1 43
1 44
1 45
1 46
1 47
1 48
1 49
1 53
1 57
1 58
1 60
1 61
1 65
1 73
1 80
1 86
1 94
1 129
1 131
1 133
1 135
1 139
1 146
1 148
1 101
1 110
1 111
1 122
1 153
1 160
1 161
1 167
1 168
1 179
1 180
1 181
1 189
1 193
1 201
1 213
1 221
1 222
1 226
1 228
1 231
1 239
1 248
2 3
2 4
2 5
2 6
2 7
2 8
2 9
2 10
2 11
2 12
2 13
2 14
2 15
2 16
2 17
2 18
2 19
2 20
2 21
2 22
2 23
2 24
2 25
2 26
2 27
2 28
2 29
2 30
2 31
2 32
2 33
2 34
2 35
2 36
2 37
2 38
2 39
2 40
2 41
2 42
2 43
2 44
2 45
2 46
2 47
2 48
2 49
2 50
2 54
2 63
2 72
2 73
2 77
2 84
2 85
2 95
2 96
2 98
2 134
2 142
2 143
2 102
2 104
2 108
2 109
2 111
2 114
2 115
2 125
2 151
2 154
2 155
2 159
2 162
2 164
2 172
2 180
2 185
2 188
2 189
2 197
2 198
2 201
2 213
2 218
2 221
2 223
2 237
2 238
3 4
3 5
3 6
3 7
3 8
3 9
3 10
3 11
3 12
3 13
3 14
3 15
3 16
3 17
3 18
3 19
3 20
3 21
3 22
3 23
3 24
3 25
3 26
3 27
3 28
3 29
3 30
3 31
3 32
3 33
3 34
3 35
3 36
3 37
3 38
3 39
3 40
3 41
3 42
3 43
3 44
3 45
3 46
3 47
3 48
3 49
3 53
3 68
3 92
3 129
3 131
3 138
3 142
3 146
3 107
3 114
3 116
3 160
3 178
3 181
3 183
3 184
3 187
3 188
3 190
3 203
3 205
3 216
3 217
3 219
3 225
3 228
3 232
3 243
4 5
4 6
4 7
4 8
4 9
4 10
4 11
4 12
4 13
4 14
4 15
4 16
4 17
4 18
4 19
4 20
4 21
4 22
4 23
4 24
4 25
4 26
4 27
4 28
4 29
4 30
4 31
4 32
4 33
4 34
4 35
4 36
4 37
4 38
4 39
4 40
4 41
4 42
4 43
4 44
4 45
4 46
4 47
4 48
4 49
4 64
4 68
4 70
4 84
4 86
4 93
4 128
4 133
4 142
4 105
4 110
4 111
4 115
4 117
4 120
4 121
4 154
4 162
4 169
4 180
4 181
4 182
4 183
4 196
4 209
4 215
4 220
4 221
4 233
4 238
4 240
4 243
4 244
4 248
5 6
5 7
5 8
5 9
5 10
5 11
5 12
5 13
5 14
5 15
5 16
5 17
5 18
5 19
5 20
5 21
5 22
5 23
5 24
5 25
5 26
5 27
5 28
5 29
5 30
5 31
5 32
5 33
5 34
5 35
5 36
5 37
5 38
5 39
5 40
5 41
5 42
5 43
5 44
5 45
5 46
5 47
5 48
5 49
5 61
5 62
5 63
5 68
5 70
5 73
5 78
5 79
5 89
5 96
5 99
5 129
5 132
5 139
5 140
5 143
5 146
5 147
5 104
5 106
5 110
5 112
5 118
5 122
5 127
5 152
5 156
5 164
5 167
5 172
5 184
5 186
5 190
5 197
5 202
5 209
5 210
5 214
5 215
5 218
5 226
5 231
5 240
5 249
6 7
6 8
6 9
6 10
6 11
6 12
6 13
6 14
6 15
6 16
6 17
6 18
6 19
6 20
6 21
6 22
6 23
6 24
6 25
6 26
6 27
6 28
6 29
6 30
6 31
6 32
6 33
6 34
6 35
6 36
6 37
6 38
6 39
6 40
6 41
6 42
6 43
6 44
6 45
6 46
6 47
6 48
6 49
6 52
6 57
6 58
6 59
6 62
6 65
6 72
6 76
6 89
6 90
6 96
6 97
6 99
6 134
6 139
6 104
6 107
6 110
6 121
6 123
6 124
6 150
6 153
6 157
6 158
6 161
6 165
6 166
6 167
6 173
6 175
6 193
6 213
6 214
6 215
6 216
6 219
6 220
6 227
6 229
6 238
6 239
6 245
7 8
7 9
7 10
7 11
7 12
7 13
7 14
7 15
7 16
7 17
7 18
7 19
7 20
7 21
7 22
7 23
7 24
7 25
7 26
7 27
7 28
7 29
7 30
7 31
7 32
7 33
7 34
7 35
7 36
7 37
7 38
7 39
7 40
7 41
7 42
7 43
7 44
7 45
7 46
7 47
7 48
7 49
7 55
7 57
7 65
7 70
7 72
7 73
7 75
7 79
7 80
7 84
7 97
7 130
7 133
7 149
7 100
7 101
7 102
7 103
7 105
7 116
7 117
7 119
7 125
7 126
7 127
7 155
7 158
7 160
7 163
7 168
7 170
7 176
7 181
7 182
7 195
7 200
7 220
7 223
7 230
7 236
7 239
8 9
8 10
8 11
8 12
8 13
8 14
8 15
8 16
8 17
8 18
8 19
8 20
8 21
8 22
8 23
8 24
8 25
8 26
8 27
8 28
8 29
8 30
8 31
8 32
8 33
8 34
8 35
8 36
8 37
8 38
8 39
8 40
8 41
8 42
8 43
8 44
8 45
8 46
8 47
8 48
8 49
8 57
8 61
8 62
8 67
8 68
8 71
8 73
8 79
8 86
8 91
8 92
8 93
8 95
8 97
8 133
8 135
8 136
8 142
8 107
8 109
8 120
8 150
8 153
8 155
8 158
8 161
8 181
8 187
8 196
8 198
8 202
8 203
8 215
8 224
8 226
8 232
8 235
8 237
8 242
8 244
8 248
9 10
9 11
9 12
9 13
9 14
9 15
9 16
9 17
9 18
9 19
9 20
9 21
9 22
9 23
9 24
9 25
9 26
9 27
9 28
9 29
9 30
9 31
9 32
9 33
9 34
9 35
9 36
9 37
9 38
9 39
9 40
9 41
9 42
9 43
9 44
9 45
9 46
9 47
9 48
9 49
9 51
9 55
9 59
9 60
9 70
9 74
9 75
9 78
9 84
9 91
9 95
9 130
9 136
9 140
9 148
9 111
9 118
9 121
9 123
9 124
9 125
9 126
9 155
9 171
9 173
9 178
9 179
9 180
9 182
9 189
9 191
9 193
9 201
9 219
9 226
9 227
9 229
9 234
9 237
9 246
10 11
10 12
10 13
10 14
10 15
10 16
10 17
10 18
10 19
10 20
10 21
10 22
10 23
10 24
10 25
10 26
10 27
10 28
10 29
10 30
10 31
10 32
10 33
10 34
10 35
10 36
10 37
10 38
10 39
10 40
10 41
10 42
10 43
10 44
10 45
10 46
10 47
10 48
10 49
10 52
10 58
10 59
10 78
10 81
10 82
10 87
10 94
10 95
10 137
10 101
10 106
10 117
10 119
10 154
10 159
10 165
10 166
10 171
10 176
10 180
10 184
10 185
10 198
10 212
10 222
10 226
10 230
10 231
10 233
10 242
10 246
11 12
11 13
11 14
11 15
11 16
11 17
11 18
11 19
11 20
11 21
11 22
11 23
11 24
11 25
11 26
11 27
11 28
11 29
11 30
11 31
11 32
11 33
11 34
11 35
11 36
11 37
11 38
11 39
11 40
11 41
11 42
11 43
11 44
11 45
11 46
11 47
11 48
11 49
11 54
11 72
11 74
11 78
11 92
11 96
11 98
11 129
11 131
11 132
11 135
11 137
11 143
11 147
11 103
11 104
11 108
11 109
11 112
11 117
11 120
11 121
11 124
11 126
11 127
11 152
11 155
11 159
11 167
11 168
11 174
11 175
11 181
11 182
11 188
11 189
11 195
11 198
11 200
11 201
11 202
11 206
11 222
12 13
12 14
12 15
12 16
12 17
12 18
12 19
12 20
12 21
12 22
12 23
12 24
12 25
12 26
12 27
12 28
12 29
12 30
12 31
12 32
12 33
12 34
12 35
12 36
12 37
12 38
12 39
12 40
12 41
12 42
12 43
12 44
12 45
12 46
12 47
12 48
12 49
12 53
12 54
12 66
12 67
12 72
12 74
12 79
12 87
12 91
12 93
12 96
12 128
12 142
12 143
12 105
12 108
12 113
12 117
12 120
12 125
12 127
12 154
12 156
12 160
12 163
12 171
12 178
12 185
12 187
12 189
12 196
12 206
12 214
12 218
12 223
12 224
12 238
12 239
12 243
12 245
13 14
13 15
13 16
13 17
13 18
13 19
13 20
13 21
13 22
13 23
13 24
13 25
13 26
13 27
13 28
13 29
13 30
13 31
13 32
13 33
13 34
13 35
13 36
13 37
13 38
13 39
13 40
13 41
13 42
13 43
13 44
13 45
13 46
13 47
13 48
13 49
13 50
13 54
13 55
13 56
13 60
13 62
13 68
13 69
13 70
13 74
13 79
13 82
13 85
13 90
13 93
13 95
13 130
13 132
13 134
13 139
13 144
13 147
13 101
13 109
13 124
13 152
13 154
13 155
13 174
13 179
13 181
13 186
13 190
13 193
13 195
13 198
13 200
13 201
13 206
13 209
13 212
13 227
13 243
14 15
14 16
14 17
14 18
14 19
14 20
14 21
14 22
14 23
14 24
14 25
14 26
14 27
14 28
14 29
14 30
14 31
14 32
14 33
14 34
14 35
14 36
14 37
14 38
14 39
14 40
14 41
14 42
14 43
14 44
14 45
14 46
14 47
14 48
14 49
14 51
14 61
14 63
14 64
14 89
14 95
14 96
14 98
14 135
14 142
14 148
14 109
14 115
14 117
14 120
14 122
14 125
14 126
14 162
14 164
14 166
14 175
14 179
14 187
14 204
14 213
14 214
14 219
14 223
14 226
14 237
14 243
14 245
15 16
15 17
15 18
15 19
15 20
15 21
15 22
15 23
15 24
15 25
15 26
15 27
15 28
15 29
15 30
15 31
15 32
15 33
15 34
15 35
15 36
15 37
15 38
15 39
15 40
15 41
15 42
15 43
15 44
15 45
15 46
15 47
15 48
15 49
15 50
15 55
15 59
15 80
15 83
15 84
15 87
15 88
15 99
15 133
15 139
15 102
15 104
15 107
15 109
15 117
15 119
15 124
15 153
15 165
15 170
15 171
15 176
15 177
15 185
15 192
15 194
15 198
15 205
15 210
15 212
15 213
15 214
15 215
15 216
15 223
15 226
15 228
15 244
15 245
15 248
15 249
16 17
16 18
16 19
16 20
16 21
16 22
16 23
16 24
16 25
16 26
16 27
16 28
16 29
16 30
16 31
16 32
16 33
16 34
16 35
16 36
16 37
16 38
16 39
16 40
16 41
16 42
16 43
16 44
16 45
16 46
16 47
16 48
16 49
16 60
16 73
16 87
16 94
16 96
16 138
16 104
16 118
16 121
16 158
16 163
16 169
16 185
16 189
16 190
16 191
16 194
16 195
16 200
16 201
16 215
16 223
16 229
16 230
16 235
16 237
16 239
16 240
16 247
16 249
17 18
17 19
17 20
17 21
17 22
17 23
17 24
17 25
17 26
17 27
17 28
17 29
17 30
17 31
17 32
17 33
17 34
17 35
17 36
17 37
17 38
17 39
17 40
17 41
17 42
17 43
17 44
17 45
17 46
17 47
17 48
17 49
17 54
17 59
17 62
17 64
17 70
17 73
17 79
17 81
17 82
17 85
17 88
17 90
17 92
17 94
17 95
17 133
17 135
17 136
17 137
17 139
17 148
17 102
17 105
17 108
17 114
17 115
17 150
17 161
17 170
17 174
17 183
17 199
17 204
17 213
17 218
17 221
17 222
17 225
17 236
17 239
17 242
17 243
17 246
18 19
18 20
18 21
18 22
18 23
18 24
18 25
18 26
18 27
18 28
18 29
18 30
18 31
18 32
18 33
18 34
18 35
18 36
18 37
18 38
18 39
18 40
18 41
18 42
18 43
18 44
18 45
18 46
18 47
18 48
18 49
18 61
18 64
18 65
18 66
18 72
18 73
18 75
18 76
18 81
18 86
18 88
18 92
18 128
18 137
18 147
18 104
18 109
18 110
18 113
18 120
18 126
18 158
18 161
18 162
18 164
18 166
18 176
18 180
18 182
18 187
18 188
18 189
18 194
18 211
18 214
18 216
18 221
18 224
18 228
18 233
18 238
18 239
18 242
18 243
19 20
19 21
19 22
19 23
19 24
19 25
19 26
19 27
19 28
19 29
19 30
19 31
19 32
19 33
19 34
19 35
19 36
19 37
19 38
19 39
19 40
19 41
19 42
19 43
19 44
19 45
19 46
19 47
19 48
19 49
19 60
19 62
19 66
19 73
19 79
19 89
19 91
19 95
19 96
19 141
19 142
19 148
19 101
19 113
19 116
19 125
19 127
19 150
19 153
19 167
19 170
19 177
19 178
19 183
19 191
19 192
19 193
19 202
19 213
19 214
19 217
19 219
19 226
19 230
19 232
19 237
19 238
19 241
19 244
19 246
19 247
20 21
20 22
20 23
20 24
20 25
20 26
20 27
20 28
20 29
20 30
20 31
20 32
20 33
20 34
20 35
20 36
20 37
20 38
20 39
20 40
20 41
20 42
20 43
20 44
20 45
20 46
20 47
20 48
20 49
20 52
20 54
20 56
20 60
20 65
20 68
20 74
20 79
20 80
20 97
20 98
20 128
20 130
20 131
20 148
20 104
20 115
20 121
20 126
20 151
20 171
20 176
20 183
20 185
20 193
20 197
20 200
20 201
20 206
20 217
20 219
20 223
20 227
20 228
20 234
20 235
20 239
20 240
20 247
20 249
21 22
21 23
21 24
21 25
21 26
21 27
21 28
21 29
21 30
21 31
21 32
21 33
21 34
21 35
21 36
21 37
21 38
21 39
21 40
21 41
21 42
21 43
21 44
21 45
21 46
21 47
21 48
21 49
21 58
21 60
21 65
21 69
21 70
21 72
21 74
21 83
21 90
21 93
21 96
21 99
21 130
21 131
21 140
21 107
21 110
21 111
21 114
21 116
21 119
21 126
21 127
21 151
21 165
21 181
21 183
21 184
21 194
21 203
21 215
21 226
21 234
21 238
22 23
22 24
22 25
22 26
22 27
22 28
22 29
22 30
22 31
22 32
22 33
22 34
22 35
22 36
22 37
22 38
22 39
22 40
22 41
22 42
22 43
22 44
22 45
22 46
22 47
22 48
22 49
22 57
22 58
22 63
22 66
22 69
22 73
22 76
22 81
22 90
22 129
22 134
22 139
22 141
22 103
22 121
22 123
22 151
22 152
22 160
22 169
22 170
22 174
22 177
22 182
22 186
22 188
22 190
22 196
22 197
22 202
22 204
22 209
22 210
22 222
22 232
22 233
22 236
22 242
22 247
23 24
23 25
23 26
23 27
23 28
23 29
23 30
23 31
23 32
23 33
23 34
23 35
23 36
23 37
23 38
23 39
23 40
23 41
23 42
23 43
23 44
23 45
23 46
23 47
23 48
23 49
23 52
23 56
23 79
23 83
23 91
23 128
23 132
23 145
23 101
23 103
23 104
23 109
23 118
23 119
23 120
23 154
23 162
23 168
23 175
23 177
23 181
23 185
23 187
23 188
23 190
23 195
23 202
23 217
23 220
23 221
23 224
23 230
23 242
23 247
24 25
24 26
24 27
24 28
24 29
24 30
24 31
24 32
24 33
24 34
24 35
24 36
24 37
24 38
24 39
24 40
24 41
24 42
24 43
24 44
24 45
24 46
24 47
24 48
24 49
24 58
24 74
24 76
24 82
24 86
24 89
24 94
24 95
24 99
24 131
24 137
24 101
24 107
24 115
24 116
24 151
24 154
24 158
24 162
24 167
24 170
24 171
24 172
24 175
24 177
24 185
24 187
24 189
24 190
24 197
24 202
24 211
24 215
24 216
24 219
24 222
24 227
24 229
24 230
24 231
24 238
24 242
25 26
25 27
25 28
25 29
25 30
25 31
25 32
25 33
25 34
25 35
25 36
25 37
25 38
25 39
25 40
25 41
25 42
25 43
25 44
25 45
25 46
25 47
25 48
25 49
25 63
25 64
25 67
25 68
25 69
25 75
25 84
25 86
25 87
25 97
25 139
25 142
25 148
25 149
25 109
25 110
25 114
25 120
25 123
25 126
25 165
25 169
25 175
25 185
25 215
25 220
25 222
25 225
25 229
25 232
25 243
25 246
26 27
26 28
26 29
26 30
26 31
26 32
26 33
26 34
26 35
26 36
26 37
26 38
26 39
26 40
26 41
26 42
26 43
26 44
26 45
26 46
26 47
26 48
26 49
26 50
26 57
26 85
26 87
26 91
26 93
26 97
26 98
26 129
26 131
26 139
26 142
26 143
26 102
26 113
26 154
26 158
26 165
26 171
26 180
26 181
26 183
26 185
26 188
26 191
26 192
26 195
26 197
26 199
26 202
26 208
26 224
26 233
26 234
26 241
26 244
26 245
26 246
27 28
27 29
27 30
27 31
27 32
27 33
27 34
27 35
27 36
27 37
27 38
27 39
27 40
27 41
27 42
27 43
27 44
27 45
27 46
27 47
27 48
27 49
27 55
27 69
27 72
27 74
27 75
27 81
27 85
27 88
27 92
27 96
27 97
27 98
27 128
27 139
27 104
27 126
27 153
27 154
27 156
27 161
27 170
27 177
27 179
27 181
27 187
27 191
27 193
27 194
27 196
27 197
27 201
27 203
27 233
27 234
27 240
27 244
27 245
28 29
28 30
28 31
28 32
28 33
28 34
28 35
28 36
28 37
28 38
28 39
28 40
28 41
28 42
28 43
28 44
28 45
28 46
28 47
28 48
28 49
28 52
28 64
28 67
28 76
28 77
28 85
28 90
28 91
28 130
28 134
28 135
28 109
28 111
28 118
28 125
28 150
28 154
28 164
28 170
28 175
28 176
28 181
28 186
28 187
28 189
28 192
28 194
28 197
28 215
28 219
28 220
28 235
28 239
28 244
29 30
29 31
29 32
29 33
29 34
29 35
29 36
29 37
29 38
29 39
29 40
29 41
29 42
29 43
29 44
29 45
29 46
29 47
29 48
29 49
29 61
29 63
29 75
29 76
29 84
29 90
29 130
29 142
29 147
29 148
29 100
29 101
29 103
29 107
29 114
29 124
29 125
29 153
29 160
29 161
29 169
29 178
29 185
29 194
29 197
29 201
29 213
29 216
29 221
29 225
29 227
29 232
29 234
29 236
29 242
29 247
29 248
30 31
30 32
30 33
30 34
30 35
30 36
30 37
30 38
30 39
30 40
30 41
30 42
30 43
30 44
30 45
30 46
30 47
30 48
30 49
30 53
30 54
30 60
30 62
30 69
30 71
30 76
30 82
30 87
30 95
30 99
30 129
30 132
30 133
30 146
30 148
30 102
30 111
30 117
30 119
30 122
30 125
30 155
30 158
30 163
30 176
30 177
30 190
30 191
30 192
30 193
30 201
30 203
30 207
30 211
30 214
30 238
30 243
30 249
31 32
31 33
31 34
31 35
31 36
31 37
31 38
31 39
31 40
31 41
31 42
31 43
31 44
31 45
31 46
31 47
31 48
31 49
31 54
31 56
31 63
31 67
31 70
31 72
31 74
31 81
31 84
31 90
31 91
31 94
31 97
31 132
31 137
31 146
31 101
31 103
31 112
31 118
31 123
31 157
31 158
31 159
31 160
31 170
31 174
31 182
31 189
31 198
31 204
31 211
31 224
31 227
31 228
31 233
31 236
31 237
31 238
31 240
31 242
31 243
32 33
32 34
32 35
32 36
32 37
32 38
32 39
32 40
32 41
32 42
32 43
32 44
32 45
32 46
32 47
32 48
32 49
32 55
32 73
32 76
32 81
32 84
32 89
32 90
32 129
32 130
32 131
32 101
32 103
32 105
32 107
32 108
32 114
32 127
32 151
32 160
32 169
32 177
32 178
32 179
32 185
32 188
32 191
32 198
32 203
32 206
32 211
32 218
32 223
32 224
32 229
32 233
32 236
32 240
32 245
33 34
33 35
33 36
33 37
33 38
33 39
33 40
33 41
33 42
33 43
33 44
33 45
33 46
33 47
33 48
33 49
33 56
33 62
33 64
33 67
33 68
33 69
33 85
33 91
33 93
33 97
33 141
33 147
33 149
33 102
33 107
33 113
33 114
33 123
33 124
33 157
33 158
33 167
33 169
33 170
33 175
33 182
33 191
33 193
33 197
33 200
33 202
33 208
33 212
33 215
33 222
33 229
33 242
33 245
33 249
34 35
34 36
34 37
34 38
34 39
34 40
34 41
34 42
34 43
34 44
34 45
34 46
34 47
34 48
34 49
34 52
34 53
34 58
34 60
34 62
34 67
34 73
34 74
34 85
34 92
34 98
34 133
34 138
34 140
34 142
34 144
34 145
34 148
34 103
34 112
34 115
34 119
34 123
34 127
34 155
34 159
34 165
34 166
34 168
34 172
34 185
34 187
34 192
34 197
34 203
34 221
34 222
34 226
34 228
34 229
34 231
34 235
34 243
35 36
35 37
35 38
35 39
35 40
35 41
35 42
35 43
35 44
35 45
35 46
35 47
35 48
35 49
35 57
35 60
35 62
35 66
35 79
35 82
35 84
35 85
35 86
35 91
35 92
35 95
35 129
35 133
35 144
35 146
35 100
35 114
35 116
35 118
35 122
35 124
35 155
35 159
35 161
35 165
35 168
35 171
35 177
35 190
35 205
35 212
35 213
35 217
35 222
35 229
35 230
35 237
35 240
35 248
35 249
36 37
36 38
36 39
36 40
36 41
36 42
36 43
36 44
36 45
36 46
36 47
36 48
36 49
36 51
36 56
36 70
36 73
36 78
36 80
36 91
36 93
36 128
36 136
36 137
36 146
36 109
36 150
36 161
36 165
36 166
36 177
36 180
36 185
36 186
36 188
36 190
36 193
36 196
36 199
36 200
36 213
36 217
36 218
36 220
36 223
36 233
36 235
36 237
36 244
36 246
37 38
37 39
37 40
37 41
37 42
37 43
37 44
37 45
37 46
37 47
37 48
37 49
37 52
37 54
37 62
37 69
37 70
37 78
37 79
37 82
37 88
37 89
37 91
37 94
37 98
37 132
37 145
37 149
37 101
37 107
37 111
37 112
37 118
37 127
37 162
37 164
37 166
37 174
37 176
37 184
37 187
37 190
37 192
37 195
37 202
37 203
37 208
37 209
37 210
37 211
37 224
37 226
37 249
38 39
38 40
38 41
38 42
38 43
38 44
38 45
38 46
38 47
38 48
38 49
38 56
38 71
38 80
38 82
38 88
38 95
38 96
38 98
38 129
38 143
38 147
38 101
38 106
38 115
38 121
38 164
38 166
38 167
38 168
38 169
38 178
38 179
38 181
38 184
38 193
38 200
38 203
38 206
38 211
38 214
38 223
38 231
38 233
38 239
38 244
39 40
39 41
39 42
39 43
39 44
39 45
39 46
39 47
39 48
39 49
39 51
39 58
39 61
39 62
39 65
39 66
39 74
39 76
39 82
39 87
39 142
39 147
39 100
39 106
39 110
39 112
39 115
39 119
39 126
39 154
39 156
39 157
39 159
39 165
39 168
39 171
39 177
39 184
39 186
39 212
39 217
39 220
39 221
39 222
39 227
39 230
39 236
39 241
39 243
39 248
40 41
40 42
40 43
40 44
40 45
40 46
40 47
40 48
40 49
40 50
40 51
40 52
40 54
40 62
40 73
40 75
40 77
40 80
40 88
40 91
40 92
40 96
40 97
40 128
40 137
40 139
40 143
40 145
40 101
40 104
40 106
40 108
40 113
40 123
40 124
40 150
40 152
40 161
40 168
40 171
40 172
40 173
40 175
40 181
40 207
40 213
40 215
40 218
40 222
40 223
40 226
40 248
41 42
41 43
41 44
41 45
41 46
41 47
41 48
41 49
41 51
41 54
41 55
41 56
41 58
41 60
41 62
41 70
41 75
41 79
41 80
41 81
41 87
41 96
41 97
41 98
41 134
41 137
41 139
41 140
41 147
41 107
41 108
41 114
41 119
41 120
41 125
41 156
41 163
41 165
41 169
41 173
41 174
41 175
41 188
41 193
41 196
41 201
41 203
41 213
41 218
41 219
41 227
41 234
41 235
41 236
42 43
42 44
42 45
42 46
42 47
42 48
42 49
42 52
42 56
42 57
42 66
42 70
42 79
42 85
42 86
42 87
42 138
42 145
42 100
42 101
42 106
42 110
42 116
42 125
42 151
42 160
42 162
42 163
42 164
42 169
42 172
42 182
42 183
42 190
42 193
42 198
42 213
42 220
42 226
42 227
42 233
42 237
42 238
42 246
42 247
43 44
43 45
43 46
43 47
43 48
43 49
43 55
43 56
43 58
43 63
43 67
43 69
43 93
43 95
43 96
43 134
43 135
43 143
43 145
43 101
43 102
43 105
43 107
43 110
43 115
43 116
43 123
43 126
43 150
43 151
43 154
43 155
43 180
43 181
43 183
43 187
43 191
43 193
43 198
43 206
43 210
43 222
43 224
43 227
43 232
43 245
43 246
44 45
44 46
44 47
44 48
44 49
44 53
44 59
44 60
44 63
44 67
44 72
44 80
44 85
44 87
44 88
44 91
44 93
44 95
44 129
44 131
44 136
44 139
44 145
44 149
44 100
44 111
44 112
44 114
44 115
44 117
44 119
44 124
44 126
44 153
44 167
44 176
44 181
44 183
44 186
44 188
44 190
44 199
44 200
44 203
44 212
44 220
44 226
44 229
44 231
44 233
44 239
44 241
45 46
45 47
45 48
45 49
45 50
45 55
45 59
45 60
45 63
45 75
45 77
45 80
45 84
45 91
45 95
45 96
45 99
45 130
45 135
45 100
45 112
45 118
45 124
45 152
45 154
45 156
45 162
45 170
45 171
45 173
45 178
45 179
45 182
45 192
45 193
45 196
45 200
45 205
45 206
45 211
45 214
45 215
45 230
45 237
45 240
45 246
46 47
46 48
46 49
46 50
46 51
46 52
46 62
46 67
46 70
46 71
46 74
46 85
46 92
46 98
46 99
46 135
46 141
46 147
46 121
46 124
46 163
46 168
46 181
46 196
46 197
46 205
46 210
46 212
46 223
46 224
46 228
46 231
46 237
46 241
46 244
46 246
47 48
47 49
47 57
47 61
47 68
47 70
47 77
47 81
47 82
47 88
47 94
47 95
47 99
47 132
47 135
47 136
47 139
47 142
47 100
47 108
47 111
47 120
47 123
47 125
47 150
47 156
47 160
47 162
47 168
47 171
47 188
47 203
47 206
47 209
47 213
47 220
47 224
47 228
47 235
47 236
47 239
48 49
48 50
48 53
48 59
48 65
48 67
48 70
48 77
48 78
48 84
48 90
48 96
48 99
48 128
48 130
48 136
48 139
48 141
48 145
48 149
48 109
48 111
48 114
48 120
48 124
48 125
48 126
48 152
48 162
48 165
48 169
48 170
48 176
48 184
48 187
48 191
48 196
48 205
48 207
48 208
48 220
48 223
48 227
48 234
48 241
48 243
48 247
49 51
49 60
49 64
49 71
49 76
49 78
49 83
49 86
49 96
49 138
49 146
49 100
49 102
49 109
49 114
49 119
49 123
49 125
49 151
49 168
49 178
49 187
49 196
49 202
49 207
49 219
49 229
49 230
49 232
49 233
49 243
49 246
50 51
50 52
50 53
50 54
50 55
50 56
50 57
50 58
50 59
50 60
50 61
50 62
50 63
50 64
50 65
50 66
50 67
50 68
50 69
50 70
50 71
50 72
50 73
50 74
50 75
50 76
50 77
50 78
50 79
50 80
50 81
50 82
50 83
50 84
50 85
50 86
50 87
50 88
50 89
50 90
50 91
50 92
50 93
50 94
50 95
50 96
50 97
50 98
50 99
50 131
50 136
50 139
50 142
50 147
50 108
50 109
50 111
50 116
50 117
50 119
50 120
50 122
50 154
50 160
50 161
50 177
50 178
50 181
50 183
50 194
50 196
50 199
50 205
50 206
50 211
50 212
50 216
50 226
50 230
50 238
50 242
50 244
50 248
51 52
51 53
51 54
51 55
51 56
51 57
51 58
51 59
51 60
51 61
51 62
51 63
51 64
51 65
51 66
51 67
51 68
51 69
51 70
51 71
51 72
51 73
51 74
51 75
51 76
51 77
51 78
51 79
51 80
51 81
51 82
51 83
51 84
51 85
51 86
51 87
51 88
51 89
51 90
51 91
51 92
51 93
51 94
51 95
51 96
51 97
51 98
51 99
51 137
51 139
51 146
51 148
51 103
51 105
51 109
51 111
51 122
51 124
51 150
51 152
51 154
51 168
51 169
51 173
51 180
51 181
51 201
51 209
51 210
51 214
51 217
51 223
51 234
51 235
51 244
51 245
52 53
52 54
52 55
52 56
52 57
52 58
52 59
52 60
52 61
52 62
52 63
52 64
52 65
52 66
52 67
52 68
52 69
52 70
52 71
52 72
52 73
52 74
52 75
52 76
52 77
52 78
52 79
52 80
52 81
52 82
52 83
52 84
52 85
52 86
52 87
52 88
52 89
52 90
52 91
52 92
52 93
52 94
52 95
52 96
52 97
52 98
52 99
52 133
52 140
52 141
52 142
52 143
52 102
52 124
52 127
52 156
52 159
52 163
52 166
52 171
52 172
52 174
52 177
52 180
52 183
52 186
52 191
52 195
52 207
52 208
52 211
52 212
52 213
52 216
52 223
52 232
52 236
52 237
52 238
53 54
53 55
53 56
53 57
53 58
53 59
53 60
53 61
53 62
53 63
53 64
53 65
53 66
53 67
53 68
53 69
53 70
53 71
53 72
53 73
53 74
53 75
53 76
53 77
53 78
53 79
53 80
53 81
53 82
53 83
53 84
53 85
53 86
53 87
53 88
53 89
53 90
53 91
53 92
53 93
53 94
53 95
53 96
53 97
53 98
53 99
53 129
53 132
53 141
53 143
53 145
53 149
53 107
53 109
53 113
53 117
53 122
53 123
53 125
53 165
53 170
53 171
53 172
53 174
53 177
53 181
53 184
53 188
53 198
53 209
53 210
53 211
53 220
53 225
53 226
53 227
53 240
54 55
54 56
54 57
54 58
54 59
54 60
54 61
54 62
54 63
54 64
54 65
54 66
54 67
54 68
54 69
54 70
54 71
54 72
54 73
54 74
54 75
54 76
54 77
54 78
54 79
54 80
54 81
54 82
54 83
54 84
54 85
54 86
54 87
54 88
54 89
54 90
54 91
54 92
54 93
54 94
54 95
54 96
54 97
54 98
54 99
54 142
54 148
54 106
54 110
54 113
54 115
54 119
54 122
54 156
54 165
54 171
54 173
54 178
54 181
54 193
54 200
54 206
54 214
54 222
54 231
54 237
54 238
54 240
54 242
54 248
54 249
55 56
55 57
55 58
55 59
55 60
55 61
55 62
55 63
55 64
55 65
55 66
55 67
55 68
55 69
55 70
55 71
55 72
55 73
55 74
55 75
55 76
55 77
55 78
55 79
55 80
55 81
55 82
55 83
55 84
55 85
55 86
55 87
55 88
55 89
55 90
55 91
55 92
55 93
55 94
55 95
55 96
55 97
55 98
55 99
55 144
55 100
55 106
55 117
55 150
55 151
55 158
55 160
55 163
55 166
55 174
55 178
55 180
55 185
55 187
55 192
55 194
55 196
55 198
55 199
55 202
55 211
55 213
55 221
55 225
55 228
55 229
55 230
55 233
55 236
55 237
55 243
56 57
56 58
56 59
56 60
56 61
56 62
56 63
56 64
56 65
56 66
56 67
56 68
56 69
56 70
56 71
56 72
56 73
56 74
56 75
56 76
56 77
56 78
56 79
56 80
56 81
56 82
56 83
56 84
56 85
56 86
56 87
56 88
56 89
56 90
56 91
56 92
56 93
56 94
56 95
56 96
56 97
56 98
56 99
56 130
56 135
56 140
56 143
56 104
56 105
56 107
56 110
56 114
56 115
56 150
56 153
56 159
56 165
56 183
56 185
56 186
56 188
56 195
56 196
56 200
56 205
56 210
56 217
56 219
56 236
56 242
56 243
56 244
57 58
57 59
57 60
57 61
57 62
57 63
57 64
57 65
57 66
57 67
57 68
57 69
57 70
57 71
57 72
57 73
57 74
57 75
57 76
57 77
57 78
57 79
57 80
57 81
57 82
57 83
57 84
57 85
57 86
57 87
57 88
57 89
57 90
57 91
57 92
57 93
57 94
57 95
57 96
57 97
57 98
57 99
57 130
57 134
57 147
57 148
57 105
57 106
57 107
57 111
57 116
57 117
57 122
57 124
57 163
57 170
57 171
57 180
57 188
57 196
57 197
57 211
57 212
57 220
57 228
57 231
57 234
57 236
57 247
57 249
58 59
58 60
58 61
58 62
58 63
58 64
58 65
58 66
58 67
58 68
58 69
58 70
58 71
58 72
58 73
58 74
58 75
58 76
58 77
58 78
58 79
58 80
58 81
58 82
58 83
58 84
58 85
58 86
58 87
58 88
58 89
58 90
58 91
58 92
58 93
58 94
58 95
58 96
58 97
58 98
58 99
58 132
58 134
58 137
58 139
58 140
58 145
58 101
58 102
58 105
58 110
58 113
58 152
58 156
58 158
58 159
58 162
58 164
58 168
58 191
58 206
58 209
58 218
58 219
58 234
58 235
58 238
58 244
59 60
59 61
59 62
59 63
59 64
59 65
59 66
59 67
59 68
59 69
59 70
59 71
59 72
59 73
59 74
59 75
59 76
59 77
59 78
59 79
59 80
59 81
59 82
59 83
59 84
59 85
59 86
59 87
59 88
59 89
59 90
59 91
59 92
59 93
59 94
59 95
59 96
59 97
59 98
59 99
59 100
59 104
59 115
59 117
59 126
59 150
59 161
59 162
59 164
59 171
59 178
59 184
59 189
59 193
59 197
59 202
59 207
59 216
59 220
59 227
59 233
60 61
60 62
60 63
60 64
60 65
60 66
60 67
60 68
60 69
60 70
60 71
60 72
60 73
60 74
60 75
60 76
60 77
60 78
60 79
60 80
60 81
60 82
60 83
60 84
60 85
60 86
60 87
60 88
60 89
60 90
60 91
60 92
60 93
60 94
60 95
60 96
60 97
60 98
60 99
60 130
60 133
60 135
60 142
60 146
60 111
60 114
60 118
60 126
60 150
60 152
60 157
60 164
60 171
60 178
60 182
60 183
60 186
60 188
60 195
60 199
60 203
60 210
60 212
60 213
60 231
60 233
60 234
60 237
60 240
60 242
60 244
61 62
61 63
61 64
61 65
61 66
61 67
61 68
61 69
61 70
61 71
61 72
61 73
61 74
61 75
61 76
61 77
61 78
61 79
61 80
61 81
61 82
61 83
61 84
61 85
61 86
61 87
61 88
61 89
61 90
61 91
61 92
61 93
61 94
61 95
61 96
61 97
61 98
61 99
61 129
61 130
61 133
61 143
61 148
61 109
61 110
61 114
61 118
61 123
61 126
61 152
61 157
61 159
61 170
61 172
61 176
61 180
61 194
61 198
61 204
61 208
61 210
61 215
61 216
61 218
61 220
61 224
61 234
61 238
61 244
62 63
62 64
62 65
62 66
62 67
62 68
62 69
62 70
62 71
62 72
62 73
62 74
62 75
62 76
62 77
62 78
62 79
62 80
62 81
62 82
62 83
62 84
62 85
62 86
62 87
62 88
62 89
62 90
62 91
62 92
62 93
62 94
62 95
62 96
62 97
62 98
62 99
62 138
62 146
62 104
62 115
62 123
62 125
62 127
62 153
62 154
62 155
62 160
62 162
62 169
62 173
62 176
62 178
62 182
62 188
62 194
62 203
62 205
62 208
62 213
62 216
62 225
62 231
62 233
62 241
63 64
63 65
63 66
63 67
63 68
63 69
63 70
63 71
63 72
63 73
63 74
63 75
63 76
63 77
63 78
63 79
63 80
63 81
63 82
63 83
63 84
63 85
63 86
63 87
63 88
63 89
63 90
63 91
63 92
63 93
63 94
63 95
63 96
63 97
63 98
63 99
63 129
63 130
63 137
63 139
63 142
63 143
63 149
63 104
63 105
63 108
63 113
63 118
63 150
63 158
63 159
63 160
63 161
63 163
63 165
63 174
63 182
63 190
63 203
63 209
63 213
63 218
63 219
63 223
63 224
63 229
63 232
63 240
63 242
63 248
64 65
64 66
64 67
64 68
64 69
64 70
64 71
64 72
64 73
64 74
64 75
64 76
64 77
64 78
64 79
64 80
64 81
64 82
64 83
64 84
64 85
64 86
64 87
64 88
64 89
64 90
64 91
64 92
64 93
64 94
64 95
64 96
64 97
64 98
64 99
64 129
64 136
64 139
64 140
64 144
64 147
64 148
64 107
64 108
64 109
64 118
64 122
64 123
64 124
64 125
64 156
64 164
64 169
64 174
64 176
64 179
64 180
64 182
64 183
64 184
64 185
64 189
64 195
64 197
64 202
64 206
64 208
64 213
64 214
64 215
64 228
64 229
64 234
64 237
64 240
64 244
64 245
65 66
65 67
65 68
65 69
65 70
65 71
65 72
65 73
65 74
65 75
65 76
65 77
65 78
65 79
65 80
65 81
65 82
65 83
65 84
65 85
65 86
65 87
65 88
65 89
65 90
65 91
65 92
65 93
65 94
65 95
65 96
65 97
65 98
65 99
65 131
65 133
65 141
65 142
65 104
65 106
65 107
65 112
65 113
65 117
65 119
65 124
65 150
65 160
65 161
65 168
65 171
65 176
65 180
65 185
65 191
65 193
65 195
65 202
65 209
65 220
65 221
65 227
65 228
65 229
65 230
65 239
65 242
65 243
66 67
66 68
66 69
66 70
66 71
66 72
66 73
66 74
66 75
66 76
66 77
66 78
66 79
66 80
66 81
66 82
66 83
66 84
66 85
66 86
66 87
66 88
66 89
66 90
66 91
66 92
66 93
66 94
66 95
66 96
66 97
66 98
66 99
66 129
66 133
66 138
66 140
66 141
66 149
66 100
66 101
66 113
66 114
66 117
66 123
66 124
66 126
66 127
66 151
66 153
66 159
66 167
66 168
66 169
66 174
66 176
66 189
66 193
66 194
66 200
66 209
66 216
66 219
66 226
66 229
66 231
66 240
66 249
67 68
67 69
67 70
67 71
67 72
67 73
67 74
67 75
67 76
67 77
67 78
67 79
67 80
67 81
67 82
67 83
67 84
67 85
67 86
67 87
67 88
67 89
67 90
67 91
67 92
67 93
67 94
67 95
67 96
67 97
67 98
67 99
67 128
67 129
67 131
67 135
67 137
67 140
67 101
67 103
67 113
67 125
67 154
67 158
67 160
67 166
67 169
67 172
67 175
67 176
67 185
67 191
67 197
67 204
67 217
67 227
67 232
67 242
67 244
67 246
67 247
67 249
68 69
68 70
68 71
68 72
68 73
68 74
68 75
68 76
68 77
68 78
68 79
68 80
68 81
68 82
68 83
68 84
68 85
68 86
68 87
68 88
68 89
68 90
68 91
68 92
68 93
68 94
68 95
68 96
68 97
68 98
68 99
68 128
68 133
68 138
68 102
68 111
68 120
68 150
68 152
68 153
68 155
68 156
68 162
68 164
68 170
68 171
68 174
68 183
68 184
68 187
68 188
68 189
68 190
68 203
68 209
68 212
68 230
68 232
68 236
68 243
68 249
69 70
69 71
69 72
69 73
69 74
69 75
69 76
69 77
69 78
69 79
69 80
69 81
69 82
69 83
69 84
69 85
69 86
69 87
69 88
69 89
69 90
69 91
69 92
69 93
69 94
69 95
69 96
69 97
69 98
69 99
69 128
69 131
69 133
69 134
69 137
69 142
69 147
69 102
69 113
69 152
69 153
69 154
69 155
69 160
69 161
69 182
69 184
69 191
69 195
69 200
69 211
69 213
69 220
69 235
69 236
69 238
69 241
69 248
70 71
70 72
70 73
70 74
70 75
70 76
70 77
70 78
70 79
70 80
70 81
70 82
70 83
70 84
70 85
70 86
70 87
70 88
70 89
70 90
70 91
70 92
70 93
70 94
70 95
70 96
70 97
70 98
70 99
70 131
70 134
70 147
70 105
70 116
70 117
70 119
70 121
70 126
70 151
70 154
70 157
70 162
70 163
70 180
70 187
70 188
70 189
70 195
70 201
70 206
70 216
70 219
70 221
70 224
70 228
70 229
70 230
70 232
70 236
70 240
70 243
70 244
71 72
71 73
71 74
71 75
71 76
71 77
71 78
71 79
71 80
71 81
71 82
71 83
71 84
71 85
71 86
71 87
71 88
71 89
71 90
71 91
71 92
71 93
71 94
71 95
71 96
71 97
71 98
71 99
71 136
71 140
71 148
71 107
71 113
71 122
71 152
71 159
71 160
71 161
71 166
71 175
71 176
71 181
71 195
71 197
71 214
71 215
71 218
71 223
71 233
71 238
71 244
71 249
72 73
72 74
72 75
72 76
72 77
72 78
72 79
72 80
72 81
72 82
72 83
72 84
72 85
72 86
72 87
72 88
72 89
72 90
72 91
72 92
72 93
72 94
72 95
72 96
72 97
72 98
72 99
72 128
72 132
72 133
72 134
72 138
72 140
72 142
72 102
72 104
72 110
72 111
72 113
72 117
72 122
72 153
72 155
72 161
72 162
72 166
72 172
72 174
72 189
72 200
72 202
72 207
72 208
72 213
72 214
72 215
72 218
72 221
72 222
72 225
72 236
72 239
72 247
72 248
72 249
73 74
73 75
73 76
73 77
73 78
73 79
73 80
73 81
73 82
73 83
73 84
73 85
73 86
73 87
73 88
73 89
73 90
73 91
73 92
73 93
73 94
73 95
73 96
73 97
73 98
73 99
73 132
73 133
73 134
73 146
73 149
73 102
73 117
73 120
73 122
73 152
73 154
73 156
73 163
73 165
73 166
73 170
73 173
73 187
73 195
73 206
73 209
73 221
73 227
73 230
73 235
73 242
73 248
74 75
74 76
74 77
74 78
74 79
74 80
74 81
74 82
74 83
74 84
74 85
74 86
74 87
74 88
74 89
74 90
74 91
74 92
74 93
74 94
74 95
74 96
74 97
74 98
74 99
74 129
74 138
74 148
74 101
74 103
74 104
74 110
74 113
74 119
74 150
74 153
74 154
74 156
74 167
74 183
74 185
74 187
74 204
74 205
74 207
74 209
74 212
74 214
74 218
74 225
74 232
74 236
74 243
74 248
75 76
75 77
75 78
75 79
75 80
75 81
75 82
75 83
75 84
75 85
75 86
75 87
75 88
75 89
75 90
75 91
75 92
75 93
75 94
75 95
75 96
75 97
75 98
75 99
75 128
75 129
75 133
75 140
75 145
75 105
75 109
75 110
75 111
75 112
75 116
75 121
75 126
75 152
75 158
75 165
75 167
75 179
75 183
75 189
75 190
75 192
75 206
75 207
75 209
75 213
75 224
75 240
75 242
75 246
75 247
75 249
76 77
76 78
76 79
76 80
76 81
76 82
76 83
76 84
76 85
76 86
76 87
76 88
76 89
76 90
76 91
76 92
76 93
76 94
76 95
76 96
76 97
76 98
76 99
76 141
76 145
76 107
76 108
76 112
76 125
76 163
76 165
76 167
76 170
76 174
76 186
76 195
76 198
76 200
76 206
76 213
76 221
76 224
76 225
76 226
76 228
76 230
76 236
76 240
76 244
76 246
77 78
77 79
77 80
77 81
77 82
77 83
77 84
77 85
77 86
77 87
77 88
77 89
77 90
77 91
77 92
77 93
77 94
77 95
77 96
77 97
77 98
77 99
77 130
77 139
77 142
77 149
77 104
77 107
77 120
77 125
77 126
77 152
77 165
77 172
77 178
77 189
77 190
77 197
77 201
77 202
77 204
77 210
77 213
77 217
77 221
77 234
77 241
77 243
77 245
78 79
78 80
78 81
78 82
78 83
78 84
78 85
78 86
78 87
78 88
78 89
78 90
78 91
78 92
78 93
78 94
78 95
78 96
78 97
78 98
78 99
78 131
78 135
78 136
78 138
78 145
78 104
78 105
78 106
78 108
78 111
78 112
78 113
78 115
78 120
78 123
78 125
78 126
78 127
78 152
78 155
78 162
78 166
78 171
78 172
78 173
78 182
78 187
78 203
78 204
78 209
78 217
78 218
78 228
78 235
78 236
79 80
79 81
79 82
79 83
79 84
79 85
79 86
79 87
79 88
79 89
79 90
79 91
79 92
79 93
79 94
79 95
79 96
79 97
79 98
79 99
79 135
79 136
79 142
79 101
79 106
79 107
79 108
79 115
79 123
79 126
79 127
79 150
79 158
79 159
79 161
79 171
79 174
79 188
79 190
79 191
79 193
79 200
79 202
79 204
79 206
79 208
79 211
79 214
79 223
79 232
79 234
79 236
79 238
79 247
80 81
80 82
80 83
80 84
80 85
80 86
80 87
80 88
80 89
80 90
80 91
80 92
80 93
80 94
80 95
80 96
80 97
80 98
80 99
80 141
80 143
80 146
80 101
80 106
80 108
80 110
80 124
80 125
80 157
80 160
80 163
80 173
80 174
80 179
80 181
80 186
80 190
80 194
80 195
80 197
80 198
80 206
80 207
80 208
80 209
80 217
80 218
80 220
80 236
80 238
80 241
80 249
81 82
81 83
81 84
81 85
81 86
81 87
81 88
81 89
81 90
81 91
81 92
81 93
81 94
81 95
81 96
81 97
81 98
81 99
81 135
81 138
81 146
81 149
81 110
81 111
81 115
81 123
81 126
81 152
81 155
81 175
81 177
81 179
81 182
81 190
81 191
81 197
81 198
81 202
81 204
81 206
81 208
81 212
81 213
81 215
81 219
81 220
81 226
81 240
81 246
81 249
82 83
82 84
82 85
82 86
82 87
82 88
82 89
82 90
82 91
82 92
82 93
82 94
82 95
82 96
82 97
82 98
82 99
82 129
82 131
82 132
82 135
82 139
82 147
82 149
82 102
82 103
82 104
82 114
82 123
82 127
82 153
82 159
82 163
82 169
82 170
82 174
82 177
82 185
82 187
82 188
82 193
82 200
82 202
82 214
82 216
82 233
82 234
83 84
83 85
83 86
83 87
83 88
83 89
83 90
83 91
83 92
83 93
83 94
83 95
83 96
83 97
83 98
83 99
83 130
83 100
83 101
83 108
83 110
83 125
83 154
83 163
83 164
83 181
83 182
83 197
83 198
83 201
83 209
83 224
83 233
83 237
83 240
83 243
83 244
83 249
84 85
84 86
84 87
84 88
84 89
84 90
84 91
84 92
84 93
84 94
84 95
84 96
84 97
84 98
84 99
84 128
84 131
84 133
84 145
84 146
84 148
84 149
84 103
84 109
84 117
84 119
84 150
84 154
84 161
84 163
84 169
84 172
84 177
84 187
84 195
84 201
84 208
84 211
84 217
84 221
84 226
84 227
84 231
84 232
85 86
85 87
85 88
85 89
85 90
85 91
85 92
85 93
85 94
85 95
85 96
85 97
85 98
85 99
85 137
85 139
85 140
85 144
85 102
85 107
85 109
85 112
85 122
85 124
85 127
85 155
85 174
85 181
85 183
85 190
85 191
85 192
85 195
85 196
85 197
85 206
85 210
85 216
85 219
85 221
85 223
85 226
85 239
85 241
85 243
86 87
86 88
86 89
86 90
86 91
86 92
86 93
86 94
86 95
86 96
86 97
86 98
86 99
86 131
86 138
86 142
86 143
86 149
86 107
86 108
86 114
86 115
86 117
86 125
86 157
86 158
86 163
86 171
86 172
86 177
86 179
86 181
86 198
86 199
86 202
86 203
86 210
86 212
86 213
86 216
86 222
86 223
86 226
86 228
86 230
86 232
86 238
86 240
86 242
86 245
87 88
87 89
87 90
87 91
87 92
87 93
87 94
87 95
87 96
87 97
87 98
87 99
87 141
87 115
87 118
87 121
87 151
87 153
87 157
87 159
87 160
87 163
87 169
87 171
87 172
87 173
87 176
87 181
87 190
87 191
87 202
87 206
87 209
87 210
87 223
87 224
87 226
87 227
87 237
87 240
87 242
87 245
88 89
88 90
88 91
88 92
88 93
88 94
88 95
88 96
88 97
88 98
88 99
88 132
88 135
88 138
88 143
88 148
88 100
88 103
88 104
88 109
88 114
88 115
88 118
88 119
88 124
88 150
88 153
88 154
88 157
88 160
88 173
88 195
88 203
88 206
88 215
88 221
88 225
88 226
88 232
88 244
88 249
89 90
89 91
89 92
89 93
89 94
89 95
89 96
89 97
89 98
89 99
89 137
89 149
89 102
89 105
89 107
89 118
89 120
89 121
89 124
89 154
89 158
89 168
89 173
89 190
89 193
89 195
89 207
89 214
89 216
89 221
89 225
89 226
89 235
89 236
90 91
90 92
90 93
90 94
90 95
90 96
90 97
90 98
90 99
90 131
90 132
90 145
90 103
90 119
90 163
90 166
90 175
90 184
90 191
90 192
90 197
90 199
90 200
90 202
90 203
90 212
90 216
90 224
90 227
90 235
90 238
90 240
90 241
90 247
90 249
91 92
91 93
91 94
91 95
91 96
91 97
91 98
91 99
91 136
91 137
91 141
91 149
91 110
91 154
91 155
91 162
91 163
91 165
91 167
91 170
91 173
91 180
91 184
91 194
91 209
91 214
91 215
91 216
91 220
91 223
91 224
91 226
91 227
91 229
91 239
91 243
91 246
92 93
92 94
92 95
92 96
92 97
92 98
92 99
92 139
92 142
92 143
92 144
92 146
92 148
92 106
92 112
92 119
92 152
92 153
92 157
92 158
92 161
92 174
92 184
92 185
92 193
92 199
92 212
92 214
92 217
92 218
92 219
92 224
92 230
92 231
92 232
92 235
92 243
92 246
93 94
93 95
93 96
93 97
93 98
93 99
93 128
93 136
93 137
93 139
93 148
93 114
93 118
93 120
93 122
93 125
93 126
93 150
93 152
93 153
93 160
93 161
93 162
93 169
93 170
93 172
93 174
93 180
93 185
93 194
93 197
93 200
93 225
93 228
93 231
93 232
93 233
93 235
94 95
94 96
94 97
94 98
94 99
94 129
94 130
94 100
94 102
94 105
94 122
94 125
94 151
94 157
94 159
94 166
94 171
94 173
94 180
94 181
94 184
94 189
94 198
94 199
94 200
94 218
94 223
94 226
94 228
94 229
94 230
94 235
94 236
94 240
94 241
94 244
94 246
94 249
95 96
95 97
95 98
95 99
95 132
95 135
95 146
95 147
95 101
95 120
95 126
95 166
95 169
95 170
95 173
95 176
95 182
95 185
95 190
95 192
95 196
95 212
95 213
95 225
95 246
96 97
96 98
96 99
96 130
96 133
96 134
96 142
96 143
96 144
96 146
96 149
96 106
96 115
96 126
96 127
96 153
96 161
96 169
96 170
96 174
96 176
96 180
96 182
96 184
96 189
96 194
96 195
96 206
96 208
96 209
96 210
96 212
96 213
96 216
96 219
96 223
96 226
96 227
96 228
96 234
96 235
96 239
96 241
96 242
96 244
97 98
97 99
97 132
97 144
97 148
97 102
97 104
97 105
97 113
97 115
97 118
97 126
97 150
97 154
97 161
97 168
97 170
97 185
97 194
97 198
97 202
97 206
97 212
97 213
97 217
97 228
97 230
97 232
97 235
97 238
97 249
98 99
98 141
98 109
98 110
98 115
98 117
98 124
98 151
98 152
98 153
98 157
98 159
98 170
98 173
98 176
98 178
98 191
98 197
98 200
98 202
98 206
98 209
98 210
98 212
98 218
98 226
98 227
98 228
98 233
98 236
98 239
98 246
99 128
99 129
99 133
99 141
99 100
99 104
99 111
99 114
99 116
99 122
99 153
99 155
99 166
99 174
99 176
99 179
99 180
99 184
99 192
99 208
99 213
99 216
99 220
99 225
99 242
99 246
128 129
128 130
128 131
128 132
128 133
128 134
128 135
128 136
128 137
128 138
128 139
128 140
128 141
128 142
128 143
128 144
128 145
128 146
128 147
128 148
128 149
128 100
128 101
128 102
128 103
128 104
128 105
128 106
128 107
128 108
128 109
128 110
128 111
128 112
128 113
128 114
128 115
128 116
128 117
128 118
128 119
128 120
128 121
128 122
128 123
128 124
128 125
128 126
128 127
128 156
128 157
128 162
128 163
128 186
128 187
128 188
128 190
128 194
128 206
128 207
128 209
128 216
128 217
128 219
128 226
128 227
128 230
128 235
128 243
128 245
129 130
129 131
129 132
129 133
129 134
129 135
129 136
129 137
129 138
129 139
129 140
129 141
129 142
129 143
129 144
129 145
129 146
129 147
129 148
129 149
129 100
129 101
129 102
129 103
129 104
129 105
129 106
129 107
129 108
129 109
129 110
129 111
129 112
129 113
129 114
129 115
129 116
129 117
129 118
129 119
129 120
129 121
129 122
129 123
129 124
129 125
129 126
129 127
129 150
129 157
129 162
129 183
129 189
129 190
129 191
129 201
129 202
129 208
129 210
129 214
129 215
129 221
129 223
129 224
129 226
129 245
130 131
130 132
130 133
130 134
130 135
130 136
130 137
130 138
130 139
130 140
130 141
130 142
130 143
130 144
130 145
130 146
130 147
130 148
130 149
130 100
130 101
130 102
130 103
130 104
130 105
130 106
130 107
130 108
130 109
130 110
130 111
130 112
130 113
130 114
130 115
130 116
130 117
130 118
130 119
130 120
130 121
130 122
130 123
130 124
130 125
130 126
130 127
130 151
130 152
130 159
130 161
130 162
130 175
130 178
130 180
130 183
130 184
130 193
130 208
130 211
130 212
130 220
130 223
130 227
130 228
130 230
130 233
130 239
130 242
130 244
130 249
131 132
131 133
131 134
131 135
131 136
131 137
131 138
131 139
131 140
131 141
131 142
131 143
131 144
131 145
131 146
131 147
131 148
131 149
131 100
131 101
131 102
131 103
131 104
131 105
131 106
131 107
131 108
131 109
131 110
131 111
131 112
131 113
131 114
131 115
131 116
131 117
131 118
131 119
131 120
131 121
131 122
131 123
131 124
131 125
131 126
131 127
131 151
131 152
131 156
131 161
131 163
131 166
131 174
131 178
131 185
131 186
131 192
131 196
131 197
131 199
131 206
131 215
131 217
131 218
131 223
131 224
131 226
131 229
131 230
131 231
131 233
131 238
131 239
131 243
132 133
132 134
132 135
132 136
132 137
132 138
132 139
132 140
132 141
132 142
132 143
132 144
132 145
132 146
132 147
132 148
132 149
132 100
132 101
132 102
132 103
132 104
132 105
132 106
132 107
132 108
132 109
132 110
132 111
132 112
132 113
132 114
132 115
132 116
132 117
132 118
132 119
132 120
132 121
132 122
132 123
132 124
132 125
132 126
132 127
132 157
132 168
132 179
132 189
132 191
132 197
132 201
132 205
132 208
132 213
132 215
132 220
132 224
132 228
132 236
132 239
132 242
132 247
133 134
133 135
133 136
133 137
133 138
133 139
133 140
133 141
133 142
133 143
133 144
133 145
133 146
133 147
133 148
133 149
133 100
133 101
133 102
133 103
133 104
133 105
133 106
133 107
133 108
133 109
133 110
133 111
133 112
133 113
133 114
133 115
133 116
133 117
133 118
133 119
133 120
133 121
133 122
133 123
133 124
133 125
133 126
133 127
133 153
133 154
133 184
133 193
133 200
133 210
133 212
133 213
133 228
133 231
133 247
134 135
134 136
134 137
134 138
134 139
134 140
134 141
134 142
134 143
134 144
134 145
134 146
134 147
134 148
134 149
134 100
134 101
134 102
134 103
134 104
134 105
134 106
134 107
134 108
134 109
134 110
134 111
134 112
134 113
134 114
134 115
134 116
134 117
134 118
134 119
134 120
134 121
134 122
134 123
134 124
134 125
134 126
134 127
134 152
134 154
134 159
134 177
134 179
134 180
134 181
134 186
134 188
134 189
134 190
134 191
134 198
134 200
134 207
134 221
134 228
134 229
134 230
134 232
134 234
134 241
134 244
134 247
135 136
135 137
135 138
135 139
135 140
135 141
135 142
135 143
135 144
135 145
135 146
135 147
135 148
135 149
135 100
135 101
135 102
135 103
135 104
135 105
135 106
135 107
135 108
135 109
135 110
135 111
135 112
135 113
135 114
135 115
135 116
135 117
135 118
135 119
135 120
135 121
135 122
135 123
135 124
135 125
135 126
135 127
135 155
135 156
135 162
135 164
135 170
135 174
135 183
135 187
135 189
135 190
135 195
135 197
135 200
135 209
135 215
135 225
135 227
135 230
135 233
135 234
135 236
135 237
135 246
136 137
136 138
136 139
136 140
136 141
136 142
136 143
136 144
136 145
136 146
136 147
136 148
136 149
136 100
136 101
136 102
136 103
136 104
136 105
136 106
136 107
136 108
136 109
136 110
136 111
136 112
136 113
136 114
136 115
136 116
136 117
136 118
136 119
136 120
136 121
136 122
136 123
136 124
136 125
136 126
136 127
136 162
136 166
136 169
136 184
136 187
136 193
136 211
136 221
136 230
136 237
137 138
137 139
137 140
137 141
137 142
137 143
137 144
137 145
137 146
137 147
137 148
137 149
137 100
137 101
137 102
137 103
137 104
137 105
137 106
137 107
137 108
137 109
137 110
137 111
137 112
137 113
137 114
137 115
137 116
137 117
137 118
137 119
137 120
137 121
137 122
137 123
137 124
137 125
137 126
137 127
137 151
137 154
137 155
137 176
137 184
137 186
137 188
137 195
137 200
137 201
137 207
137 210
137 214
137 215
137 216
137 222
137 223
137 224
137 231
137 232
137 237
137 246
138 139
138 140
138 141
138 142
138 143
138 144
138 145
138 146
138 147
138 148
138 149
138 100
138 101
138 102
138 103
138 104
138 105
138 106
138 107
138 108
138 109
138 110
138 111
138 112
138 113
138 114
138 115
138 116
138 117
138 118
138 119
138 120
138 121
138 122
138 123
138 124
138 125
138 126
138 127
138 153
138 156
138 158
138 159
138 166
138 168
138 173
138 174
138 175
138 196
138 209
138 210
138 212
138 214
138 218
138 223
138 225
138 230
138 234
138 240
138 241
138 243
138 247
139 140
139 141
139 142
139 143
139 144
139 145
139 146
139 147
139 148
139 149
139 100
139 101
139 102
139 103
139 104
139 105
139 106
139 107
139 108
139 109
139 110
139 111
139 112
139 113
139 114
139 115
139 116
139 117
139 118
139 119
139 120
139 121
139 122
139 123
139 124
139 125
139 126
139 127
139 158
139 167
139 168
139 170
139 178
139 180
139 193
139 200
139 217
139 219
139 236
140 141
140 142
140 143
140 144
140 145
140 146
140 147
140 148
140 149
140 100
140 101
140 102
140 103
140 104
140 105
140 106
140 107
140 108
140 109
140 110
140 111
140 112
140 113
140 114
140 115
140 116
140 117
140 118
140 119
140 120
140 121
140 122
140 123
140 124
140 125
140 126
140 127
140 150
140 152
140 153
140 159
140 160
140 165
140 168
140 171
140 175
140 178
140 179
140 186
140 187
140 201
140 203
140 205
140 229
140 232
140 234
140 238
140 239
140 248
141 142
141 143
141 144
141 145
141 146
141 147
141 148
141 149
141 100
141 101
141 102
141 103
141 104
141 105
141 106
141 107
141 108
141 109
141 110
141 111
141 112
141 113
141 114
141 115
141 116
141 117
141 118
141 119
141 120
141 121
141 122
141 123
141 124
141 125
141 126
141 127
141 165
141 167
141 177
141 183
141 184
141 188
141 192
141 193
141 198
141 210
141 213
141 218
141 226
141 228
141 235
141 240
141 241
141 244
141 246
141 248
141 249
142 143
142 144
142 145
142 146
142 147
142 148
142 149
142 100
142 101
142 102
142 103
142 104
142 105
142 106
142 107
142 108
142 109
142 110
142 111
142 112
142 113
142 114
142 115
142 116
142 117
142 118
142 119
142 120
142 121
142 122
142 123
142 124
142 125
142 126
142 127
142 151
142 155
142 170
142 182
142 188
142 189
142 192
142 199
142 202
142 204
142 212
142 215
142 218
142 220
142 221
142 225
142 226
142 228
142 238
142 240
142 241
142 243
142 247
143 144
143 145
143 146
143 147
143 148
143 149
143 100
143 101
143 102
143 103
143 104
143 105
143 106
143 107
143 108
143 109
143 110
143 111
143 112
143 113
143 114
143 115
143 116
143 117
143 118
143 119
143 120
143 121
143 122
143 123
143 124
143 125
143 126
143 127
143 153
143 158
143 159
143 160
143 163
143 164
143 183
143 193
143 198
143 203
143 205
143 214
143 220
143 221
143 222
143 224
143 225
143 226
143 231
143 238
143 247
144 145
144 146
144 147
144 148
144 149
144 100
144 101
144 102
144 103
144 104
144 105
144 106
144 107
144 108
144 109
144 110
144 111
144 112
144 113
144 114
144 115
144 116
144 117
144 118
144 119
144 120
144 121
144 122
144 123
144 124
144 125
144 126
144 127
144 152
144 155
144 159
144 164
144 166
144 171
144 176
144 180
144 181
144 183
144 207
144 210
144 214
144 215
144 216
144 220
144 221
144 226
144 230
144 231
144 238
144 240
145 146
145 147
145 148
145 149
145 100
145 101
145 102
145 103
145 104
145 105
145 106
145 107
145 108
145 109
145 110
145 111
145 112
145 113
145 114
145 115
145 116
145 117
145 118
145 119
145 120
145 121
145 122
145 123
145 124
145 125
145 126
145 127
145 151
145 152
145 156
145 163
145 165
145 175
145 190
145 203
145 207
145 208
145 243
145 247
146 147
146 148
146 149
146 100
146 101
146 102
146 103
146 104
146 105
146 106
146 107
146 108
146 109
146 110
146 111
146 112
146 113
146 114
146 115
146 116
146 117
146 118
146 119
146 120
146 121
146 122
146 123
146 124
146 125
146 126
146 127
146 171
146 173
146 176
146 182
146 186
146 187
146 189
146 193
146 200
146 201
146 204
146 206
146 210
146 211
146 212
146 214
146 216
146 218
146 219
146 221
146 223
146 225
146 230
146 233
146 234
147 148
147 149
147 100
147 101
147 102
147 103
147 104
147 105
147 106
147 107
147 108
147 109
147 110
147 111
147 112
147 113
147 114
147 115
147 116
147 117
147 118
147 119
147 120
147 121
147 122
147 123
147 124
147 125
147 126
147 127
147 151
147 153
147 155
147 157
147 158
147 161
147 162
147 174
147 177
147 179
147 181
147 184
147 185
147 187
147 190
147 191
147 199
147 208
147 212
147 217
147 224
147 228
147 235
147 237
147 244
148 149
148 100
148 101
148 102
148 103
148 104
148 105
148 106
148 107
148 108
148 109
148 110
148 111
148 112
148 113
148 114
148 115
148 116
148 117
148 118
148 119
148 120
148 121
148 122
148 123
148 124
148 125
148 126
148 127
148 150
148 151
148 157
148 166
148 174
148 184
148 191
148 192
148 193
148 197
148 210
148 211
148 214
148 216
148 223
148 228
148 236
148 239
148 249
149 100
149 101
149 102
149 103
149 104
149 105
149 106
149 107
149 108
149 109
149 110
149 111
149 112
149 113
149 114
149 115
149 116
149 117
149 118
149 119
149 120
149 121
149 122
149 123
149 124
149 125
149 126
149 127
149 155
149 157
149 159
149 161
149 174
149 176
149 199
149 200
149 201
149 206
149 218
149 224
149 231
149 233
149 234
149 246
100 101
100 102
100 103
100 104
100 105
100 106
100 107
100 108
100 109
100 110
100 111
100 112
100 113
100 114
100 115
100 116
100 117
100 118
100 119
100 120
100 121
100 122
100 123
100 124
100 125
100 126
100 127
100 151
100 156
100 165
100 168
100 179
100 181
100 184
100 185
100 187
100 191
100 200
100 217
100 219
101 102
101 103
101 104
101 105
101 106
101 107
101 108
101 109
101 110
101 111
101 112
101 113
101 114
101 115
101 116
101 117
101 118
101 119
101 120
101 121
101 122
101 123
101 124
101 125
101 126
101 127
101 170
101 172
101 176
101 185
101 190
101 191
101 192
101 196
101 198
101 209
101 219
101 223
101 232
101 234
101 235
101 236
101 238
101 239
101 241
101 247
102 103
102 104
102 105
102 106
102 107
102 108
102 109
102 110
102 111
102 112
102 113
102 114
102 115
102 116
102 117
102 118
102 119
102 120
102 121
102 122
102 123
102 124
102 125
102 126
102 127
102 152
102 163
102 166
102 172
102 176
102 187
102 188
102 191
102 193
102 194
102 197
102 202
102 207
102 212
102 216
102 223
102 228
102 231
102 234
102 243
102 244
102 245
102 247
102 248
103 104
103 105
103 106
103 107
103 108
103 109
103 110
103 111
103 112
103 113
103 114
103 115
103 116
103 117
103 118
103 119
103 120
103 121
103 122
103 123
103 124
103 125
103 126
103 127
103 152
103 155
103 160
103 165
103 168
103 169
103 172
103 177
103 178
103 194
103 204
103 209
103 218
103 234
103 239
104 105
104 106
104 107
104 108
104 109
104 110
104 111
104 112
104 113
104 114
104 115
104 116
104 117
104 118
104 119
104 120
104 121
104 122
104 123
104 124
104 125
104 126
104 127
104 152
104 158
104 159
104 164
104 171
104 176
104 178
104 183
104 188
104 195
104 199
104 207
104 215
104 224
104 225
104 227
104 237
104 240
104 248
104 249
105 106
105 107
105 108
105 109
105 110
105 111
105 112
105 113
105 114
105 115
105 116
105 117
105 118
105 119
105 120
105 121
105 122
105 123
105 124
105 125
105 126
105 127
105 153
105 156
105 160
105 167
105 168
105 176
105 178
105 181
105 194
105 195
105 199
105 203
105 213
105 214
105 219
105 221
105 226
105 229
105 230
105 233
105 239
106 107
106 108
106 109
106 110
106 111
106 112
106 113
106 114
106 115
106 116
106 117
106 118
106 119
106 120
106 121
106 122
106 123
106 124
106 125
106 126
106 127
106 151
106 165
106 173
106 175
106 180
106 184
106 185
106 190
106 197
106 202
106 218
106 219
106 232
106 234
106 244
106 246
106 247
106 248
107 108
107 109
107 110
107 111
107 112
107 113
107 114
107 115
107 116
107 117
107 118
107 119
107 120
107 121
107 122
107 123
107 124
107 125
107 126
107 127
107 150
107 151
107 153
107 157
107 159
107 165
107 166
107 171
107 174
107 176
107 179
107 181
107 184
107 187
107 197
107 199
107 200
107 204
107 208
107 209
107 226
107 227
107 247
108 109
108 110
108 111
108 112
108 113
108 114
108 115
108 116
108 117
108 118
108 119
108 120
108 121
108 122
108 123
108 124
108 125
108 126
108 127
108 151
108 156
108 158
108 161
108 162
108 165
108 169
108 171
108 183
108 185
108 187
108 190
108 191
108 193
108 196
108 201
108 205
108 207
108 217
108 219
108 222
108 224
108 232
108 236
108 242
108 245
108 248
109 110
109 111
109 112
109 113
109 114
109 115
109 116
109 117
109 118
109 119
109 120
109 121
109 122
109 123
109 124
109 125
109 126
109 127
109 154
109 155
109 166
109 173
109 186
109 202
109 206
109 217
109 218
109 221
109 227
109 229
110 111
110 112
110 113
110 114
110 115
110 116
110 117
110 118
110 119
110 120
110 121
110 122
110 123
110 124
110 125
110 126
110 127
110 150
110 157
110 169
110 176
110 178
110 183
110 195
110 196
110 204
110 213
110 219
110 222
110 224
110 229
110 231
110 240
111 112
111 113
111 114
111 115
111 116
111 117
111 118
111 119
111 120
111 121
111 122
111 123
111 124
111 125
111 126
111 127
111 152
111 163
111 178
111 186
111 197
111 209
111 218
111 220
111 225
111 240
111 241
111 247
112 113
112 114
112 115
112 116
112 117
112 118
112 119
112 120
112 121
112 122
112 123
112 124
112 125
112 126
112 127
112 161
112 163
112 170
112 182
112 183
112 191
112 206
112 208
112 212
112 214
112 215
112 225
112 228
112 238
112 248
113 114
113 115
113 116
113 117
113 118
113 119
113 120
113 121
113 122
113 123
113 124
113 125
113 126
113 127
113 151
113 161
113 164
113 169
113 173
113 185
113 187
113 193
113 197
113 201
113 203
113 208
113 210
113 213
113 215
113 218
113 228
113 237
113 239
113 240
113 241
113 244
114 115
114 116
114 117
114 118
114 119
114 120
114 121
114 122
114 123
114 124
114 125
114 126
114 127
114 150
114 153
114 159
114 160
114 165
114 166
114 185
114 187
114 188
114 196
114 208
114 220
114 221
114 222
114 223
114 229
114 233
114 235
114 242
114 244
115 116
115 117
115 118
115 119
115 120
115 121
115 122
115 123
115 124
115 125
115 126
115 127
115 150
115 151
115 152
115 155
115 157
115 162
115 163
115 165
115 173
115 175
115 177
115 180
115 181
115 185
115 188
115 193
115 205
115 207
115 218
115 223
115 225
115 232
115 234
115 245
116 117
116 118
116 119
116 120
116 121
116 122
116 123
116 124
116 125
116 126
116 127
116 151
116 154
116 157
116 162
116 166
116 168
116 170
116 173
116 174
116 175
116 176
116 183
116 186
116 199
116 207
116 216
116 223
116 224
116 225
116 227
116 237
116 239
116 240
117 118
117 119
117 120
117 121
117 122
117 123
117 124
117 125
117 126
117 127
117 150
117 152
117 154
117 174
117 178
117 184
117 188
117 195
117 196
117 199
117 202
117 207
117 208
117 209
117 214
117 215
117 225
117 229
117 238
117 245
118 119
118 120
118 121
118 122
118 123
118 124
118 125
118 126
118 127
118 168
118 177
118 182
118 186
118 192
118 195
118 198
118 206
118 212
118 219
118 224
118 228
118 236
118 245
119 120
119 121
119 122
119 123
119 124
119 125
119 126
119 127
119 155
119 159
119 163
119 169
119 175
119 176
119 180
119 182
119 191
119 199
119 204
119 207
119 210
119 213
119 214
119 217
119 220
119 222
119 224
119 225
119 229
119 245
119 247
119 249
120 121
120 122
120 123
120 124
120 125
120 126
120 127
120 153
120 154
120 158
120 162
120 167
120 172
120 190
120 192
120 198
120 206
120 210
120 215
120 222
120 223
120 231
120 235
120 238
120 242
121 122
121 123
121 124
121 125
121 126
121 127
121 152
121 159
121 163
121 164
121 166
121 167
121 173
121 178
121 186
121 194
121 196
121 197
121 199
121 202
121 206
121 217
121 226
121 227
121 228
121 229
121 236
121 238
121 239
121 241
121 242
121 244
122 123
122 124
122 125
122 126
122 127
122 164
122 176
122 179
122 184
122 186
122 189
122 192
122 204
122 205
122 207
122 213
122 217
122 229
122 230
122 236
122 249
123 124
123 125
123 126
123 127
123 164
123 165
123 168
123 170
123 172
123 173
123 176
123 181
123 183
123 184
123 187
123 191
123 195
123 205
123 213
123 223
123 230
123 231
123 233
123 234
123 242
123 244
123 246
123 247
124 125
124 126
124 127
124 153
124 155
124 157
124 162
124 165
124 181
124 183
124 185
124 188
124 199
124 214
124 217
124 223
124 224
124 243
124 244
124 247
125 126
125 127
125 154
125 156
125 158
125 162
125 168
125 169
125 170
125 171
125 174
125 179
125 180
125 183
125 185
125 187
125 191
125 194
125 195
125 204
125 216
125 218
125 219
125 224
125 230
125 238
125 242
125 246
126 127
126 151
126 159
126 162
126 165
126 168
126 172
126 175
126 178
126 189
126 190
126 194
126 198
126 200
126 203
126 204
126 210
126 212
126 217
126 220
126 227
126 230
126 239
127 151
127 156
127 157
127 158
127 163
127 167
127 170
127 176
127 180
127 182
127 187
127 188
127 191
127 193
127 195
127 196
127 200
127 202
127 206
127 207
127 229
127 231
127 232
127 240
127 242
150 151
150 152
150 153
150 154
150 155
150 156
150 157
150 158
150 159
150 160
150 161
150 162
150 163
150 164
150 165
150 166
150 167
150 168
150 169
150 170
150 171
150 172
150 173
150 174
150 175
150 176
150 177
150 178
150 179
150 180
150 181
150 182
150 183
150 184
150 185
150 186
150 187
150 188
150 189
150 190
150 191
150 192
150 193
150 194
150 195
150 196
150 197
150 198
150 199
150 203
150 216
150 225
150 233
150 236
150 245
151 152
151 153
151 154
151 155
151 156
151 157
151 158
151 159
151 160
151 161
151 162
151 163
151 164
151 165
151 166
151 167
151 168
151 169
151 170
151 171
151 172
151 173
151 174
151 175
151 176
151 177
151 178
151 179
151 180
151 181
151 182
151 183
151 184
151 185
151 186
151 187
151 188
151 189
151 190
151 191
151 192
151 193
151 194
151 195
151 196
151 197
151 198
151 199
151 201
151 203
151 206
151 213
151 230
151 233
151 239
151 247
152 153
152 154
152 155
152 156
152 157
152 158
152 159
152 160
152 161
152 162
152 163
152 164
152 165
152 166
152 167
152 168
152 169
152 170
152 171
152 172
152 173
152 174
152 175
152 176
152 177
152 178
152 179
152 180
152 181
152 182
152 183
152 184
152 185
152 186
152 187
152 188
152 189
152 190
152 191
152 192
152 193
152 194
152 195
152 196
152 197
152 198
152 199
152 200
152 207
152 216
152 219
152 222
152 227
152 230
152 235
152 245
153 154
153 155
153 156
153 157
153 158
153 159
153 160
153 161
153 162
153 163
153 164
153 165
153 166
153 167
153 168
153 169
153 170
153 171
153 172
153 173
153 174
153 175
153 176
153 177
153 178
153 179
153 180
153 181
153 182
153 183
153 184
153 185
153 186
153 187
153 188
153 189
153 190
153 191
153 192
153 193
153 194
153 195
153 196
153 197
153 198
153 199
153 200
153 205
153 215
153 226
153 228
153 229
153 234
153 236
153 239
153 243
153 244
153 249
154 155
154 156
154 157
154 158
154 159
154 160
154 161
154 162
154 163
154 164
154 165
154 166
154 167
154 168
154 169
154 170
154 171
154 172
154 173
154 174
154 175
154 176
154 177
154 178
154 179
154 180
154 181
154 182
154 183
154 184
154 185
154 186
154 187
154 188
154 189
154 190
154 191
154 192
154 193
154 194
154 195
154 196
154 197
154 198
154 199
154 204
154 208
154 209
154 211
154 217
154 218
154 219
154 234
154 237
154 240
155 156
155 157
155 158
155 159
155 160
155 161
155 162
155 163
155 164
155 165
155 166
155 167
155 168
155 169
155 170
155 171
155 172
155 173
155 174
155 175
155 176
155 177
155 178
155 179
155 180
155 181
155 182
155 183
155 184
155 185
155 186
155 187
155 188
155 189
155 190
155 191
155 192
155 193
155 194
155 195
155 196
155 197
155 198
155 199
155 208
155 209
155 213
155 215
155 220
155 232
155 236
155 246
155 247
156 157
156 158
156 159
156 160
156 161
156 162
156 163
156 164
156 165
156 166
156 167
156 168
156 169
156 170
156 171
156 172
156 173
156 174
156 175
156 176
156 177
156 178
156 179
156 180
156 181
156 182
156 183
156 184
156 185
156 186
156 187
156 188
156 189
156 190
156 191
156 192
156 193
156 194
156 195
156 196
156 197
156 198
156 199
156 200
156 205
156 208
156 210
156 219
156 226
156 231
156 235
156 246
157 158
157 159
157 160
157 161
157 162
157 163
157 164
157 165
157 166
157 167
157 168
157 169
157 170
157 171
157 172
157 173
157 174
157 175
157 176
157 177
157 178
157 179
157 180
157 181
157 182
157 183
157 184
157 185
157 186
157 187
157 188
157 189
157 190
157 191
157 192
157 193
157 194
157 195
157 196
157 197
157 198
157 199
157 205
157 217
157 221
157 222
157 226
157 237
157 238
157 247
158 159
158 160
158 161
158 162
158 163
158 164
158 165
158 166
158 167
158 168
158 169
158 170
158 171
158 172
158 173
158 174
158 175
158 176
158 177
158 178
158 179
158 180
158 181
158 182
158 183
158 184
158 185
158 186
158 187
158 188
158 189
158 190
158 191
158 192
158 193
158 194
158 195
158 196
158 197
158 198
158 199
158 200
158 203
158 206
158 208
158 235
158 240
158 244
158 246
158 248
159 160
159 161
159 162
159 163
159 164
159 165
159 166
159 167
159 168
159 169
159 170
159 171
159 172
159 173
159 174
159 175
159 176
159 177
159 178
159 179
159 180
159 181
159 182
159 183
159 184
159 185
159 186
159 187
159 188
159 189
159 190
159 191
159 192
159 193
159 194
159 195
159 196
159 197
159 198
159 199
159 202
159 203
159 207
159 210
159 214
159 225
159 241
159 247
159 249
160 161
160 162
160 163
160 164
160 165
160 166
160 167
160 168
160 169
160 170
160 171
160 172
160 173
160 174
160 175
160 176
160 177
160 178
160 179
160 180
160 181
160 182
160 183
160 184
160 185
160 186
160 187
160 188
160 189
160 190
160 191
160 192
160 193
160 194
160 195
160 196
160 197
160 198
160 199
160 211
160 218
160 219
160 234
160 238
160 246
161 162
161 163
161 164
161 165
161 166
161 167
161 168
161 169
161 170
161 171
161 172
161 173
161 174
161 175
161 176
161 177
161 178
161 179
161 180
161 181
161 182
161 183
161 184
161 185
161 186
161 187
161 188
161 189
161 190
161 191
161 192
161 193
161 194
161 195
161 196
161 197
161 198
161 199
161 201
161 204
161 211
161 215
161 228
161 229
161 232
161 244
162 163
162 164
162 165
162 166
162 167
162 168
162 169
162 170
162 171
162 172
162 173
162 174
162 175
162 176
162 177
162 178
162 179
162 180
162 181
162 182
162 183
162 184
162 185
162 186
162 187
162 188
162 189
162 190
162 191
162 192
162 193
162 194
162 195
162 196
162 197
162 198
162 199
162 218
162 221
162 224
162 225
162 226
162 236
162 238
162 240
163 164
163 165
163 166
163 167
163 168
163 169
163 170
163 171
163 172
163 173
163 174
163 175
163 176
163 177
163 178
163 179
163 180
163 181
163 182
163 183
163 184
163 185
163 186
163 187
163 188
163 189
163 190
163 191
163 192
163 193
163 194
163 195
163 196
163 197
163 198
163 199
163 200
163 204
163 212
163 213
163 215
163 216
163 219
163 233
163 238
163 243
163 246
163 248
164 165
164 166
164 167
164 168
164 169
164 170
164 171
164 172
164 173
164 174
164 175
164 176
164 177
164 178
164 179
164 180
164 181
164 182
164 183
164 184
164 185
164 186
164 187
164 188
164 189
164 190
164 191
164 192
164 193
164 194
164 195
164 196
164 197
164 198
164 199
164 206
164 210
164 213
164 223
164 228
164 245
164 247
165 166
165 167
165 168
165 169
165 170
165 171
165 172
165 173
165 174
165 175
165 176
165 177
165 178
165 179
165 180
165 181
165 182
165 183
165 184
165 185
165 186
165 187
165 188
165 189
165 190
165 191
165 192
165 193
165 194
165 195
165 196
165 197
165 198
165 199
165 212
165 222
165 225
165 240
165 241
165 243
165 246
165 247
166 167
166 168
166 169
166 170
166 171
166 172
166 173
166 174
166 175
166 176
166 177
166 178
166 179
166 180
166 181
166 182
166 183
166 184
166 185
166 186
166 187
166 188
166 189
166 190
166 191
166 192
166 193
166 194
166 195
166 196
166 197
166 198
166 199
166 203
166 206
166 207
166 214
166 218
166 219
166 224
166 225
166 228
166 233
166 237
166 241
166 243
167 168
167 169
167 170
167 171
167 172
167 173
167 174
167 175
167 176
167 177
167 178
167 179
167 180
167 181
167 182
167 183
167 184
167 185
167 186
167 187
167 188
167 189
167 190
167 191
167 192
167 193
167 194
167 195
167 196
167 197
167 198
167 199
167 200
167 201
167 209
167 215
167 232
167 240
167 245
167 248
168 169
168 170
168 171
168 172
168 173
168 174
168 175
168 176
168 177
168 178
168 179
168 180
168 181
168 182
168 183
168 184
168 185
168 186
168 187
168 188
168 189
168 190
168 191
168 192
168 193
168 194
168 195
168 196
168 197
168 198
168 199
168 201
168 203
168 207
168 211
168 221
168 230
168 231
168 234
168 239
168 241
168 244
169 170
169 171
169 172
169 173
169 174
169 175
169 176
169 177
169 178
169 179
169 180
169 181
169 182
169 183
169 184
169 185
169 186
169 187
169 188
169 189
169 190
169 191
169 192
169 193
169 194
169 195
169 196
169 197
169 198
169 199
169 204
169 216
169 219
169 222
169 235
169 236
169 248
169 249
170 171
170 172
170 173
170 174
170 175
170 176
170 177
170 178
170 179
170 180
170 181
170 182
170 183
170 184
170 185
170 186
170 187
170 188
170 189
170 190
170 191
170 192
170 193
170 194
170 195
170 196
170 197
170 198
170 199
170 200
170 216
170 226
170 231
170 239
170 243
170 244
170 246
170 247
170 248
171 172
171 173
171 174
171 175
171 176
171 177
171 178
171 179
171 180
171 181
171 182
171 183
171 184
171 185
171 186
171 187
171 188
171 189
171 190
171 191
171 192
171 193
171 194
171 195
171 196
171 197
171 198
171 199
171 215
171 216
171 218
171 223
171 227
171 229
171 234
171 239
171 244
171 247
172 173
172 174
172 175
172 176
172 177
172 178
172 179
172 180
172 181
172 182
172 183
172 184
172 185
172 186
172 187
172 188
172 189
172 190
172 191
172 192
172 193
172 194
172 195
172 196
172 197
172 198
172 199
172 203
172 208
172 212
172 218
172 219
172 225
172 226
172 227
172 238
173 174
173 175
173 176
173 177
173 178
173 179
173 180
173 181
173 182
173 183
173 184
173 185
173 186
173 187
173 188
173 189
173 190
173 191
173 192
173 193
173 194
173 195
173 196
173 197
173 198
173 199
173 209
173 221
173 222
173 223
173 224
173 233
173 235
173 236
173 243
173 244
173 247
173 248
174 175
174 176
174 177
174 178
174 179
174 180
174 181
174 182
174 183
174 184
174 185
174 186
174 187
174 188
174 189
174 190
174 191
174 192
174 193
174 194
174 195
174 196
174 197
174 198
174 199
174 200
174 202
174 203
174 216
174 221
174 228
174 230
174 240
174 249
175 176
175 177
175 178
175 179
175 180
175 181
175 182
175 183
175 184
175 185
175 186
175 187
175 188
175 189
175 190
175 191
175 192
175 193
175 194
175 195
175 196
175 197
175 198
175 199
175 205
175 207
175 215
175 223
175 229
175 233
175 236
175 238
175 240
175 245
176 177
176 178
176 179
176 180
176 181
176 182
176 183
176 184
176 185
176 186
176 187
176 188
176 189
176 190
176 191
176 192
176 193
176 194
176 195
176 196
176 197
176 198
176 199
176 200
176 201
176 209
176 228
176 230
176 231
176 233
176 242
176 244
176 246
177 178
177 179
177 180
177 181
177 182
177 183
177 184
177 185
177 186
177 187
177 188
177 189
177 190
177 191
177 192
177 193
177 194
177 195
177 196
177 197
177 198
177 199
177 205
177 206
177 207
177 214
177 226
177 228
177 235
177 240
178 179
178 180
178 181
178 182
178 183
178 184
178 185
178 186
178 187
178 188
178 189
178 190
178 191
178 192
178 193
178 194
178 195
178 196
178 197
178 198
178 199
178 200
178 216
178 218
178 220
178 221
178 228
178 232
178 239
178 240
178 241
178 243
179 180
179 181
179 182
179 183
179 184
179 185
179 186
179 187
179 188
179 189
179 190
179 191
179 192
179 193
179 194
179 195
179 196
179 197
179 198
179 199
179 203
179 211
179 212
179 213
179 214
179 217
179 219
179 221
179 227
179 228
179 230
179 247
180 181
180 182
180 183
180 184
180 185
180 186
180 187
180 188
180 189
180 190
180 191
180 192
180 193
180 194
180 195
180 196
180 197
180 198
180 199
180 220
180 232
180 235
180 238
180 247
181 182
181 183
181 184
181 185
181 186
181 187
181 188
181 189
181 190
181 191
181 192
181 193
181 194
181 195
181 196
181 197
181 198
181 199
181 204
181 205
181 209
181 211
181 215
181 219
181 227
181 231
181 232
181 241
181 247
181 248
181 249
182 183
182 184
182 185
182 186
182 187
182 188
182 189
182 190
182 191
182 192
182 193
182 194
182 195
182 196
182 197
182 198
182 199
182 203
182 207
182 221
182 225
182 229
183 184
183 185
183 186
183 187
183 188
183 189
183 190
183 191
183 192
183 193
183 194
183 195
183 196
183 197
183 198
183 199
183 200
183 201
183 202
183 205
183 212
183 213
183 214
183 220
183 228
183 230
183 234
183 243
183 245
183 249
184 185
184 186
184 187
184 188
184 189
184 190
184 191
184 192
184 193
184 194
184 195
184 196
184 197
184 198
184 199
184 204
184 205
184 216
184 218
184 220
184 222
184 225
184 229
184 236
184 237
184 242
184 244
184 248
185 186
185 187
185 188
185 189
185 190
185 191
185 192
185 193
185 194
185 195
185 196
185 197
185 198
185 199
185 200
185 201
185 202
185 203
185 204
185 207
185 213
185 217
185 221
185 230
185 231
186 187
186 188
186 189
186 190
186 191
186 192
186 193
186 194
186 195
186 196
186 197
186 198
186 199
186 201
186 202
186 213
186 224
186 225
186 228
186 230
186 233
186 236
186 242
186 246
186 249
187 188
187 189
187 190
187 191
187 192
187 193
187 194
187 195
187 196
187 197
187 198
187 199
187 211
187 222
187 223
187 227
187 240
187 243
188 189
188 190
188 191
188 192
188 193
188 194
188 195
188 196
188 197
188 198
188 199
188 200
188 201
188 203
188 205
188 207
188 211
188 212
188 225
188 228
188 229
188 249
189 190
189 191
189 192
189 193
189 194
189 195
189 196
189 197
189 198
189 199
189 200
189 205
189 206
189 213
189 214
189 219
189 225
189 226
189 227
189 236
189 238
189 244
190 191
190 192
190 193
190 194
190 195
190 196
190 197
190 198
190 199
190 208
190 211
190 223
190 236
190 239
190 240
190 246
190 248
191 192
191 193
191 194
191 195
191 196
191 197
191 198
191 199
191 202
191 212
191 219
191 221
191 226
191 233
191 236
191 240
192 193
192 194
192 195
192 196
192 197
192 198
192 199
192 205
192 208
192 223
192 232
192 238
192 244
193 194
193 195
193 196
193 197
193 198
193 199
193 206
193 212
193 218
193 219
193 220
193 221
193 227
193 235
193 237
193 239
193 241
193 242
193 244
193 248
194 195
194 196
194 197
194 198
194 199
194 206
194 212
194 214
194 217
194 218
194 231
194 232
194 235
194 236
194 237
194 239
194 247
195 196
195 197
195 198
195 199
195 206
195 207
195 214
195 216
195 217
195 221
195 229
195 232
195 239
195 240
195 245
196 197
196 198
196 199
196 205
196 208
196 209
196 212
196 213
196 220
196 222
196 223
196 227
196 236
196 238
196 243
196 248
197 198
197 199
197 207
197 214
197 217
197 219
197 244
197 247
198 199
198 210
198 215
198 223
198 236
198 241
198 248
198 249
199 202
199 213
199 222
199 245
200 201
200 202
200 203
200 204
200 205
200 206
200 207
200 208
200 209
200 210
200 211
200 212
200 213
200 214
200 215
200 216
200 217
200 218
200 219
200 220
200 221
200 222
200 223
200 224
200 225
200 226
200 227
200 228
200 229
200 230
200 231
200 232
200 233
200 234
200 235
200 236
200 237
200 238
200 239
200 240
200 241
200 242
200 243
200 244
200 245
200 246
200 247
200 248
200 249
201 202
201 203
201 204
201 205
201 206
201 207
201 208
201 209
201 210
201 211
201 212
201 213
201 214
201 215
201 216
201 217
201 218
201 219
201 220
201 221
201 222
201 223
201 224
201 225
201 226
201 227
201 228
201 229
201 230
201 231
201 232
201 233
201 234
201 235
201 236
201 237
201 238
201 239
201 240
201 241
201 242
201 243
201 244
201 245
201 246
201 247
201 248
201 249
202 203
202 204
202 205
202 206
202 207
202 208
202 209
202 210
202 211
202 212
202 213
202 214
202 215
202 216
202 217
202 218
202 219
202 220
202 221
202 222
202 223
202 224
202 225
202 226
202 227
202 228
202 229
202 230
202 231
202 232
202 233
202 234
202 235
202 236
202 237
202 238
202 239
202 240
202 241
202 242
202 243
202 244
202 245
202 246
202 247
202 248
202 249
203 204
203 205
203 206
203 207
203 208
203 209
203 210
203 211
203 212
203 213
203 214
203 215
203 216
203 217
203 218
203 219
203 220
203 221
203 222
203 223
203 224
203 225
203 226
203 227
203 228
203 229
203 230
203 231
203 232
203 233
203 234
203 235
203 236
203 237
203 238
203 239
203 240
203 241
203 242
203 243
203 244
203 245
203 246
203 247
203 248
203 249
204 205
204 206
204 207
204 208
204 209
204 210
204 211
204 212
204 213
204 214
204 215
204 216
204 217
204 218
204 219
204 220
204 221
204 222
204 223
204 224
204 225
204 226
204 227
204 228
204 229
204 230
204 231
204 232
204 233
204 234
204 235
204 236
204 237
204 238
204 239
204 240
204 241
204 242
204 243
204 244
204 245
204 246
204 247
204 248
204 249
205 206
205 207
205 208
205 209
205 210
205 211
205 212
205 213
205 214
205 215
205 216
205 217
205 218
205 219
205 220
205 221
205 222
205 223
205 224
205 225
205 226
205 227
205 228
205 229
205 230
205 231
205 232
205 233
205 234
205 235
205 236
205 237
205 238
205 239
205 240
205 241
205 242
205 243
205 244
205 245
205 246
205 247
205 248
205 249
206 207
206 208
206 209
206 210
206 211
206 212
206 213
206 214
206 215
206 216
206 217
206 218
206 219
206 220
206 221
206 222
206 223
206 224
206 225
206 226
206 227
206 228
206 229
206 230
206 231
206 232
206 233
206 234
206 235
206 236
206 237
206 238
206 239
206 240
206 241
206 242
206 243
206 244
206 245
206 246
206 247
206 248
206 249
207 208
207 209
207 210
207 211
207 212
207 213
207 214
207 215
207 216
207 217
207 218
207 219
207 220
207 221
207 222
207 223
207 224
207 225
207 226
207 227
207 228
207 229
207 230
207 231
207 232
207 233
207 234
207 235
207 236
207 237
207 238
207 239
207 240
207 241
207 242
207 243
207 244
207 245
207 246
207 247
207 248
207 249
208 209
208 210
208 211
208 212
208 213
208 214
208 215
208 216
208 217
208 218
208 219
208 220
208 221
208 222
208 223
208 224
208 225
208 226
208 227
208 228
208 229
208 230
208 231
208 232
208 233
208 234
208 235
208 236
208 237
208 238
208 239
208 240
208 241
208 242
208 243
208 244
208 245
208 246
208 247
208 248
208 249
209 210
209 211
209 212
209 213
209 214
209 215
209 216
209 217
209 218
209 219
209 220
209 221
209 222
209 223
209 224
209 225
209 226
209 227
209 228
209 229
209 230
209 231
209 232
209 233
209 234
209 235
209 236
209 237
209 238
209 239
209 240
209 241
209 242
209 243
209 244
209 245
209 246
209 247
209 248
209 249
210 211
210 212
210 213
210 214
210 215
210 216
210 217
210 218
210 219
210 220
210 221
210 222
210 223
210 224
210 225
210 226
210 227
210 228
210 229
210 230
210 231
210 232
210 233
210 234
210 235
210 236
210 237
210 238
210 239
210 240
210 241
210 242
210 243
210 244
210 245
210 246
210 247
210 248
210 249
211 212
211 213
211 214
211 215
211 216
211 217
211 218
211 219
211 220
211 221
211 222
211 223
211 224
211 225
211 226
211 227
211 228
211 229
211 230
211 231
211 232
211 233
211 234
211 235
211 236
211 237
211 238
211 239
211 240
211 241
211 242
211 243
211 244
211 245
211 246
211 247
211 248
211 249
212 213
212 214
212 215
212 216
212 217
212 218
212 219
212 220
212 221
212 222
212 223
212 224
212 225
212 226
212 227
212 228
212 229
212 230
212 231
212 232
212 233
212 234
212 235
212 236
212 237
212 238
212 239
212 240
212 241
212 242
212 243
212 244
212 245
212 246
212 247
212 248
212 249
213 214
213 215
213 216
213 217
213 218
213 219
213 220
213 221
213 222
213 223
213 224
213 225
213 226
213 227
213 228
213 229
213 230
213 231
213 232
213 233
213 234
213 235
213 236
213 237
213 238
213 239
213 240
213 241
213 242
213 243
213 244
213 245
213 246
213 247
213 248
213 249
214 215
214 216
214 217
214 218
214 219
214 220
214 221
214 222
214 223
214 224
214 225
214 226
214 227
214 228
214 229
214 230
214 231
214 232
214 233
214 234
214 235
214 236
214 237
214 238
214 239
214 240
214 241
214 242
214 243
214 244
214 245
214 246
214 247
214 248
214 249
215 216
215 217
215 218
215 219
215 220
215 221
215 222
215 223
215 224
215 225
215 226
215 227
215 228
215 229
215 230
215 231
215 232
215 233
215 234
215 235
215 236
215 237
215 238
215 239
215 240
215 241
215 242
215 243
215 244
215 245
215 246
215 247
215 248
215 249
216 217
216 218
216 219
216 220
216 221
216 222
216 223
216 224
216 225
216 226
216 227
216 228
216 229
216 230
216 231
216 232
216 233
216 234
216 235
216 236
216 237
216 238
216 239
216 240
216 241
216 242
216 243
216 244
216 245
216 246
216 247
216 248
216 249
217 218
217 219
217 220
217 221
217 222
217 223
217 224
217 225
217 226
217 227
217 228
217 229
217 230
217 231
217 232
217 233
217 234
217 235
217 236
217 237
217 238
217 239
217 240
217 241
217 242
217 243
217 244
217 245
217 246
217 247
217 248
217 249
218 219
218 220
218 221
218 222
218 223
218 224
218 225
218 226
218 227
218 228
218 229
218 230
218 231
218 232
218 233
218 234
218 235
218 236
218 237
218 238
218 239
218 240
218 241
218 242
218 243
218 244
218 245
218 246
218 247
218 248
218 249
219 220
219 221
219 222
219 223
219 224
219 225
219 226
219 227
219 228
219 229
219 230
219 231
219 232
219 233
219 234
219 235
219 236
219 237
219 238
219 239
219 240
219 241
219 242
219 243
219 244
219 245
219 246
219 247
219 248
219 249
220 221
220 222
220 223
220 224
220 225
220 226
220 227
220 228
220 229
220 230
220 231
220 232
220 233
220 234
220 235
220 236
220 237
220 238
220 239
220 240
220 241
220 242
220 243
220 244
220 245
220 246
220 247
220 248
220 249
221 222
221 223
221 224
221 225
221 226
221 227
221 228
221 229
221 230
221 231
221 232
221 233
221 234
221 235
221 236
221 237
221 238
221 239
221 240
221 241
221 242
221 243
221 244
221 245
221 246
221 247
221 248
221 249
222 223
222 224
222 225
222 226
222 227
222 228
222 229
222 230
222 231
222 232
222 233
222 234
222 235
222 236
222 237
222 238
222 239
222 240
222 241
222 242
222 243
222 244
222 245
222 246
222 247
222 248
222 249
223 224
223 225
223 226
223 227
223 228
223 229
223 230
223 231
223 232
223 233
223 234
223 235
223 236
223 237
223 238
223 239
223 240
223 241
223 242
223 243
223 244
223 245
223 246
223 247
223 248
223 249
224 225
224 226
224 227
224 228
224 229
224 230
224 231
224 232
224 233
224 234
224 235
224 236
224 237
224 238
224 239
224 240
224 241
224 242
224 243
224 244
224 245
224 246
224 247
224 248
224 249
225 226
225 227
225 228
225 229
225 230
225 231
225 232
225 233
225 234
225 235
225 236
225 237
225 238
225 239
225 240
225 241
225 242
225 243
225 244
225 245
225 246
225 247
225 248
225 249
226 227
226 228
226 229
226 230
226 231
226 232
226 233
226 234
226 235
226 236
226 237
226 238
226 239
226 240
226 241
226 242
226 243
226 244
226 245
226 246
226 247
226 248
226 249
227 228
227 229
227 230
227 231
227 232
227 233
227 234
227 235
227 236
227 237
227 238
227 239
227 240
227 241
227 242
227 243
227 244
227 245
227 246
227 247
227 248
227 249
228 229
228 230
228 231
228 232
228 233
228 234
228 235
228 236
228 237
228 238
228 239
228 240
228 241
228 242
228 243
228 244
228 245
228 246
228 247
228 248
228 249
229 230
229 231
229 232
229 233
229 234
229 235
229 236
229 237
229 238
229 239
229 240
229 241
229 242
229 243
229 244
229 245
229 246
229 247
229 248
229 249
230 231
230 232
230 233
230 234
230 235
230 236
230 237
230 238
230 239
230 240
230 241
230 242
230 243
230 244
230 245
230 246
230 247
230 248
230 249
231 232
231 233
231 234
231 235
231 236
231 237
231 238
231 239
231 240
231 241
231 242
231 243
231 244
231 245
231 246
231 247
231 248
231 249
232 233
232 234
232 235
232 236
232 237
232 238
232 239
232 240
232 241
232 242
232 243
232 244
232 245
232 246
232 247
232 248
232 249
233 234
233 235
233 236
233 237
233 238
233 239
233 240
233 241
233 242
233 243
233 244
233 245
233 246
233 247
233 248
233 249
234 235
234 236
234 237
234 238
234 239
234 240
234 241
234 242
234 243
234 244
234 245
234 246
234 247
234 248
234 249
235 236
235 237
235 238
235 239
235 240
235 241
235 242
235 243
235 244
235 245
235 246
235 247
235 248
235 249
236 237
236 238
236 239
236 240
236 241
236 242
236 243
236 244
236 245
236 246
236 247
236 248
236 249
237 238
237 239
237 240
237 241
237 242
237 243
237 244
237 245
237 246
237 247
237 248
237 249
238 239
238 240
238 241
238 242
238 243
238 244
238 245
238 246
238 247
238 248
238 249
239 240
239 241
239 242
239 243
239 244
239 245
239 246
239 247
239 248
239 249
240 241
240 242
240 243
240 244
240 245
240 246
240 247
240 248
240 249
241 242
241 243
241 244
241 245
241 246
241 247
241 248
241 249
242 243
242 244
242 245
242 246
242 247
242 248
242 249
243 244
243 245
243 246
243 247
243 248
243 249
244 245
244 246
244 247
244 248
244 249
245 246
245 247
245 248
245 249
246 247
246 248
246 249
247 248
247 249
248 249
