0 4
0 6
0 21
0 29
0 30
0 42
0 66
0 77
0 133
1 17
1 188
1 199
1 203
2 4
2 9
2 16
2 18
2 20
2 35
2 37
2 48
3 7
3 14
3 36
3 152
3 181
4 9
4 12
4 19
4 22
5 14
5 15
5 16
5 18
5 19
5 32
5 48
5 65
5 91
6 13
6 35
6 38
6 40
6 41
6 46
6 54
6 77
6 87
6 194
7 31
7 44
7 46
8 15
8 18
8 31
8 39
8 100
9 18
9 19
9 24
9 27
9 29
10 22
10 25
10 46
10 91
10 146
10 231
11 26
11 28
11 29
11 34
11 37
11 48
11 176
12 17
12 41
12 107
12 204
13 31
13 44
13 46
13 90
13 230
14 21
14 23
14 26
14 36
14 48
14 191
15 17
15 22
15 33
15 40
16 27
16 29
16 38
17 19
17 26
17 43
17 48
17 71
18 29
18 154
19 32
19 37
19 88
19 116
20 43
20 49
20 73
20 201
21 25
21 77
21 106
21 114
21 191
21 238
22 24
22 29
22 38
22 148
22 248
23 44
23 46
23 58
23 195
24 28
24 33
24 168
25 33
25 35
25 65
26 28
26 30
26 41
26 52
26 196
26 234
27 28
27 39
27 132
27 111
27 160
28 31
28 32
28 34
28 35
28 195
29 31
29 49
29 115
29 126
29 226
29 234
30 35
30 41
30 44
30 74
30 151
31 41
31 84
31 149
31 163
31 224
32 36
32 49
32 94
32 146
32 108
32 181
32 234
32 237
33 38
33 128
33 165
34 80
34 130
34 101
35 37
35 40
35 49
36 39
36 42
36 46
36 137
36 202
37 48
37 149
37 221
37 247
38 108
39 68
39 129
40 56
40 126
40 218
40 223
41 43
41 48
41 226
41 245
42 46
42 121
43 96
43 189
43 204
44 124
45 49
45 53
45 89
45 192
46 181
46 191
46 199
47 125
48 155
50 54
50 66
50 75
50 76
50 80
50 82
50 87
50 89
50 96
50 145
50 177
50 234
51 57
51 60
51 69
51 77
51 82
51 88
51 110
51 116
51 167
51 172
52 61
52 79
52 83
52 99
52 141
52 113
52 174
52 202
53 57
53 60
53 64
53 66
53 67
53 76
53 78
53 91
53 95
53 129
53 140
53 141
53 155
53 191
54 64
54 83
54 88
54 96
54 211
55 77
55 79
55 97
55 172
56 57
56 58
56 67
56 96
56 97
56 98
56 135
56 136
56 149
57 62
57 66
57 67
57 70
57 73
57 75
57 81
57 82
57 83
57 86
57 141
57 100
57 126
57 182
57 233
58 62
58 98
59 83
59 86
59 90
59 141
59 113
60 73
60 82
60 97
60 98
60 110
60 153
60 237
61 82
61 91
61 108
62 69
62 79
62 88
62 99
62 226
63 66
63 73
63 152
63 173
63 236
64 80
64 88
64 220
65 70
65 91
65 143
65 241
66 84
66 88
66 163
67 72
67 83
67 85
67 115
68 71
68 81
68 87
68 88
68 94
68 169
69 189
70 80
70 89
70 138
70 107
70 166
70 240
71 80
71 81
71 87
71 88
71 91
71 92
71 188
72 99
72 106
72 247
73 75
74 78
74 95
74 158
75 94
75 95
75 142
75 172
75 182
76 81
76 195
76 223
77 84
77 95
78 93
78 96
79 91
80 89
80 93
80 98
80 199
80 202
81 195
82 86
82 90
82 99
82 169
83 91
83 112
83 122
83 183
83 207
84 244
86 89
86 96
86 97
86 105
86 185
87 88
90 93
90 94
90 208
91 92
91 96
91 134
92 199
93 95
93 124
93 202
94 110
94 223
95 98
95 100
95 225
95 243
96 139
96 157
97 119
97 231
98 121
98 178
98 214
128 131
128 133
128 142
128 105
128 108
128 111
128 125
128 199
128 217
128 226
129 135
129 103
129 106
129 107
129 112
129 116
130 113
130 153
130 160
130 239
131 136
131 142
131 145
132 136
132 100
132 110
132 116
132 120
133 136
133 100
133 109
133 110
133 206
134 136
134 138
134 103
134 109
134 196
135 116
136 138
136 143
136 103
136 114
136 119
136 198
136 204
136 220
137 117
138 100
138 111
138 112
138 194
138 246
139 143
139 100
139 108
139 113
139 150
139 221
140 105
140 106
140 114
140 182
141 106
141 110
141 116
141 124
141 186
141 248
142 148
142 102
142 104
142 109
142 165
143 100
143 122
143 123
143 154
143 161
143 175
143 192
144 146
144 107
144 108
144 123
145 149
145 108
145 112
145 122
146 101
146 102
146 107
146 113
147 148
147 106
147 109
147 110
147 115
147 118
147 119
147 122
147 127
147 248
148 101
148 103
149 108
149 114
149 127
149 242
100 109
100 113
100 114
100 123
100 185
100 204
101 105
101 117
101 126
101 243
102 104
102 110
102 127
102 220
103 108
103 119
104 110
104 199
104 200
105 169
105 247
106 120
107 227
108 125
109 111
109 126
110 113
110 240
111 113
112 116
113 225
114 118
114 120
114 123
114 182
114 208
114 214
115 118
115 127
119 122
120 123
120 126
120 127
120 212
120 236
121 122
121 218
122 124
123 196
123 213
123 223
127 224
150 152
150 158
150 159
150 171
150 182
151 167
151 171
151 185
152 156
152 165
152 172
152 175
152 237
153 171
153 172
153 175
153 185
153 194
153 245
154 161
154 176
154 182
154 187
154 189
155 161
155 167
155 168
155 185
155 199
156 181
156 184
156 186
156 190
156 191
156 198
157 158
157 164
157 166
157 182
157 186
157 192
158 162
158 167
158 171
158 185
158 189
158 190
158 194
158 195
159 170
159 186
159 192
160 197
160 202
161 166
161 180
161 190
161 193
161 194
161 196
162 169
162 172
162 185
162 190
162 203
163 167
163 189
164 169
164 189
164 196
164 245
165 174
165 190
166 175
166 189
166 199
167 171
167 173
167 174
167 183
167 197
167 199
167 215
168 191
168 196
169 170
169 173
169 197
169 233
170 175
170 179
170 191
170 230
170 238
171 185
172 175
172 179
172 185
172 194
173 179
173 189
173 198
174 180
174 181
174 188
174 217
175 189
175 195
176 178
176 189
176 245
177 185
177 189
178 181
178 197
178 198
178 207
179 182
180 194
180 196
181 184
181 188
181 189
182 184
182 193
182 226
183 189
183 196
185 190
185 230
186 187
186 198
187 188
189 193
189 199
189 224
189 226
189 241
190 195
190 197
193 195
194 195
194 232
196 200
197 230
199 206
199 228
199 235
200 201
200 209
200 241
201 202
201 205
201 217
201 232
201 249
202 206
202 212
202 214
202 215
202 222
202 225
202 229
203 204
203 214
203 221
203 225
203 232
204 213
204 227
204 233
204 237
205 214
205 225
205 227
205 229
205 235
205 237
205 243
207 213
207 215
207 218
207 219
207 228
207 239
207 245
207 246
208 212
208 224
208 232
208 249
209 218
209 225
209 227
209 237
209 244
210 223
210 233
210 237
210 240
210 243
211 213
211 225
211 234
212 243
213 219
213 221
213 230
213 238
213 240
213 245
214 220
214 221
214 228
214 231
214 242
214 243
214 244
215 223
215 225
215 227
215 239
215 244
216 217
216 228
216 233
216 237
216 243
217 220
217 224
217 229
217 234
218 223
218 241
219 248
220 234
220 245
220 246
220 247
221 224
221 239
222 226
222 228
222 234
223 227
223 229
223 231
223 236
223 240
224 232
224 243
225 248
226 230
226 232
227 239
228 246
229 232
229 238
229 240
229 243
229 244
230 239
231 243
232 239
232 240
233 245
234 242
234 249
235 236
235 237
235 238
236 242
236 247
236 249
237 249
240 241
241 249
244 247
244 249
