0 7
0 8
0 12
0 17
0 36
0 37
0 46
0 49
1 8
1 9
1 11
1 20
1 31
1 33
2 8
2 12
2 21
2 24
2 26
3 7
3 20
3 37
4 6
4 14
4 18
4 24
4 32
4 37
5 14
5 35
5 44
6 9
6 16
6 26
6 45
6 49
7 20
7 23
8 42
8 47
8 151
9 10
9 26
9 27
9 32
9 46
10 11
10 19
10 82
10 213
11 16
11 32
11 49
12 14
12 21
12 29
12 36
12 40
13 33
13 39
13 87
14 45
14 47
15 23
15 30
15 34
15 40
16 21
16 25
16 44
16 47
16 48
17 20
17 33
17 49
18 26
18 36
18 42
18 46
19 23
19 24
19 37
19 246
21 32
21 33
21 36
21 42
21 49
22 26
22 33
22 38
22 47
23 34
24 43
24 46
24 47
24 48
25 41
26 27
26 32
26 36
27 29
27 37
27 41
28 37
28 39
28 43
28 44
30 39
30 43
30 47
31 36
31 41
31 42
31 145
32 47
32 49
33 41
33 44
34 49
35 37
35 38
35 41
35 43
35 155
36 40
39 40
39 41
40 41
40 48
40 199
41 48
43 47
44 45
46 47
46 48
46 164
47 202
50 53
50 58
50 59
50 62
50 70
50 72
50 73
50 76
50 82
50 142
51 58
51 60
51 63
51 68
52 63
52 64
52 66
52 71
52 74
52 81
52 130
53 55
53 93
54 66
54 77
54 79
54 82
54 85
55 62
55 97
55 146
55 121
56 59
56 69
56 83
56 95
57 59
57 62
57 79
57 81
57 93
58 70
59 62
59 80
59 93
60 62
61 63
61 73
61 91
61 98
62 65
62 66
62 68
62 76
62 77
62 87
62 95
63 72
63 80
63 85
63 95
64 72
64 98
65 71
65 74
65 93
66 69
66 71
66 80
66 89
67 70
67 82
67 98
68 97
69 79
69 91
70 72
70 85
70 92
71 73
71 97
72 82
74 80
74 81
74 82
75 83
75 89
75 95
76 82
77 84
77 86
78 79
80 88
80 187
81 86
81 90
81 92
82 85
82 88
82 91
82 95
84 85
84 89
85 89
85 96
86 94
87 92
87 94
87 98
88 93
88 97
89 95
89 149
90 97
92 97
94 215
95 157
99 201
128 144
128 100
128 127
129 137
129 144
129 145
129 109
129 110
129 121
130 134
130 146
130 147
130 107
130 111
130 123
131 146
131 107
131 116
131 120
132 141
132 111
133 145
133 105
133 126
134 136
134 139
134 143
134 145
134 147
134 110
135 141
135 148
135 108
135 111
135 112
135 114
135 118
136 142
136 146
136 104
136 107
136 121
137 148
137 103
137 104
137 115
138 142
138 114
139 143
139 116
139 119
139 126
140 104
140 106
140 107
140 124
140 153
141 148
141 100
141 110
141 116
141 118
142 108
142 113
143 149
143 103
143 119
143 125
144 106
144 113
144 127
145 114
146 102
146 111
146 118
146 120
147 106
147 110
147 113
147 119
147 126
148 107
148 113
148 117
148 119
148 123
148 124
149 105
149 108
149 127
100 120
100 126
100 127
101 109
101 110
101 119
102 110
102 112
102 116
103 105
104 119
104 125
105 116
105 124
106 118
106 119
107 117
107 122
108 109
108 126
108 127
111 117
111 121
112 121
112 123
112 124
113 120
113 121
113 125
114 125
115 127
116 120
116 121
116 127
118 121
124 125
124 229
126 169
150 153
150 154
150 175
150 176
150 181
150 183
150 184
150 185
150 186
150 192
150 195
151 172
151 176
151 178
151 180
151 185
151 192
151 193
151 171
152 153
152 155
152 162
152 168
152 176
152 178
152 182
152 189
153 158
153 162
153 164
153 180
153 198
154 156
154 157
154 165
154 166
154 172
154 188
154 195
155 164
155 167
155 170
155 184
155 192
155 193
156 161
156 164
156 196
157 168
157 173
157 174
157 175
157 178
157 194
157 195
157 197
158 162
158 170
158 174
158 189
159 165
159 168
159 172
159 180
159 187
159 199
160 164
160 198
161 165
161 167
161 183
161 189
161 194
161 195
161 197
162 187
162 191
163 166
163 184
163 190
163 194
164 173
164 176
164 185
165 185
165 189
165 190
166 168
166 179
167 187
168 175
168 177
168 190
168 192
168 194
170 172
170 179
172 180
172 182
173 179
173 181
173 189
174 175
174 194
175 177
175 181
175 186
176 185
177 178
177 196
177 197
178 180
178 188
179 180
179 182
179 184
179 189
179 193
180 183
180 184
180 186
181 198
182 186
183 188
183 197
186 189
187 189
190 195
192 195
193 228
194 196
195 199
200 215
200 229
200 237
200 242
200 245
201 233
201 234
201 247
201 248
202 205
202 206
202 220
202 234
202 240
202 243
203 210
203 228
203 236
203 247
204 213
204 214
204 219
204 231
204 235
205 212
205 223
205 226
205 231
205 235
206 207
206 224
206 238
208 224
208 239
209 218
209 219
209 220
209 230
209 249
210 223
211 224
211 238
211 239
211 247
212 221
212 234
212 240
213 246
213 248
214 238
214 246
215 226
215 228
215 230
215 233
215 236
215 245
216 223
216 226
216 232
216 237
216 240
217 218
217 243
218 220
218 236
218 245
219 227
219 234
219 238
219 239
220 224
220 231
220 239
220 241
220 244
220 249
221 232
221 244
222 223
222 235
222 242
223 227
223 241
223 243
224 226
224 238
224 239
225 226
225 233
226 243
226 248
227 237
228 229
228 235
229 233
229 236
230 241
230 242
230 249
231 235
231 236
231 247
232 240
232 241
233 240
233 242
234 249
235 236
235 237
235 247
236 248
237 238
239 245
239 246
239 248
240 241
241 245
243 247
244 246
244 247
