0 1
0 4
0 6
0 14
0 16
0 18
0 24
0 27
0 29
0 32
0 43
0 44
0 163
1 5
1 6
1 17
1 25
1 28
1 29
1 31
1 39
1 45
1 46
1 97
1 149
1 192
1 205
2 4
2 16
2 17
2 21
2 30
2 32
2 36
2 43
2 47
2 216
3 6
3 8
3 9
3 11
3 15
3 18
3 19
3 20
3 21
3 22
3 23
3 26
3 29
3 30
3 32
3 35
3 38
3 39
3 48
3 146
4 7
4 9
4 12
4 22
4 29
4 32
4 33
4 34
4 35
4 37
4 38
4 44
4 49
4 56
5 12
5 13
5 18
5 21
5 23
5 29
5 36
5 39
5 93
5 182
5 218
6 9
6 12
6 25
6 28
6 29
6 30
6 33
6 78
6 149
6 117
6 125
6 182
6 232
7 8
7 15
7 20
7 25
7 27
7 30
7 32
7 35
7 49
7 224
8 10
8 13
8 18
8 19
8 28
8 29
8 43
8 44
8 46
8 48
8 80
9 11
9 14
9 18
9 24
9 32
9 35
9 38
9 42
9 48
9 161
10 16
10 17
10 19
10 22
10 31
10 32
10 40
10 44
10 157
11 14
11 23
11 36
11 40
11 42
11 44
11 45
11 53
11 89
11 134
11 200
12 13
12 15
12 17
12 19
12 34
12 36
12 38
12 39
12 44
12 48
12 221
13 33
13 34
13 37
13 39
13 116
14 15
14 22
14 24
14 39
14 41
14 42
14 43
14 44
14 46
14 49
14 89
14 188
15 33
15 49
15 164
16 17
16 28
16 41
16 47
16 61
17 18
17 19
17 20
17 22
17 25
17 27
17 28
17 30
17 34
17 40
17 41
17 47
17 48
17 147
17 197
17 201
18 22
18 26
18 27
18 43
18 49
18 127
18 177
18 236
19 20
19 24
19 30
19 34
19 43
19 47
19 89
19 100
19 107
20 32
20 36
20 48
20 49
20 132
21 23
21 37
21 41
21 42
21 71
21 157
21 183
21 218
21 225
22 27
22 30
22 31
22 34
22 146
22 202
22 230
23 27
23 28
23 48
23 218
23 225
24 25
24 29
24 33
24 34
24 37
24 41
24 45
24 49
24 87
24 89
25 26
25 38
25 40
25 43
25 44
25 233
26 32
26 38
26 43
26 82
26 209
26 217
27 29
27 31
27 42
27 43
27 45
27 48
27 56
27 160
28 32
28 36
28 39
28 40
28 49
28 84
28 119
28 247
29 30
29 35
29 36
29 38
29 44
29 104
29 111
29 196
30 33
30 37
30 38
30 80
31 34
31 43
31 44
31 77
31 167
31 185
31 209
32 36
32 41
32 46
32 48
32 156
33 45
33 49
33 97
33 236
34 44
34 45
34 48
35 40
35 44
35 48
35 225
35 246
36 39
36 44
36 47
36 170
37 39
37 43
37 48
37 49
38 41
38 43
38 47
38 177
39 41
39 44
39 46
39 48
39 66
39 243
40 41
41 42
41 46
41 137
41 221
41 223
42 43
42 67
42 167
42 209
43 47
43 91
43 110
43 187
44 45
44 72
44 82
44 112
44 178
44 208
45 47
46 74
46 111
47 49
47 142
48 175
49 190
50 64
50 67
50 69
50 71
50 75
50 83
50 94
50 235
51 54
51 59
51 60
51 68
51 71
51 73
51 79
51 80
51 89
51 94
52 60
52 64
52 73
52 77
52 87
52 94
52 162
52 244
53 58
53 65
53 66
53 69
53 70
53 75
53 80
53 82
53 88
53 90
53 92
53 95
53 99
53 163
54 61
54 63
54 76
54 91
54 93
54 96
54 152
54 240
55 60
55 72
55 74
55 79
55 83
55 89
55 92
55 93
55 96
55 98
55 128
55 189
56 58
56 66
56 67
56 72
56 75
56 77
56 82
56 83
56 88
56 89
56 90
56 91
56 92
56 94
56 116
57 62
57 64
57 67
57 70
57 71
57 76
57 78
57 98
58 63
58 76
58 86
58 88
58 89
58 91
58 94
58 96
58 202
59 68
59 76
59 77
59 84
59 89
59 91
59 96
59 99
59 130
60 63
60 65
60 66
60 72
60 74
60 85
60 86
60 97
60 124
61 70
61 73
61 77
61 80
61 95
61 96
61 103
61 155
62 64
62 71
62 77
62 79
62 80
62 84
62 85
62 92
62 96
62 97
62 132
62 148
62 249
63 69
63 70
63 72
63 75
63 76
63 82
63 83
63 85
63 93
63 94
63 98
63 99
63 138
64 68
64 73
64 81
64 83
64 86
64 88
64 91
64 94
64 97
64 98
64 99
64 125
64 157
65 75
65 77
65 78
65 82
65 84
65 93
65 97
65 138
65 123
65 200
66 70
66 72
66 76
66 80
66 88
66 94
66 137
67 70
67 79
67 89
67 90
67 94
67 99
67 156
67 215
68 74
68 81
68 85
69 70
69 71
69 72
69 73
69 78
69 80
69 88
69 89
69 90
69 97
70 71
70 72
70 76
70 79
70 89
70 94
71 79
71 85
71 89
71 95
71 98
71 99
71 157
71 182
72 75
72 76
72 77
72 80
72 82
72 85
72 94
72 128
73 74
73 76
73 78
73 80
73 82
73 86
73 87
73 95
73 128
74 75
74 81
74 84
74 93
74 111
74 242
75 81
75 88
75 94
75 97
75 98
75 99
75 120
76 80
76 92
76 94
76 95
76 96
76 103
77 78
77 79
77 82
77 85
77 93
77 94
77 96
78 83
78 95
78 97
78 212
79 83
79 87
79 91
79 173
80 82
80 88
80 89
80 141
81 82
81 87
81 90
81 91
81 96
81 97
81 98
81 99
81 150
83 88
83 95
83 99
83 169
83 173
83 244
84 87
84 90
84 92
84 99
84 196
85 93
85 135
86 94
86 96
86 97
86 109
86 124
87 92
87 128
87 182
88 90
88 95
88 138
88 153
88 161
89 91
89 98
89 201
89 212
89 234
90 92
90 96
91 98
91 171
91 203
91 248
92 93
92 95
92 96
93 192
94 97
94 107
95 97
95 127
95 216
95 233
95 246
96 178
97 118
98 170
99 156
128 134
128 135
128 138
128 140
128 149
128 110
128 122
128 123
129 135
129 140
129 101
129 117
129 118
129 120
129 121
129 124
129 126
130 135
130 145
130 147
130 113
130 117
130 118
130 120
130 122
130 126
130 182
130 193
131 135
131 142
131 143
131 147
131 105
131 106
131 107
131 116
131 117
131 120
131 127
131 247
132 134
132 136
132 137
132 146
132 100
132 102
132 112
132 118
133 138
133 140
133 143
133 144
133 147
133 100
133 107
133 111
133 114
133 118
133 125
133 175
134 143
134 146
134 122
134 222
135 137
135 138
135 139
135 140
135 145
135 146
135 106
135 108
136 139
136 140
136 111
136 123
136 126
136 226
137 138
137 140
137 142
137 100
137 102
137 104
137 112
137 115
137 116
137 119
137 124
138 141
138 146
138 102
138 106
138 115
138 116
138 117
138 118
138 209
139 140
139 148
139 107
139 113
139 115
139 118
139 127
140 142
140 145
140 146
140 149
140 100
140 105
140 109
140 116
140 122
140 241
141 148
141 103
141 104
141 107
141 117
141 119
141 123
141 159
142 143
142 144
142 146
142 109
142 112
142 116
142 118
142 123
142 200
142 235
143 149
143 105
143 113
143 116
143 118
143 120
143 124
143 162
143 201
144 146
144 113
144 116
144 151
144 164
145 148
145 106
145 113
145 118
145 125
145 191
146 103
146 105
146 112
146 115
146 119
146 123
147 103
147 105
147 113
147 118
147 120
147 233
147 239
148 149
148 100
148 104
148 112
148 118
148 151
148 215
148 221
149 101
149 109
149 110
149 111
149 121
149 126
149 127
149 175
100 102
100 103
100 108
100 109
100 248
101 104
101 109
101 110
101 115
101 119
101 123
101 125
102 106
102 121
102 122
102 126
103 105
103 107
103 110
103 111
103 113
103 117
103 118
103 119
103 125
103 126
103 203
104 116
104 120
104 123
104 127
105 111
105 171
106 107
106 108
106 111
106 121
106 122
106 124
106 126
106 159
106 218
106 237
107 110
107 111
107 117
107 119
107 229
108 118
108 119
108 121
108 122
108 124
108 125
108 126
108 195
109 116
109 117
109 125
110 122
110 125
110 218
111 114
111 117
111 235
111 239
112 122
112 161
112 185
112 201
113 117
113 118
113 241
114 116
114 117
114 190
115 116
115 121
116 127
116 172
116 202
116 246
117 121
117 164
117 233
118 122
118 123
118 184
119 126
119 167
119 168
119 194
120 122
120 156
120 171
120 208
120 216
120 229
121 122
121 178
123 199
124 127
125 189
125 227
125 242
150 154
150 156
150 166
150 180
150 185
150 189
151 168
151 170
151 171
151 182
151 190
151 194
151 197
152 154
152 162
152 170
152 171
152 175
152 180
152 181
152 182
152 185
152 198
153 160
153 162
153 163
153 164
153 169
153 171
153 180
153 184
153 190
153 191
153 195
154 155
154 156
154 157
154 158
154 159
154 170
154 174
154 189
154 190
154 198
155 157
155 160
155 167
155 180
155 183
155 185
155 188
155 191
155 192
155 230
155 249
156 162
156 164
156 170
156 178
156 183
156 199
157 158
157 159
157 160
157 172
157 176
157 179
157 181
157 182
157 183
157 184
157 186
157 194
157 195
158 162
158 166
158 171
158 178
158 187
158 191
158 198
159 164
159 167
159 168
159 170
159 175
159 177
159 184
159 189
159 198
160 172
160 181
160 184
160 186
160 193
160 196
160 197
160 230
160 249
161 162
161 163
161 176
161 185
161 187
161 191
161 193
161 195
161 198
162 170
162 175
162 191
162 192
162 195
163 165
163 166
163 167
163 171
163 173
163 177
163 178
163 187
163 188
163 190
163 191
163 196
163 240
164 168
164 169
164 171
164 174
164 190
164 192
164 194
164 196
165 173
165 182
165 191
165 237
166 168
166 169
166 170
166 172
166 175
166 176
166 181
166 186
166 190
166 192
167 172
167 180
167 181
167 185
167 189
167 191
167 196
168 171
168 179
168 188
168 191
168 195
169 181
169 182
169 188
169 197
169 198
170 177
170 183
170 184
170 187
170 189
170 190
170 196
170 198
170 243
171 173
171 175
171 189
171 190
171 192
171 193
171 199
172 190
172 191
172 194
172 197
173 179
173 184
173 185
173 189
173 190
173 192
173 224
174 180
174 187
174 190
175 178
175 179
175 181
175 184
175 185
175 187
175 193
176 180
176 181
176 189
176 198
176 215
177 180
177 184
177 188
177 195
177 233
178 242
179 198
180 184
180 185
180 195
180 196
180 208
181 183
181 187
181 192
182 185
182 193
182 198
183 185
183 187
183 189
183 193
184 189
184 219
184 221
185 188
185 199
186 191
186 196
186 197
186 199
187 193
187 195
187 196
187 197
188 195
188 203
189 190
189 192
189 194
189 196
189 199
190 193
191 192
191 194
192 235
192 238
193 194
194 198
195 233
197 221
200 202
200 207
200 209
200 222
200 226
200 237
200 238
200 240
200 241
200 245
200 247
201 208
201 213
201 225
201 226
201 229
201 230
201 234
201 238
202 203
202 219
202 222
202 223
202 229
202 231
202 240
202 246
202 247
203 222
203 224
203 226
203 238
203 241
203 246
203 248
204 205
204 209
204 211
204 212
204 214
204 219
204 222
204 225
204 232
204 237
204 238
204 245
204 248
205 208
205 211
205 214
205 215
205 219
205 227
205 230
205 235
205 237
205 244
205 247
205 248
206 208
206 221
206 222
206 224
206 225
206 226
206 227
206 232
206 241
206 243
206 249
207 209
207 211
207 229
207 235
207 249
208 213
208 215
208 216
208 236
208 237
208 238
209 210
209 215
209 217
209 233
209 234
209 239
209 246
210 212
210 227
210 229
210 232
210 233
210 234
210 242
211 214
211 217
211 229
211 230
211 240
211 248
212 215
212 219
212 229
212 231
212 233
212 241
212 248
213 217
213 224
213 227
213 231
213 233
213 236
213 240
214 222
214 232
214 240
214 245
214 249
215 216
215 219
215 220
215 227
215 229
215 230
215 231
215 232
215 236
215 240
215 244
215 245
215 246
216 217
216 220
216 248
217 220
217 231
217 239
218 230
218 233
218 242
218 246
218 247
219 223
219 226
219 236
219 237
219 239
219 244
219 246
219 247
219 248
220 228
220 235
220 241
220 247
221 222
221 229
221 230
221 232
221 238
221 242
221 244
222 223
222 227
222 233
222 234
222 237
222 243
222 246
222 247
223 233
223 241
223 248
224 228
224 237
224 238
224 239
224 241
225 237
225 239
225 240
225 242
226 230
226 233
226 238
226 240
226 242
226 248
227 232
227 236
227 240
227 243
227 249
228 236
228 240
228 246
229 234
229 238
229 239
229 244
229 245
229 247
230 233
230 237
230 241
230 243
231 233
231 234
231 246
232 240
232 241
232 245
232 246
233 237
233 238
233 244
233 246
233 247
233 249
234 236
234 245
234 247
234 249
235 239
235 241
235 243
236 245
236 249
237 242
237 243
237 247
237 249
238 239
238 240
238 248
239 242
239 244
239 245
239 246
239 248
239 249
240 244
240 245
241 242
241 248
241 249
242 245
243 246
244 245
244 247
244 249
245 247
246 249
