0 4
0 5
0 7
0 10
0 12
0 13
0 15
0 24
0 28
0 33
0 34
0 37
0 40
0 42
0 44
0 52
0 142
0 109
0 117
0 118
0 119
0 159
0 162
0 178
0 188
0 234
1 3
1 13
1 17
1 18
1 22
1 26
1 29
1 31
1 35
1 39
1 42
1 58
1 80
1 81
1 126
1 162
1 178
1 207
1 216
1 240
2 10
2 13
2 17
2 22
2 26
2 27
2 32
2 33
2 35
2 38
2 39
2 42
2 43
2 44
2 46
2 48
2 49
2 63
2 83
2 109
2 115
2 151
2 157
2 195
2 219
2 229
2 234
2 241
3 18
3 19
3 24
3 25
3 26
3 28
3 34
3 35
3 37
3 38
3 44
3 51
3 52
3 60
3 73
3 75
3 83
3 95
3 97
3 136
3 141
3 143
3 185
3 202
4 9
4 14
4 15
4 21
4 25
4 28
4 33
4 36
4 38
4 40
4 46
4 47
4 63
4 135
4 137
4 107
4 126
4 202
4 212
4 231
4 233
5 10
5 12
5 13
5 15
5 29
5 37
5 44
5 58
5 60
5 113
5 150
5 177
5 178
5 188
5 201
5 206
5 213
5 233
6 7
6 10
6 11
6 18
6 21
6 22
6 30
6 38
6 43
6 47
6 48
6 49
6 51
6 79
6 144
6 110
6 113
6 154
6 155
6 171
6 172
6 176
6 182
6 183
6 189
6 220
6 231
7 8
7 11
7 22
7 24
7 29
7 34
7 36
7 39
7 42
7 43
7 44
7 49
7 60
7 66
7 103
7 176
7 186
8 10
8 15
8 19
8 32
8 37
8 46
8 95
8 99
8 135
8 200
8 226
8 235
8 246
9 13
9 14
9 18
9 23
9 24
9 25
9 28
9 30
9 31
9 35
9 60
9 75
9 88
9 144
9 111
9 124
9 125
9 160
9 189
9 210
9 222
9 234
10 15
10 19
10 25
10 27
10 37
10 42
10 43
10 46
10 47
10 52
10 145
10 105
10 108
10 125
10 166
10 167
10 170
10 187
10 210
10 227
10 242
11 12
11 20
11 27
11 30
11 35
11 37
11 39
11 46
11 54
11 83
11 85
11 86
11 87
11 90
11 94
11 136
11 145
11 162
11 176
11 179
11 198
11 203
12 22
12 23
12 33
12 34
12 35
12 36
12 37
12 39
12 58
12 64
12 69
12 94
12 161
12 175
12 182
12 213
12 233
12 240
12 242
13 16
13 17
13 23
13 27
13 28
13 33
13 36
13 40
13 47
13 64
13 87
13 92
13 128
13 148
13 105
13 126
13 170
13 178
13 187
13 188
13 200
13 214
14 19
14 24
14 26
14 38
14 41
14 45
14 69
14 92
14 99
14 134
14 139
14 164
14 165
14 185
15 16
15 27
15 29
15 30
15 31
15 32
15 37
15 38
15 42
15 43
15 44
15 46
15 63
15 70
15 89
15 92
15 131
15 158
15 166
15 174
15 180
15 194
15 199
15 210
15 225
15 227
16 18
16 21
16 22
16 25
16 30
16 32
16 40
16 48
16 56
16 83
16 118
16 156
16 172
16 199
16 211
16 218
16 222
16 236
17 18
17 22
17 23
17 30
17 31
17 37
17 38
17 39
17 43
17 44
17 49
17 61
17 67
17 133
17 113
17 197
17 202
17 216
17 223
18 24
18 44
18 45
18 46
18 49
18 59
18 77
18 89
18 93
18 149
18 170
18 191
18 195
18 206
18 212
18 229
18 230
18 237
18 248
19 29
19 33
19 48
19 64
19 92
19 101
19 152
19 167
19 206
20 21
20 23
20 35
20 40
20 47
20 55
20 64
20 70
20 89
20 150
20 159
20 162
20 172
20 179
20 182
20 193
20 205
21 22
21 30
21 40
21 43
21 48
21 68
21 77
21 89
21 115
21 117
21 119
21 161
21 163
21 165
21 170
21 196
21 214
21 222
21 232
21 235
21 245
22 23
22 24
22 26
22 33
22 50
22 52
22 67
22 74
22 80
22 93
22 119
22 206
22 225
22 229
22 243
23 37
23 43
23 44
23 46
23 47
23 67
23 93
23 145
23 118
23 169
23 203
23 206
23 215
23 233
24 26
24 31
24 34
24 39
24 40
24 44
24 45
24 47
24 51
24 68
24 81
24 138
24 145
24 118
24 126
24 173
24 175
24 187
24 210
24 235
24 236
24 242
25 27
25 32
25 35
25 43
25 55
25 73
25 88
25 109
25 111
25 151
25 176
25 189
25 193
25 194
25 199
25 210
25 218
25 241
25 248
26 33
26 47
26 66
26 71
26 83
26 131
26 134
26 135
26 139
26 127
26 191
26 235
27 34
27 41
27 51
27 133
27 141
27 112
27 124
27 154
27 163
27 193
27 207
27 223
28 31
28 33
28 39
28 43
28 48
28 77
28 129
28 101
28 103
28 104
28 106
28 188
28 196
28 202
28 220
28 231
28 240
29 30
29 33
29 41
29 42
29 54
29 62
29 134
29 180
29 214
29 220
29 232
29 246
30 41
30 43
30 60
30 129
30 140
30 162
30 174
30 184
30 198
30 230
30 231
30 233
31 34
31 37
31 39
31 40
31 73
31 79
31 87
31 97
31 132
31 141
31 101
31 106
31 164
31 194
31 232
31 241
32 35
32 38
32 41
32 44
32 87
32 140
32 110
32 181
32 205
32 209
33 40
33 41
33 56
33 62
33 71
33 72
33 97
33 131
33 144
33 150
33 159
33 187
33 191
34 35
34 41
34 48
34 55
34 63
34 69
34 135
34 114
34 193
34 199
34 200
34 201
34 203
34 204
34 205
34 246
35 41
35 60
35 75
35 77
35 89
35 102
35 116
35 165
35 176
35 202
35 204
35 220
35 221
35 246
36 40
36 42
36 84
36 87
36 92
36 97
36 149
36 105
36 106
36 152
36 191
36 205
36 221
36 248
37 76
37 152
37 154
37 183
37 189
37 210
37 238
38 40
38 44
38 46
38 64
38 91
38 130
38 100
38 104
38 153
38 155
38 184
38 195
38 211
39 43
39 64
39 145
39 123
39 225
39 229
39 235
40 45
40 47
40 48
40 75
40 79
40 132
40 134
40 166
40 171
40 181
40 212
40 244
41 42
41 43
41 48
41 50
41 82
41 87
41 98
41 136
41 147
41 199
41 221
42 43
42 47
42 108
42 194
42 195
42 220
42 238
43 48
43 56
43 79
43 82
43 139
43 121
43 122
43 125
43 152
43 154
43 156
43 195
43 222
44 46
44 57
44 58
44 80
44 133
44 167
44 179
44 214
44 231
44 238
45 49
45 73
45 142
45 103
45 120
45 158
45 182
45 243
45 244
45 248
46 49
46 59
46 90
46 128
46 136
46 208
46 220
46 240
47 51
47 57
47 62
47 73
47 94
47 134
47 140
47 143
47 165
47 201
47 202
47 216
47 224
48 81
48 120
48 127
48 164
48 169
48 178
48 213
48 233
48 247
49 55
49 67
49 69
49 90
49 136
49 137
49 106
49 108
49 155
50 52
50 53
50 60
50 64
50 70
50 73
50 80
50 82
50 83
50 87
50 88
50 93
50 97
50 139
50 102
50 115
50 151
50 165
50 210
50 225
50 228
50 234
50 239
50 246
51 58
51 64
51 74
51 75
51 77
51 80
51 86
51 89
51 98
51 105
51 113
51 157
51 158
51 182
51 191
51 198
51 223
51 226
51 248
52 65
52 66
52 69
52 72
52 73
52 91
52 97
52 131
52 127
52 193
52 199
52 203
52 216
52 247
53 54
53 62
53 76
53 78
53 81
53 82
53 86
53 88
53 91
53 92
53 97
53 142
53 168
53 182
53 186
53 209
53 214
54 59
54 79
54 80
54 83
54 84
54 85
54 91
54 141
54 108
54 155
54 177
54 178
54 201
54 203
54 224
54 232
54 246
55 59
55 61
55 77
55 78
55 88
55 96
55 103
55 113
55 126
55 175
55 203
55 226
56 58
56 62
56 63
56 70
56 71
56 72
56 84
56 127
56 180
56 188
56 190
56 213
56 231
56 234
56 246
57 60
57 62
57 68
57 69
57 72
57 74
57 76
57 82
57 94
57 97
57 140
57 147
57 110
57 117
57 120
57 163
57 168
57 177
57 204
57 209
57 224
58 60
58 65
58 68
58 70
58 79
58 80
58 85
58 89
58 91
58 93
58 96
58 98
58 128
58 134
58 104
58 188
58 191
58 213
58 228
58 238
58 246
59 66
59 67
59 68
59 73
59 74
59 76
59 77
59 84
59 85
59 92
59 96
59 135
59 109
59 150
59 166
59 195
59 196
59 210
60 74
60 76
60 77
60 79
60 84
60 92
60 131
60 101
60 123
60 155
60 169
60 195
60 196
60 227
60 246
61 77
61 93
61 97
61 147
61 148
61 149
61 114
61 167
61 183
61 193
61 217
61 220
61 228
62 65
62 71
62 73
62 77
62 82
62 87
62 92
62 94
62 145
62 120
62 173
62 180
62 203
63 65
63 78
63 81
63 83
63 92
63 99
63 165
63 190
63 197
63 205
63 232
64 67
64 73
64 74
64 83
64 86
64 87
64 91
64 142
64 152
64 153
64 177
64 193
64 197
64 218
64 224
64 239
65 74
65 79
65 80
65 85
65 86
65 95
65 99
65 152
65 159
65 162
65 186
65 229
66 72
66 76
66 77
66 89
66 141
66 160
66 188
66 218
66 229
66 231
66 234
66 237
66 242
67 72
67 75
67 87
67 91
67 92
67 94
67 99
67 102
67 118
67 160
67 164
67 179
67 181
67 183
67 207
68 70
68 72
68 73
68 77
68 89
68 90
68 91
68 95
68 96
68 97
68 154
68 166
68 177
68 206
68 214
68 231
68 237
68 240
69 73
69 76
69 79
69 82
69 83
69 84
69 89
69 90
69 105
69 111
69 121
69 154
69 157
69 224
69 244
70 72
70 75
70 95
70 97
70 98
70 131
70 136
70 138
70 139
70 106
70 108
70 124
70 152
70 195
70 201
70 203
70 206
70 214
70 230
70 233
70 234
70 238
70 246
71 74
71 78
71 79
71 91
71 94
71 97
71 98
71 148
71 153
71 181
71 225
71 229
71 244
72 78
72 79
72 81
72 82
72 88
72 93
72 97
72 131
72 140
72 106
72 123
72 124
72 154
72 159
72 172
72 175
72 185
72 224
72 225
73 77
73 80
73 83
73 100
73 152
73 157
73 164
73 169
73 170
74 78
74 95
74 106
74 126
74 234
74 236
74 243
74 247
75 78
75 82
75 84
75 89
75 98
75 144
75 154
75 168
75 179
75 187
76 88
76 94
76 99
76 115
76 122
76 125
76 127
76 165
76 199
76 206
76 231
76 240
77 84
77 87
77 89
77 90
77 93
77 96
77 176
77 183
77 201
77 221
78 80
78 83
78 97
78 99
78 132
78 136
78 142
78 125
78 191
78 220
79 86
79 92
79 93
79 98
79 147
79 105
79 186
79 196
79 198
79 202
80 82
80 95
80 96
80 101
80 112
80 178
80 183
80 206
80 211
81 87
81 90
81 143
81 100
81 105
81 150
81 183
81 188
81 192
81 204
82 93
82 96
82 97
82 138
82 145
82 117
82 158
82 164
82 173
82 196
82 202
82 216
82 224
82 235
83 131
83 144
83 100
83 106
83 203
83 205
83 220
83 249
84 87
84 98
84 132
84 113
84 117
84 164
84 176
84 180
84 192
84 205
84 221
84 231
84 235
84 246
85 87
85 93
85 97
85 143
85 123
85 193
85 244
86 90
86 98
86 110
86 171
86 176
86 206
87 99
87 146
87 101
87 165
87 171
87 189
87 197
87 218
87 245
87 246
88 92
88 96
88 98
88 135
88 101
88 107
88 118
88 196
88 199
88 214
88 223
88 235
89 91
89 97
89 99
89 137
89 107
89 181
89 189
89 191
89 220
90 96
90 97
90 134
90 145
90 185
90 199
90 201
90 221
90 243
91 96
91 143
91 103
91 121
91 214
91 216
92 137
92 149
92 110
92 112
92 156
92 160
92 197
92 199
92 201
92 206
92 216
92 222
92 226
93 95
93 99
93 100
93 109
93 211
93 246
94 134
94 162
94 200
95 102
95 152
95 167
95 168
95 177
95 189
95 209
95 212
95 225
95 234
96 97
96 133
96 138
96 149
96 102
96 120
96 155
96 156
96 244
97 135
97 148
97 121
97 164
97 165
97 187
97 193
98 141
98 113
98 119
98 127
98 177
98 185
99 135
99 108
99 122
99 179
99 201
99 205
99 227
99 230
99 240
99 249
128 141
128 144
128 146
128 149
128 109
128 110
128 111
128 117
128 119
128 160
128 194
128 228
129 131
129 134
129 135
129 140
129 144
129 145
129 148
129 105
129 106
129 108
129 112
129 117
129 121
129 125
129 153
129 154
129 162
129 165
129 172
129 176
129 197
129 247
130 144
130 102
130 104
130 105
130 108
130 111
130 112
130 116
130 117
130 119
130 125
130 126
130 127
130 167
130 183
130 197
131 135
131 144
131 146
131 149
131 100
131 101
131 102
131 111
131 112
131 113
131 117
131 118
131 123
131 193
131 208
131 231
132 135
132 140
132 145
132 149
132 105
132 107
132 114
132 115
132 117
132 121
132 157
132 167
132 170
132 185
132 202
132 218
133 139
133 140
133 146
133 111
133 155
133 178
133 203
133 217
133 224
133 238
133 246
134 138
134 143
134 147
134 113
134 122
134 124
134 151
134 152
134 190
134 205
134 211
134 217
134 225
134 233
135 136
135 140
135 143
135 144
135 148
135 105
135 115
135 158
135 198
135 199
135 205
135 212
135 223
136 137
136 141
136 147
136 149
136 100
136 111
136 113
136 124
136 125
136 126
136 154
136 165
136 168
136 179
136 182
136 189
136 191
136 197
136 222
137 140
137 144
137 100
137 103
137 121
137 122
137 123
137 127
137 152
137 160
137 182
137 194
137 195
138 140
138 149
138 105
138 106
138 110
138 119
138 121
138 122
138 125
138 156
138 157
138 182
138 193
138 201
138 205
138 208
138 216
138 224
139 140
139 141
139 144
139 146
139 116
139 118
139 122
139 151
139 156
139 158
139 201
139 240
140 141
140 143
140 109
140 111
140 120
140 121
140 152
140 154
140 181
140 212
140 221
140 223
140 245
141 102
141 106
141 108
141 111
141 122
141 124
141 126
141 157
141 174
141 175
141 189
141 200
141 204
141 220
141 236
142 143
142 146
142 147
142 101
142 102
142 105
142 110
142 117
142 120
142 123
142 153
142 163
142 165
142 187
142 210
142 216
143 145
143 102
143 105
143 111
143 114
143 117
143 119
143 123
143 124
143 150
143 163
143 169
143 188
143 205
143 206
143 245
144 102
144 103
144 107
144 108
144 111
144 114
144 117
144 189
144 194
144 204
144 208
144 216
144 245
145 148
145 103
145 108
145 113
145 114
145 116
145 121
145 123
145 124
145 161
145 162
145 186
145 191
145 215
145 229
145 232
145 243
146 104
146 105
146 107
146 118
146 124
146 164
146 177
146 179
146 183
146 189
146 197
146 222
147 111
147 119
147 123
147 172
147 182
147 188
147 206
147 208
147 210
147 241
148 149
148 105
148 107
148 110
148 111
148 117
148 126
148 165
148 206
148 208
148 220
149 111
149 114
149 115
149 116
149 121
149 124
149 127
149 156
149 176
149 186
149 213
149 225
149 229
149 246
100 108
100 113
100 114
100 115
100 117
100 118
100 121
100 123
100 156
100 158
100 161
100 163
100 173
100 244
101 111
101 112
101 113
101 122
101 125
101 197
101 205
101 244
102 115
102 117
102 119
102 121
102 123
102 124
102 150
102 164
102 167
102 189
102 195
102 205
102 206
103 105
103 109
103 110
103 124
103 125
103 169
103 181
103 188
104 105
104 106
104 108
104 113
104 118
104 122
104 179
104 187
104 192
104 218
104 224
104 238
104 246
105 110
105 111
105 122
105 125
105 126
105 127
105 184
105 200
105 216
105 222
105 237
105 239
106 116
106 118
106 123
106 197
106 214
106 218
106 224
106 247
107 115
107 153
107 162
107 168
107 181
107 232
107 239
108 111
108 112
108 117
108 120
108 124
108 125
108 165
108 179
108 186
108 193
108 195
108 204
108 206
108 232
108 243
109 110
109 115
109 117
109 118
109 122
109 195
109 220
109 221
109 246
110 111
110 120
110 126
110 156
110 157
110 232
110 241
111 113
111 121
111 125
111 126
111 127
111 157
111 246
112 115
112 121
112 122
112 123
112 125
112 127
112 158
112 187
112 215
112 237
113 114
113 115
113 122
113 124
113 169
113 193
113 218
113 231
113 247
114 117
114 158
114 165
114 184
114 195
114 217
114 230
114 239
115 116
115 170
115 200
115 221
116 152
116 153
116 166
116 188
116 207
116 222
117 122
117 125
117 157
117 194
117 246
117 249
118 122
118 123
118 155
118 157
118 166
118 189
118 195
118 218
118 232
118 235
118 247
119 210
119 220
119 247
120 123
120 152
120 154
121 123
121 167
121 195
121 219
121 230
121 232
121 235
121 249
122 124
122 154
122 167
122 192
122 201
122 204
123 156
123 216
124 125
124 155
124 191
124 192
124 204
125 165
125 169
125 216
126 156
126 167
126 182
126 196
126 238
126 241
126 249
127 167
127 169
127 178
127 183
127 191
127 219
127 224
127 237
150 152
150 153
150 160
150 168
150 169
150 173
150 174
150 185
150 196
150 198
150 202
150 204
150 234
151 152
151 172
151 174
151 179
151 194
151 228
152 167
152 168
152 181
152 182
152 184
152 200
152 207
152 211
152 220
152 235
153 157
153 160
153 169
153 171
153 174
153 175
153 176
153 189
153 198
153 243
154 156
154 160
154 161
154 168
154 172
154 181
154 184
154 185
154 191
154 192
154 208
154 215
154 242
154 244
155 158
155 159
155 165
155 167
155 172
155 175
155 185
155 186
155 194
155 196
156 162
156 163
156 172
156 178
156 179
156 180
156 181
156 196
156 198
157 169
157 178
157 192
157 193
157 196
157 197
157 198
157 199
158 165
158 167
158 170
158 182
158 186
158 187
158 196
158 199
158 211
158 228
159 161
159 163
159 164
159 173
159 175
159 179
159 187
159 190
159 196
159 208
159 211
159 222
160 165
160 168
160 177
160 180
160 182
160 193
160 195
160 196
160 214
160 217
160 220
161 162
161 164
161 169
161 196
161 208
161 226
161 233
162 166
162 167
162 168
162 174
162 176
162 179
162 180
162 182
162 198
162 204
162 214
162 220
163 164
163 165
163 167
163 169
163 170
163 171
163 173
163 181
163 188
163 189
163 193
163 195
163 198
163 199
163 200
163 201
163 220
163 222
164 168
164 181
164 182
164 186
164 194
164 197
164 210
164 227
164 244
165 170
165 179
165 181
165 191
165 205
165 247
166 171
166 172
166 181
166 186
166 188
166 189
166 192
166 197
166 199
166 229
166 238
166 244
167 169
167 175
167 182
167 185
167 187
167 188
167 194
167 196
167 199
167 212
167 218
168 172
168 176
168 178
168 183
168 188
168 198
168 202
168 210
168 221
168 249
169 174
169 179
169 182
169 187
169 193
169 201
169 212
169 238
170 172
170 180
170 190
170 192
170 193
170 200
170 204
171 172
171 175
171 180
171 190
171 196
171 197
171 198
171 201
171 203
172 174
172 176
172 179
172 185
172 187
172 188
172 191
172 198
172 209
172 222
172 231
172 244
173 189
173 192
173 220
173 222
173 232
173 237
174 176
174 186
174 189
174 192
174 193
174 194
174 196
174 198
175 182
175 188
175 195
175 205
175 208
175 242
176 184
176 185
176 191
176 193
176 216
176 228
176 232
176 233
177 178
177 179
177 184
177 188
177 189
177 191
177 192
177 212
177 222
177 223
177 247
178 182
178 185
178 189
178 203
178 204
178 223
178 228
178 230
178 249
179 182
179 188
179 189
179 193
179 196
179 199
179 201
179 214
180 189
180 194
180 195
180 228
180 249
181 188
181 195
181 227
182 184
182 185
182 190
182 195
182 197
182 198
182 200
182 202
182 237
183 189
183 212
184 199
184 206
184 209
184 242
185 193
185 196
185 198
185 206
185 222
185 238
186 198
186 205
187 196
187 212
187 236
187 242
188 192
188 193
188 209
188 240
189 192
189 197
189 203
189 206
189 217
189 219
190 196
190 212
190 237
191 195
191 199
191 223
192 227
192 235
193 195
193 197
193 210
193 214
193 216
194 249
195 196
195 198
195 236
195 245
196 204
196 206
196 234
197 235
199 203
199 208
199 213
199 224
200 201
200 203
200 205
200 213
200 221
200 224
200 227
200 238
200 242
200 243
201 204
201 208
201 223
201 224
201 242
202 220
202 231
202 243
202 244
202 249
203 204
203 214
203 215
203 217
203 219
203 222
203 234
204 215
204 219
204 225
204 229
204 234
204 240
204 241
204 249
205 208
205 209
205 221
205 225
205 228
205 240
205 241
206 213
206 217
206 228
206 239
206 241
206 246
206 248
206 249
207 214
207 218
207 220
207 222
207 230
207 235
207 236
207 238
207 241
207 243
207 245
208 209
208 210
208 222
208 226
208 231
208 233
208 248
209 211
209 215
209 221
209 236
209 237
209 240
210 211
210 213
210 215
210 221
210 224
210 226
210 229
210 231
210 249
211 216
211 219
211 228
211 234
211 237
211 243
211 244
211 246
211 247
212 214
212 220
212 223
212 241
212 248
213 217
213 219
213 221
213 224
213 235
213 238
213 241
213 248
213 249
214 220
214 226
214 241
214 242
214 243
214 247
214 249
215 222
215 227
215 229
215 230
215 243
215 246
215 247
215 248
216 220
216 224
216 225
216 232
216 233
216 235
216 247
217 221
217 224
217 228
217 231
217 233
217 235
217 237
217 239
217 240
217 242
217 245
217 249
218 226
218 227
218 233
218 234
218 238
218 241
218 245
218 247
218 249
219 221
219 222
219 225
219 230
219 232
219 239
220 221
220 222
220 224
220 233
220 235
220 238
220 239
220 245
221 222
221 226
221 238
222 224
222 227
222 234
222 240
222 247
223 226
223 230
223 238
223 243
223 248
224 228
224 231
224 235
224 242
224 248
225 229
225 232
225 239
225 240
226 239
226 240
227 228
227 235
227 239
227 240
227 248
228 230
228 235
228 244
228 245
228 246
229 233
229 236
229 238
229 241
229 242
229 246
230 237
230 240
230 241
230 247
230 248
230 249
231 233
231 239
231 246
231 248
231 249
232 240
232 244
233 239
233 240
233 246
234 236
234 237
234 245
234 246
235 241
235 245
235 247
236 238
236 243
237 240
237 243
238 239
239 240
239 243
239 248
240 241
240 243
240 247
240 248
240 249
241 243
241 246
241 249
242 244
243 246
243 249
244 248
246 247
