0 1
0 2
0 4
0 5
0 7
0 20
0 23
0 28
0 32
0 33
1 6
1 8
1 11
1 23
1 33
1 39
1 40
1 42
1 49
2 5
2 6
2 21
2 32
2 34
2 40
2 164
3 5
3 7
3 9
3 15
3 21
3 43
4 10
4 17
4 22
4 26
4 40
4 41
4 44
4 47
5 8
5 9
5 12
5 21
5 23
5 43
5 142
6 29
6 32
6 47
6 246
7 9
7 11
7 14
7 15
7 17
7 18
7 23
7 30
7 34
7 37
7 45
7 46
7 61
7 208
8 10
8 18
8 19
8 22
8 28
8 31
8 35
8 36
9 14
9 22
9 29
9 31
9 32
9 36
10 11
10 14
10 15
10 18
10 25
10 32
10 34
10 42
10 44
11 16
11 17
11 21
11 22
11 27
11 31
11 37
11 39
11 47
11 48
12 13
12 27
12 31
12 32
12 34
12 35
12 45
13 31
13 44
13 47
14 18
14 22
14 41
14 45
15 17
15 23
15 24
15 26
15 31
15 36
15 40
15 41
16 42
17 28
17 37
17 38
17 39
17 46
17 47
17 48
18 19
18 20
18 21
18 35
18 39
18 49
19 24
19 35
19 36
19 40
19 42
19 44
19 45
20 39
21 24
21 31
21 34
21 39
21 44
21 47
21 49
22 25
22 28
22 36
22 42
22 46
23 25
23 26
23 29
23 33
23 37
23 44
24 26
24 31
24 35
24 39
25 32
25 35
25 38
25 39
25 40
25 44
25 45
25 48
26 29
26 31
26 35
27 28
27 39
27 47
28 31
28 34
28 35
28 40
28 42
28 43
28 44
29 46
29 49
30 32
30 34
30 37
31 32
31 34
31 36
31 37
31 44
32 34
32 36
32 40
32 44
32 46
32 48
33 34
33 35
33 36
33 39
33 40
33 42
33 45
34 48
35 37
35 43
35 45
36 37
36 41
36 42
37 38
37 40
37 42
37 43
37 45
38 40
39 42
39 44
39 45
40 41
40 43
40 46
41 42
41 130
42 45
42 49
42 169
43 48
43 49
45 49
46 48
46 49
50 56
50 63
50 66
50 67
50 71
50 74
50 78
50 81
50 92
50 99
51 55
51 58
51 59
51 62
51 75
51 76
51 85
51 89
52 68
52 81
52 92
52 93
52 95
53 62
53 66
53 68
53 70
53 77
53 80
53 85
53 87
53 89
53 92
53 95
54 55
54 63
54 75
55 56
55 61
55 63
55 64
55 74
55 75
55 78
55 83
55 86
55 95
55 242
56 64
56 70
56 73
56 76
56 77
56 87
56 88
56 89
56 95
56 241
57 59
57 65
57 67
57 69
57 74
57 83
57 90
57 91
58 68
58 74
58 75
58 90
59 61
59 63
59 74
59 84
59 89
59 90
59 92
59 98
60 63
60 68
60 73
60 75
60 81
60 87
60 88
60 95
60 96
61 62
61 64
61 70
61 72
61 79
61 83
61 86
61 96
62 63
62 67
62 73
62 79
62 84
62 90
62 91
62 92
62 98
62 99
63 67
63 68
63 70
63 76
63 83
63 86
63 90
63 99
64 69
64 75
64 77
64 83
64 87
64 90
64 91
64 95
64 96
64 99
64 195
65 69
65 75
65 83
65 84
65 90
65 97
65 98
65 99
66 67
66 70
66 74
66 79
66 81
66 87
66 88
66 89
66 97
66 98
66 99
67 70
67 71
67 77
67 88
67 90
67 93
67 96
67 97
67 99
68 72
68 75
68 80
68 82
68 85
68 87
68 89
68 96
69 70
69 71
69 88
69 90
69 93
69 126
69 239
70 72
70 76
70 78
70 79
70 80
70 82
71 74
71 80
71 86
71 94
71 97
71 98
71 172
72 75
72 78
72 83
72 85
72 90
72 91
72 95
72 98
72 246
73 79
73 84
73 87
73 89
73 98
74 80
74 81
74 82
74 85
74 86
74 96
74 98
74 99
75 86
75 92
75 98
76 79
76 80
76 94
76 96
77 81
78 89
78 90
78 93
79 94
79 96
79 98
80 82
80 85
80 87
80 90
80 97
81 90
81 92
81 93
82 88
83 85
83 90
83 91
83 98
84 88
84 97
84 98
86 92
86 98
86 99
86 182
87 88
87 89
87 93
87 99
88 91
88 92
88 93
88 94
88 96
89 92
90 91
90 93
90 94
90 96
91 99
92 93
93 95
93 96
94 128
95 98
128 130
128 132
128 136
128 137
128 141
128 104
128 106
129 134
129 136
129 142
129 143
129 146
129 102
129 105
129 107
129 108
129 111
129 113
129 118
129 122
129 123
129 124
130 132
130 142
130 148
130 102
130 110
130 120
131 140
131 141
131 102
131 117
131 120
132 135
132 139
132 141
132 144
132 145
132 148
132 100
132 101
132 116
132 123
133 136
133 144
133 100
133 112
133 124
134 137
134 144
134 101
134 109
134 124
134 125
135 143
135 145
135 106
135 107
135 117
135 119
135 120
135 124
135 126
136 139
136 140
136 146
136 101
136 106
136 108
136 124
136 125
136 126
137 139
137 143
137 144
137 145
137 148
137 101
137 109
137 110
137 114
137 119
137 120
137 122
137 123
137 127
138 104
138 107
138 111
138 112
138 115
138 121
139 145
139 101
139 104
139 108
139 110
139 117
139 119
139 122
139 127
140 146
140 147
140 105
140 109
140 113
140 116
140 118
140 124
141 101
141 104
141 108
141 110
141 114
142 146
142 147
142 148
142 149
142 107
142 109
142 114
142 115
142 122
142 127
143 101
143 105
143 127
144 109
144 110
144 118
144 122
145 147
145 118
145 119
145 120
145 121
146 148
146 101
146 105
146 106
146 108
146 115
146 117
146 120
147 103
147 106
147 110
147 118
147 125
147 199
148 103
148 109
148 111
148 112
148 115
148 118
148 122
149 104
149 105
149 109
149 110
149 113
149 120
149 126
149 127
149 155
100 111
100 112
100 115
100 119
100 125
101 107
101 113
101 120
101 124
102 104
102 106
102 119
102 124
103 119
103 120
103 123
103 124
103 126
103 180
104 105
104 113
105 106
105 107
105 111
105 127
105 205
106 113
106 115
106 116
107 119
107 124
107 125
107 126
108 110
108 111
108 117
108 118
108 121
108 123
108 125
108 178
109 114
109 118
109 124
109 125
110 113
110 114
110 125
111 112
111 114
111 116
111 121
113 117
113 126
114 116
114 123
115 117
115 119
115 120
116 117
116 118
117 120
117 121
117 126
118 124
118 126
122 123
122 124
123 126
123 127
124 125
126 127
127 213
150 155
150 159
150 161
150 164
150 166
150 168
150 170
150 173
150 178
150 179
150 185
150 188
150 189
150 191
150 197
151 152
151 153
151 155
151 157
151 160
151 164
151 168
151 169
151 173
151 175
151 177
151 185
151 187
151 193
151 195
151 196
151 198
152 156
152 160
152 171
152 177
152 179
152 180
152 182
152 185
152 187
152 191
152 192
152 195
152 196
153 155
153 160
153 162
153 174
153 175
153 178
153 185
153 187
153 197
154 161
154 166
154 173
154 175
154 178
154 180
154 184
154 192
154 193
154 194
154 197
154 199
155 171
155 173
155 175
155 176
155 188
155 192
155 195
156 159
156 160
156 162
156 164
156 175
156 176
156 185
156 192
156 193
156 195
156 197
157 160
157 163
157 164
157 172
157 175
157 181
157 187
157 189
157 195
157 196
158 171
158 178
158 182
158 186
158 189
158 195
158 199
159 160
159 161
159 170
159 178
159 180
159 184
159 189
159 193
159 195
160 161
160 164
160 166
160 167
160 176
160 183
160 184
160 196
161 163
161 164
161 168
161 175
161 177
161 181
161 185
161 189
161 190
161 196
161 199
162 166
162 167
162 173
162 185
162 187
162 198
162 199
163 165
163 170
163 179
163 183
163 190
163 193
164 174
164 183
164 187
164 188
164 189
164 234
165 168
165 169
165 175
165 187
165 191
165 199
166 171
166 172
166 193
166 198
166 199
167 184
167 187
167 189
167 190
167 196
167 197
168 170
168 173
168 181
168 188
168 193
168 194
168 196
168 199
169 173
169 174
169 180
169 181
169 184
169 185
169 192
170 175
170 180
170 186
170 192
170 194
171 174
171 177
171 187
171 189
171 193
171 197
172 177
172 178
172 188
172 193
172 196
172 198
173 184
173 191
173 195
173 197
174 175
174 179
174 180
174 191
174 195
175 183
175 192
176 180
176 187
176 189
176 192
176 194
177 186
177 189
177 190
177 193
178 187
178 196
179 181
179 182
179 183
179 190
179 196
179 199
180 183
180 184
180 186
180 187
180 199
181 192
181 194
181 197
182 187
182 188
182 191
182 197
182 198
183 185
183 186
183 187
183 195
184 185
184 186
184 188
186 188
186 191
187 194
187 196
188 189
188 192
189 196
189 197
190 191
190 193
190 198
190 247
191 193
191 197
192 194
193 194
193 196
193 199
194 195
194 199
195 197
200 201
200 212
200 218
200 224
200 230
200 234
200 236
200 237
200 243
200 246
201 202
201 203
201 204
201 210
201 211
201 216
201 229
201 230
201 233
201 235
201 236
201 241
202 210
202 212
202 214
202 215
202 216
202 218
202 220
202 225
202 234
202 235
202 236
202 237
203 205
203 206
203 211
203 221
203 222
203 223
203 226
203 232
203 234
203 235
204 207
204 210
204 219
204 226
204 234
204 236
204 243
205 215
205 224
205 225
205 227
205 229
205 235
205 247
206 213
206 214
206 218
206 221
206 225
206 230
206 240
206 242
206 246
206 247
207 209
207 211
207 215
207 220
207 224
207 226
207 227
207 235
207 240
208 209
208 213
208 230
208 235
208 238
208 241
208 245
209 214
209 219
209 220
209 224
209 225
209 227
209 234
209 235
209 236
209 238
209 243
209 246
209 249
210 212
210 214
210 237
210 238
210 240
210 241
211 216
211 217
211 218
211 239
212 216
212 217
212 227
212 238
212 240
212 245
212 246
212 249
213 214
213 220
213 221
213 232
213 241
213 243
213 248
214 226
214 227
214 229
214 231
214 235
214 236
214 242
214 248
215 218
215 219
215 222
215 230
215 234
215 238
215 239
215 240
215 244
215 245
216 223
216 224
216 230
216 232
216 235
216 237
216 239
216 241
216 243
216 248
217 219
217 222
217 223
217 224
217 229
217 230
218 220
218 224
218 229
218 230
218 233
218 237
218 238
218 239
218 245
218 246
218 248
219 221
219 225
219 228
219 234
219 248
220 223
220 227
220 234
220 244
221 231
221 235
221 239
221 241
221 245
221 246
221 247
222 223
222 229
222 231
222 233
222 240
222 241
223 224
223 232
223 243
223 244
224 229
224 230
224 234
224 242
224 245
225 231
226 231
226 232
226 233
226 234
226 239
226 243
227 230
227 234
227 249
228 229
228 239
228 240
228 242
228 247
228 249
229 232
229 234
229 238
229 243
229 244
229 245
230 233
230 234
230 238
230 239
230 242
230 243
230 245
230 247
231 237
231 240
231 245
232 233
232 236
232 240
232 241
232 245
233 234
233 235
233 236
233 245
234 243
234 245
234 246
234 247
234 248
235 236
235 239
236 238
236 247
237 240
239 243
240 245
240 246
240 249
241 244
241 245
242 243
243 244
244 245
245 249
