0 3
0 8
0 9
0 11
0 18
0 21
0 27
0 31
0 32
0 33
0 35
0 37
0 45
0 49
0 51
0 164
0 183
1 2
1 3
1 7
1 8
1 10
1 13
1 15
1 16
1 21
1 22
1 25
1 26
1 28
1 31
1 39
1 42
1 43
1 44
1 45
1 48
1 49
2 12
2 16
2 20
2 29
2 30
2 32
2 36
2 37
2 38
2 41
2 48
2 65
2 180
2 234
3 4
3 7
3 8
3 18
3 20
3 23
3 32
3 36
3 38
3 39
3 47
3 49
3 92
3 99
3 103
3 152
4 9
4 10
4 12
4 16
4 18
4 27
4 29
4 30
4 37
4 38
4 41
4 177
4 206
5 6
5 13
5 14
5 16
5 18
5 23
5 25
5 26
5 28
5 29
5 34
5 37
5 38
5 39
5 40
5 48
5 248
6 8
6 9
6 11
6 13
6 21
6 31
6 32
6 35
6 38
6 40
6 48
6 49
6 90
6 180
6 182
7 9
7 16
7 17
7 25
7 28
7 29
7 30
7 32
7 33
7 34
7 38
7 46
7 47
7 112
8 13
8 16
8 20
8 21
8 22
8 23
8 25
8 31
8 32
8 33
8 41
8 44
8 45
8 141
8 190
8 233
9 16
9 19
9 31
9 33
9 34
9 37
9 41
9 43
9 149
9 105
9 165
9 186
10 13
10 20
10 22
10 24
10 26
10 32
10 36
10 38
10 39
10 42
10 46
10 48
10 49
10 134
10 118
10 240
11 13
11 14
11 17
11 18
11 23
11 25
11 27
11 29
11 36
11 40
11 41
11 45
11 49
11 211
12 18
12 22
12 23
12 25
12 26
12 34
12 39
12 43
12 45
12 49
12 117
12 195
13 17
13 20
13 22
13 29
13 34
13 36
13 38
13 48
13 49
13 64
14 21
14 29
14 30
14 31
14 36
14 37
14 38
14 39
14 41
14 43
14 46
14 48
14 119
14 164
14 204
14 216
14 238
15 17
15 18
15 19
15 21
15 24
15 27
15 29
15 36
15 38
15 39
15 40
15 43
15 49
15 54
15 62
15 193
16 18
16 20
16 31
16 33
16 35
16 42
16 43
16 44
16 49
16 210
17 18
17 22
17 23
17 24
17 28
17 30
17 31
17 41
17 42
17 44
17 46
17 57
17 229
18 23
18 24
18 26
18 27
18 34
18 39
18 44
18 48
18 49
18 72
18 188
19 20
19 22
19 24
19 27
19 32
19 33
19 34
19 39
19 44
19 47
19 48
20 26
20 30
20 32
20 37
20 39
20 47
20 78
20 135
21 22
21 23
21 24
21 29
21 31
21 37
21 38
21 42
21 45
21 46
21 209
22 28
22 41
22 42
22 44
22 48
22 51
22 62
22 66
22 191
23 27
23 28
23 29
23 34
23 37
23 39
23 40
23 41
23 43
23 46
23 47
23 96
23 200
23 232
24 26
24 27
24 32
24 33
24 41
24 44
24 48
24 104
24 114
24 171
24 228
24 231
25 26
25 37
25 187
25 221
25 232
26 29
26 31
26 32
26 34
26 37
26 38
26 42
26 164
27 29
27 31
27 34
27 35
27 43
27 49
27 93
28 30
28 34
28 35
28 40
28 41
28 42
28 45
28 49
28 62
28 114
28 176
29 31
29 33
29 36
29 37
29 38
29 45
29 46
29 161
30 31
30 36
30 37
30 38
30 43
30 44
30 47
31 32
31 36
31 37
31 42
31 45
31 47
31 82
31 132
31 172
31 178
32 33
32 34
32 35
32 36
32 39
32 43
32 45
32 49
32 231
33 41
33 42
33 46
34 37
34 41
34 47
34 48
34 108
35 38
35 46
35 49
36 39
36 40
36 41
36 43
36 73
36 139
36 168
36 213
37 40
37 41
37 44
37 45
37 46
37 230
38 39
38 49
38 165
38 238
39 41
39 43
39 47
39 49
39 73
39 220
40 48
40 120
40 182
40 214
41 42
41 44
41 45
41 130
41 147
41 105
41 122
41 164
42 46
42 49
42 67
42 151
42 207
42 240
43 44
43 45
43 46
43 193
44 45
44 46
44 47
44 49
44 59
44 82
44 144
44 125
44 166
45 48
45 52
46 48
46 102
46 173
47 211
48 56
48 102
48 224
49 111
50 52
50 58
50 60
50 61
50 62
50 65
50 67
50 69
50 85
50 88
50 89
50 91
50 92
50 95
50 190
50 229
50 231
51 57
51 58
51 59
51 64
51 68
51 69
51 70
51 71
51 73
51 74
51 77
51 79
51 83
51 85
51 86
51 90
51 92
51 95
51 131
51 224
52 54
52 55
52 56
52 57
52 60
52 63
52 64
52 74
52 75
52 80
52 84
52 92
52 96
52 98
52 226
52 248
53 54
53 56
53 57
53 61
53 66
53 68
53 74
53 77
53 80
53 84
53 86
53 92
53 97
53 99
53 118
53 230
54 56
54 57
54 59
54 63
54 66
54 71
54 74
54 82
54 89
54 91
54 94
54 95
54 97
54 172
54 213
55 60
55 64
55 72
55 75
55 79
55 81
55 86
55 88
55 91
55 93
55 98
55 107
55 167
55 208
56 57
56 58
56 64
56 71
56 76
56 80
56 81
56 84
56 87
56 89
56 91
56 96
56 98
56 99
56 161
57 58
57 59
57 60
57 65
57 68
57 69
57 71
57 72
57 73
57 74
57 83
57 89
57 94
57 98
57 213
58 60
58 61
58 62
58 63
58 67
58 71
58 77
58 78
58 79
58 84
58 90
58 93
58 150
58 209
59 62
59 67
59 70
59 73
59 74
59 75
59 78
59 80
59 81
59 83
59 85
59 92
59 93
59 97
59 234
60 64
60 66
60 72
60 76
60 78
60 80
60 81
60 82
60 90
60 92
60 93
60 94
60 95
60 98
60 99
60 123
60 127
60 185
61 66
61 67
61 70
61 77
61 83
61 89
61 94
61 98
61 136
61 221
62 65
62 72
62 79
62 80
62 87
62 91
62 97
62 99
62 143
62 106
62 113
63 67
63 70
63 77
63 79
63 82
63 86
63 89
63 91
63 94
63 96
63 97
63 150
63 166
63 170
64 65
64 67
64 73
64 76
64 78
64 82
64 84
64 86
64 87
64 88
64 93
64 95
64 97
64 124
64 243
65 66
65 67
65 74
65 77
65 84
65 97
65 102
66 68
66 72
66 75
66 78
66 80
66 86
66 88
66 89
66 98
66 142
67 74
67 75
67 76
67 79
67 80
67 81
67 85
67 86
67 91
67 92
67 96
67 99
68 72
68 76
68 81
68 82
68 84
68 85
68 86
68 97
68 99
68 235
69 78
69 80
69 83
69 86
69 87
69 94
69 96
69 98
70 75
70 76
70 84
70 87
70 94
70 130
70 103
70 152
71 72
71 73
71 78
71 79
71 80
71 86
71 89
71 96
71 97
71 104
71 198
71 249
72 75
72 87
72 88
72 89
72 91
72 94
72 95
72 96
72 97
72 189
73 76
73 77
73 78
73 79
73 80
73 84
73 85
73 90
73 94
73 96
73 97
73 98
73 111
74 75
74 76
74 77
74 79
74 84
74 90
74 95
74 98
74 188
74 190
75 78
75 81
75 82
75 88
75 91
75 92
75 94
75 99
75 209
76 77
76 82
76 84
76 85
76 88
76 89
76 90
76 93
76 94
76 99
76 111
77 78
77 82
77 84
77 85
77 89
77 97
77 98
77 238
78 79
78 80
78 82
78 83
78 85
78 86
78 87
78 88
78 90
78 91
78 92
78 95
78 96
78 99
78 176
79 80
79 89
79 93
79 96
79 97
79 229
80 84
80 90
80 91
80 93
80 97
80 183
81 82
81 88
81 89
81 90
81 93
81 95
81 98
81 193
81 194
82 84
82 88
82 90
82 98
82 219
83 84
83 85
83 89
83 94
83 98
83 99
83 171
84 85
84 89
84 90
84 91
84 92
84 94
84 97
84 121
85 89
85 90
85 91
85 95
85 181
86 87
86 88
86 92
86 97
86 98
86 104
86 190
86 199
87 88
87 91
87 94
87 95
87 96
88 89
88 97
88 99
88 177
88 197
88 207
88 238
89 94
89 99
90 91
90 97
90 134
91 93
91 94
91 97
91 121
91 217
92 93
92 94
92 97
93 244
94 95
94 149
94 190
94 200
95 243
96 97
96 98
96 141
96 226
96 230
97 99
97 104
98 201
98 234
99 111
99 124
128 129
128 132
128 133
128 138
128 139
128 140
128 142
128 144
128 100
128 102
128 108
128 109
128 110
128 111
128 112
128 113
128 114
128 117
128 123
128 242
129 133
129 135
129 140
129 141
129 143
129 145
129 148
129 149
129 100
129 101
129 104
129 106
129 108
129 109
129 111
129 112
129 114
129 121
129 122
129 123
129 125
130 132
130 135
130 137
130 139
130 142
130 148
130 149
130 103
130 108
130 111
130 112
130 114
130 116
130 119
130 122
130 127
130 151
130 189
131 134
131 139
131 142
131 144
131 149
131 101
131 103
131 104
131 105
131 108
131 109
131 110
131 112
131 114
131 117
131 127
132 134
132 135
132 140
132 141
132 143
132 145
132 147
132 101
132 102
132 103
132 106
132 108
132 109
132 113
132 114
132 117
132 119
132 122
132 126
132 127
133 135
133 137
133 139
133 147
133 104
133 105
133 109
133 111
133 112
133 114
133 116
133 118
133 121
133 123
133 126
133 173
133 232
133 247
134 135
134 137
134 138
134 140
134 141
134 144
134 103
134 105
134 110
134 111
134 114
134 117
134 118
134 125
134 126
134 215
135 136
135 143
135 145
135 147
135 100
135 103
135 105
135 110
135 112
135 117
135 119
135 122
135 125
135 126
136 138
136 139
136 140
136 141
136 145
136 109
136 113
136 115
136 117
136 121
136 122
136 189
137 147
137 149
137 101
137 105
137 106
137 109
137 118
137 121
137 123
137 124
137 127
138 139
138 144
138 145
138 102
138 103
138 104
138 111
138 114
138 116
138 122
138 221
139 147
139 149
139 101
139 109
139 111
139 114
139 119
139 121
139 124
139 125
139 126
139 187
140 142
140 143
140 144
140 145
140 148
140 149
140 104
140 109
140 110
140 114
140 118
140 122
140 127
141 143
141 144
141 147
141 148
141 149
141 101
141 102
141 109
141 111
141 113
141 117
141 119
141 122
141 123
141 124
142 143
142 145
142 146
142 100
142 102
142 104
142 106
142 107
142 108
142 109
142 110
142 112
142 114
142 117
142 118
142 125
142 127
142 237
143 144
143 106
143 107
143 112
143 114
143 120
143 125
143 202
143 232
143 243
144 145
144 147
144 148
144 107
144 108
144 113
144 115
144 116
144 119
144 121
144 122
144 125
144 126
144 222
145 148
145 149
145 105
145 108
145 109
145 110
145 120
145 121
145 122
145 124
145 126
145 127
146 148
146 103
146 104
146 107
146 108
146 113
146 115
146 118
146 151
147 148
147 101
147 102
147 104
147 107
147 108
147 109
147 115
147 116
147 119
147 120
147 121
147 122
148 149
148 103
148 107
148 109
148 112
148 114
148 116
148 117
148 119
148 126
148 127
148 226
149 103
149 111
149 118
149 120
149 121
149 123
149 124
149 231
149 232
100 105
100 106
100 107
100 109
100 111
100 112
100 116
100 118
101 104
101 111
101 112
101 119
101 121
101 193
102 106
102 108
102 109
102 115
102 116
102 124
102 125
102 238
103 108
103 112
103 115
103 116
103 117
103 123
103 125
104 106
104 108
104 109
104 110
104 112
104 113
104 114
104 116
104 119
104 122
104 123
104 124
104 125
104 127
104 219
104 223
105 107
105 111
105 116
105 122
105 124
105 125
105 239
106 109
106 111
106 118
106 126
106 127
106 160
107 111
107 115
107 126
107 127
108 109
108 114
108 124
108 125
108 172
109 111
109 112
109 115
109 125
109 167
109 181
109 189
109 212
110 113
110 120
110 121
110 123
110 126
110 127
110 153
111 112
111 115
111 116
111 117
111 119
111 124
112 117
112 119
112 124
112 237
113 118
113 119
113 121
113 123
113 124
113 125
113 126
113 212
114 120
114 126
114 155
114 191
115 117
115 118
115 120
116 120
116 171
117 120
118 121
118 123
118 125
119 121
119 123
119 124
119 126
119 178
119 219
120 124
121 123
121 156
121 157
121 215
121 220
122 123
122 191
123 124
123 126
124 166
125 127
126 182
127 170
150 151
150 159
150 162
150 167
150 171
150 174
150 177
150 180
150 184
150 187
150 188
150 199
151 154
151 155
151 156
151 166
151 169
151 171
151 174
151 177
151 178
151 183
151 189
151 190
151 194
151 197
152 153
152 157
152 159
152 160
152 164
152 168
152 173
152 174
152 179
152 182
152 183
152 190
152 192
152 195
153 160
153 163
153 167
153 170
153 173
153 174
153 180
153 181
153 193
153 194
154 162
154 163
154 166
154 172
154 175
154 176
154 179
154 181
154 182
154 188
154 189
154 190
154 192
154 199
154 207
155 156
155 159
155 162
155 163
155 164
155 168
155 171
155 175
155 178
155 184
155 185
155 190
155 191
155 193
155 196
155 197
155 198
156 159
156 162
156 165
156 173
156 174
156 177
156 181
156 183
156 184
156 189
157 160
157 168
157 169
157 178
157 183
157 184
157 185
157 190
157 196
158 160
158 162
158 165
158 172
158 178
158 179
158 181
158 187
158 188
158 193
158 196
159 165
159 169
159 170
159 171
159 174
159 176
159 178
159 179
159 181
159 193
159 195
159 196
159 209
160 163
160 169
160 170
160 171
160 172
160 176
160 179
160 183
160 188
160 190
160 191
160 192
160 195
160 197
160 198
160 212
161 167
161 175
161 179
161 181
161 186
161 189
161 196
161 197
161 201
161 223
162 163
162 176
162 179
162 181
162 189
162 194
162 196
162 198
162 220
163 169
163 170
163 174
163 177
163 180
163 181
163 186
163 188
163 196
163 198
164 167
164 168
164 170
164 176
164 179
164 181
164 185
164 186
164 194
164 195
164 199
164 248
165 169
165 172
165 180
165 181
165 187
165 190
165 194
165 196
165 197
165 199
165 229
165 233
166 167
166 168
166 169
166 170
166 171
166 172
166 175
166 183
166 185
166 189
166 191
166 193
166 195
166 198
167 168
167 170
167 171
167 175
167 177
167 178
167 184
167 185
167 188
167 189
167 190
167 191
167 192
167 196
167 197
167 198
168 175
168 179
168 181
168 182
168 187
168 188
168 191
168 192
168 193
168 194
169 170
169 171
169 175
169 179
169 180
169 181
169 182
169 183
169 185
169 190
169 196
169 197
169 199
170 171
170 172
170 173
170 174
170 176
170 177
170 181
170 184
170 186
170 188
170 190
170 192
170 194
170 196
170 199
170 208
171 172
171 173
171 174
171 180
171 184
171 186
171 187
171 188
171 190
171 191
171 193
171 195
171 196
171 225
172 177
172 178
172 181
172 182
172 184
172 190
172 191
172 194
172 195
172 238
173 177
173 178
173 181
173 184
173 186
173 188
173 189
173 192
173 194
173 196
173 198
173 227
174 178
174 181
174 185
174 187
174 194
174 197
175 179
175 182
175 184
175 188
175 189
175 190
175 191
175 194
175 197
175 199
175 223
175 240
176 177
176 180
176 181
176 185
176 188
176 191
176 193
176 196
177 180
177 182
177 184
177 188
177 189
177 193
177 195
177 197
177 198
177 199
178 179
178 180
178 181
178 184
178 187
178 188
178 194
178 195
178 196
178 197
178 243
179 180
179 183
179 189
179 192
179 193
179 199
179 200
180 183
180 188
180 189
180 216
181 185
181 188
181 191
181 241
182 186
182 192
182 195
182 196
182 199
183 186
183 192
183 194
183 195
183 197
183 247
184 185
184 191
184 194
184 199
185 187
185 189
185 192
185 193
185 196
185 197
185 199
186 192
186 195
186 197
187 197
187 199
188 190
188 192
188 194
188 195
188 197
188 198
188 232
189 190
189 199
189 209
190 198
191 195
191 244
192 195
192 198
193 196
193 234
195 196
196 197
196 199
196 227
200 202
200 207
200 210
200 217
200 219
200 222
200 223
200 225
200 227
200 232
200 237
200 239
200 240
200 242
200 246
200 248
201 204
201 207
201 208
201 213
201 222
201 228
201 234
201 240
201 244
201 248
202 209
202 212
202 216
202 218
202 219
202 220
202 221
202 222
202 226
202 229
202 235
202 240
202 244
202 249
203 211
203 213
203 214
203 217
203 219
203 226
203 231
203 233
203 245
203 247
203 248
204 211
204 213
204 225
204 227
204 230
204 232
204 239
204 241
204 242
204 243
204 246
205 206
205 207
205 208
205 213
205 220
205 222
205 223
205 226
205 234
205 236
205 237
205 243
205 244
206 208
206 209
206 212
206 217
206 221
206 222
206 223
206 226
206 231
206 242
206 248
207 208
207 210
207 211
207 214
207 230
207 233
207 235
207 238
207 239
207 241
207 247
207 248
208 212
208 215
208 225
208 227
208 228
208 229
208 237
208 240
208 241
208 245
209 216
209 221
209 228
209 230
209 231
209 232
209 236
209 247
209 248
209 249
210 213
210 215
210 217
210 219
210 227
210 228
210 236
210 246
211 212
211 214
211 220
211 221
211 222
211 231
211 233
211 236
211 246
212 213
212 217
212 220
212 224
212 228
212 232
212 233
212 240
212 242
212 243
212 245
212 247
212 249
213 217
213 218
213 222
213 229
213 231
213 234
213 236
213 238
213 244
213 249
214 217
214 219
214 223
214 224
214 229
214 231
214 232
214 233
214 234
214 235
214 240
214 245
214 248
215 216
215 218
215 222
215 227
215 232
215 233
215 234
215 236
215 241
215 247
215 249
216 219
216 226
216 227
216 233
216 242
216 243
217 218
217 220
217 222
217 227
217 230
217 231
217 233
217 234
217 238
217 239
217 242
217 245
217 246
218 227
218 238
218 239
218 240
218 247
218 249
219 220
219 223
219 224
219 231
219 233
219 239
219 243
219 244
219 248
220 228
220 233
220 234
220 240
220 244
220 247
220 248
221 224
221 225
221 226
221 231
221 232
221 234
221 237
221 238
221 239
221 242
221 244
222 224
222 237
223 229
223 231
223 236
223 238
223 242
224 230
224 231
224 241
224 243
224 244
224 246
224 249
225 232
225 233
225 238
225 241
225 243
225 247
226 229
226 230
226 237
226 239
226 241
226 245
226 248
226 249
227 230
227 239
228 229
228 230
228 232
228 236
228 237
228 238
228 242
228 244
228 246
228 247
229 230
229 231
229 236
230 231
230 232
230 235
230 237
230 239
230 244
231 244
231 245
231 249
232 233
232 242
232 249
233 235
233 237
233 240
233 241
233 244
234 235
234 240
234 241
235 236
235 237
235 239
235 240
235 241
235 242
235 244
235 247
236 243
236 247
236 249
237 238
237 242
237 246
237 248
237 249
238 241
238 244
238 246
238 247
238 248
238 249
239 240
239 241
239 243
240 248
241 248
242 246
242 249
243 244
243 249
244 245
244 246
245 247
246 247
246 248
247 249
