0 2
0 7
0 9
0 10
0 12
0 14
0 15
0 25
0 27
0 32
0 34
0 37
0 41
0 43
0 49
0 61
0 77
0 81
0 143
0 149
0 127
0 185
0 213
0 227
0 239
0 246
1 2
1 5
1 7
1 8
1 13
1 21
1 24
1 28
1 31
1 32
1 35
1 43
1 44
1 47
1 48
1 49
1 59
1 81
1 101
1 103
1 106
1 150
1 159
1 160
1 162
1 174
1 176
1 177
1 199
1 228
1 244
2 3
2 4
2 10
2 11
2 12
2 13
2 19
2 22
2 26
2 28
2 29
2 36
2 37
2 43
2 44
2 49
2 115
2 126
2 230
2 234
3 6
3 8
3 9
3 12
3 15
3 19
3 20
3 24
3 26
3 34
3 35
3 38
3 39
3 40
3 42
3 43
3 64
3 85
3 86
3 162
3 214
4 9
4 13
4 18
4 19
4 21
4 23
4 34
4 38
4 39
4 40
4 41
4 44
4 66
4 87
4 117
4 121
4 150
4 158
4 165
4 174
4 186
4 189
4 214
4 234
4 239
4 246
5 7
5 8
5 10
5 11
5 12
5 13
5 20
5 25
5 26
5 31
5 34
5 36
5 37
5 40
5 42
5 44
5 63
5 71
5 76
5 119
5 127
5 201
5 245
6 7
6 20
6 26
6 27
6 35
6 37
6 39
6 40
6 41
6 42
6 43
6 44
6 58
6 144
6 150
6 156
6 190
7 8
7 11
7 15
7 17
7 18
7 21
7 22
7 24
7 26
7 28
7 38
7 39
7 41
7 43
7 49
7 63
7 140
7 110
7 176
7 180
7 216
8 12
8 13
8 14
8 15
8 18
8 20
8 24
8 31
8 34
8 39
8 43
8 45
8 47
8 50
8 58
8 67
8 82
8 86
8 93
8 141
8 147
8 106
8 121
8 185
8 188
8 207
8 209
8 210
8 220
9 10
9 12
9 15
9 17
9 20
9 21
9 22
9 26
9 27
9 38
9 43
9 49
9 56
9 64
9 99
9 131
9 137
9 139
9 148
9 168
9 179
10 14
10 21
10 23
10 24
10 26
10 28
10 30
10 36
10 37
10 48
10 52
10 57
10 73
10 91
10 147
10 113
10 116
10 161
10 166
10 199
10 222
10 223
10 238
11 13
11 19
11 20
11 25
11 27
11 33
11 39
11 40
11 41
11 43
11 44
11 47
11 48
11 52
11 63
11 141
11 114
11 159
11 164
11 168
11 176
11 177
11 178
11 199
11 220
11 223
11 228
12 16
12 17
12 22
12 23
12 33
12 35
12 38
12 49
12 145
12 112
12 161
12 173
12 227
12 230
13 19
13 22
13 23
13 26
13 28
13 30
13 32
13 33
13 38
13 39
13 40
13 41
13 42
13 43
13 44
13 45
13 61
13 128
13 199
13 202
13 206
13 210
13 225
13 238
13 244
14 16
14 17
14 18
14 19
14 20
14 21
14 28
14 29
14 30
14 31
14 32
14 33
14 34
14 35
14 43
14 46
14 47
14 48
14 49
14 65
14 72
14 179
14 206
14 222
14 248
15 16
15 23
15 24
15 25
15 28
15 30
15 33
15 44
15 45
15 46
15 49
15 99
15 157
15 171
15 239
16 18
16 19
16 20
16 21
16 22
16 24
16 27
16 28
16 30
16 34
16 40
16 41
16 42
16 44
16 45
16 48
16 49
16 73
16 128
16 122
16 123
16 172
16 173
16 179
16 191
17 20
17 21
17 22
17 23
17 24
17 29
17 33
17 34
17 42
17 45
17 46
17 51
17 59
17 127
17 157
17 196
17 213
17 226
17 229
17 232
17 233
18 20
18 25
18 26
18 36
18 44
18 47
18 48
18 52
18 53
18 76
18 128
18 149
18 103
18 106
18 115
18 159
18 176
18 187
18 196
18 208
18 213
18 218
18 233
18 234
18 242
18 243
18 248
19 22
19 26
19 29
19 38
19 45
19 46
19 49
19 53
19 58
19 129
19 148
19 158
19 179
19 182
19 187
19 198
19 242
19 249
20 30
20 33
20 42
20 48
20 65
20 95
20 123
20 153
20 159
20 190
20 199
20 207
20 227
21 23
21 34
21 35
21 42
21 54
21 83
21 137
21 149
21 101
21 160
21 164
21 197
21 203
21 204
21 245
22 23
22 26
22 28
22 35
22 37
22 38
22 41
22 44
22 45
22 143
22 148
22 108
22 110
22 174
22 185
22 197
22 217
22 233
23 28
23 29
23 39
23 40
23 41
23 44
23 52
23 81
23 92
23 95
23 140
23 102
23 184
23 235
24 25
24 26
24 32
24 33
24 35
24 37
24 45
24 47
24 51
24 85
24 89
24 94
24 95
24 106
24 116
24 173
24 184
24 188
24 191
24 223
24 249
25 31
25 33
25 34
25 40
25 41
25 42
25 45
25 54
25 128
25 139
25 149
25 106
25 151
25 159
25 163
25 169
25 181
25 186
25 192
25 207
25 232
25 238
26 30
26 32
26 34
26 38
26 45
26 46
26 47
26 95
26 99
26 135
26 110
26 127
26 159
26 172
26 224
26 244
27 30
27 31
27 36
27 37
27 38
27 45
27 47
27 75
27 82
27 86
27 130
27 131
27 113
27 115
27 178
28 35
28 37
28 38
28 44
28 45
28 46
28 71
28 91
28 96
28 101
28 114
28 124
28 127
28 150
28 183
28 194
28 215
28 233
28 247
28 248
29 31
29 33
29 34
29 37
29 43
29 44
29 48
29 87
29 98
29 138
29 116
29 123
29 158
29 226
29 238
30 31
30 36
30 37
30 41
30 70
30 92
30 132
30 145
30 105
30 110
30 191
30 193
30 201
30 208
30 224
30 244
31 34
31 36
31 38
31 43
31 45
31 46
31 48
31 49
31 61
31 65
31 97
31 141
31 142
31 105
31 169
31 172
31 194
31 195
31 246
32 39
32 40
32 42
32 44
32 46
32 47
32 49
32 50
32 85
32 90
32 128
32 131
32 138
32 143
32 104
32 222
32 228
33 35
33 37
33 39
33 41
33 42
33 43
33 55
33 61
33 72
33 139
33 144
33 174
33 182
33 188
33 189
33 202
33 205
33 224
33 243
34 36
34 45
34 49
34 61
34 98
34 142
34 120
34 165
34 184
34 188
34 192
34 206
34 207
34 208
34 231
34 233
34 238
35 36
35 41
35 43
35 84
35 92
35 129
35 137
35 146
35 105
35 127
35 154
35 168
35 177
35 232
36 39
36 41
36 46
36 48
36 49
36 91
36 97
36 136
36 138
36 143
36 114
36 116
36 159
36 171
36 173
36 224
36 225
36 236
37 57
37 61
37 67
37 83
37 96
37 104
37 124
37 207
37 209
37 214
38 39
38 40
38 92
38 143
38 122
38 195
38 196
38 202
38 207
38 222
38 247
39 46
39 49
39 120
39 168
39 175
39 177
39 187
39 193
39 207
39 216
40 42
40 49
40 54
40 71
40 79
40 93
40 96
40 139
40 140
40 153
40 169
40 170
40 205
41 42
41 46
41 48
41 78
41 86
41 175
41 213
41 214
41 215
42 58
42 79
42 122
42 159
42 190
42 200
42 208
42 232
42 235
43 45
43 49
43 92
43 142
43 100
43 112
43 117
43 118
43 126
43 158
43 206
43 207
43 242
44 45
44 51
44 136
44 113
44 119
44 182
44 185
44 201
45 47
45 49
45 81
45 129
45 143
45 112
45 161
45 164
45 179
45 180
45 183
45 192
45 238
45 249
46 48
46 49
46 51
46 77
46 91
46 92
46 98
46 135
46 101
46 168
46 178
46 194
46 211
46 212
46 227
46 234
47 49
47 61
47 87
47 135
47 115
47 120
47 192
47 197
47 214
47 216
47 218
48 69
48 77
48 99
48 138
48 141
48 147
48 102
48 111
48 113
48 209
48 211
48 215
48 219
48 224
48 229
49 60
49 67
49 68
49 92
49 138
49 142
49 146
49 109
49 175
49 181
49 185
49 191
49 201
49 237
50 53
50 57
50 64
50 70
50 72
50 81
50 84
50 92
50 93
50 96
50 97
50 98
50 117
50 124
50 168
50 180
50 192
50 223
51 53
51 54
51 60
51 61
51 63
51 65
51 69
51 73
51 81
51 84
51 86
51 87
51 88
51 90
51 94
51 99
51 131
51 103
51 106
51 107
51 127
51 160
52 53
52 55
52 56
52 59
52 61
52 63
52 65
52 69
52 70
52 77
52 84
52 85
52 88
52 89
52 92
52 94
52 98
52 99
52 148
52 112
52 120
52 160
52 164
52 177
52 178
52 215
52 223
53 54
53 63
53 66
53 69
53 73
53 74
53 77
53 80
53 82
53 84
53 91
53 92
53 96
53 99
53 143
53 149
53 126
53 151
53 191
53 194
53 199
53 221
53 232
53 247
54 55
54 63
54 66
54 67
54 68
54 78
54 80
54 84
54 85
54 89
54 96
54 134
54 112
54 201
54 219
55 58
55 60
55 61
55 65
55 67
55 77
55 80
55 82
55 86
55 87
55 91
55 93
55 97
55 121
55 213
55 214
55 219
55 222
55 230
56 60
56 63
56 64
56 67
56 70
56 72
56 75
56 76
56 79
56 81
56 86
56 89
56 91
56 92
56 93
56 94
56 97
56 147
56 117
56 158
56 173
56 182
56 213
56 221
56 230
56 236
57 61
57 62
57 65
57 79
57 80
57 88
57 98
57 104
57 113
57 127
57 163
57 177
57 192
57 200
57 217
57 219
58 63
58 68
58 69
58 71
58 73
58 74
58 78
58 80
58 82
58 88
58 90
58 92
58 94
58 97
58 138
58 109
58 111
58 169
58 175
58 204
58 218
58 228
59 60
59 61
59 63
59 66
59 69
59 71
59 74
59 82
59 83
59 86
59 87
59 90
59 91
59 103
59 106
59 116
59 124
59 160
59 164
59 192
59 218
60 61
60 67
60 68
60 77
60 80
60 81
60 84
60 86
60 87
60 91
60 92
60 109
60 116
60 121
60 191
60 193
60 198
60 237
60 243
61 62
61 72
61 73
61 75
61 77
61 83
61 84
61 96
61 97
61 120
61 193
61 212
61 214
61 221
61 242
62 70
62 75
62 80
62 82
62 83
62 85
62 88
62 89
62 91
62 92
62 93
62 96
62 98
62 99
62 129
62 136
62 109
62 159
62 194
62 220
62 229
62 236
62 248
63 67
63 68
63 69
63 70
63 71
63 73
63 77
63 79
63 81
63 85
63 86
63 88
63 91
63 93
63 95
63 97
63 98
63 131
63 136
63 117
63 125
63 164
63 171
63 172
63 175
63 180
63 193
63 210
63 215
63 220
63 222
63 223
64 66
64 71
64 74
64 79
64 80
64 84
64 85
64 92
64 98
64 108
64 114
64 178
64 212
64 215
64 232
64 235
65 66
65 71
65 72
65 73
65 74
65 76
65 77
65 78
65 80
65 81
65 85
65 88
65 89
65 94
65 96
65 104
65 105
65 156
65 182
65 206
65 237
65 240
65 242
66 69
66 72
66 74
66 76
66 88
66 92
66 93
66 95
66 109
66 122
66 167
66 168
66 190
66 191
67 68
67 73
67 74
67 76
67 79
67 82
67 86
67 91
67 94
67 130
67 114
67 189
67 210
67 224
68 70
68 73
68 74
68 77
68 81
68 82
68 85
68 89
68 98
68 148
68 113
68 127
68 150
68 202
68 226
69 72
69 75
69 80
69 81
69 83
69 85
69 86
69 89
69 90
69 94
69 99
69 113
69 115
69 118
69 175
70 76
70 85
70 91
70 95
70 98
70 144
70 149
70 103
70 152
70 161
70 229
71 73
71 75
71 80
71 83
71 84
71 86
71 91
71 92
71 97
71 98
71 138
71 148
71 100
71 125
71 221
71 222
71 223
72 73
72 76
72 86
72 87
72 88
72 90
72 92
72 93
72 94
72 98
72 106
72 179
72 180
72 186
72 194
72 196
72 202
72 215
72 226
73 76
73 82
73 83
73 86
73 92
73 95
73 149
73 106
73 166
73 167
73 171
73 178
73 216
73 222
73 246
74 76
74 78
74 85
74 87
74 90
74 97
74 148
74 122
74 184
74 216
74 231
74 234
75 82
75 119
75 150
75 158
75 162
75 164
75 167
75 215
76 84
76 85
76 88
76 90
76 91
76 93
76 96
76 132
76 146
76 115
76 155
76 165
76 168
76 229
77 78
77 82
77 84
77 86
77 88
77 93
77 95
77 119
77 155
77 159
77 172
77 242
78 79
78 80
78 81
78 82
78 84
78 87
78 89
78 92
78 97
78 141
78 147
78 157
78 177
78 208
79 80
79 84
79 91
79 92
79 95
79 98
79 99
79 147
79 103
79 127
79 239
80 81
80 83
80 84
80 92
80 93
80 96
80 97
80 99
80 148
80 180
80 232
80 245
81 84
81 88
81 92
81 96
81 97
81 98
81 99
81 112
81 125
81 150
81 167
81 198
82 90
82 93
82 98
82 134
82 139
82 120
82 159
82 169
82 189
82 242
82 246
83 84
83 87
83 88
83 91
83 93
83 95
83 147
83 124
83 162
83 166
83 212
83 224
83 236
84 86
84 91
84 93
84 95
84 97
84 98
84 145
84 102
84 104
84 164
84 183
84 185
84 191
84 199
84 202
85 89
85 92
85 109
85 163
85 169
85 192
85 194
86 87
86 88
86 90
86 92
86 94
86 96
86 131
86 144
86 103
86 119
86 125
86 174
86 182
86 187
86 195
86 220
87 88
87 95
87 98
87 99
87 133
87 104
87 186
87 198
87 225
87 228
87 234
88 89
88 92
88 96
88 98
88 108
88 224
88 248
89 92
89 95
89 99
89 144
89 127
89 176
89 177
89 181
89 199
89 203
89 245
90 96
90 98
90 139
90 141
90 165
90 223
91 92
91 94
91 95
91 99
91 157
91 160
91 221
91 222
91 236
92 93
92 97
92 128
92 139
92 110
92 151
92 195
92 221
92 238
92 248
93 96
93 99
93 120
93 219
93 228
94 96
94 99
94 105
94 119
94 167
94 227
94 246
95 96
95 143
95 123
95 164
95 166
95 179
95 227
95 239
96 98
96 145
96 113
96 157
96 171
96 174
96 176
96 228
96 246
97 98
97 116
97 150
97 151
97 158
97 162
97 192
97 225
97 239
97 246
98 149
98 192
98 208
98 231
98 236
99 108
99 112
99 118
99 121
99 192
99 201
99 223
99 235
128 131
128 136
128 142
128 144
128 146
128 149
128 100
128 101
128 102
128 105
128 106
128 107
128 111
128 116
128 118
128 119
128 120
128 159
128 187
128 219
128 222
128 248
128 249
129 133
129 134
129 137
129 141
129 101
129 103
129 104
129 105
129 118
129 122
129 150
129 166
129 213
129 223
129 233
129 240
130 133
130 140
130 145
130 146
130 148
130 102
130 106
130 109
130 111
130 114
130 116
130 118
130 119
130 120
130 122
130 125
130 127
130 168
130 176
130 187
130 192
130 204
130 206
130 227
130 233
130 242
130 246
131 134
131 135
131 137
131 140
131 143
131 145
131 146
131 148
131 100
131 103
131 109
131 110
131 113
131 114
131 122
131 123
131 124
131 125
131 157
131 162
131 178
131 179
131 191
131 205
131 240
132 136
132 142
132 146
132 101
132 104
132 107
132 111
132 122
132 125
132 167
132 173
133 134
133 137
133 138
133 139
133 140
133 142
133 143
133 149
133 100
133 102
133 103
133 107
133 108
133 113
133 115
133 117
133 118
133 125
133 156
133 169
133 213
133 229
133 234
133 249
134 135
134 137
134 148
134 100
134 101
134 104
134 114
134 116
134 119
134 122
134 123
134 125
134 159
134 224
135 138
135 140
135 141
135 142
135 143
135 145
135 147
135 148
135 100
135 106
135 121
135 122
135 124
135 127
135 203
135 237
136 137
136 138
136 139
136 147
136 148
136 103
136 104
136 106
136 108
136 111
136 112
136 116
136 124
136 125
136 126
136 127
136 150
136 162
136 184
136 194
136 220
136 229
137 139
137 141
137 142
137 143
137 146
137 147
137 100
137 102
137 104
137 107
137 110
137 111
137 112
137 117
137 118
137 120
137 121
137 123
137 125
137 197
137 210
137 236
137 245
138 139
138 141
138 142
138 145
138 103
138 107
138 109
138 113
138 117
138 119
138 121
138 125
138 126
138 165
138 167
138 175
138 187
138 212
138 230
138 245
139 143
139 149
139 102
139 103
139 108
139 110
139 120
139 121
139 122
139 124
139 170
139 176
139 187
139 194
139 208
139 212
139 218
139 237
140 141
140 143
140 145
140 147
140 106
140 108
140 109
140 123
140 170
140 198
140 223
141 147
141 102
141 103
141 105
141 107
141 108
141 112
141 118
141 120
141 123
141 124
141 164
141 175
141 205
141 210
141 215
141 219
141 227
141 233
141 246
141 248
141 249
142 143
142 144
142 146
142 149
142 102
142 103
142 104
142 105
142 106
142 113
142 122
142 123
142 175
142 207
142 214
142 222
142 224
143 144
143 148
143 149
143 100
143 108
143 110
143 121
143 123
143 126
143 170
143 182
143 199
143 202
143 222
143 225
143 231
144 148
144 100
144 106
144 107
144 112
144 114
144 118
144 120
144 173
144 177
144 211
144 215
145 146
145 103
145 107
145 110
145 112
145 115
145 116
145 117
145 121
145 191
145 208
145 216
146 147
146 149
146 102
146 104
146 109
146 113
146 118
146 119
146 177
146 243
146 248
147 101
147 104
147 105
147 107
147 109
147 111
147 115
147 118
147 125
147 127
147 152
147 168
147 172
147 205
147 230
147 234
147 236
148 108
148 111
148 112
148 113
148 115
148 116
148 117
148 187
148 188
148 191
148 205
148 238
148 246
149 103
149 110
149 111
149 114
149 115
149 123
149 126
149 187
149 204
149 206
149 236
100 101
100 104
100 107
100 109
100 113
100 116
100 118
100 125
100 154
100 214
100 217
100 225
101 102
101 108
101 111
101 117
101 118
101 125
101 164
101 165
101 179
101 184
101 200
101 242
102 105
102 109
102 110
102 115
102 122
102 198
102 200
102 222
103 104
103 105
103 108
103 110
103 112
103 116
103 117
103 118
103 127
103 157
103 220
104 107
104 108
104 110
104 113
104 117
104 120
104 121
104 162
104 171
104 176
104 185
104 192
104 227
105 108
105 110
105 115
105 116
105 117
105 121
105 127
105 153
105 154
105 159
105 162
105 167
105 172
105 173
105 184
105 188
105 205
106 108
106 111
106 122
106 124
107 110
107 117
107 119
107 126
107 173
107 237
107 247
108 109
108 111
108 112
108 117
108 119
108 120
108 125
108 154
108 171
108 199
108 226
108 240
109 114
109 117
109 118
109 119
109 120
109 123
109 125
109 126
109 127
109 168
109 207
109 208
110 111
110 112
110 113
110 117
110 152
110 157
110 165
110 168
110 196
110 200
110 235
110 246
111 113
111 114
111 115
111 117
111 118
111 120
111 122
111 124
111 167
111 170
111 195
111 202
111 218
111 238
111 243
111 247
112 120
112 122
112 159
112 165
112 198
112 242
113 114
113 116
113 117
113 120
113 123
113 125
113 126
113 168
113 217
113 228
113 238
113 243
114 115
114 116
114 118
114 120
114 126
114 156
114 196
114 221
114 224
115 117
115 125
115 190
115 221
115 229
115 234
115 247
116 120
116 121
116 127
116 169
116 186
116 188
116 192
116 225
117 122
117 123
117 125
117 154
117 157
117 183
117 188
117 211
117 229
117 237
118 121
118 124
118 126
118 127
118 154
118 205
119 121
119 126
119 152
119 162
119 163
119 180
119 182
119 199
119 241
120 125
120 126
120 161
120 175
120 223
120 229
120 237
121 124
121 125
121 127
121 167
121 181
121 185
121 205
121 237
121 239
122 123
122 151
122 155
122 183
122 192
122 209
122 229
123 124
123 126
123 164
123 179
123 181
123 193
123 232
124 127
124 190
124 204
124 207
124 215
125 126
125 154
125 159
125 165
125 183
125 188
125 214
125 241
126 155
126 158
126 160
126 172
126 183
126 190
126 192
126 207
126 214
126 244
126 245
127 156
127 186
127 204
127 238
150 156
150 157
150 158
150 159
150 162
150 173
150 187
150 191
150 194
150 199
150 220
150 226
150 235
150 246
151 153
151 158
151 159
151 169
151 170
151 172
151 176
151 177
151 179
151 185
151 186
151 189
151 191
151 192
151 193
151 194
151 195
151 196
151 199
151 201
151 205
151 240
152 154
152 157
152 159
152 176
152 188
152 189
152 190
152 198
152 199
152 209
153 159
153 160
153 164
153 165
153 167
153 170
153 178
153 181
153 192
153 193
153 194
154 155
154 157
154 165
154 168
154 169
154 176
154 177
154 184
154 185
154 187
154 192
154 194
154 195
154 235
155 157
155 159
155 160
155 162
155 174
155 175
155 176
155 177
155 181
155 184
155 189
155 190
155 195
155 215
155 222
155 236
156 160
156 161
156 166
156 168
156 176
156 177
156 181
156 182
156 185
156 186
156 193
156 194
156 197
156 198
156 214
156 224
156 232
157 164
157 165
157 166
157 173
157 174
157 175
157 178
157 180
157 184
157 185
157 194
157 203
157 208
157 210
157 224
157 236
157 238
158 160
158 163
158 166
158 167
158 173
158 174
158 177
158 184
158 185
158 187
158 188
158 191
158 192
158 196
158 199
158 206
158 215
158 221
158 229
159 160
159 163
159 170
159 177
159 178
159 183
159 184
159 188
159 192
160 163
160 164
160 166
160 172
160 185
160 188
160 192
160 195
160 197
160 198
160 206
160 219
160 222
160 227
160 238
161 162
161 163
161 173
161 177
161 178
161 180
161 183
161 187
161 193
161 194
161 196
161 198
161 204
161 217
161 239
162 165
162 166
162 170
162 171
162 172
162 174
162 177
162 179
162 180
162 185
162 190
162 196
162 199
162 217
162 221
162 224
162 234
163 166
163 172
163 180
163 182
163 185
163 195
163 196
163 197
163 198
163 200
163 233
164 169
164 171
164 172
164 179
164 182
164 191
164 192
164 195
164 198
164 201
164 219
164 227
164 231
165 168
165 170
165 175
165 177
165 182
165 184
165 186
165 187
165 193
165 228
166 167
166 170
166 171
166 185
166 186
166 188
166 189
166 190
166 191
166 193
166 195
166 196
166 197
166 206
166 219
166 226
167 168
167 173
167 184
167 185
167 186
167 193
167 196
167 198
168 173
168 175
168 177
168 181
168 184
168 195
168 196
168 198
168 212
168 237
168 238
169 171
169 172
169 176
169 181
169 183
169 186
169 190
169 192
169 197
169 210
169 213
170 171
170 177
170 181
170 188
170 196
170 248
171 179
171 180
171 184
171 187
171 188
171 191
171 193
171 194
171 195
171 199
171 201
171 210
171 215
171 229
171 241
171 243
172 178
172 180
172 182
172 190
172 191
172 192
172 196
172 217
172 244
173 174
173 180
173 182
173 185
173 187
173 188
173 189
173 194
173 195
173 197
173 200
173 226
173 234
174 175
174 180
174 181
174 190
174 194
174 195
174 196
174 197
174 199
174 208
174 212
175 176
175 180
175 184
175 192
175 193
176 178
176 180
176 182
176 185
176 188
176 192
176 198
176 199
176 220
177 178
177 180
177 183
177 185
177 189
177 193
177 238
177 243
178 180
178 182
178 184
178 185
178 188
178 189
178 190
178 195
178 198
178 214
178 235
179 182
179 190
179 198
179 203
179 241
180 181
180 188
180 189
180 191
180 192
180 195
180 198
180 199
180 238
180 243
181 185
181 187
181 189
181 192
181 195
181 199
181 205
181 220
181 228
182 183
182 184
182 186
182 191
182 195
182 196
182 199
182 205
182 209
183 184
183 190
183 193
183 205
183 208
183 224
184 193
184 196
184 198
184 204
184 205
184 208
184 221
184 230
185 192
185 193
185 194
185 196
185 225
186 187
186 188
186 192
186 193
186 196
186 216
186 229
187 192
187 193
187 197
187 200
188 190
188 195
188 198
188 199
188 211
188 227
189 191
189 192
189 193
189 197
189 213
189 227
189 244
190 196
191 192
191 193
191 194
191 223
191 230
191 231
191 238
192 197
192 201
192 206
193 197
193 217
193 224
193 242
194 195
194 202
194 232
194 247
194 249
195 198
195 199
195 212
196 216
197 199
197 225
197 237
198 199
198 221
199 214
199 228
199 239
200 206
200 210
200 211
200 212
200 220
200 224
200 225
200 235
200 236
200 241
200 244
200 246
201 207
201 209
201 210
201 217
201 220
201 226
201 227
201 228
201 230
201 236
201 243
201 245
201 246
202 206
202 207
202 210
202 213
202 215
202 217
202 219
202 226
202 227
202 229
202 230
202 233
202 236
202 239
202 241
202 243
202 248
203 204
203 205
203 206
203 210
203 211
203 216
203 221
203 227
203 230
203 240
203 242
203 246
203 249
204 208
204 214
204 216
204 220
204 221
204 222
204 224
204 227
204 230
204 231
204 234
204 239
204 246
205 206
205 208
205 211
205 215
205 216
205 218
205 224
205 228
205 230
205 240
205 246
205 247
206 207
206 208
206 223
206 225
206 226
206 229
206 230
206 244
206 245
207 208
207 213
207 215
207 216
207 217
207 218
207 220
207 223
207 228
207 230
207 239
207 240
207 241
207 243
207 244
207 247
208 212
208 215
208 216
208 218
208 222
208 227
208 228
208 231
208 241
208 246
209 210
209 215
209 219
209 223
209 226
209 227
209 236
209 237
209 248
210 211
210 222
210 224
210 227
210 228
210 231
210 243
210 244
210 246
211 212
211 213
211 215
211 218
211 221
211 223
211 224
211 226
211 228
211 232
211 237
211 238
211 239
211 246
211 247
211 248
212 214
212 218
212 219
212 220
212 227
212 229
212 230
212 233
212 243
212 244
212 245
212 249
213 223
213 224
213 228
213 239
213 241
213 242
213 246
213 247
214 219
214 220
214 224
214 231
214 233
214 243
214 244
215 218
215 222
215 223
215 224
215 237
216 218
216 222
216 223
216 224
216 227
216 231
216 232
216 234
216 247
216 248
217 219
217 229
217 232
217 234
217 236
217 238
217 240
217 245
218 224
218 227
218 231
218 242
219 221
219 222
219 224
219 226
219 232
219 235
219 238
219 239
219 241
219 246
219 248
220 223
220 226
220 229
220 231
220 234
220 235
220 238
220 240
220 241
220 244
220 248
221 231
221 236
221 241
222 228
222 231
222 237
222 245
222 246
222 248
222 249
223 230
223 231
223 239
223 241
223 245
223 246
223 249
224 229
224 232
224 237
224 240
224 243
224 245
224 248
225 227
225 228
225 231
225 234
225 235
225 238
225 241
225 243
226 227
226 228
226 239
226 240
226 242
226 244
227 228
227 229
227 233
227 238
227 242
227 243
227 244
228 229
228 230
228 231
228 236
228 240
229 233
229 240
229 246
230 234
230 236
230 241
230 242
230 244
230 245
231 237
231 239
231 240
231 244
232 233
232 238
232 240
232 241
232 242
232 244
233 247
233 249
234 237
234 239
234 240
234 242
234 245
234 249
235 237
235 241
235 247
236 240
236 241
237 243
237 248
238 239
238 245
239 240
239 244
239 246
240 243
241 243
241 245
241 246
241 248
242 243
242 244
242 248
243 246
243 248
243 249
244 245
244 246
245 246
245 248
