0 1
0 2
0 6
0 7
0 9
0 10
0 12
0 17
0 20
0 22
0 24
0 25
0 33
0 42
0 47
0 48
0 55
0 67
0 77
0 81
0 86
0 94
0 96
0 97
0 131
0 134
0 136
0 141
0 146
0 105
0 125
0 150
0 159
0 177
0 178
0 179
0 186
0 196
0 211
0 243
1 12
1 15
1 16
1 25
1 26
1 27
1 33
1 34
1 37
1 42
1 47
1 52
1 67
1 71
1 73
1 76
1 85
1 89
1 132
1 140
1 141
1 148
1 149
1 102
1 112
1 152
1 159
1 160
1 176
1 184
1 200
1 203
1 216
1 222
1 223
1 230
1 231
1 237
1 241
1 248
2 6
2 8
2 11
2 13
2 14
2 15
2 17
2 18
2 21
2 23
2 27
2 28
2 29
2 30
2 32
2 33
2 40
2 41
2 42
2 43
2 45
2 46
2 47
2 87
2 99
2 136
2 145
2 147
2 103
2 104
2 105
2 119
2 154
2 178
2 198
2 207
2 213
3 5
3 8
3 9
3 10
3 12
3 17
3 18
3 19
3 20
3 27
3 28
3 29
3 30
3 37
3 44
3 46
3 47
3 48
3 96
3 128
3 131
3 136
3 138
3 148
3 149
3 102
3 111
3 118
3 153
3 173
3 176
3 186
3 194
3 206
3 209
3 216
3 219
3 220
3 224
3 236
3 244
4 5
4 10
4 12
4 13
4 14
4 16
4 17
4 19
4 20
4 23
4 24
4 28
4 29
4 31
4 32
4 40
4 41
4 43
4 48
4 49
4 58
4 72
4 84
4 97
4 147
4 100
4 121
4 157
4 173
4 192
4 197
4 199
4 201
4 208
4 219
4 225
4 230
4 238
4 247
5 7
5 8
5 11
5 13
5 14
5 19
5 21
5 24
5 26
5 27
5 28
5 30
5 33
5 37
5 42
5 45
5 46
5 56
5 59
5 62
5 71
5 76
5 77
5 78
5 85
5 133
5 138
5 148
5 101
5 114
5 115
5 165
5 188
5 190
5 202
5 223
5 229
6 10
6 13
6 15
6 16
6 17
6 19
6 20
6 21
6 22
6 23
6 24
6 25
6 31
6 36
6 39
6 42
6 45
6 46
6 47
6 49
6 74
6 77
6 81
6 94
6 108
6 161
6 168
6 173
6 179
6 195
6 196
6 201
6 209
6 213
6 221
6 223
6 227
6 233
6 238
6 239
6 242
6 246
7 14
7 19
7 22
7 23
7 25
7 26
7 27
7 29
7 30
7 34
7 38
7 40
7 45
7 46
7 48
7 56
7 69
7 72
7 93
7 94
7 98
7 130
7 142
7 117
7 159
7 176
7 191
7 195
7 196
7 211
7 212
7 215
7 227
7 249
8 9
8 10
8 11
8 14
8 16
8 18
8 19
8 20
8 23
8 24
8 25
8 27
8 29
8 30
8 31
8 33
8 35
8 36
8 38
8 39
8 40
8 42
8 43
8 44
8 45
8 47
8 48
8 49
8 53
8 55
8 66
8 86
8 98
8 134
8 136
8 137
8 112
8 152
8 182
8 196
8 200
8 201
8 205
8 208
8 211
8 222
8 224
8 226
9 13
9 14
9 16
9 17
9 18
9 19
9 21
9 23
9 24
9 25
9 29
9 31
9 33
9 35
9 37
9 42
9 44
9 45
9 46
9 48
9 52
9 61
9 72
9 74
9 77
9 81
9 95
9 143
9 149
9 110
9 112
9 114
9 151
9 156
9 197
9 232
10 11
10 20
10 22
10 31
10 32
10 35
10 36
10 37
10 42
10 45
10 48
10 80
10 87
10 132
10 133
10 142
10 144
10 100
10 104
10 115
10 154
10 157
10 161
10 172
10 184
10 219
10 236
10 248
11 17
11 20
11 24
11 26
11 29
11 31
11 32
11 33
11 40
11 41
11 43
11 44
11 45
11 46
11 48
11 64
11 99
11 140
11 109
11 119
11 151
11 160
11 166
11 171
11 183
11 199
11 200
11 203
11 208
11 211
11 224
11 227
11 231
12 14
12 17
12 18
12 19
12 20
12 21
12 22
12 26
12 27
12 31
12 33
12 34
12 36
12 38
12 39
12 42
12 44
12 50
12 58
12 94
12 97
12 139
12 100
12 107
12 111
12 118
12 124
12 152
12 156
12 158
12 164
12 168
12 177
12 190
12 191
12 192
12 196
12 205
12 223
12 237
12 247
13 16
13 18
13 19
13 23
13 24
13 27
13 28
13 31
13 34
13 35
13 47
13 48
13 56
13 57
13 65
13 74
13 79
13 89
13 90
13 136
13 139
13 142
13 144
13 148
13 108
13 118
13 124
13 150
13 159
13 191
13 194
13 198
13 214
13 230
13 243
14 15
14 16
14 18
14 19
14 20
14 21
14 25
14 33
14 35
14 38
14 40
14 41
14 42
14 43
14 48
14 55
14 58
14 59
14 97
14 128
14 134
14 141
14 107
14 122
14 156
14 182
14 191
14 197
14 218
14 222
14 225
14 229
14 230
15 16
15 17
15 22
15 23
15 24
15 25
15 29
15 30
15 33
15 41
15 42
15 46
15 50
15 51
15 62
15 68
15 70
15 84
15 88
15 96
15 108
15 110
15 118
15 161
15 167
15 179
15 187
15 212
15 215
15 222
15 223
15 231
16 17
16 18
16 21
16 24
16 25
16 27
16 31
16 32
16 33
16 39
16 40
16 44
16 46
16 47
16 63
16 64
16 78
16 79
16 89
16 130
16 133
16 104
16 105
16 106
16 118
16 159
16 187
16 191
16 201
16 210
16 217
16 220
16 230
17 18
17 19
17 24
17 25
17 28
17 30
17 32
17 35
17 37
17 39
17 41
17 42
17 45
17 46
17 47
17 58
17 59
17 137
17 147
17 148
17 116
17 121
17 154
17 156
17 162
17 175
17 187
17 188
17 194
17 211
17 222
17 227
17 241
17 242
17 249
18 19
18 20
18 21
18 25
18 26
18 30
18 31
18 35
18 36
18 37
18 38
18 45
18 65
18 72
18 74
18 77
18 84
18 85
18 86
18 93
18 98
18 135
18 116
18 173
18 175
18 177
18 182
18 187
18 193
18 198
18 229
18 232
18 249
19 23
19 24
19 26
19 27
19 28
19 31
19 34
19 35
19 42
19 44
19 48
19 53
19 65
19 66
19 87
19 97
19 137
19 148
19 104
19 106
19 117
19 118
19 162
19 187
19 203
19 214
20 21
20 22
20 25
20 26
20 29
20 31
20 33
20 34
20 42
20 48
20 56
20 88
20 146
20 147
20 101
20 157
20 167
20 169
20 173
20 209
20 224
20 233
20 241
20 242
20 248
21 23
21 26
21 30
21 31
21 32
21 33
21 36
21 44
21 46
21 49
21 54
21 56
21 73
21 74
21 77
21 81
21 88
21 90
21 91
21 96
21 134
21 136
21 113
21 173
21 211
22 24
22 29
22 32
22 34
22 38
22 41
22 43
22 44
22 48
22 49
22 58
22 74
22 78
22 140
22 142
22 145
22 108
22 114
22 160
22 163
22 196
22 205
22 212
22 221
22 222
22 241
22 245
23 28
23 31
23 32
23 34
23 39
23 40
23 41
23 42
23 45
23 73
23 129
23 131
23 147
23 102
23 112
23 113
23 117
23 152
23 154
23 164
23 176
23 181
23 182
23 183
23 190
23 216
23 217
23 240
24 26
24 27
24 28
24 29
24 30
24 35
24 37
24 40
24 56
24 66
24 71
24 87
24 91
24 137
24 145
24 149
24 114
24 160
24 168
24 169
24 172
24 188
24 193
24 195
24 207
24 221
24 231
24 232
24 236
24 248
25 26
25 27
25 28
25 30
25 36
25 38
25 40
25 44
25 45
25 46
25 53
25 60
25 62
25 67
25 77
25 79
25 87
25 93
25 128
25 149
25 106
25 114
25 119
25 124
25 127
25 150
25 160
25 175
25 188
25 192
25 195
25 207
25 218
25 224
25 227
25 236
25 243
26 32
26 34
26 35
26 38
26 39
26 40
26 41
26 42
26 48
26 56
26 60
26 61
26 64
26 85
26 96
26 130
26 135
26 137
26 141
26 148
26 120
26 166
26 169
26 175
26 185
26 192
26 214
26 244
26 246
27 28
27 30
27 33
27 34
27 35
27 36
27 37
27 39
27 41
27 44
27 45
27 46
27 48
27 62
27 63
27 76
27 139
27 148
27 106
27 112
27 164
27 180
27 182
27 190
27 191
27 193
27 206
27 213
27 242
27 246
28 30
28 38
28 40
28 41
28 43
28 44
28 45
28 49
28 59
28 68
28 69
28 70
28 80
28 88
28 94
28 100
28 116
28 118
28 120
28 123
28 151
28 163
28 186
28 199
28 203
28 207
28 210
28 213
28 215
28 221
28 229
28 246
29 34
29 38
29 41
29 42
29 45
29 46
29 50
29 53
29 54
29 59
29 67
29 69
29 72
29 85
29 90
29 92
29 134
29 138
29 141
29 106
29 114
29 126
29 127
29 165
29 166
29 172
29 198
29 199
29 201
29 208
29 214
29 230
29 235
29 243
30 34
30 40
30 45
30 47
30 72
30 99
30 128
30 131
30 135
30 101
30 104
30 106
30 110
30 123
30 124
30 181
30 189
30 196
30 198
30 221
30 230
30 244
31 32
31 33
31 35
31 40
31 44
31 45
31 48
31 76
31 95
31 96
31 146
31 102
31 103
31 107
31 153
31 159
31 160
31 172
31 179
31 191
31 192
31 205
31 212
31 217
31 224
31 226
31 230
31 233
31 235
31 246
32 36
32 37
32 40
32 41
32 42
32 43
32 44
32 46
32 51
32 81
32 90
32 91
32 96
32 142
32 147
32 149
32 107
32 109
32 115
32 121
32 150
32 165
32 172
32 180
32 217
32 230
32 233
32 238
32 246
32 248
33 34
33 36
33 37
33 41
33 42
33 47
33 48
33 49
33 56
33 63
33 66
33 71
33 92
33 97
33 98
33 129
33 135
33 113
33 115
33 155
33 168
33 181
33 183
33 185
33 193
33 221
33 222
33 225
33 235
33 243
34 36
34 37
34 38
34 41
34 42
34 43
34 45
34 48
34 49
34 50
34 52
34 64
34 74
34 83
34 86
34 90
34 94
34 95
34 99
34 138
34 142
34 143
34 149
34 111
34 118
34 180
34 192
34 205
34 210
34 241
35 36
35 44
35 48
35 50
35 95
35 149
35 179
35 191
35 194
35 201
35 204
35 228
35 230
35 232
35 236
35 238
36 38
36 40
36 41
36 44
36 47
36 48
36 51
36 70
36 73
36 143
36 145
36 100
36 115
36 160
36 170
36 171
36 205
36 208
36 211
36 217
36 221
36 229
36 238
36 249
37 40
37 42
37 47
37 52
37 61
37 66
37 73
37 87
37 130
37 146
37 149
37 104
37 110
37 151
37 156
37 157
37 178
37 193
37 195
37 197
37 202
37 206
37 214
37 220
37 237
37 240
37 247
38 43
38 44
38 45
38 46
38 49
38 54
38 60
38 72
38 79
38 83
38 88
38 99
38 128
38 132
38 145
38 102
38 103
38 111
38 159
38 165
38 171
38 175
38 201
38 202
38 210
38 211
38 212
38 214
38 244
39 41
39 42
39 45
39 46
39 49
39 67
39 91
39 129
39 136
39 142
39 144
39 148
39 104
39 106
39 112
39 116
39 127
39 152
39 156
39 164
39 173
39 203
39 213
39 221
39 242
39 243
39 244
39 245
40 41
40 42
40 43
40 44
40 45
40 47
40 50
40 60
40 64
40 68
40 83
40 88
40 131
40 147
40 117
40 122
40 151
40 155
40 174
40 175
40 193
40 196
40 208
40 240
40 244
41 44
41 48
41 55
41 62
41 82
41 85
41 148
41 111
41 167
41 174
41 181
41 188
41 195
41 224
41 238
41 243
41 246
42 43
42 45
42 46
42 67
42 85
42 88
42 98
42 130
42 136
42 143
42 115
42 152
42 156
42 157
42 178
42 179
42 186
42 188
42 194
42 197
42 200
42 207
42 219
42 232
42 242
42 249
43 44
43 47
43 49
43 62
43 63
43 82
43 95
43 128
43 135
43 122
43 123
43 155
43 165
43 167
43 180
43 185
43 196
43 199
43 205
43 208
43 215
44 46
44 49
44 53
44 70
44 75
44 87
44 138
44 144
44 101
44 121
44 122
44 126
44 150
44 152
44 157
44 191
44 195
44 201
44 222
44 231
44 240
44 244
44 246
45 51
45 61
45 67
45 74
45 81
45 137
45 140
45 101
45 102
45 104
45 108
45 124
45 157
45 192
45 193
45 195
45 199
45 207
45 230
46 47
46 49
46 50
46 75
46 80
46 90
46 92
46 149
46 100
46 104
46 116
46 117
46 152
46 161
46 165
46 186
46 190
46 192
46 213
46 220
46 239
46 247
46 249
47 48
47 49
47 55
47 82
47 95
47 98
47 149
47 114
47 151
47 159
47 177
47 185
47 191
47 208
47 211
47 215
47 232
47 236
48 51
48 52
48 57
48 58
48 67
48 69
48 97
48 129
48 132
48 133
48 134
48 139
48 141
48 112
48 113
48 117
48 158
48 164
48 179
48 183
48 223
48 238
48 239
48 248
49 52
49 57
49 65
49 67
49 68
49 95
49 136
49 137
49 103
49 106
49 114
49 120
49 121
49 150
49 156
49 159
49 160
49 162
49 189
49 226
49 232
50 52
50 53
50 56
50 60
50 64
50 66
50 67
50 68
50 70
50 71
50 72
50 73
50 74
50 75
50 77
50 79
50 80
50 81
50 88
50 89
50 95
50 99
50 132
50 163
50 166
50 169
50 170
50 192
50 197
50 207
50 221
50 224
50 227
50 230
51 54
51 55
51 56
51 60
51 63
51 69
51 71
51 75
51 77
51 80
51 84
51 85
51 86
51 93
51 98
51 133
51 138
51 140
51 112
51 118
51 120
51 159
51 163
51 182
51 207
51 231
51 233
51 234
51 242
51 243
51 246
52 54
52 58
52 59
52 63
52 64
52 68
52 69
52 70
52 71
52 73
52 77
52 78
52 79
52 84
52 86
52 87
52 89
52 91
52 96
52 128
52 129
52 143
52 146
52 100
52 115
52 156
52 162
52 177
52 189
52 211
53 55
53 56
53 58
53 59
53 62
53 63
53 67
53 69
53 70
53 71
53 75
53 77
53 79
53 80
53 81
53 82
53 83
53 89
53 90
53 147
53 148
53 118
53 119
53 171
53 182
53 205
53 211
53 232
53 238
54 55
54 59
54 60
54 62
54 72
54 78
54 81
54 82
54 85
54 86
54 89
54 90
54 95
54 98
54 138
54 147
54 101
54 108
54 113
54 120
54 153
54 180
54 188
54 208
54 221
55 58
55 61
55 62
55 68
55 71
55 73
55 75
55 77
55 79
55 83
55 85
55 86
55 88
55 90
55 92
55 95
55 96
55 98
55 99
55 132
55 135
55 144
55 149
55 106
55 122
55 125
55 159
55 160
55 186
55 192
55 199
55 207
55 214
55 216
55 219
55 229
56 57
56 58
56 60
56 62
56 63
56 64
56 65
56 71
56 72
56 73
56 85
56 87
56 88
56 89
56 92
56 94
56 95
56 99
56 129
56 149
56 110
56 111
56 116
56 121
56 158
56 162
56 170
56 193
56 200
56 202
56 216
56 234
57 58
57 62
57 67
57 71
57 73
57 74
57 77
57 79
57 80
57 84
57 86
57 87
57 91
57 92
57 94
57 95
57 98
57 99
57 105
57 112
57 157
57 158
57 161
57 179
57 182
57 203
57 221
57 235
57 242
57 244
58 59
58 60
58 63
58 66
58 71
58 72
58 75
58 77
58 80
58 83
58 86
58 87
58 88
58 89
58 90
58 93
58 95
58 96
58 97
58 98
58 134
58 143
58 148
58 103
58 125
58 165
58 171
58 173
58 174
58 186
58 203
58 213
58 215
58 245
59 60
59 61
59 63
59 66
59 73
59 74
59 84
59 86
59 87
59 88
59 91
59 92
59 93
59 94
59 95
59 97
59 98
59 99
59 128
59 144
59 103
59 112
59 125
59 167
59 172
59 173
59 174
59 200
59 219
59 220
59 230
59 232
59 244
59 248
60 61
60 62
60 63
60 65
60 70
60 72
60 73
60 76
60 78
60 84
60 87
60 89
60 90
60 91
60 93
60 94
60 98
60 99
60 128
60 133
60 144
60 103
60 107
60 111
60 152
60 159
60 174
60 181
60 191
60 195
60 218
60 232
60 237
60 245
61 64
61 65
61 66
61 68
61 70
61 74
61 76
61 86
61 89
61 90
61 91
61 92
61 95
61 146
61 100
61 101
61 104
61 116
61 123
61 126
61 159
61 170
61 176
61 177
61 180
61 183
61 196
61 197
61 212
61 225
61 240
62 63
62 65
62 66
62 68
62 74
62 75
62 76
62 77
62 81
62 83
62 86
62 88
62 94
62 96
62 97
62 99
62 148
62 118
62 119
62 156
62 163
62 165
62 166
62 194
62 196
62 226
62 228
62 238
62 247
63 64
63 66
63 70
63 73
63 74
63 77
63 78
63 79
63 81
63 84
63 88
63 89
63 91
63 131
63 114
63 122
63 124
63 164
63 197
63 204
63 211
63 231
64 65
64 69
64 70
64 74
64 76
64 84
64 88
64 89
64 92
64 96
64 128
64 148
64 106
64 107
64 108
64 113
64 124
64 125
64 150
64 155
64 164
64 177
64 197
64 212
64 242
65 68
65 73
65 79
65 80
65 82
65 87
65 89
65 97
65 98
65 99
65 146
65 103
65 113
65 122
65 123
65 126
65 155
65 158
65 160
65 169
65 179
65 202
65 204
65 217
65 241
65 248
65 249
66 67
66 69
66 73
66 77
66 79
66 81
66 82
66 84
66 91
66 99
66 105
66 108
66 111
66 122
66 127
66 160
66 197
66 216
66 226
66 246
67 74
67 81
67 86
67 87
67 89
67 91
67 92
67 96
67 97
67 98
67 144
67 100
67 103
67 111
67 115
67 118
67 120
67 158
67 172
67 180
67 205
67 223
67 227
67 238
67 248
68 70
68 71
68 72
68 73
68 75
68 78
68 79
68 80
68 81
68 86
68 87
68 89
68 90
68 92
68 98
68 99
68 147
68 101
68 114
68 152
68 180
68 191
68 193
68 196
68 200
68 211
68 214
68 216
68 224
68 236
68 238
69 78
69 79
69 83
69 86
69 92
69 93
69 94
69 98
69 136
69 141
69 148
69 101
69 102
69 103
69 111
69 154
69 171
69 175
69 181
69 197
69 215
69 230
69 244
70 71
70 72
70 77
70 78
70 80
70 82
70 85
70 92
70 93
70 103
70 108
70 114
70 126
70 174
70 189
70 191
70 198
70 209
70 221
71 76
71 78
71 80
71 83
71 84
71 87
71 90
71 91
71 93
71 96
71 97
71 147
71 101
71 105
71 113
71 114
71 121
71 125
71 150
71 151
71 163
71 183
71 191
71 202
71 211
71 231
71 234
71 244
72 73
72 75
72 76
72 78
72 86
72 88
72 89
72 90
72 91
72 131
72 145
72 148
72 100
72 105
72 121
72 123
72 155
72 157
72 167
72 189
72 204
72 207
72 225
72 234
72 242
73 78
73 79
73 83
73 84
73 86
73 90
73 91
73 94
73 96
73 97
73 98
73 128
73 129
73 132
73 137
73 139
73 146
73 104
73 110
73 112
73 158
73 159
73 166
73 168
73 182
73 196
73 233
73 236
74 79
74 80
74 82
74 83
74 86
74 90
74 99
74 138
74 142
74 102
74 104
74 111
74 154
74 175
74 186
74 190
74 197
74 203
74 209
74 220
74 224
74 227
74 238
75 82
75 86
75 87
75 89
75 90
75 91
75 92
75 93
75 95
75 96
75 137
75 101
75 106
75 107
75 171
75 195
75 203
75 206
75 209
75 216
75 220
75 225
75 226
75 245
76 79
76 81
76 84
76 85
76 87
76 88
76 89
76 90
76 91
76 92
76 93
76 96
76 97
76 99
76 143
76 144
76 146
76 107
76 114
76 124
76 125
76 163
76 164
76 199
76 205
76 209
76 210
76 214
76 237
76 238
76 240
76 247
76 249
77 81
77 82
77 84
77 88
77 91
77 94
77 97
77 134
77 110
77 119
77 125
77 159
77 162
77 164
77 184
77 208
77 211
77 219
77 222
77 237
78 79
78 82
78 85
78 86
78 92
78 93
78 97
78 98
78 99
78 137
78 105
78 106
78 124
78 153
78 154
78 165
78 167
78 180
78 181
78 188
78 190
78 197
78 204
78 207
78 217
78 219
78 228
78 237
78 238
78 245
78 249
79 80
79 82
79 85
79 86
79 92
79 99
79 128
79 141
79 125
79 155
79 177
79 188
79 206
79 223
79 224
79 225
79 234
79 242
79 247
79 249
80 83
80 90
80 91
80 94
80 99
80 129
80 134
80 140
80 146
80 104
80 107
80 124
80 170
80 181
80 182
80 186
80 200
80 208
80 212
80 213
80 225
80 232
80 245
81 83
81 84
81 85
81 87
81 89
81 90
81 97
81 99
81 129
81 140
81 108
81 114
81 118
81 122
81 158
81 160
81 186
81 191
81 194
81 199
81 221
81 222
82 83
82 84
82 86
82 88
82 89
82 91
82 95
82 98
82 131
82 132
82 143
82 144
82 149
82 103
82 105
82 108
82 109
82 170
82 172
82 174
82 178
82 182
82 187
82 197
82 201
82 218
82 220
82 230
82 235
82 245
83 86
83 87
83 92
83 94
83 95
83 97
83 130
83 144
83 110
83 118
83 153
83 166
83 172
83 173
83 176
83 177
83 178
83 190
83 191
83 195
83 197
83 216
83 242
83 244
84 88
84 93
84 95
84 97
84 99
84 144
84 107
84 109
84 186
84 196
84 204
84 212
84 217
84 218
85 86
85 87
85 89
85 90
85 93
85 95
85 98
85 99
85 143
85 144
85 103
85 104
85 112
85 114
85 118
85 153
85 194
85 200
85 202
85 204
85 234
86 87
86 89
86 91
86 96
86 97
86 98
86 128
86 134
86 140
86 107
86 155
86 158
86 163
86 167
86 172
86 184
86 200
86 210
86 227
86 228
86 229
86 238
87 91
87 94
87 95
87 97
87 99
87 150
87 208
87 216
87 236
87 245
88 89
88 91
88 94
88 97
88 98
88 128
88 133
88 134
88 144
88 101
88 127
88 158
88 184
88 186
88 188
88 216
88 219
88 232
88 237
88 241
89 90
89 95
89 97
89 99
89 132
89 138
89 149
89 108
89 126
89 156
89 162
89 171
89 189
89 209
89 217
89 224
89 229
89 249
90 96
90 98
90 130
90 142
90 146
90 148
90 100
90 107
90 117
90 121
90 126
90 156
90 164
90 198
90 228
90 232
90 235
90 241
91 94
91 97
91 128
91 132
91 148
91 118
91 172
91 173
91 177
91 210
91 224
91 227
92 99
92 133
92 139
92 142
92 102
92 105
92 116
92 122
92 125
92 201
92 210
92 211
92 213
92 216
92 228
92 243
93 94
93 95
93 96
93 133
93 139
93 142
93 100
93 102
93 103
93 107
93 108
93 161
93 167
93 174
93 175
93 177
93 206
93 210
93 211
93 227
93 237
94 95
94 96
94 97
94 98
94 99
94 114
94 124
94 162
94 168
94 175
94 187
94 203
94 205
94 208
94 234
95 133
95 142
95 101
95 105
95 152
95 153
95 156
95 173
95 175
95 183
95 186
95 191
95 199
95 208
95 212
95 215
95 222
95 223
95 227
95 230
95 231
95 236
95 244
95 246
96 99
96 133
96 101
96 102
96 108
96 122
96 150
96 152
96 153
96 181
96 193
96 209
96 213
96 225
96 234
97 98
97 99
97 129
97 132
97 144
97 113
97 116
97 118
97 124
97 127
97 154
97 159
97 175
97 183
97 190
97 201
97 207
97 212
97 219
97 229
97 249
98 130
98 131
98 132
98 144
98 107
98 110
98 156
98 166
98 203
98 222
98 232
98 234
98 236
98 238
99 132
99 134
99 138
99 121
99 127
99 158
99 164
99 171
99 182
99 185
99 187
99 192
99 208
99 209
99 234
99 235
128 130
128 133
128 138
128 142
128 143
128 145
128 149
128 105
128 109
128 110
128 114
128 123
128 124
128 126
128 150
128 151
128 164
128 197
128 213
128 217
128 228
128 229
128 245
129 130
129 140
129 141
129 142
129 148
129 100
129 102
129 103
129 106
129 107
129 109
129 110
129 112
129 113
129 114
129 118
129 121
129 124
129 164
129 190
129 198
129 205
129 206
129 210
129 218
129 220
129 221
129 226
129 231
129 232
129 242
129 244
130 132
130 137
130 138
130 140
130 141
130 142
130 143
130 147
130 100
130 109
130 110
130 112
130 121
130 126
130 127
130 165
130 180
130 194
130 195
130 197
130 198
130 225
130 228
130 242
130 246
131 137
131 139
131 143
131 145
131 101
131 104
131 105
131 108
131 109
131 111
131 113
131 114
131 157
131 165
131 173
131 194
131 205
131 229
131 230
131 233
131 240
131 241
131 242
132 136
132 137
132 139
132 140
132 141
132 147
132 148
132 104
132 107
132 109
132 113
132 114
132 117
132 118
132 119
132 120
132 121
132 122
132 123
132 124
132 127
132 158
132 170
132 211
132 223
132 230
132 240
132 244
132 245
132 249
133 134
133 138
133 142
133 144
133 145
133 146
133 148
133 100
133 111
133 113
133 124
133 125
133 159
133 164
133 224
133 236
133 243
133 244
133 247
134 135
134 136
134 137
134 139
134 140
134 141
134 146
134 147
134 100
134 102
134 103
134 105
134 106
134 107
134 110
134 111
134 113
134 114
134 119
134 124
134 127
134 155
134 168
134 177
134 184
134 214
134 220
134 230
134 231
134 237
134 238
135 136
135 137
135 146
135 148
135 100
135 102
135 103
135 104
135 105
135 106
135 107
135 108
135 113
135 115
135 116
135 120
135 124
135 126
135 175
135 192
135 237
136 138
136 140
136 141
136 144
136 147
136 148
136 102
136 103
136 104
136 107
136 109
136 110
136 115
136 117
136 118
136 119
136 126
136 127
136 150
136 159
136 166
136 176
136 207
136 217
136 230
137 138
137 144
137 146
137 103
137 108
137 110
137 115
137 116
137 117
137 118
137 120
137 122
137 123
137 125
137 127
137 166
137 174
137 191
137 192
137 193
137 194
137 198
137 207
137 220
137 222
137 244
137 247
138 145
138 147
138 101
138 105
138 106
138 111
138 112
138 113
138 121
138 122
138 124
138 125
138 127
138 158
138 168
138 171
138 178
138 185
138 211
138 212
138 214
138 226
138 229
138 240
138 249
139 140
139 141
139 146
139 147
139 148
139 149
139 103
139 105
139 109
139 110
139 114
139 115
139 117
139 118
139 124
139 127
139 164
139 174
139 181
139 185
139 186
139 217
139 232
139 233
139 241
139 243
139 248
140 143
140 144
140 147
140 148
140 149
140 103
140 104
140 105
140 110
140 111
140 112
140 113
140 114
140 115
140 116
140 118
140 119
140 120
140 122
140 123
140 124
140 127
140 166
140 189
140 192
140 210
140 211
140 217
140 230
140 237
140 238
141 144
141 149
141 103
141 105
141 110
141 111
141 113
141 116
141 117
141 121
141 124
141 152
141 172
141 186
141 204
141 208
141 214
141 223
141 233
142 144
142 146
142 100
142 101
142 102
142 104
142 105
142 107
142 110
142 113
142 114
142 118
142 123
142 124
142 125
142 126
142 158
142 162
142 174
142 180
142 190
142 225
142 230
142 234
142 239
142 245
143 144
143 148
143 100
143 102
143 104
143 108
143 112
143 119
143 123
143 125
143 150
143 183
143 197
143 199
143 214
143 232
143 234
143 240
143 241
143 242
143 246
144 146
144 102
144 103
144 106
144 111
144 113
144 115
144 120
144 122
144 126
144 151
144 153
144 162
144 170
144 185
144 191
144 199
144 208
144 225
144 228
144 231
144 249
145 147
145 148
145 149
145 100
145 103
145 106
145 107
145 108
145 109
145 110
145 118
145 120
145 122
145 123
145 124
145 126
145 182
145 189
145 190
145 197
145 204
145 205
145 225
145 228
145 235
145 238
145 241
145 246
146 147
146 148
146 102
146 103
146 105
146 106
146 109
146 110
146 112
146 114
146 115
146 116
146 118
146 120
146 121
146 123
146 124
146 125
146 127
146 160
146 164
146 204
146 205
146 208
146 210
146 214
146 220
146 224
146 249
147 100
147 103
147 105
147 106
147 108
147 113
147 115
147 117
147 118
147 119
147 120
147 122
147 123
147 152
147 178
147 199
147 222
147 233
148 149
148 100
148 101
148 105
148 108
148 112
148 114
148 115
148 121
148 123
148 125
148 126
148 127
148 155
148 160
148 163
148 169
148 171
148 173
148 187
148 195
148 198
148 200
148 201
148 239
148 244
148 248
148 249
149 101
149 103
149 104
149 106
149 109
149 112
149 118
149 121
149 122
149 127
149 204
149 206
149 209
149 231
149 241
149 243
149 245
149 248
100 105
100 107
100 108
100 109
100 110
100 112
100 113
100 117
100 118
100 120
100 124
100 125
100 126
100 127
100 161
100 175
100 177
100 185
100 187
100 196
100 205
100 210
100 212
100 228
100 239
101 110
101 114
101 115
101 116
101 121
101 125
101 126
101 152
101 177
101 191
101 202
101 204
101 213
101 214
101 222
101 225
101 249
102 108
102 109
102 113
102 116
102 118
102 125
102 161
102 195
102 206
102 213
102 216
102 218
102 219
102 223
102 246
103 108
103 109
103 113
103 114
103 115
103 116
103 119
103 120
103 122
103 124
103 125
103 127
103 152
103 167
103 171
103 172
103 178
103 186
103 194
103 200
103 210
103 234
104 106
104 110
104 111
104 113
104 116
104 117
104 118
104 120
104 126
104 154
104 161
104 174
104 185
104 202
104 213
104 223
104 224
104 235
104 246
105 107
105 108
105 109
105 110
105 112
105 113
105 114
105 115
105 118
105 119
105 124
105 156
105 161
105 163
105 166
105 172
105 179
105 189
105 194
105 201
105 207
105 211
105 229
105 231
105 232
105 242
106 107
106 109
106 110
106 112
106 113
106 114
106 116
106 117
106 118
106 121
106 122
106 125
106 126
106 127
106 153
106 156
106 181
106 182
106 185
106 189
106 209
106 217
106 232
106 248
107 108
107 111
107 112
107 113
107 114
107 115
107 116
107 118
107 122
107 123
107 124
107 158
107 178
107 181
107 182
107 188
107 202
107 203
107 204
107 208
107 212
107 215
108 110
108 111
108 112
108 113
108 114
108 115
108 117
108 118
108 119
108 121
108 122
108 125
108 126
108 165
108 177
108 182
108 204
108 213
108 216
108 221
108 235
108 244
108 246
109 110
109 112
109 113
109 114
109 116
109 117
109 119
109 120
109 121
109 123
109 125
109 183
109 192
109 231
109 238
110 113
110 114
110 117
110 118
110 155
110 184
110 186
110 188
110 199
110 217
110 221
110 223
110 224
110 236
110 239
110 245
111 112
111 113
111 116
111 117
111 118
111 123
111 124
111 126
111 127
111 150
111 161
111 171
111 181
111 182
111 185
111 188
111 194
111 201
111 215
111 216
111 221
112 114
112 115
112 116
112 117
112 118
112 119
112 121
112 122
112 123
112 125
112 127
112 151
112 157
112 167
112 170
112 174
112 183
112 215
112 248
113 122
113 123
113 124
113 168
113 176
113 177
113 188
113 193
113 208
113 218
113 228
114 115
114 119
114 121
114 122
114 126
114 127
114 160
114 163
114 178
114 181
114 192
114 197
114 209
114 223
114 236
114 241
115 122
115 125
115 127
115 157
115 159
115 165
115 172
115 173
115 199
115 207
115 218
115 223
115 230
116 119
116 120
116 123
116 126
116 150
116 151
116 170
116 183
116 185
116 189
116 199
116 211
116 213
116 218
116 219
116 229
116 243
116 245
117 121
117 124
117 126
117 127
117 166
117 174
117 179
117 201
117 211
117 212
117 230
117 243
117 245
118 119
118 123
118 157
118 176
118 188
118 190
118 191
118 211
118 223
118 224
118 227
118 231
119 121
119 122
119 123
119 126
119 152
119 188
119 189
119 198
119 204
119 207
119 214
119 244
119 246
120 122
120 152
120 154
120 157
120 167
120 175
120 187
120 196
120 199
120 215
120 217
120 221
120 222
120 230
120 242
121 122
121 127
121 156
121 165
121 178
121 182
121 201
121 203
121 211
121 219
122 123
122 125
122 127
122 152
122 154
122 156
122 179
122 217
122 233
122 238
122 239
122 244
123 125
123 127
123 156
123 164
123 166
123 176
123 177
123 180
123 195
123 203
123 205
123 208
123 227
123 233
123 234
123 241
123 242
123 243
123 246
124 126
124 127
124 150
124 151
124 152
124 177
124 180
124 181
124 203
124 221
124 244
125 127
125 153
125 155
125 176
125 187
125 192
125 215
125 223
125 231
125 243
125 246
125 249
126 127
126 150
126 153
126 156
126 162
126 170
126 176
126 186
126 188
126 218
126 219
126 222
126 225
126 239
126 242
127 157
127 160
127 161
127 165
127 172
127 173
127 174
127 179
127 186
127 190
127 192
127 213
127 215
127 221
127 228
127 240
127 243
150 155
150 157
150 161
150 164
150 167
150 170
150 171
150 175
150 182
150 183
150 187
150 191
150 193
150 196
150 198
150 199
150 213
150 226
150 227
150 238
150 246
151 158
151 167
151 174
151 176
151 177
151 178
151 180
151 182
151 187
151 191
151 196
151 197
151 199
151 207
151 212
151 213
151 216
151 223
151 225
151 230
151 245
152 155
152 156
152 161
152 162
152 165
152 166
152 167
152 168
152 170
152 178
152 182
152 183
152 186
152 190
152 195
152 196
152 197
152 235
152 236
152 245
153 156
153 158
153 165
153 166
153 167
153 168
153 172
153 176
153 183
153 188
153 194
153 195
153 210
153 214
153 234
153 238
154 156
154 164
154 169
154 172
154 176
154 177
154 178
154 187
154 190
154 192
154 195
154 199
154 203
154 209
154 213
154 216
154 238
154 243
155 159
155 162
155 166
155 167
155 169
155 174
155 183
155 184
155 185
155 186
155 187
155 192
155 202
155 205
155 208
155 220
155 248
156 159
156 163
156 164
156 167
156 168
156 169
156 173
156 174
156 175
156 177
156 180
156 181
156 183
156 184
156 185
156 188
156 189
156 192
156 210
156 215
156 220
156 222
156 248
157 158
157 161
157 162
157 163
157 165
157 173
157 175
157 176
157 177
157 179
157 181
157 184
157 186
157 187
157 188
157 195
157 199
157 233
158 162
158 167
158 169
158 170
158 172
158 173
158 174
158 176
158 177
158 181
158 183
158 185
158 189
158 191
158 192
158 195
158 199
158 218
158 225
158 226
158 228
158 242
159 160
159 161
159 166
159 174
159 175
159 176
159 178
159 180
159 183
159 185
159 186
159 188
159 192
159 193
159 194
159 197
159 198
159 199
159 201
159 208
159 217
159 224
159 229
159 234
160 161
160 165
160 166
160 167
160 170
160 172
160 173
160 174
160 175
160 178
160 179
160 181
160 184
160 187
160 191
160 192
160 197
160 202
160 206
160 217
160 219
160 220
160 229
160 245
161 164
161 165
161 167
161 170
161 171
161 172
161 177
161 179
161 185
161 186
161 187
161 194
161 196
161 199
161 205
161 213
161 233
162 164
162 169
162 172
162 175
162 177
162 178
162 179
162 180
162 181
162 184
162 186
162 187
162 189
162 190
162 191
162 194
162 195
162 196
162 197
162 198
162 200
162 209
162 219
162 233
162 248
163 165
163 166
163 169
163 170
163 174
163 176
163 179
163 182
163 183
163 186
163 187
163 188
163 190
163 193
163 195
163 203
163 213
163 219
163 229
164 166
164 167
164 172
164 173
164 174
164 175
164 178
164 179
164 180
164 188
164 198
164 207
164 210
164 213
164 218
164 226
164 233
164 238
164 243
165 166
165 169
165 173
165 174
165 177
165 182
165 184
165 187
165 191
165 195
165 196
165 197
165 199
165 206
165 221
165 225
165 241
165 244
166 167
166 174
166 176
166 177
166 178
166 180
166 181
166 182
166 186
166 188
166 191
166 193
166 194
166 195
166 198
166 201
166 204
166 207
166 214
166 215
166 231
166 233
166 249
167 168
167 173
167 178
167 179
167 180
167 182
167 183
167 184
167 185
167 192
167 197
167 199
167 220
167 225
167 237
168 169
168 170
168 174
168 176
168 177
168 179
168 180
168 185
168 189
168 191
168 192
168 194
168 197
168 199
168 206
168 229
168 236
169 170
169 171
169 174
169 177
169 180
169 181
169 183
169 188
169 191
169 193
169 195
169 196
169 198
169 200
169 213
169 219
169 230
169 234
169 246
169 248
170 173
170 175
170 182
170 191
170 192
170 195
170 196
170 197
170 199
170 202
170 212
170 222
170 223
170 232
170 238
170 239
170 242
170 247
171 173
171 175
171 177
171 178
171 179
171 182
171 185
171 186
171 187
171 190
171 194
171 195
171 200
171 201
171 220
171 224
171 232
171 235
171 238
171 240
172 173
172 175
172 176
172 177
172 178
172 179
172 182
172 185
172 187
172 188
172 193
172 198
172 243
173 175
173 177
173 182
173 183
173 184
173 185
173 189
173 193
173 194
173 195
173 210
173 211
173 224
173 227
173 228
174 175
174 176
174 177
174 178
174 179
174 180
174 186
174 190
174 191
174 197
174 199
174 200
174 201
174 203
174 211
174 216
174 220
174 227
175 177
175 185
175 186
175 187
175 189
175 192
175 193
175 195
175 201
175 207
175 249
176 178
176 179
176 183
176 184
176 188
176 189
176 197
176 199
176 202
176 205
176 208
176 210
176 212
176 219
177 186
177 190
177 195
177 197
177 198
177 199
177 248
178 182
178 183
178 192
178 193
178 201
178 202
178 203
178 208
178 213
178 218
179 180
179 183
179 184
179 187
179 191
179 192
179 194
179 199
179 201
179 205
179 216
179 249
180 182
180 185
180 188
180 199
180 204
180 218
180 239
180 243
180 249
181 183
181 185
181 189
181 193
181 199
181 212
181 215
181 216
181 228
181 240
181 244
182 184
182 189
182 192
182 195
182 196
182 198
182 200
182 216
182 217
182 247
182 248
183 188
183 189
183 198
183 199
183 208
183 220
183 231
184 185
184 194
184 197
184 217
184 224
184 239
185 186
185 187
185 188
185 192
185 194
185 195
185 196
185 198
185 199
185 214
185 240
185 247
186 188
186 189
186 191
186 192
186 193
186 198
186 201
186 210
186 213
186 222
186 223
186 226
186 235
186 245
187 188
187 192
187 195
187 196
187 209
187 233
187 237
187 244
188 189
188 192
188 194
188 197
188 206
188 217
188 226
188 235
188 236
188 237
188 243
188 247
189 190
189 192
189 193
189 194
189 196
189 198
189 200
189 201
189 209
189 214
189 215
189 225
190 191
190 192
190 194
190 195
190 197
190 198
190 211
190 232
190 243
191 196
191 198
191 226
191 230
191 237
191 248
192 194
192 197
192 198
192 199
192 202
192 219
192 230
193 195
193 196
193 198
193 199
193 202
193 206
193 208
193 222
193 226
193 228
193 235
193 238
194 195
194 196
194 222
194 226
195 196
195 197
195 211
195 239
195 242
195 246
196 197
196 247
197 198
197 199
197 210
197 224
197 230
197 236
198 199
198 209
198 220
198 242
198 248
198 249
199 206
199 238
199 245
200 205
200 207
200 208
200 210
200 214
200 221
200 224
200 227
200 234
200 236
200 240
200 242
200 246
201 205
201 208
201 209
201 210
201 216
201 220
201 223
201 226
201 230
201 231
201 235
201 238
201 239
201 240
201 242
201 243
201 244
201 246
201 249
202 204
202 205
202 209
202 211
202 215
202 216
202 220
202 222
202 223
202 227
202 228
202 229
202 234
202 235
202 237
202 240
202 243
202 245
202 247
203 204
203 207
203 212
203 213
203 214
203 219
203 220
203 224
203 226
203 227
203 229
203 235
203 238
203 240
203 242
203 243
203 244
203 246
203 247
203 248
204 206
204 208
204 212
204 214
204 220
204 223
204 224
204 226
204 227
204 229
204 237
204 241
204 245
204 247
204 248
205 206
205 207
205 208
205 210
205 211
205 214
205 217
205 221
205 222
205 224
205 225
205 226
205 229
205 230
205 235
205 237
205 244
205 246
205 248
205 249
206 207
206 210
206 211
206 213
206 219
206 222
206 225
206 227
206 228
206 229
206 233
206 235
206 242
206 245
206 248
207 209
207 210
207 211
207 212
207 214
207 215
207 217
207 224
207 227
207 230
207 233
207 241
207 242
207 244
207 248
208 209
208 211
208 213
208 214
208 216
208 218
208 219
208 220
208 222
208 223
208 224
208 225
208 228
208 232
208 234
208 235
208 237
208 239
208 242
208 243
208 246
208 247
208 248
208 249
209 210
209 211
209 216
209 217
209 218
209 221
209 222
209 224
209 227
209 230
209 235
209 236
209 237
209 238
209 240
209 241
209 242
209 244
209 248
209 249
210 211
210 213
210 217
210 219
210 220
210 221
210 227
210 228
210 234
210 236
210 239
210 240
210 245
210 249
211 213
211 217
211 218
211 219
211 221
211 222
211 224
211 225
211 228
211 231
211 232
211 235
211 236
211 240
211 242
211 244
211 246
212 214
212 215
212 216
212 218
212 219
212 220
212 221
212 225
212 227
212 228
212 230
212 233
212 235
212 237
212 240
212 243
212 247
212 249
213 215
213 218
213 219
213 221
213 222
213 224
213 225
213 239
213 240
213 241
213 243
213 244
213 248
213 249
214 215
214 222
214 226
214 228
214 229
214 230
214 236
214 240
214 241
214 244
214 246
214 248
215 219
215 220
215 226
215 227
215 228
215 233
215 236
215 237
215 239
215 240
215 241
215 242
215 247
215 249
216 217
216 218
216 219
216 222
216 226
216 228
216 238
216 240
216 242
216 245
216 247
216 249
217 220
217 223
217 226
217 228
217 232
217 233
217 234
217 236
217 237
217 243
217 244
217 245
218 222
218 226
218 227
218 229
218 232
218 233
218 234
218 235
218 237
218 238
218 241
218 242
218 244
218 245
218 246
218 247
219 221
219 225
219 226
219 227
219 228
219 233
219 238
219 240
219 241
219 243
220 221
220 222
220 223
220 225
220 226
220 227
220 229
220 234
220 236
220 237
220 239
220 241
220 244
221 228
221 229
221 231
221 232
221 233
221 239
221 241
221 243
221 245
221 248
222 224
222 227
222 231
222 239
222 241
222 245
222 249
223 228
223 229
223 232
223 234
223 235
223 236
223 237
223 238
223 243
223 244
223 246
223 247
223 248
223 249
224 231
224 235
224 241
224 245
224 248
224 249
225 227
225 228
225 231
225 235
225 236
225 239
225 240
225 241
225 242
225 244
226 229
226 235
226 236
226 239
226 242
226 244
226 247
226 248
227 228
227 230
227 233
227 239
227 241
227 244
227 247
228 229
228 230
228 231
228 232
228 233
228 236
228 239
228 245
229 233
229 234
229 235
229 238
229 239
229 242
229 243
229 245
229 249
230 231
230 232
230 238
230 239
230 240
230 241
231 234
231 235
231 236
231 238
231 240
231 241
231 244
231 245
232 234
232 236
232 242
232 245
232 246
232 248
232 249
233 235
233 236
233 238
233 239
233 242
233 243
233 245
233 247
233 248
234 238
234 240
234 241
234 244
234 246
234 248
235 237
235 240
235 241
235 242
235 248
236 238
236 242
236 243
236 248
237 238
237 240
237 241
237 245
237 247
237 249
238 239
238 244
238 246
238 248
238 249
239 242
239 243
239 245
240 242
240 244
240 245
240 247
241 242
241 244
242 243
243 247
244 248
245 247
245 249
246 248
248 249
