0 6
0 11
0 15
0 17
0 18
0 22
0 27
0 30
0 34
0 39
0 46
0 61
0 184
0 214
1 6
1 9
1 10
1 11
1 12
1 13
1 18
1 19
1 20
1 21
1 23
1 28
1 29
1 30
1 32
1 33
1 34
1 35
1 36
1 38
1 42
1 44
1 48
1 49
1 70
1 88
2 9
2 11
2 12
2 15
2 17
2 19
2 21
2 22
2 29
2 32
2 33
2 41
2 43
2 46
2 48
2 234
2 247
3 4
3 6
3 8
3 9
3 11
3 15
3 20
3 21
3 22
3 24
3 25
3 28
3 29
3 30
3 34
3 38
3 42
3 45
3 46
3 48
3 49
3 82
3 206
4 6
4 7
4 8
4 10
4 11
4 15
4 16
4 17
4 21
4 22
4 26
4 33
4 34
4 39
4 40
4 46
4 49
4 149
4 126
4 170
4 189
5 6
5 10
5 14
5 15
5 19
5 23
5 24
5 26
5 28
5 40
5 43
5 47
5 49
5 60
5 126
6 7
6 9
6 10
6 12
6 14
6 17
6 18
6 19
6 20
6 21
6 24
6 26
6 32
6 34
6 38
6 39
6 47
6 49
6 80
6 234
7 8
7 10
7 12
7 15
7 18
7 19
7 20
7 24
7 27
7 28
7 30
7 31
7 36
7 37
7 42
7 44
7 45
7 46
7 54
7 107
8 10
8 11
8 14
8 16
8 22
8 23
8 25
8 26
8 32
8 33
8 35
8 38
8 42
8 43
8 46
8 47
8 48
8 173
8 233
8 246
9 13
9 16
9 17
9 18
9 19
9 23
9 24
9 26
9 27
9 30
9 32
9 34
9 36
9 37
9 38
9 41
9 43
9 45
9 47
9 49
10 11
10 12
10 16
10 17
10 21
10 24
10 27
10 28
10 30
10 32
10 36
10 39
10 41
10 42
10 198
11 12
11 18
11 29
11 30
11 31
11 34
11 36
11 41
11 46
11 47
11 158
12 13
12 18
12 26
12 32
12 36
12 40
12 41
12 45
12 48
13 16
13 18
13 22
13 27
13 30
13 37
13 38
13 39
13 41
13 42
13 47
13 65
13 134
13 148
13 190
14 16
14 22
14 26
14 27
14 34
14 35
14 36
14 37
14 42
14 48
14 249
15 17
15 18
15 22
15 23
15 24
15 25
15 26
15 27
15 31
15 32
15 34
15 35
15 38
15 40
15 41
15 43
15 45
15 46
15 48
15 63
15 219
16 21
16 22
16 23
16 31
16 32
16 33
16 36
16 37
16 41
16 42
16 43
16 45
16 46
16 49
16 85
16 88
16 241
17 18
17 20
17 21
17 22
17 23
17 24
17 26
17 27
17 29
17 32
17 33
17 37
17 41
17 44
17 46
17 48
18 19
18 20
18 25
18 26
18 28
18 30
18 31
18 34
18 35
18 36
18 38
18 41
18 46
18 47
18 67
18 170
18 182
18 205
19 20
19 21
19 22
19 24
19 27
19 30
19 31
19 32
19 36
19 38
19 40
19 41
19 42
19 46
19 47
19 48
19 49
20 22
20 26
20 30
20 34
20 36
20 37
20 41
20 43
20 44
20 45
20 115
21 22
21 24
21 27
21 30
21 31
21 32
21 33
21 36
21 38
21 41
21 43
21 45
21 47
21 49
21 129
21 151
21 193
21 202
22 27
22 28
22 29
22 35
22 36
22 38
22 40
22 44
22 46
22 49
22 62
22 245
23 25
23 28
23 33
23 35
23 37
23 42
23 43
23 44
23 45
23 46
23 49
23 96
24 25
24 31
24 37
24 41
24 45
24 46
24 48
24 102
24 201
24 213
25 26
25 27
25 28
25 33
25 34
25 37
25 40
25 41
25 43
25 44
25 46
25 47
25 48
25 49
25 105
26 27
26 28
26 29
26 30
26 31
26 32
26 33
26 36
26 38
26 44
26 210
27 32
27 34
27 36
27 37
27 38
27 41
27 42
28 34
28 38
28 40
28 44
28 45
28 141
28 143
28 101
29 30
29 31
29 33
29 34
29 35
29 37
29 39
30 37
30 39
30 41
30 48
30 49
30 123
30 202
30 204
30 232
31 32
31 40
31 48
31 114
31 202
32 34
32 35
32 37
32 40
32 43
32 44
32 48
32 49
33 34
33 35
33 36
33 37
33 41
33 42
33 47
33 49
33 153
33 227
33 229
34 45
34 46
34 49
34 241
35 36
35 38
35 39
35 43
35 44
35 45
35 47
35 48
35 49
35 58
35 76
35 137
36 37
36 40
36 41
36 42
36 48
36 49
36 72
36 108
37 38
37 39
37 41
37 42
37 48
37 145
37 160
37 247
38 42
38 44
38 46
38 48
38 49
38 108
38 221
39 40
39 44
39 45
39 48
39 187
40 42
40 47
40 49
40 156
41 42
41 45
41 46
41 48
41 129
41 194
42 45
42 150
43 47
43 48
43 49
43 123
43 164
44 46
44 48
44 78
45 49
45 107
45 204
46 111
46 165
47 153
47 246
48 49
48 83
48 123
48 168
48 229
49 192
50 51
50 52
50 59
50 61
50 62
50 63
50 65
50 66
50 67
50 68
50 69
50 70
50 74
50 75
50 79
50 80
50 82
50 84
50 87
50 89
50 91
50 93
50 95
50 96
50 139
50 243
51 53
51 54
51 56
51 59
51 61
51 62
51 63
51 65
51 67
51 70
51 71
51 79
51 80
51 83
51 84
51 86
51 87
51 88
51 89
51 90
51 91
51 92
51 95
51 96
51 117
51 159
52 53
52 54
52 57
52 59
52 61
52 62
52 63
52 64
52 65
52 71
52 74
52 77
52 78
52 85
52 91
52 92
52 95
52 96
52 97
53 54
53 55
53 58
53 59
53 66
53 67
53 68
53 69
53 71
53 76
53 79
53 85
53 89
53 92
53 93
53 95
53 96
53 114
53 159
53 171
53 181
54 55
54 56
54 57
54 58
54 60
54 61
54 64
54 73
54 74
54 75
54 76
54 77
54 79
54 80
54 81
54 82
54 85
54 87
54 88
54 89
54 90
54 98
54 99
55 57
55 58
55 59
55 61
55 64
55 67
55 69
55 70
55 73
55 74
55 75
55 77
55 78
55 81
55 82
55 84
55 86
55 87
55 89
55 92
55 95
55 96
55 132
55 176
56 60
56 65
56 69
56 70
56 71
56 72
56 75
56 77
56 79
56 80
56 83
56 87
56 89
56 90
56 91
56 92
56 93
56 97
56 111
56 123
56 239
57 59
57 60
57 61
57 62
57 65
57 67
57 71
57 72
57 74
57 77
57 79
57 83
57 85
57 89
57 92
57 95
57 97
58 62
58 63
58 64
58 70
58 71
58 75
58 78
58 79
58 82
58 85
58 87
58 88
58 93
58 95
58 96
58 97
58 99
58 137
58 225
59 61
59 68
59 69
59 74
59 75
59 78
59 80
59 82
59 83
59 84
59 85
59 87
59 91
59 92
59 95
59 96
59 97
59 98
59 179
59 180
59 208
60 65
60 68
60 69
60 70
60 73
60 76
60 77
60 78
60 82
60 86
60 88
60 89
60 90
60 91
60 93
60 97
60 98
60 133
61 62
61 65
61 66
61 67
61 68
61 69
61 75
61 79
61 80
61 82
61 83
61 84
61 90
61 92
61 93
61 94
61 95
61 96
61 97
61 98
61 171
61 230
62 63
62 68
62 72
62 73
62 74
62 76
62 79
62 86
62 87
62 91
62 92
62 95
62 96
62 97
62 98
62 144
62 145
63 68
63 69
63 70
63 72
63 77
63 80
63 84
63 85
63 86
63 88
63 90
63 91
63 115
64 66
64 68
64 71
64 73
64 74
64 79
64 84
64 85
64 86
64 87
64 89
64 90
64 93
64 96
64 99
64 149
64 107
65 67
65 71
65 72
65 73
65 77
65 78
65 80
65 86
65 87
65 88
65 89
65 98
65 99
66 67
66 68
66 71
66 81
66 83
66 84
66 86
66 87
66 90
66 93
66 94
66 96
66 99
66 135
66 111
66 199
67 68
67 70
67 71
67 73
67 74
67 75
67 77
67 79
67 81
67 83
67 84
67 86
67 88
67 89
67 91
67 92
67 94
67 95
67 97
67 99
67 102
67 119
67 156
67 245
68 74
68 76
68 78
68 81
68 84
68 85
68 88
68 90
68 95
68 97
68 98
68 202
69 71
69 73
69 77
69 78
69 79
69 81
69 82
69 85
69 86
69 87
69 88
69 90
69 93
69 94
69 95
69 96
69 98
69 157
70 72
70 79
70 82
70 83
70 87
70 92
70 93
70 96
71 74
71 77
71 78
71 80
71 84
71 86
71 92
71 93
71 95
71 97
71 99
72 74
72 78
72 79
72 81
72 87
72 91
72 98
72 99
72 106
72 184
72 231
73 74
73 77
73 79
73 81
73 82
73 83
73 85
73 91
73 93
73 96
73 97
73 241
74 75
74 79
74 82
74 85
74 88
74 93
74 94
74 97
74 99
75 78
75 79
75 82
75 83
75 84
75 88
75 92
75 93
75 95
75 97
75 98
75 99
75 195
75 216
76 77
76 81
76 82
76 83
76 84
76 87
76 88
76 92
76 96
76 98
76 242
77 80
77 82
77 83
77 88
77 91
77 92
77 94
77 96
77 97
77 98
77 99
77 207
78 79
78 80
78 82
78 83
78 87
78 89
78 93
78 95
78 96
78 97
78 243
79 80
79 85
79 86
79 87
79 88
79 89
79 98
79 152
79 230
79 247
80 82
80 83
80 92
80 96
80 97
80 99
80 248
81 82
81 85
81 88
81 89
81 93
81 94
81 95
81 96
81 97
81 98
81 99
82 86
82 89
82 93
82 95
82 99
83 87
83 88
83 89
83 93
83 95
83 99
83 112
83 175
83 198
84 88
84 91
84 93
84 95
84 144
84 126
84 235
85 88
85 91
85 95
85 98
85 118
85 119
85 217
86 88
86 92
86 95
86 99
86 147
86 104
86 123
86 127
87 88
87 91
87 135
88 89
88 90
88 95
88 96
88 156
88 172
89 92
89 97
89 98
89 99
89 144
90 92
90 95
90 96
90 97
90 98
90 99
90 177
90 220
91 95
91 98
91 128
91 204
91 220
92 97
92 99
92 151
92 201
93 94
93 98
93 99
93 193
93 212
93 218
94 98
94 99
95 97
95 98
95 191
95 199
96 97
96 99
96 115
96 156
96 185
96 228
97 99
97 181
97 238
97 241
99 227
128 129
128 130
128 131
128 133
128 138
128 141
128 143
128 144
128 147
128 148
128 103
128 107
128 109
128 111
128 114
128 115
128 117
128 120
128 122
128 123
128 126
128 127
128 168
128 178
129 130
129 132
129 134
129 136
129 137
129 138
129 144
129 145
129 101
129 102
129 105
129 106
129 107
129 108
129 110
129 111
129 112
129 113
129 114
129 118
129 120
130 131
130 140
130 147
130 149
130 100
130 102
130 106
130 108
130 109
130 111
130 113
130 116
130 119
130 120
130 122
130 125
130 159
130 233
130 238
131 134
131 138
131 139
131 141
131 143
131 144
131 146
131 149
131 100
131 101
131 102
131 103
131 104
131 105
131 107
131 108
131 109
131 112
131 114
131 115
131 118
131 119
131 120
131 121
131 123
131 179
132 136
132 137
132 139
132 140
132 141
132 143
132 145
132 101
132 104
132 105
132 109
132 110
132 118
132 120
132 121
132 122
132 124
132 125
133 134
133 135
133 137
133 139
133 141
133 142
133 143
133 147
133 148
133 102
133 103
133 104
133 109
133 110
133 111
133 122
133 124
133 125
133 126
133 127
133 233
134 136
134 137
134 138
134 146
134 148
134 101
134 103
134 105
134 106
134 109
134 111
134 112
134 114
134 123
134 124
134 125
134 212
134 232
134 237
135 138
135 146
135 148
135 100
135 105
135 106
135 108
135 109
135 112
135 113
135 114
135 118
135 121
135 125
136 138
136 140
136 141
136 143
136 145
136 147
136 100
136 102
136 105
136 110
136 116
136 117
136 121
136 123
136 124
136 126
136 127
137 141
137 144
137 145
137 146
137 149
137 102
137 104
137 110
137 112
137 113
137 120
137 124
137 127
137 196
137 232
138 139
138 142
138 147
138 149
138 100
138 102
138 103
138 107
138 108
138 110
138 113
138 114
138 115
138 116
138 118
138 119
138 122
138 123
138 124
138 125
138 126
138 127
138 218
139 140
139 143
139 146
139 148
139 149
139 100
139 102
139 108
139 114
139 115
139 117
139 118
139 119
139 120
139 123
139 127
139 222
140 141
140 142
140 145
140 149
140 101
140 103
140 105
140 107
140 108
140 109
140 111
140 114
140 116
140 117
140 119
140 120
140 121
140 123
140 125
140 238
141 143
141 148
141 149
141 101
141 102
141 105
141 106
141 108
141 109
141 112
141 116
141 117
141 118
141 119
141 120
141 121
141 122
141 123
141 126
141 222
142 143
142 145
142 147
142 103
142 104
142 105
142 108
142 109
142 110
142 111
142 112
142 116
142 117
142 125
142 126
142 161
142 205
143 144
143 145
143 147
143 149
143 104
143 107
143 111
143 112
143 114
143 121
143 124
144 147
144 149
144 100
144 111
144 113
144 115
144 116
144 117
144 119
144 125
144 126
144 231
145 148
145 100
145 102
145 103
145 104
145 108
145 109
145 113
145 114
145 119
145 120
145 121
145 125
145 127
145 190
146 148
146 149
146 102
146 104
146 107
146 108
146 109
146 110
146 112
146 113
146 114
146 116
146 117
146 119
146 121
146 124
146 125
146 157
146 182
147 148
147 101
147 102
147 104
147 105
147 106
147 107
147 109
147 110
147 112
147 113
147 115
147 117
147 118
147 121
147 124
147 125
147 126
147 127
148 100
148 102
148 105
148 107
148 118
148 120
148 122
148 124
149 102
149 104
149 105
149 106
149 112
149 114
149 118
149 122
149 123
149 124
149 125
149 126
149 127
149 243
100 102
100 105
100 106
100 108
100 109
100 116
100 118
100 119
100 120
100 121
100 124
100 245
101 102
101 103
101 104
101 106
101 107
101 108
101 110
101 115
101 116
101 123
101 124
101 191
101 236
102 103
102 108
102 110
102 111
102 112
102 114
102 115
102 116
102 117
102 118
102 120
102 123
102 124
102 125
102 220
103 105
103 107
103 109
103 110
103 112
103 115
103 117
103 119
103 121
103 124
103 126
103 127
103 213
104 113
104 115
104 116
104 117
104 118
104 120
104 121
104 123
104 125
104 127
104 207
105 108
105 110
105 114
105 116
105 119
105 120
105 123
105 125
105 127
105 185
105 194
106 107
106 108
106 109
106 110
106 111
106 112
106 113
106 117
106 119
106 124
106 127
107 115
107 119
107 121
107 123
107 127
107 161
108 109
108 111
108 112
108 115
108 117
108 118
108 119
109 111
109 116
109 117
109 118
109 119
109 120
109 121
109 122
110 112
110 115
110 118
110 120
110 121
110 122
110 123
110 190
110 194
110 220
111 112
111 113
111 114
111 120
111 122
111 123
111 126
112 117
112 120
112 121
112 127
112 195
113 126
113 224
114 115
114 116
114 118
114 124
114 191
114 241
115 118
115 120
115 121
116 118
116 121
116 123
116 127
116 212
117 119
117 121
117 123
117 125
117 126
117 127
117 193
117 245
118 119
118 121
118 122
118 125
118 126
118 198
118 212
119 121
119 123
119 124
119 125
119 126
119 127
120 123
120 124
120 126
121 165
122 123
122 124
122 126
122 127
122 181
122 217
123 124
123 177
125 126
125 186
125 221
125 232
126 200
126 245
150 152
150 158
150 161
150 164
150 165
150 166
150 169
150 170
150 171
150 174
150 175
150 177
150 178
150 179
150 181
150 186
150 194
150 195
150 196
150 197
150 198
150 199
151 153
151 158
151 160
151 161
151 169
151 170
151 171
151 172
151 173
151 174
151 177
151 178
151 179
151 186
151 190
151 194
151 197
151 198
151 228
152 158
152 160
152 163
152 173
152 174
152 175
152 178
152 179
152 183
152 189
152 190
152 192
152 193
152 195
152 196
153 154
153 158
153 159
153 169
153 171
153 172
153 175
153 178
153 180
153 182
153 183
153 184
153 186
153 187
153 193
153 194
153 198
154 155
154 156
154 159
154 162
154 163
154 164
154 167
154 169
154 170
154 171
154 174
154 176
154 177
154 179
154 185
154 186
154 187
154 190
154 192
154 193
154 198
155 156
155 158
155 159
155 160
155 163
155 164
155 165
155 169
155 171
155 173
155 179
155 180
155 181
155 184
155 185
155 186
155 191
155 192
155 194
155 195
155 198
155 199
156 159
156 160
156 161
156 163
156 164
156 165
156 166
156 171
156 172
156 173
156 175
156 179
156 184
156 187
156 188
156 194
156 195
156 196
157 159
157 161
157 163
157 164
157 166
157 167
157 168
157 169
157 170
157 179
157 180
157 183
157 185
157 186
157 188
157 192
157 193
157 238
158 162
158 163
158 164
158 165
158 171
158 172
158 177
158 179
158 183
158 184
158 194
158 199
159 162
159 165
159 175
159 176
159 179
159 180
159 181
159 185
159 186
159 188
159 192
159 193
159 196
159 234
160 165
160 166
160 172
160 173
160 176
160 177
160 182
160 185
160 189
160 190
160 191
160 193
160 194
160 195
161 163
161 166
161 167
161 168
161 172
161 177
161 181
161 182
161 184
161 188
161 190
161 192
161 194
161 237
162 164
162 165
162 166
162 169
162 170
162 173
162 179
162 181
162 182
162 183
162 186
162 189
162 191
162 193
162 195
162 196
163 167
163 172
163 175
163 176
163 177
163 178
163 180
163 184
163 187
163 188
163 189
163 191
163 194
163 195
163 196
163 198
163 199
163 203
164 173
164 177
164 178
164 179
164 186
164 189
164 190
164 191
164 194
165 167
165 172
165 173
165 175
165 177
165 179
165 180
165 181
165 183
165 189
165 190
165 192
165 194
165 195
165 198
165 199
165 207
166 169
166 172
166 174
166 175
166 176
166 179
166 187
166 188
166 193
166 194
166 199
167 174
167 176
167 177
167 180
167 181
167 183
167 184
167 187
167 189
167 191
167 192
167 194
167 196
167 228
168 169
168 171
168 172
168 174
168 177
168 178
168 184
168 192
168 193
168 195
168 197
169 172
169 180
169 181
169 185
169 186
169 187
169 191
169 194
169 195
169 198
170 173
170 174
170 178
170 181
170 184
170 185
170 186
170 187
170 189
170 190
170 191
170 192
170 194
170 197
171 172
171 174
171 175
171 178
171 183
171 184
171 186
171 187
171 190
171 193
171 196
171 197
171 222
171 243
172 173
172 174
172 175
172 176
172 177
172 180
172 181
172 188
172 189
172 190
172 191
172 195
172 196
173 174
173 177
173 178
173 185
173 187
173 195
173 198
174 178
174 184
174 188
174 189
174 192
174 197
175 176
175 177
175 182
175 183
175 185
175 191
175 195
175 199
175 216
175 241
175 245
176 178
176 179
176 181
176 188
176 190
176 191
176 192
176 194
176 197
177 178
177 183
177 185
177 186
177 187
177 188
177 194
177 196
177 197
178 180
178 183
178 186
178 187
178 189
178 192
178 193
178 195
178 197
178 198
178 199
179 183
179 186
179 189
179 190
179 191
179 193
179 194
179 196
179 198
179 199
180 181
180 182
180 183
180 185
180 190
180 191
180 192
180 195
180 197
180 199
181 183
181 187
181 191
181 194
181 196
181 199
182 183
182 185
182 187
182 188
182 190
182 191
182 194
182 196
182 198
183 188
183 189
183 190
183 191
183 192
183 193
183 195
183 196
183 197
184 185
184 187
184 189
184 190
184 194
184 195
184 196
184 198
184 199
185 190
185 195
185 197
186 187
186 188
186 190
186 192
186 193
186 197
186 239
187 188
187 189
187 190
187 191
187 194
187 196
188 189
188 192
188 196
188 198
188 214
189 191
189 193
189 195
189 197
190 192
190 198
191 193
191 194
191 195
191 198
191 199
192 194
192 195
192 198
192 234
193 199
193 207
193 226
194 195
194 198
194 199
195 197
195 198
195 199
196 197
196 199
197 198
197 199
198 249
200 201
200 202
200 204
200 206
200 208
200 209
200 211
200 216
200 221
200 226
200 230
200 232
200 233
200 234
200 236
200 237
200 239
200 240
200 244
200 245
200 246
200 248
200 249
201 203
201 205
201 207
201 209
201 213
201 215
201 217
201 219
201 221
201 224
201 225
201 227
201 230
201 231
201 234
201 235
201 236
201 242
201 243
201 245
201 249
202 206
202 207
202 211
202 213
202 214
202 215
202 216
202 221
202 222
202 224
202 225
202 226
202 228
202 231
202 234
202 236
202 240
202 242
202 245
202 246
202 249
203 207
203 208
203 210
203 212
203 214
203 215
203 216
203 217
203 219
203 220
203 223
203 225
203 233
203 236
203 241
203 242
203 247
203 248
203 249
204 205
204 208
204 209
204 211
204 213
204 214
204 218
204 222
204 225
204 226
204 228
204 231
204 232
204 234
204 239
204 243
204 244
205 209
205 217
205 220
205 222
205 223
205 229
205 230
205 232
205 237
205 238
205 242
205 246
206 207
206 208
206 210
206 212
206 217
206 218
206 226
206 227
206 232
206 234
206 235
206 239
206 240
206 242
206 248
206 249
207 208
207 212
207 213
207 216
207 217
207 219
207 221
207 224
207 226
207 227
207 228
207 232
207 237
207 238
207 241
207 244
207 245
208 214
208 215
208 216
208 217
208 221
208 223
208 228
208 230
208 232
208 235
208 238
208 244
208 245
208 246
209 210
209 212
209 213
209 214
209 215
209 217
209 221
209 227
209 230
209 231
209 233
209 234
209 235
209 236
209 237
209 238
209 240
209 241
209 242
209 243
209 244
209 246
209 248
209 249
210 211
210 218
210 221
210 222
210 224
210 227
210 229
210 232
210 234
210 244
210 246
211 212
211 215
211 216
211 223
211 226
211 228
211 235
211 236
211 242
211 244
211 249
212 214
212 215
212 218
212 219
212 220
212 221
212 222
212 231
212 232
212 236
212 237
212 239
212 241
212 242
212 247
212 248
212 249
213 215
213 216
213 218
213 221
213 222
213 227
213 230
213 232
213 234
213 236
213 238
213 247
213 249
214 218
214 224
214 225
214 231
214 233
214 238
214 239
214 240
214 243
214 245
214 246
215 216
215 219
215 221
215 226
215 228
215 236
215 237
215 238
215 242
215 243
215 244
215 245
215 246
215 247
216 220
216 221
216 222
216 225
216 226
216 229
216 235
216 239
216 245
216 249
217 219
217 220
217 222
217 223
217 225
217 229
217 231
217 232
217 238
217 244
217 247
217 249
218 225
218 226
218 228
218 233
218 235
218 237
218 240
218 241
218 242
218 243
218 244
218 246
218 247
218 249
219 221
219 222
219 223
219 224
219 225
219 226
219 228
219 229
219 231
219 232
219 233
219 234
219 236
219 240
219 244
219 247
219 249
220 221
220 223
220 227
220 228
220 229
220 231
220 232
220 235
220 237
220 238
220 242
220 243
220 245
221 223
221 224
221 229
221 230
221 231
221 238
221 240
221 241
221 242
221 245
221 246
221 249
222 224
222 225
222 226
222 237
222 239
222 240
222 244
222 247
222 248
222 249
223 224
223 226
223 227
223 232
223 233
223 237
223 238
223 239
223 243
223 248
223 249
224 225
224 226
224 228
224 229
224 230
224 235
224 238
224 243
224 245
224 246
224 247
224 248
224 249
225 228
225 230
225 232
225 234
225 236
225 243
225 247
225 249
226 228
226 230
226 231
226 233
226 234
226 236
226 238
226 240
226 245
226 246
227 228
227 230
227 231
227 232
227 233
227 234
227 235
227 236
227 240
227 242
227 244
227 247
228 229
228 230
228 233
228 234
228 238
228 239
228 240
228 243
228 244
228 247
229 232
229 235
229 238
229 239
229 240
229 244
229 246
229 248
230 231
230 235
230 236
230 238
230 239
230 242
230 247
230 248
230 249
231 245
231 246
231 248
232 238
232 242
232 244
233 236
233 238
233 240
233 242
233 243
233 244
233 245
233 246
233 247
234 240
234 241
234 242
234 243
234 246
234 247
235 236
235 240
235 241
235 246
235 247
235 248
235 249
236 237
236 238
236 242
236 243
236 245
236 248
236 249
237 238
237 239
237 240
237 242
237 243
237 249
238 239
238 240
238 244
238 247
238 249
239 241
239 243
239 245
240 243
240 245
240 246
241 245
241 246
241 247
241 248
242 244
242 245
242 247
242 249
243 247
244 245
244 248
244 249
245 247
245 248
246 247
246 248
247 248
