0 3
0 5
0 10
0 15
0 17
0 20
0 25
0 26
0 30
0 32
0 35
0 38
0 39
0 40
0 41
0 43
0 46
0 73
0 77
0 90
0 95
0 144
0 161
0 175
0 178
0 205
0 216
0 238
1 3
1 8
1 9
1 10
1 12
1 15
1 17
1 21
1 23
1 31
1 33
1 35
1 37
1 38
1 40
1 41
1 43
1 49
1 72
1 75
1 95
1 128
1 198
1 232
1 234
1 247
2 3
2 4
2 6
2 8
2 9
2 10
2 17
2 19
2 20
2 23
2 24
2 25
2 27
2 28
2 29
2 31
2 33
2 36
2 38
2 39
2 42
2 44
2 45
2 46
2 47
2 48
2 52
2 78
2 80
2 99
2 103
2 172
2 181
2 188
2 189
2 191
2 221
2 239
3 6
3 8
3 9
3 11
3 13
3 17
3 18
3 19
3 22
3 23
3 25
3 29
3 32
3 33
3 34
3 35
3 37
3 38
3 41
3 45
3 46
3 47
3 49
3 56
3 57
3 129
3 102
3 105
3 110
3 113
3 115
3 125
3 218
3 237
4 8
4 10
4 11
4 12
4 20
4 29
4 31
4 32
4 33
4 39
4 40
4 49
4 64
4 132
4 135
4 100
4 114
4 119
4 157
4 183
4 208
5 8
5 9
5 10
5 11
5 14
5 16
5 20
5 24
5 30
5 31
5 35
5 36
5 40
5 41
5 44
5 45
5 48
5 49
5 70
5 76
5 82
5 88
5 94
5 135
5 150
5 153
5 163
5 169
5 185
5 203
5 225
5 230
5 234
5 242
6 11
6 16
6 20
6 21
6 25
6 27
6 35
6 36
6 42
6 45
6 47
6 81
6 86
6 138
6 144
6 108
6 153
6 157
6 180
6 185
6 191
6 212
6 218
6 237
6 249
7 11
7 18
7 20
7 21
7 26
7 28
7 30
7 31
7 34
7 35
7 36
7 39
7 40
7 41
7 46
7 47
7 49
7 60
7 149
7 102
7 123
7 153
7 182
8 12
8 15
8 19
8 20
8 21
8 25
8 27
8 28
8 31
8 33
8 38
8 41
8 43
8 45
8 47
8 48
8 49
8 58
8 61
8 67
8 76
8 157
8 219
8 231
8 233
9 12
9 16
9 17
9 19
9 21
9 26
9 28
9 35
9 37
9 42
9 45
9 48
9 53
9 57
9 68
9 145
9 120
9 125
9 161
9 170
9 187
9 221
9 240
10 13
10 15
10 16
10 18
10 20
10 24
10 27
10 30
10 31
10 33
10 37
10 45
10 46
10 47
10 48
10 71
10 96
10 161
10 170
11 12
11 13
11 20
11 21
11 23
11 25
11 28
11 29
11 31
11 34
11 37
11 41
11 45
11 47
11 48
11 93
11 130
11 108
11 117
11 210
11 247
12 13
12 14
12 15
12 16
12 18
12 20
12 24
12 28
12 33
12 35
12 39
12 42
12 43
12 45
12 47
12 55
12 81
12 95
12 145
12 108
12 156
12 184
12 225
13 14
13 18
13 19
13 21
13 24
13 25
13 26
13 27
13 28
13 31
13 34
13 35
13 38
13 39
13 40
13 41
13 44
13 46
13 47
13 49
13 61
13 66
13 112
13 122
13 157
13 200
13 205
13 221
14 15
14 16
14 17
14 21
14 22
14 25
14 28
14 32
14 35
14 38
14 40
14 43
14 44
14 45
14 46
14 49
14 84
14 95
14 132
14 150
14 154
14 170
14 183
14 194
15 17
15 21
15 22
15 24
15 25
15 26
15 27
15 31
15 33
15 36
15 38
15 40
15 42
15 44
15 46
15 48
15 60
15 84
15 131
15 106
15 118
15 123
15 185
15 186
15 217
15 247
15 249
16 18
16 20
16 26
16 28
16 32
16 37
16 38
16 41
16 42
16 47
16 75
16 78
16 136
16 141
16 165
16 176
16 180
16 201
16 207
17 20
17 22
17 23
17 28
17 35
17 36
17 37
17 38
17 44
17 45
17 46
17 47
17 48
17 51
17 130
17 104
17 118
17 155
17 158
17 190
17 200
17 238
17 241
17 245
18 19
18 31
18 33
18 34
18 35
18 36
18 37
18 40
18 43
18 44
18 46
18 48
18 50
18 68
18 77
18 86
18 87
18 90
18 93
18 99
18 110
18 111
18 125
18 127
18 173
18 175
18 228
18 229
18 238
19 23
19 24
19 26
19 31
19 35
19 36
19 38
19 41
19 46
19 49
19 63
19 78
19 106
19 155
19 197
19 200
19 208
19 237
20 21
20 24
20 27
20 28
20 32
20 35
20 37
20 38
20 42
20 43
20 44
20 47
20 49
20 56
20 65
20 75
20 79
20 88
20 136
20 121
20 151
20 161
20 209
20 226
20 230
21 23
21 28
21 29
21 31
21 35
21 43
21 44
21 47
21 61
21 82
21 99
21 140
21 118
21 166
21 181
21 190
21 199
21 203
22 23
22 24
22 30
22 32
22 35
22 36
22 44
22 46
22 47
22 51
22 57
22 68
22 129
22 142
22 110
22 125
22 173
22 188
22 191
22 204
22 242
23 26
23 33
23 35
23 36
23 38
23 41
23 47
23 71
23 75
23 145
23 100
23 107
23 123
23 155
23 192
23 204
23 214
24 30
24 31
24 32
24 38
24 39
24 42
24 43
24 45
24 57
24 77
24 141
24 147
24 104
24 105
24 163
24 176
24 182
24 185
24 200
24 231
24 238
25 26
25 27
25 29
25 36
25 38
25 40
25 41
25 43
25 45
25 49
25 72
25 76
25 95
25 140
25 116
25 151
25 169
25 186
26 30
26 32
26 33
26 34
26 35
26 38
26 40
26 41
26 44
26 45
26 48
26 111
26 125
26 153
26 171
26 182
26 225
26 240
26 246
27 29
27 32
27 33
27 34
27 37
27 40
27 41
27 42
27 46
27 48
27 53
27 92
27 134
27 135
27 147
27 106
27 190
27 245
28 33
28 34
28 35
28 36
28 45
28 46
28 47
28 48
28 49
28 232
29 33
29 40
29 44
29 45
29 46
29 48
29 77
29 145
29 121
29 163
29 177
29 221
30 31
30 36
30 45
30 47
30 53
30 66
30 72
30 74
30 94
30 122
30 157
30 159
30 169
30 172
30 180
30 185
30 233
30 235
30 236
30 240
30 249
31 33
31 34
31 36
31 41
31 44
31 48
31 49
31 104
31 125
31 186
32 34
32 35
32 40
32 44
32 45
32 47
32 48
32 49
32 61
32 63
32 75
32 78
32 79
32 95
32 133
32 139
32 144
32 148
32 112
32 114
32 162
32 169
32 196
32 213
33 38
33 45
33 46
33 48
33 102
33 120
33 124
33 171
33 182
33 186
33 194
33 240
34 36
34 37
34 41
34 43
34 44
34 48
34 49
34 59
34 93
34 176
34 191
34 198
34 201
34 214
35 38
35 46
35 81
35 94
35 96
35 144
35 103
35 106
35 153
35 194
36 42
36 44
36 46
36 137
36 147
36 113
36 120
36 125
36 127
36 153
36 155
36 230
36 231
36 242
37 41
37 42
37 49
37 63
37 86
37 98
37 102
37 111
37 181
37 213
37 240
38 39
38 40
38 44
38 45
38 49
38 67
38 71
38 78
38 85
38 95
38 99
38 130
38 148
38 105
38 150
38 152
38 156
38 163
38 184
38 218
39 44
39 45
39 48
39 64
39 79
39 131
39 116
39 184
39 205
39 215
39 221
39 226
39 231
40 45
40 47
40 48
40 49
40 63
40 68
40 78
40 97
40 138
40 158
40 170
40 189
40 197
40 208
40 228
41 42
41 43
41 44
41 45
41 48
41 55
41 58
41 72
41 90
41 169
41 180
41 231
41 233
41 234
41 236
42 45
42 46
42 69
42 83
42 91
42 94
42 129
42 131
42 102
42 116
42 154
42 178
42 189
42 195
42 233
43 44
43 45
43 47
43 69
43 98
43 152
43 165
43 190
43 200
44 45
44 46
44 47
44 73
44 159
44 165
44 170
44 172
44 173
44 219
44 230
44 240
44 242
45 46
45 140
45 143
45 100
45 110
45 170
45 201
45 207
45 216
45 237
46 48
46 49
46 79
46 93
46 131
46 133
46 104
46 114
46 170
46 210
46 246
47 49
47 61
47 82
47 146
47 175
47 197
47 206
47 223
48 54
48 136
48 139
48 143
48 111
48 113
48 177
48 207
48 211
48 221
48 248
49 55
49 72
49 78
49 111
49 117
49 168
49 173
49 238
49 241
50 51
50 56
50 58
50 59
50 60
50 65
50 71
50 72
50 73
50 76
50 78
50 79
50 80
50 81
50 85
50 86
50 88
50 89
50 92
50 93
50 95
50 96
50 98
50 136
50 177
50 201
50 213
50 225
50 229
50 241
51 56
51 57
51 59
51 62
51 63
51 65
51 66
51 67
51 72
51 79
51 80
51 82
51 83
51 84
51 88
51 91
51 92
51 96
51 97
51 141
51 161
51 189
51 208
51 222
52 53
52 54
52 58
52 59
52 61
52 62
52 65
52 67
52 75
52 76
52 81
52 87
52 90
52 91
52 92
52 93
52 94
52 96
52 98
52 99
52 124
52 125
52 151
52 153
52 196
52 197
52 201
52 229
52 237
52 238
52 246
53 54
53 55
53 56
53 57
53 59
53 60
53 61
53 65
53 67
53 68
53 70
53 73
53 74
53 79
53 80
53 81
53 86
53 87
53 89
53 93
53 94
53 96
53 97
53 106
53 108
53 114
53 151
53 187
53 204
53 208
53 215
53 228
53 246
53 249
54 55
54 62
54 63
54 74
54 77
54 78
54 80
54 86
54 87
54 88
54 92
54 96
54 133
54 145
54 105
54 111
54 155
54 169
54 170
54 176
54 208
54 214
54 231
54 240
55 56
55 60
55 61
55 62
55 63
55 64
55 65
55 67
55 69
55 70
55 72
55 76
55 77
55 79
55 82
55 83
55 85
55 88
55 89
55 90
55 94
55 95
55 98
55 99
55 141
55 123
55 171
55 194
55 205
55 216
55 219
55 239
56 57
56 58
56 60
56 61
56 66
56 67
56 68
56 71
56 72
56 73
56 76
56 78
56 84
56 85
56 86
56 89
56 96
56 98
56 138
56 114
56 123
56 167
56 190
56 211
56 221
56 231
56 232
56 247
56 249
57 58
57 62
57 63
57 66
57 68
57 69
57 71
57 72
57 76
57 79
57 80
57 84
57 86
57 92
57 93
57 94
57 99
57 131
57 112
57 127
57 162
57 166
57 181
57 244
58 60
58 62
58 65
58 66
58 67
58 68
58 69
58 73
58 74
58 75
58 77
58 78
58 81
58 82
58 85
58 86
58 89
58 92
58 93
58 97
58 98
58 138
58 122
58 199
58 208
58 216
58 235
58 242
59 62
59 65
59 67
59 70
59 71
59 72
59 74
59 76
59 84
59 85
59 87
59 88
59 92
59 93
59 98
59 99
59 139
59 127
59 161
59 164
59 168
59 182
59 214
59 219
59 232
59 234
59 246
60 61
60 63
60 66
60 69
60 72
60 73
60 75
60 76
60 78
60 83
60 86
60 89
60 93
60 94
60 97
60 145
60 109
60 158
60 169
60 224
60 247
61 62
61 65
61 67
61 68
61 69
61 70
61 72
61 73
61 74
61 76
61 78
61 84
61 85
61 88
61 90
61 92
61 93
61 96
61 97
61 99
61 128
61 130
61 136
61 149
61 122
61 174
61 175
61 184
61 187
61 191
61 201
62 63
62 70
62 74
62 79
62 80
62 84
62 85
62 86
62 90
62 92
62 95
62 96
62 99
62 129
62 144
62 173
62 196
62 214
62 235
63 66
63 70
63 71
63 72
63 75
63 78
63 79
63 81
63 84
63 86
63 94
63 97
63 131
63 139
63 175
63 180
63 212
63 221
63 230
64 67
64 69
64 70
64 71
64 73
64 75
64 76
64 79
64 82
64 88
64 91
64 95
64 147
64 148
64 174
64 197
64 203
64 219
64 248
65 68
65 72
65 76
65 78
65 81
65 82
65 86
65 91
65 93
65 94
65 96
65 97
65 98
65 144
65 107
65 182
65 195
65 206
65 216
66 67
66 69
66 70
66 71
66 72
66 74
66 75
66 76
66 77
66 78
66 81
66 85
66 88
66 89
66 90
66 92
66 98
66 128
66 139
66 120
66 215
67 69
67 72
67 73
67 75
67 79
67 80
67 81
67 82
67 84
67 85
67 86
67 87
67 88
67 91
67 125
67 190
67 192
67 198
67 200
67 218
68 69
68 82
68 84
68 87
68 88
68 91
68 94
68 95
68 96
68 97
68 98
68 101
68 111
68 112
68 199
68 220
69 73
69 75
69 76
69 77
69 78
69 81
69 84
69 86
69 87
69 88
69 92
69 94
69 95
69 96
69 97
69 98
69 196
69 206
69 227
69 229
70 73
70 75
70 82
70 84
70 85
70 89
70 90
70 94
70 96
70 97
70 98
70 117
70 127
70 164
70 175
70 195
70 201
70 202
70 210
70 223
71 77
71 83
71 87
71 89
71 92
71 93
71 95
71 96
71 99
71 135
71 100
71 101
71 153
71 168
71 179
71 218
72 79
72 80
72 81
72 82
72 90
72 91
72 92
72 95
72 96
72 98
72 175
72 198
72 200
72 203
72 245
72 247
73 74
73 78
73 80
73 83
73 85
73 86
73 90
73 92
73 94
73 95
73 97
73 98
73 140
73 143
73 119
73 124
73 165
73 170
73 175
73 187
73 194
73 213
73 227
73 245
74 78
74 79
74 81
74 82
74 84
74 87
74 90
74 91
74 94
74 96
74 98
74 99
74 128
74 156
74 162
74 167
74 189
74 196
74 218
74 220
74 227
74 231
75 78
75 80
75 86
75 90
75 91
75 92
75 95
75 97
75 99
75 135
75 110
75 153
75 177
75 193
75 197
75 213
75 224
75 226
75 240
76 79
76 81
76 82
76 83
76 84
76 87
76 88
76 93
76 128
76 127
76 162
76 183
76 227
77 79
77 84
77 87
77 90
77 92
77 94
77 95
77 129
77 133
77 184
77 204
77 217
77 227
77 228
77 240
78 79
78 80
78 86
78 87
78 89
78 91
78 92
78 93
78 97
78 98
78 151
78 175
78 199
78 232
79 83
79 89
79 92
79 97
79 98
79 99
79 135
79 117
79 194
79 214
79 227
80 81
80 82
80 83
80 89
80 91
80 92
80 98
80 130
80 137
80 107
80 119
80 167
80 208
80 216
80 244
81 82
81 83
81 84
81 88
81 92
81 93
81 95
81 96
81 97
81 135
81 110
81 161
81 175
81 184
81 188
81 192
81 202
81 203
81 205
81 219
81 227
81 230
81 249
82 83
82 86
82 91
82 94
82 95
82 97
82 99
82 135
82 136
82 105
82 151
82 180
82 182
82 210
82 211
82 232
83 87
83 89
83 90
83 95
83 96
83 97
83 128
83 105
83 151
83 152
83 234
83 235
84 89
84 95
84 96
84 98
84 99
84 141
84 148
84 101
84 114
84 170
84 189
84 248
85 86
85 87
85 93
85 95
85 97
85 98
85 142
85 102
85 197
85 200
86 87
86 89
86 90
86 91
86 94
86 96
86 133
86 140
86 156
86 174
86 222
86 230
87 89
87 90
87 91
87 92
87 94
87 148
87 118
87 170
87 189
87 209
87 223
87 230
87 238
88 90
88 91
88 93
88 95
88 99
88 128
88 101
88 107
88 113
88 160
88 199
88 215
88 231
89 91
89 92
89 146
89 214
89 236
90 92
90 93
90 94
90 97
90 140
90 104
90 187
90 209
90 210
90 226
90 242
90 247
91 93
91 94
91 98
91 135
91 117
91 160
92 94
92 97
92 98
92 99
92 121
92 163
92 164
92 176
92 182
92 191
92 198
92 207
92 218
92 225
92 233
93 95
93 96
93 97
93 99
93 141
93 108
93 124
93 180
93 197
93 216
93 231
93 239
93 249
94 97
94 98
94 147
94 103
94 110
94 118
94 120
94 153
94 158
94 183
94 188
94 218
94 224
94 227
94 230
94 249
95 97
95 98
95 136
95 183
95 189
95 202
95 220
95 223
95 224
95 226
95 233
95 248
96 97
96 98
96 172
96 211
96 243
97 135
97 160
97 188
98 129
98 143
98 103
98 164
98 182
98 189
98 197
98 208
98 227
98 233
99 141
99 146
99 215
99 223
128 134
128 139
128 141
128 143
128 144
128 145
128 146
128 148
128 100
128 102
128 105
128 108
128 109
128 111
128 112
128 114
128 115
128 116
128 117
128 118
128 124
128 127
128 150
128 172
128 214
128 228
129 132
129 133
129 139
129 141
129 144
129 145
129 149
129 101
129 105
129 108
129 109
129 110
129 112
129 118
129 122
129 126
129 206
129 243
130 134
130 142
130 143
130 145
130 146
130 147
130 101
130 103
130 104
130 105
130 108
130 110
130 113
130 116
130 119
130 124
130 125
130 154
130 197
130 199
130 213
131 132
131 137
131 139
131 144
131 149
131 101
131 108
131 109
131 110
131 113
131 118
131 126
131 168
131 233
132 133
132 137
132 139
132 143
132 144
132 146
132 148
132 149
132 101
132 106
132 108
132 109
132 110
132 112
132 114
132 118
132 119
132 121
132 125
132 151
132 165
132 167
132 168
132 170
132 205
132 206
132 209
132 231
132 233
133 137
133 140
133 144
133 147
133 100
133 101
133 102
133 103
133 107
133 111
133 115
133 118
133 119
133 123
133 125
133 182
133 226
133 228
134 136
134 137
134 139
134 140
134 141
134 148
134 100
134 101
134 102
134 108
134 110
134 111
134 112
134 113
134 114
134 115
134 116
134 117
134 118
134 119
134 122
134 124
134 127
134 202
134 222
134 235
135 140
135 141
135 143
135 145
135 100
135 101
135 103
135 105
135 106
135 107
135 110
135 112
135 113
135 114
135 118
135 121
135 122
135 209
136 141
136 143
136 146
136 100
136 104
136 105
136 106
136 110
136 111
136 115
136 117
136 118
136 119
136 121
136 123
136 124
136 125
136 156
136 165
136 191
136 209
136 221
136 227
136 247
137 140
137 144
137 147
137 100
137 101
137 103
137 104
137 107
137 109
137 113
137 114
137 116
137 117
137 119
137 123
137 124
137 172
137 188
137 195
137 201
137 228
137 237
137 243
138 141
138 142
138 143
138 145
138 148
138 149
138 100
138 101
138 104
138 107
138 112
138 114
138 115
138 117
138 118
138 120
138 121
138 122
138 125
138 126
138 127
138 177
138 182
138 185
138 208
138 219
139 141
139 144
139 146
139 148
139 149
139 101
139 106
139 116
139 119
139 122
139 124
139 125
139 127
139 152
139 154
139 169
139 178
139 211
139 213
139 219
139 225
139 246
140 141
140 143
140 144
140 146
140 149
140 100
140 103
140 106
140 110
140 114
140 116
140 117
140 118
140 119
140 126
140 153
140 180
140 199
140 234
140 248
141 144
141 145
141 147
141 149
141 104
141 105
141 108
141 115
141 116
141 119
141 121
141 122
141 123
141 124
141 126
141 170
141 196
141 235
142 101
142 102
142 105
142 107
142 110
142 114
142 116
142 120
142 123
142 124
142 210
142 218
142 224
142 241
143 146
143 147
143 148
143 101
143 103
143 104
143 105
143 109
143 110
143 115
143 116
143 119
143 120
143 122
143 123
143 127
143 150
143 174
143 182
143 183
143 220
144 145
144 149
144 101
144 105
144 109
144 111
144 116
144 117
144 120
144 178
144 208
144 224
144 231
144 248
144 249
145 147
145 149
145 100
145 102
145 104
145 108
145 110
145 111
145 112
145 113
145 114
145 116
145 117
145 118
145 119
145 167
145 175
145 177
145 217
145 236
145 246
146 147
146 148
146 100
146 101
146 102
146 104
146 109
146 110
146 111
146 117
146 120
146 125
146 126
146 151
146 155
146 176
146 190
146 192
146 201
146 212
146 222
146 225
147 149
147 101
147 102
147 105
147 106
147 108
147 111
147 113
147 114
147 116
147 118
147 122
147 123
147 124
147 126
147 162
147 171
147 172
147 174
147 179
147 182
147 190
147 191
147 192
147 221
148 102
148 103
148 105
148 106
148 108
148 109
148 112
148 113
148 117
148 119
148 121
148 122
148 123
148 124
148 126
148 127
148 168
148 190
148 192
148 197
148 206
149 101
149 106
149 108
149 111
149 115
149 116
149 118
149 122
149 124
149 125
149 126
149 153
149 215
100 102
100 104
100 105
100 106
100 107
100 110
100 115
100 117
100 118
100 123
100 155
100 175
100 243
101 105
101 109
101 115
101 123
101 125
101 126
101 167
101 170
101 177
101 180
101 209
102 103
102 104
102 106
102 107
102 111
102 117
102 120
102 124
102 165
102 187
102 206
102 214
102 235
102 236
103 108
103 109
103 111
103 112
103 114
103 120
103 123
103 126
103 216
103 222
103 238
104 105
104 107
104 112
104 114
104 116
104 118
104 122
104 123
104 124
104 189
104 193
105 107
105 108
105 109
105 114
105 115
105 116
105 118
105 121
105 126
105 127
105 160
105 188
105 194
106 107
106 112
106 113
106 115
106 121
106 122
106 123
106 164
106 171
106 217
107 110
107 113
107 115
107 116
107 123
107 150
107 154
107 180
107 199
107 204
107 237
108 112
108 117
108 119
108 121
108 166
108 172
108 174
108 175
108 179
109 113
109 114
109 117
109 118
109 123
109 127
109 150
109 162
109 167
109 192
109 211
109 238
110 117
110 120
110 122
110 125
110 126
110 230
111 112
111 114
111 115
111 121
111 122
111 177
111 197
111 199
111 235
112 113
112 114
112 116
112 121
112 122
112 123
112 124
112 127
112 179
112 217
112 242
112 244
113 114
113 116
113 118
113 124
113 151
113 176
113 183
113 185
113 187
113 204
113 212
113 216
113 218
114 115
114 117
114 118
114 122
114 125
114 126
114 154
114 174
114 176
114 184
114 215
114 224
114 245
115 120
115 121
115 122
115 124
115 127
115 158
115 233
116 117
116 118
116 121
116 122
116 123
116 124
116 125
116 126
116 163
116 167
116 201
116 210
117 119
117 120
117 121
117 172
117 220
118 122
118 123
118 124
118 127
118 208
118 214
118 220
118 230
118 238
118 241
119 121
119 123
119 124
119 155
119 183
119 192
119 210
119 248
120 124
120 125
120 127
120 154
120 158
120 163
120 179
120 182
120 215
120 224
120 239
120 249
121 124
121 126
121 127
121 156
121 171
121 177
121 193
121 226
121 235
122 123
122 125
122 126
122 127
123 125
123 126
123 150
123 162
123 170
123 181
123 188
123 223
123 239
124 127
124 158
124 166
124 170
124 190
124 199
124 228
124 237
125 126
125 127
125 158
125 200
125 205
126 164
126 176
126 217
126 245
127 150
127 152
127 156
127 162
127 211
127 223
127 229
127 233
150 152
150 154
150 155
150 156
150 159
150 160
150 161
150 163
150 165
150 166
150 167
150 170
150 172
150 173
150 178
150 180
150 181
150 183
150 186
150 187
150 188
150 190
150 194
150 195
150 199
151 153
151 157
151 160
151 162
151 163
151 166
151 167
151 170
151 171
151 174
151 175
151 179
151 181
151 183
151 184
151 185
151 188
151 195
151 196
151 198
151 204
151 238
151 248
152 156
152 157
152 158
152 162
152 165
152 166
152 168
152 171
152 172
152 177
152 179
152 180
152 181
152 182
152 184
152 190
152 191
152 192
152 196
152 197
152 224
153 155
153 160
153 162
153 163
153 167
153 169
153 171
153 174
153 176
153 179
153 180
153 181
153 183
153 185
153 186
153 187
153 189
153 193
153 199
153 203
153 231
153 238
154 156
154 157
154 158
154 159
154 163
154 167
154 168
154 170
154 172
154 173
154 176
154 185
154 189
154 191
154 192
154 193
154 195
154 196
154 199
154 200
154 213
154 243
155 156
155 157
155 159
155 165
155 168
155 171
155 172
155 175
155 179
155 181
155 185
155 186
155 192
155 196
155 198
155 199
155 202
155 214
156 158
156 159
156 160
156 167
156 168
156 169
156 171
156 173
156 174
156 176
156 178
156 183
156 184
156 185
156 188
156 189
156 191
156 197
156 198
156 204
156 207
156 219
156 233
157 160
157 162
157 163
157 165
157 166
157 167
157 169
157 170
157 172
157 173
157 175
157 176
157 181
157 182
157 183
157 184
157 186
157 187
157 188
157 192
157 194
157 195
157 198
157 205
157 222
158 160
158 161
158 162
158 165
158 167
158 169
158 170
158 171
158 173
158 175
158 176
158 177
158 178
158 179
158 186
158 190
158 191
158 192
158 195
158 198
158 222
159 162
159 163
159 167
159 168
159 169
159 172
159 173
159 176
159 179
159 184
159 192
159 241
159 244
160 162
160 163
160 164
160 167
160 170
160 171
160 172
160 175
160 182
160 189
160 193
160 197
160 198
160 221
160 240
161 162
161 172
161 173
161 174
161 176
161 186
161 187
161 188
161 190
161 191
161 193
161 195
161 199
161 208
161 223
161 236
161 238
161 240
162 167
162 172
162 173
162 174
162 175
162 179
162 181
162 182
162 184
162 186
162 188
162 189
162 191
162 192
162 193
162 196
162 199
162 207
162 235
163 165
163 166
163 170
163 171
163 172
163 174
163 176
163 177
163 178
163 180
163 181
163 182
163 183
163 185
163 192
163 196
163 211
163 241
163 246
164 165
164 167
164 168
164 174
164 175
164 176
164 177
164 178
164 179
164 180
164 183
164 187
164 189
164 190
164 192
164 193
164 194
164 198
164 199
164 231
164 246
165 166
165 168
165 169
165 172
165 174
165 175
165 176
165 177
165 178
165 179
165 180
165 183
165 186
165 188
165 189
165 190
165 191
165 193
165 194
165 196
165 197
165 198
165 199
165 200
165 212
165 232
166 170
166 173
166 174
166 175
166 177
166 179
166 182
166 186
166 188
166 190
166 191
166 193
166 197
166 210
166 211
167 168
167 169
167 170
167 171
167 175
167 178
167 180
167 185
167 188
167 189
167 190
167 222
167 233
167 236
168 169
168 171
168 172
168 174
168 177
168 178
168 182
168 183
168 184
168 185
168 188
168 191
168 195
168 198
168 199
169 170
169 172
169 173
169 176
169 180
169 181
169 187
169 189
169 191
169 192
169 193
169 196
169 197
169 232
170 175
170 179
170 180
170 183
170 185
170 186
170 187
170 189
170 190
170 193
170 194
170 197
170 232
170 239
171 173
171 174
171 177
171 180
171 182
171 186
171 187
171 188
171 189
171 191
171 192
171 195
171 196
171 198
171 199
171 213
171 219
171 235
172 173
172 174
172 176
172 178
172 181
172 184
172 185
172 188
172 189
172 190
172 194
172 195
172 198
172 210
172 229
173 177
173 185
173 187
173 188
173 190
173 192
173 195
173 197
173 198
173 199
173 237
173 245
174 177
174 184
174 186
174 187
174 190
174 191
174 193
174 197
174 198
174 199
174 236
174 247
175 181
175 183
175 184
175 185
175 188
175 189
175 190
175 193
175 197
175 233
175 244
176 181
176 183
176 187
176 188
176 189
176 194
176 196
176 199
176 232
176 233
176 240
176 246
177 178
177 180
177 182
177 189
177 190
177 191
177 195
177 197
177 198
177 199
177 200
177 230
177 246
178 179
178 181
178 182
178 191
178 194
178 195
178 198
178 205
178 219
178 241
178 244
179 180
179 183
179 188
179 192
179 193
179 195
179 198
179 240
179 243
180 181
180 184
180 188
180 189
180 190
180 193
180 207
180 237
180 242
181 182
181 184
181 188
181 191
181 193
181 194
181 195
181 197
181 226
181 237
181 247
182 183
182 186
182 187
182 192
182 196
182 198
182 209
182 226
182 242
183 184
183 185
183 186
183 188
183 189
183 190
183 192
183 193
183 196
183 199
183 214
183 231
183 238
183 239
184 186
184 188
184 189
184 190
184 197
184 198
184 199
184 229
185 186
185 191
185 193
185 194
185 197
185 206
185 216
185 239
185 242
185 249
186 188
186 190
186 195
186 199
186 207
186 242
187 188
187 189
187 192
187 195
187 196
187 197
187 249
188 191
188 192
188 193
188 194
188 196
188 207
188 216
188 232
188 248
189 190
189 191
189 195
189 196
189 197
189 198
189 199
189 203
189 222
189 236
190 192
190 194
190 196
190 198
190 202
190 230
190 237
191 192
191 193
191 194
191 195
191 197
191 199
191 205
191 215
191 238
191 247
192 194
192 195
192 198
192 236
193 195
193 198
193 199
193 246
194 196
194 198
194 246
195 198
195 236
195 240
196 198
196 237
196 243
197 199
197 201
197 206
197 216
198 199
198 204
198 242
198 249
199 201
199 244
200 204
200 208
200 210
200 212
200 219
200 220
200 223
200 226
200 227
200 230
200 234
200 236
200 237
200 239
200 249
201 204
201 207
201 209
201 210
201 211
201 213
201 214
201 217
201 219
201 223
201 224
201 227
201 228
201 233
201 235
201 237
201 242
201 243
201 244
201 245
201 246
201 247
201 249
202 205
202 209
202 216
202 217
202 220
202 222
202 228
202 231
202 236
202 238
202 239
202 240
202 246
202 247
202 248
203 211
203 214
203 217
203 220
203 222
203 223
203 233
203 239
203 240
203 242
203 244
203 246
203 248
204 211
204 219
204 220
204 223
204 224
204 225
204 227
204 228
204 230
204 235
204 236
204 241
204 243
204 246
205 216
205 218
205 224
205 226
205 230
205 233
205 238
205 239
205 240
205 242
205 243
205 244
205 248
205 249
206 207
206 210
206 215
206 217
206 221
206 224
206 225
206 228
206 229
206 235
206 240
206 244
206 245
206 246
207 212
207 217
207 219
207 220
207 223
207 226
207 227
207 228
207 233
207 236
207 237
207 238
207 239
207 240
207 242
207 245
207 249
208 215
208 217
208 218
208 219
208 226
208 229
208 230
208 232
208 234
208 235
208 240
208 241
208 242
208 243
208 244
208 245
208 247
209 210
209 212
209 213
209 215
209 217
209 219
209 220
209 222
209 223
209 225
209 226
209 228
209 229
209 232
209 233
209 237
209 244
209 248
210 216
210 217
210 219
210 221
210 223
210 224
210 229
210 230
210 231
210 232
210 235
210 239
210 240
210 241
210 244
210 249
211 213
211 215
211 217
211 218
211 224
211 225
211 227
211 228
211 229
211 241
211 242
211 244
211 245
211 248
212 213
212 215
212 218
212 226
212 229
212 230
212 233
212 238
212 239
212 241
212 243
212 247
212 248
213 222
213 223
213 224
213 225
213 226
213 228
213 230
213 233
213 236
213 238
213 239
213 241
213 245
213 248
214 217
214 219
214 220
214 222
214 225
214 227
214 230
214 232
214 236
214 237
214 241
214 244
214 248
215 216
215 218
215 222
215 223
215 225
215 226
215 227
215 228
215 230
215 234
215 244
215 246
215 247
215 248
216 217
216 219
216 226
216 227
216 228
216 235
216 237
216 240
216 242
216 245
216 246
216 248
216 249
217 218
217 223
217 224
217 225
217 229
217 230
217 232
217 237
217 238
217 239
217 242
217 245
217 246
217 248
217 249
218 220
218 221
218 226
218 227
218 229
218 230
218 232
218 233
218 234
218 237
218 240
218 242
218 243
218 248
219 221
219 223
219 224
219 231
219 234
219 235
219 237
219 240
219 242
219 247
219 249
220 221
220 222
220 223
220 224
220 225
220 227
220 228
220 234
220 242
220 245
220 246
220 248
221 223
221 224
221 225
221 228
221 229
221 231
221 232
221 235
221 237
221 240
221 243
221 244
222 223
222 225
222 226
222 228
222 231
222 232
222 233
222 235
222 237
222 238
222 242
222 243
222 246
223 224
223 225
223 227
223 228
223 231
223 235
223 237
223 241
223 242
223 243
223 245
223 246
223 248
223 249
224 225
224 226
224 232
224 239
224 243
224 244
224 245
224 246
225 226
225 230
225 231
225 232
225 235
225 241
225 242
225 244
225 245
225 246
225 248
226 227
226 230
226 232
226 234
226 237
226 239
226 240
226 243
226 244
226 247
226 249
227 228
227 229
227 230
227 237
227 239
227 240
227 243
227 244
227 249
228 230
228 231
228 234
228 235
228 238
228 239
228 242
228 245
228 246
229 231
229 234
229 238
229 241
229 243
229 244
229 246
229 249
230 232
230 234
230 237
230 238
230 239
230 242
230 244
230 247
230 249
231 234
231 235
231 237
231 239
231 240
231 243
231 246
231 247
231 248
232 237
232 238
232 241
232 242
232 245
232 246
232 247
232 249
233 235
233 241
233 242
233 244
233 245
233 246
233 248
233 249
234 235
234 238
234 243
234 245
235 239
235 240
235 245
235 246
235 247
235 249
236 238
236 241
236 242
236 243
236 245
236 247
236 249
237 238
237 242
237 243
237 246
237 247
238 239
238 246
238 249
239 240
239 248
240 242
240 245
240 247
240 249
241 243
241 244
241 246
241 248
242 246
243 245
243 246
243 248
243 249
244 245
245 246
246 247
247 249
