0 1
0 2
0 5
0 6
0 8
0 9
0 13
0 15
0 17
0 18
0 20
0 25
0 26
0 33
0 35
0 36
0 38
0 39
0 41
0 44
0 45
0 49
0 209
1 3
1 6
1 7
1 8
1 14
1 16
1 17
1 18
1 20
1 24
1 26
1 30
1 31
1 32
1 33
1 35
1 40
1 44
1 46
1 63
1 140
1 213
2 3
2 4
2 5
2 6
2 8
2 9
2 10
2 12
2 16
2 22
2 24
2 25
2 27
2 30
2 34
2 35
2 37
2 39
2 41
2 42
2 46
2 47
2 49
2 97
2 117
3 9
3 11
3 12
3 13
3 14
3 15
3 16
3 18
3 20
3 21
3 23
3 26
3 27
3 28
3 29
3 31
3 32
3 33
3 38
3 40
3 41
3 42
3 142
3 119
3 195
3 203
4 8
4 11
4 13
4 16
4 17
4 19
4 20
4 21
4 22
4 26
4 29
4 30
4 36
4 37
4 38
4 44
4 46
4 49
4 59
4 144
4 197
5 6
5 8
5 9
5 13
5 14
5 15
5 17
5 18
5 21
5 22
5 23
5 26
5 29
5 32
5 33
5 34
5 36
5 38
5 39
5 40
5 45
5 49
5 132
5 216
5 239
6 9
6 10
6 11
6 12
6 13
6 14
6 15
6 16
6 18
6 19
6 20
6 21
6 23
6 26
6 31
6 34
6 35
6 36
6 37
6 41
6 42
6 43
6 46
6 49
6 178
7 8
7 12
7 13
7 14
7 15
7 20
7 22
7 23
7 25
7 26
7 27
7 28
7 29
7 30
7 38
7 39
7 41
7 43
7 44
7 46
7 48
7 52
7 61
7 159
7 209
8 11
8 12
8 13
8 14
8 16
8 17
8 18
8 19
8 20
8 24
8 26
8 27
8 31
8 37
8 38
8 39
8 40
8 42
8 45
8 46
8 47
8 48
8 49
8 111
8 158
8 172
8 219
9 10
9 11
9 14
9 15
9 18
9 20
9 21
9 22
9 24
9 25
9 26
9 29
9 30
9 31
9 32
9 35
9 41
9 42
9 43
9 45
9 46
9 47
9 49
9 51
9 59
9 120
9 201
10 11
10 12
10 13
10 16
10 18
10 20
10 26
10 27
10 28
10 29
10 35
10 38
10 39
10 40
10 41
10 44
10 45
10 147
11 12
11 13
11 15
11 16
11 17
11 20
11 22
11 25
11 26
11 27
11 29
11 33
11 35
11 38
11 40
11 43
11 45
11 48
11 49
11 87
11 128
11 119
11 171
12 15
12 17
12 21
12 25
12 26
12 27
12 28
12 29
12 30
12 31
12 36
12 39
12 40
12 44
12 45
12 47
12 48
12 88
12 234
13 14
13 17
13 18
13 19
13 21
13 22
13 24
13 26
13 27
13 28
13 29
13 33
13 35
13 36
13 43
13 45
13 79
13 181
13 237
13 239
13 244
14 15
14 16
14 17
14 21
14 23
14 25
14 32
14 33
14 34
14 38
14 41
14 42
14 47
14 48
14 49
14 60
14 118
15 16
15 17
15 19
15 20
15 22
15 23
15 24
15 25
15 30
15 33
15 35
15 40
15 42
15 44
15 46
15 47
15 211
16 17
16 23
16 24
16 25
16 27
16 29
16 31
16 34
16 35
16 38
16 39
16 40
16 42
16 45
16 138
16 157
16 179
17 18
17 25
17 28
17 30
17 32
17 33
17 38
17 39
17 41
17 43
17 135
17 236
18 25
18 26
18 27
18 28
18 30
18 31
18 32
18 33
18 35
18 40
18 41
18 42
18 43
18 45
18 46
18 47
18 49
18 96
18 197
19 20
19 22
19 24
19 28
19 30
19 32
19 35
19 36
19 37
19 39
19 40
19 41
19 43
19 45
19 46
19 48
19 49
19 80
19 154
20 22
20 23
20 28
20 30
20 35
20 36
20 37
20 38
20 40
20 41
20 42
20 43
20 44
20 45
20 48
20 87
21 27
21 29
21 31
21 34
21 35
21 36
21 38
21 39
21 40
21 43
21 44
21 47
21 48
21 49
22 24
22 25
22 27
22 28
22 30
22 31
22 33
22 36
22 38
22 39
22 40
22 43
22 46
22 48
22 136
22 117
22 202
23 24
23 25
23 27
23 28
23 29
23 30
23 31
23 32
23 34
23 38
23 41
23 43
23 44
23 45
23 47
23 48
23 97
23 114
24 36
24 38
24 39
24 42
24 43
24 46
24 47
24 61
24 81
24 113
24 125
25 26
25 27
25 28
25 29
25 30
25 31
25 33
25 34
25 35
25 38
25 39
25 41
25 42
25 43
25 44
25 46
25 47
25 69
25 76
25 128
25 199
26 27
26 28
26 30
26 31
26 34
26 35
26 36
26 37
26 38
26 41
26 47
26 48
26 49
26 54
26 128
26 138
26 114
26 119
26 213
26 236
27 29
27 32
27 33
27 35
27 36
27 37
27 40
27 41
27 43
27 44
27 46
27 49
27 82
27 111
27 117
28 30
28 31
28 32
28 33
28 35
28 37
28 38
28 39
28 40
28 43
28 45
28 47
28 48
28 135
28 143
28 125
28 159
29 31
29 32
29 36
29 39
29 40
29 41
29 43
29 46
29 49
29 99
29 161
30 35
30 38
30 45
30 46
30 49
31 32
31 35
31 38
31 39
31 40
31 42
31 43
31 44
31 47
31 49
31 102
31 165
32 33
32 34
32 35
32 36
32 39
32 40
32 41
32 42
32 43
32 44
32 48
32 49
32 67
32 71
32 119
32 121
33 37
33 38
33 39
33 40
33 42
33 43
33 45
33 49
33 92
33 103
34 38
34 39
34 41
34 44
34 46
34 47
34 49
34 130
34 141
35 37
35 39
35 43
35 47
35 219
35 234
36 37
36 38
36 40
36 42
36 45
36 47
36 48
36 49
36 110
37 39
37 44
37 45
37 46
37 47
37 48
37 49
37 178
37 184
38 40
38 41
38 43
38 44
38 47
38 48
38 49
38 81
38 92
39 45
39 46
39 48
39 194
39 245
40 43
40 44
40 47
40 48
40 49
40 167
41 47
41 48
41 152
41 174
42 44
42 47
43 44
43 45
43 47
43 50
44 45
44 46
44 48
44 49
45 46
45 47
46 78
46 174
46 216
47 48
47 49
48 231
49 135
49 228
50 53
50 54
50 55
50 56
50 57
50 58
50 61
50 63
50 65
50 66
50 68
50 69
50 70
50 73
50 74
50 75
50 76
50 79
50 80
50 81
50 83
50 84
50 86
50 87
50 92
50 93
50 94
50 97
50 99
50 146
50 104
50 172
51 52
51 55
51 60
51 62
51 63
51 68
51 70
51 71
51 74
51 76
51 78
51 79
51 80
51 82
51 83
51 84
51 86
51 87
51 90
51 94
51 99
52 55
52 57
52 60
52 61
52 62
52 64
52 66
52 69
52 76
52 77
52 78
52 79
52 80
52 82
52 85
52 86
52 87
52 90
52 92
52 93
52 96
52 97
52 98
52 99
52 126
52 158
52 163
53 54
53 56
53 58
53 60
53 63
53 65
53 68
53 69
53 71
53 73
53 77
53 79
53 80
53 81
53 82
53 86
53 87
53 88
53 93
53 96
53 97
53 98
53 169
53 207
54 55
54 56
54 58
54 61
54 62
54 65
54 68
54 70
54 71
54 72
54 73
54 74
54 76
54 77
54 79
54 81
54 82
54 83
54 84
54 86
54 87
54 91
54 94
54 95
54 96
54 97
54 98
54 99
54 139
55 56
55 58
55 59
55 60
55 61
55 62
55 64
55 67
55 68
55 69
55 74
55 76
55 78
55 79
55 81
55 82
55 83
55 85
55 87
55 88
55 89
55 90
55 94
55 97
55 98
56 57
56 59
56 60
56 61
56 62
56 63
56 64
56 66
56 68
56 69
56 70
56 71
56 74
56 76
56 79
56 84
56 85
56 87
56 89
56 90
56 91
56 93
56 94
56 99
56 178
57 58
57 59
57 62
57 63
57 64
57 65
57 66
57 67
57 68
57 72
57 73
57 77
57 80
57 81
57 82
57 87
57 92
57 94
57 96
57 99
57 141
57 208
57 221
57 243
58 59
58 63
58 66
58 70
58 71
58 72
58 74
58 75
58 76
58 77
58 78
58 79
58 81
58 82
58 83
58 85
58 87
58 90
58 97
58 98
58 99
58 118
58 180
59 60
59 62
59 64
59 72
59 73
59 74
59 75
59 77
59 78
59 79
59 83
59 84
59 86
59 96
59 144
59 212
60 62
60 63
60 64
60 67
60 69
60 71
60 75
60 77
60 78
60 79
60 80
60 81
60 86
60 88
60 89
60 91
60 92
60 94
60 95
60 96
60 208
61 64
61 65
61 70
61 74
61 75
61 76
61 77
61 78
61 79
61 80
61 82
61 83
61 84
61 87
61 88
61 90
61 92
61 93
61 99
61 135
61 201
62 65
62 70
62 73
62 75
62 76
62 78
62 80
62 88
62 92
62 94
62 96
62 97
62 178
63 68
63 70
63 71
63 72
63 73
63 74
63 75
63 78
63 82
63 83
63 84
63 85
63 86
63 87
63 88
63 89
63 91
63 93
63 97
63 98
63 99
63 140
63 160
63 209
63 227
64 65
64 66
64 68
64 69
64 71
64 73
64 74
64 76
64 82
64 86
64 89
64 90
64 91
64 93
64 94
64 95
64 96
65 67
65 68
65 69
65 70
65 71
65 73
65 75
65 80
65 84
65 85
65 86
65 87
65 88
65 89
65 90
65 94
65 95
65 96
65 98
65 99
66 67
66 69
66 70
66 72
66 73
66 74
66 76
66 79
66 81
66 82
66 83
66 85
66 87
66 89
66 92
66 96
66 99
66 127
67 68
67 69
67 70
67 71
67 73
67 75
67 76
67 79
67 80
67 82
67 85
67 87
67 90
67 93
67 96
67 97
67 98
67 99
67 160
67 172
67 174
67 243
68 70
68 73
68 74
68 79
68 80
68 82
68 83
68 84
68 85
68 86
68 90
68 91
68 92
68 93
68 94
68 96
68 98
68 99
68 134
68 144
68 220
69 70
69 71
69 73
69 75
69 76
69 77
69 78
69 87
69 88
69 90
69 91
69 92
69 93
69 94
69 95
69 96
69 98
70 71
70 77
70 78
70 81
70 82
70 83
70 85
70 87
70 88
70 92
70 93
70 94
70 99
71 73
71 75
71 80
71 81
71 85
71 87
71 88
71 90
71 94
71 97
71 98
71 99
71 136
71 142
71 148
71 184
71 194
72 74
72 75
72 78
72 82
72 84
72 85
72 87
72 89
72 90
72 92
72 93
72 95
72 96
72 97
72 98
72 143
72 117
72 178
72 194
72 249
73 74
73 75
73 76
73 77
73 80
73 81
73 82
73 85
73 87
73 92
73 94
73 97
73 98
73 99
74 75
74 76
74 77
74 80
74 81
74 82
74 83
74 84
74 85
74 87
74 88
74 90
74 93
74 94
74 96
74 98
74 99
75 76
75 78
75 79
75 81
75 83
75 86
75 89
75 90
75 92
75 93
75 94
75 96
75 98
75 99
76 81
76 82
76 84
76 85
76 86
76 91
76 92
76 94
76 96
77 78
77 79
77 80
77 81
77 82
77 83
77 85
77 88
77 90
77 92
77 93
77 94
77 95
77 99
77 116
77 223
77 246
78 79
78 80
78 82
78 84
78 85
78 86
78 88
78 89
78 90
78 94
78 97
78 98
78 99
78 205
79 83
79 84
79 85
79 86
79 87
79 93
79 94
79 95
79 96
79 98
79 126
80 81
80 82
80 84
80 85
80 87
80 91
80 92
80 93
80 94
80 96
80 97
80 98
81 83
81 86
81 87
81 88
81 89
81 90
81 91
81 92
81 94
81 95
81 96
81 98
82 83
82 86
82 87
82 88
82 91
82 92
82 94
82 95
82 96
82 132
82 143
82 102
83 88
83 89
83 92
83 94
83 95
83 140
83 201
84 93
84 94
84 95
84 96
85 87
85 88
85 89
85 90
85 91
85 92
85 98
85 99
85 102
85 196
86 89
86 90
86 91
86 92
86 93
86 94
86 98
86 99
86 125
86 152
87 88
87 89
87 91
87 92
87 94
87 95
87 96
87 97
87 98
87 122
87 155
87 216
87 227
88 90
88 92
88 94
88 147
88 107
89 90
89 91
89 92
89 93
89 94
89 96
89 97
89 98
89 99
89 156
89 201
89 202
90 91
90 93
90 97
90 98
90 99
91 93
91 96
91 99
91 229
92 93
92 94
92 96
92 97
92 99
93 95
93 96
93 97
93 98
93 99
93 185
94 95
95 97
95 98
95 165
95 214
97 99
97 140
98 231
99 179
128 130
128 131
128 134
128 136
128 137
128 140
128 143
128 145
128 146
128 147
128 148
128 100
128 102
128 103
128 104
128 105
128 106
128 107
128 108
128 109
128 110
128 112
128 113
128 115
128 116
128 117
128 121
128 122
128 170
129 130
129 131
129 132
129 133
129 134
129 137
129 138
129 139
129 140
129 141
129 142
129 143
129 144
129 145
129 148
129 149
129 102
129 103
129 104
129 105
129 107
129 112
129 114
129 115
129 117
129 118
129 120
129 121
129 122
129 123
129 124
129 125
129 127
129 162
129 190
130 131
130 132
130 133
130 135
130 141
130 142
130 145
130 146
130 147
130 148
130 100
130 101
130 105
130 107
130 108
130 110
130 112
130 116
130 117
130 118
130 120
130 124
130 126
130 127
130 223
130 235
131 132
131 135
131 136
131 138
131 140
131 141
131 142
131 149
131 100
131 102
131 103
131 104
131 110
131 112
131 115
131 117
131 119
131 120
131 121
131 122
131 123
131 124
131 125
131 126
131 178
131 220
132 133
132 137
132 140
132 102
132 103
132 105
132 106
132 107
132 113
132 114
132 117
132 122
132 124
132 125
132 150
133 139
133 141
133 142
133 143
133 145
133 147
133 149
133 100
133 103
133 105
133 106
133 109
133 111
133 112
133 116
133 118
133 119
133 120
133 121
133 122
133 126
134 136
134 137
134 139
134 140
134 141
134 144
134 145
134 146
134 149
134 100
134 102
134 103
134 104
134 107
134 108
134 109
134 110
134 111
134 112
134 114
134 115
134 117
134 118
134 120
134 123
134 126
134 217
135 136
135 138
135 139
135 140
135 142
135 143
135 144
135 145
135 148
135 100
135 101
135 103
135 105
135 107
135 108
135 115
135 117
135 120
135 124
135 125
135 127
136 138
136 139
136 142
136 143
136 145
136 149
136 100
136 102
136 105
136 108
136 110
136 111
136 115
136 116
136 122
136 126
136 202
136 213
137 138
137 139
137 141
137 142
137 143
137 144
137 146
137 147
137 148
137 149
137 101
137 102
137 104
137 105
137 106
137 108
137 109
137 110
137 112
137 114
137 115
137 116
137 118
137 123
137 125
137 127
137 153
137 187
137 245
138 140
138 141
138 142
138 144
138 145
138 149
138 103
138 104
138 105
138 110
138 112
138 116
138 117
138 119
138 120
138 123
138 124
138 171
138 232
139 140
139 143
139 144
139 147
139 149
139 100
139 101
139 102
139 109
139 111
139 112
139 113
139 116
139 119
139 120
139 122
139 123
139 126
140 141
140 143
140 144
140 145
140 146
140 147
140 148
140 149
140 100
140 101
140 103
140 106
140 107
140 108
140 110
140 111
140 112
140 113
140 115
140 116
140 117
140 120
140 121
140 122
140 123
140 125
140 127
140 203
141 142
141 147
141 148
141 101
141 106
141 107
141 108
141 111
141 113
141 114
141 116
141 118
141 119
141 120
141 123
141 126
141 127
141 168
142 144
142 147
142 148
142 149
142 103
142 105
142 106
142 107
142 109
142 110
142 112
142 116
142 117
142 120
142 121
142 122
142 126
142 127
143 145
143 100
143 101
143 102
143 105
143 108
143 110
143 111
143 116
143 117
143 123
143 124
143 125
144 145
144 146
144 148
144 103
144 106
144 107
144 110
144 113
144 116
144 117
144 119
144 120
144 122
144 123
144 124
144 126
144 225
144 236
145 146
145 147
145 148
145 149
145 100
145 103
145 105
145 107
145 109
145 112
145 113
145 114
145 115
145 116
145 117
145 118
145 122
146 147
146 149
146 100
146 102
146 103
146 104
146 105
146 106
146 107
146 111
146 113
146 114
146 116
146 117
146 118
146 119
146 121
146 123
146 124
146 125
146 151
146 178
147 149
147 103
147 107
147 108
147 110
147 111
147 112
147 113
147 114
147 115
147 119
147 127
148 149
148 102
148 103
148 106
148 109
148 112
148 115
148 118
148 122
148 124
148 125
148 126
148 127
149 100
149 103
149 105
149 106
149 107
149 108
149 109
149 110
149 111
149 113
149 114
149 116
149 117
149 121
149 122
149 126
149 127
100 101
100 102
100 104
100 105
100 108
100 110
100 114
100 117
100 121
100 123
100 124
100 160
101 102
101 105
101 108
101 109
101 110
101 111
101 112
101 113
101 115
101 117
101 118
101 120
101 122
101 123
101 124
101 126
101 215
101 229
102 103
102 104
102 108
102 111
102 116
102 119
102 120
102 121
102 123
102 125
102 126
103 104
103 105
103 108
103 111
103 114
103 116
103 117
103 123
103 124
103 126
103 127
104 105
104 106
104 107
104 109
104 110
104 111
104 116
104 118
104 119
104 120
104 121
104 123
104 124
104 127
105 107
105 108
105 109
105 112
105 114
105 117
105 119
105 120
105 121
105 123
105 125
106 108
106 111
106 114
106 115
106 118
106 120
106 122
106 123
106 124
106 127
107 108
107 109
107 110
107 112
107 115
107 116
107 117
107 121
107 122
107 123
107 124
107 127
108 111
108 113
108 115
108 117
108 118
108 121
108 123
108 124
108 126
109 110
109 111
109 112
109 114
109 115
109 116
109 117
109 118
109 119
109 120
109 121
109 124
109 125
109 126
110 111
110 115
110 116
110 117
110 118
110 120
110 121
110 124
111 113
111 114
111 115
111 118
111 120
111 121
111 125
111 127
112 113
112 114
112 116
112 118
112 119
112 122
112 123
112 229
113 116
113 119
113 120
113 121
113 123
113 125
113 126
114 119
114 120
114 122
114 123
114 126
114 127
114 226
115 116
115 117
115 119
115 123
115 126
116 118
116 120
116 121
116 124
116 125
116 158
116 182
117 119
117 122
117 125
118 119
118 121
118 122
118 124
118 248
119 120
119 121
119 123
119 125
120 126
120 127
120 154
120 192
121 122
121 126
121 175
122 127
123 124
123 125
123 220
124 125
124 127
125 127
125 233
127 191
127 197
150 156
150 157
150 158
150 160
150 161
150 163
150 166
150 167
150 168
150 169
150 171
150 172
150 174
150 176
150 178
150 179
150 180
150 181
150 183
150 184
150 188
150 191
150 192
150 195
150 196
150 217
151 156
151 159
151 162
151 164
151 167
151 168
151 169
151 170
151 174
151 175
151 181
151 183
151 184
151 187
151 190
151 191
151 192
151 193
151 198
152 155
152 156
152 158
152 159
152 161
152 162
152 163
152 165
152 167
152 168
152 170
152 172
152 175
152 176
152 179
152 181
152 183
152 184
152 186
152 190
152 191
152 192
152 193
152 194
152 195
152 197
152 199
152 243
153 154
153 155
153 156
153 158
153 161
153 162
153 166
153 167
153 168
153 170
153 172
153 173
153 175
153 177
153 180
153 181
153 184
153 186
153 188
153 189
153 190
153 193
153 195
153 196
153 198
153 199
153 224
153 238
154 156
154 160
154 161
154 164
154 167
154 173
154 174
154 175
154 177
154 180
154 184
154 185
154 192
154 193
154 195
154 196
154 198
155 157
155 160
155 161
155 164
155 165
155 169
155 172
155 173
155 174
155 175
155 176
155 178
155 179
155 181
155 183
155 189
155 192
155 193
155 194
155 195
155 196
155 197
155 199
155 243
156 158
156 159
156 164
156 165
156 168
156 170
156 173
156 176
156 178
156 179
156 183
156 184
156 185
156 190
156 191
156 192
156 193
156 194
156 195
156 196
156 199
156 214
157 158
157 159
157 165
157 167
157 169
157 171
157 172
157 174
157 175
157 179
157 181
157 182
157 183
157 184
157 185
157 186
157 187
157 188
157 194
157 218
158 159
158 160
158 161
158 162
158 168
158 169
158 170
158 171
158 172
158 173
158 175
158 177
158 179
158 183
158 184
158 185
158 189
158 192
158 193
158 195
158 196
158 197
158 198
158 199
159 163
159 167
159 168
159 169
159 171
159 173
159 174
159 176
159 179
159 181
159 182
159 183
159 185
159 186
159 188
159 189
159 190
159 191
159 192
159 195
159 197
160 164
160 165
160 166
160 167
160 171
160 172
160 175
160 178
160 180
160 181
160 182
160 185
160 187
160 188
160 189
160 190
160 191
160 192
160 195
160 198
160 199
160 235
161 164
161 167
161 168
161 169
161 170
161 172
161 173
161 175
161 177
161 183
161 185
161 188
161 189
161 191
161 193
161 196
161 197
161 198
161 199
162 164
162 165
162 166
162 167
162 168
162 172
162 173
162 176
162 177
162 178
162 179
162 180
162 181
162 182
162 187
162 189
162 190
162 194
162 199
163 164
163 165
163 167
163 172
163 173
163 174
163 177
163 178
163 180
163 182
163 183
163 187
163 188
163 190
163 192
163 193
163 197
163 205
164 168
164 169
164 171
164 172
164 177
164 180
164 181
164 182
164 183
164 186
164 188
164 190
164 192
164 193
164 194
164 196
164 239
165 170
165 171
165 172
165 176
165 178
165 179
165 184
165 185
165 186
165 188
165 197
165 199
165 243
166 169
166 170
166 174
166 175
166 177
166 178
166 183
166 185
166 189
166 192
166 193
166 194
166 195
166 196
166 197
166 198
167 168
167 171
167 175
167 177
167 180
167 181
167 182
167 183
167 185
167 187
167 189
167 190
167 192
167 194
167 195
167 196
167 198
167 247
168 170
168 174
168 175
168 176
168 178
168 179
168 180
168 181
168 182
168 184
168 186
168 187
168 188
168 189
168 192
168 198
168 243
169 170
169 171
169 172
169 174
169 175
169 176
169 177
169 183
169 185
169 188
169 189
169 190
169 193
169 195
169 197
169 198
169 199
170 171
170 172
170 173
170 176
170 178
170 179
170 181
170 182
170 183
170 184
170 186
170 189
170 191
170 194
170 197
170 198
171 172
171 174
171 175
171 177
171 178
171 179
171 182
171 184
171 186
171 187
171 188
171 191
171 197
171 198
172 173
172 175
172 176
172 177
172 178
172 179
172 180
172 181
172 182
172 183
172 185
172 188
172 189
172 193
172 198
172 199
173 175
173 177
173 180
173 181
173 182
173 183
173 184
173 185
173 186
173 188
173 190
173 191
173 192
173 193
173 196
173 198
173 199
173 222
174 176
174 177
174 178
174 179
174 180
174 183
174 185
174 187
174 188
174 190
174 191
174 193
174 194
174 197
174 199
175 176
175 178
175 180
175 182
175 183
175 185
175 186
175 187
175 189
175 190
175 191
175 194
175 195
175 196
175 197
175 199
176 177
176 178
176 179
176 181
176 183
176 184
176 187
176 194
176 199
177 179
177 182
177 183
177 185
177 186
177 190
177 192
177 194
177 195
177 198
177 199
177 217
177 221
177 225
178 179
178 180
178 181
178 186
178 189
178 191
178 192
178 193
178 194
178 196
178 199
179 180
179 184
179 185
179 186
179 187
179 192
179 193
179 194
179 195
179 197
179 199
180 182
180 183
180 184
180 185
180 188
180 193
180 194
180 195
180 197
180 198
180 199
180 230
181 183
181 184
181 185
181 186
181 196
181 197
181 198
181 199
182 183
182 185
182 193
182 195
182 196
182 198
182 199
182 221
183 184
183 189
183 190
183 192
183 193
183 194
183 195
183 196
183 198
184 185
184 186
184 187
184 188
184 189
184 190
184 191
184 192
184 193
184 194
184 195
184 196
184 199
184 238
184 240
185 186
185 187
185 188
185 189
185 190
185 194
185 195
185 196
185 197
185 198
185 215
186 189
186 190
186 192
186 194
186 198
186 199
187 189
187 191
187 195
187 198
188 189
188 190
188 191
188 192
188 194
188 196
188 197
188 199
189 191
189 193
189 195
190 191
190 196
190 199
191 194
191 196
192 193
192 194
192 196
192 198
192 199
194 198
194 199
194 207
195 196
195 198
195 199
196 197
197 198
197 199
198 217
198 236
198 242
200 201
200 202
200 203
200 205
200 207
200 209
200 210
200 211
200 212
200 213
200 214
200 216
200 218
200 219
200 220
200 221
200 224
200 225
200 228
200 235
200 239
200 240
200 242
200 243
200 244
200 245
200 246
200 248
201 204
201 205
201 209
201 210
201 216
201 217
201 220
201 224
201 225
201 226
201 227
201 229
201 230
201 232
201 237
201 238
201 239
201 241
201 243
201 245
201 246
201 249
202 203
202 204
202 206
202 208
202 209
202 211
202 212
202 213
202 214
202 216
202 218
202 222
202 223
202 224
202 226
202 227
202 231
202 232
202 233
202 234
202 235
202 238
202 241
202 244
202 246
203 204
203 205
203 208
203 209
203 212
203 213
203 214
203 215
203 216
203 217
203 218
203 219
203 220
203 221
203 222
203 225
203 229
203 230
203 231
203 235
203 237
203 238
203 240
203 241
203 242
203 243
203 249
204 205
204 209
204 210
204 214
204 215
204 216
204 217
204 220
204 223
204 226
204 228
204 229
204 231
204 233
204 235
204 237
204 238
204 239
204 241
204 242
204 243
204 244
204 245
204 246
204 248
204 249
205 206
205 208
205 211
205 214
205 215
205 217
205 220
205 221
205 224
205 225
205 226
205 228
205 229
205 233
205 238
205 239
205 240
205 241
205 245
205 249
206 208
206 213
206 216
206 219
206 220
206 221
206 222
206 223
206 228
206 229
206 230
206 232
206 233
206 234
206 235
206 237
206 239
206 240
206 243
206 245
206 246
207 216
207 221
207 223
207 227
207 234
207 235
207 236
207 240
207 242
207 245
207 246
207 248
208 209
208 210
208 212
208 219
208 220
208 222
208 223
208 224
208 226
208 228
208 229
208 231
208 233
208 235
208 237
208 239
208 242
208 243
208 244
208 248
208 249
209 211
209 215
209 216
209 218
209 220
209 221
209 222
209 226
209 228
209 230
209 240
209 241
209 242
209 245
209 249
210 211
210 212
210 214
210 221
210 222
210 223
210 224
210 226
210 230
210 231
210 232
210 235
210 238
210 239
210 240
210 242
210 248
210 249
211 213
211 214
211 215
211 218
211 219
211 220
211 221
211 222
211 223
211 224
211 225
211 226
211 230
211 231
211 232
211 234
211 235
211 237
211 239
211 240
211 241
211 248
211 249
212 215
212 216
212 217
212 221
212 225
212 228
212 231
212 235
212 237
212 238
212 243
212 246
212 248
213 216
213 220
213 221
213 222
213 223
213 225
213 227
213 228
213 231
213 233
213 235
213 240
213 241
213 242
213 243
213 247
213 248
213 249
214 217
214 218
214 219
214 221
214 224
214 225
214 226
214 227
214 228
214 230
214 231
214 232
214 233
214 237
214 239
214 241
214 245
214 246
215 217
215 218
215 219
215 220
215 221
215 222
215 223
215 224
215 226
215 228
215 230
215 233
215 237
215 238
215 240
215 244
215 249
216 219
216 222
216 227
216 229
216 230
216 232
216 236
216 237
216 239
216 240
216 245
216 246
216 248
216 249
217 220
217 222
217 226
217 228
217 229
217 230
217 232
217 233
217 234
217 236
217 240
217 242
217 244
217 247
217 249
218 221
218 222
218 225
218 226
218 229
218 230
218 231
218 233
218 235
218 238
218 239
218 240
218 241
218 242
218 244
218 246
218 247
218 248
219 223
219 224
219 226
219 228
219 229
219 233
219 234
219 235
219 238
219 239
219 240
219 242
219 247
219 248
220 223
220 226
220 227
220 230
220 232
220 233
220 235
220 237
220 239
220 242
220 243
220 245
220 248
221 222
221 223
221 225
221 227
221 230
221 233
221 235
221 237
221 240
221 241
221 243
221 244
221 245
221 247
222 224
222 225
222 229
222 231
222 234
222 235
222 236
222 239
222 240
222 241
222 242
222 243
222 247
222 248
222 249
223 224
223 225
223 226
223 228
223 229
223 233
223 235
223 237
223 238
223 240
223 243
223 247
223 248
223 249
224 225
224 226
224 229
224 231
224 232
224 233
224 234
224 235
224 237
224 238
224 240
224 242
224 244
224 246
224 248
225 229
225 232
225 234
225 236
225 237
225 238
225 239
225 241
225 242
225 243
225 244
225 245
225 248
226 227
226 230
226 233
226 235
226 236
226 237
226 238
226 240
226 241
226 246
227 229
227 230
227 231
227 232
227 233
227 235
227 239
227 240
227 243
227 245
227 246
227 247
227 249
228 231
228 232
228 233
228 234
228 236
228 238
228 239
228 240
228 241
228 242
228 244
228 245
228 248
229 230
229 231
229 233
229 234
229 236
229 238
229 241
229 245
229 246
229 247
230 231
230 233
230 235
230 236
230 237
230 239
230 241
230 244
230 248
230 249
231 233
231 235
231 242
231 244
231 245
231 246
231 247
231 248
232 235
232 237
232 238
232 240
232 241
232 242
232 249
233 234
233 239
233 240
233 245
234 236
234 237
234 238
234 240
234 241
234 242
234 245
234 248
235 237
235 239
235 243
235 246
236 246
236 249
237 238
237 245
237 246
237 249
238 244
238 246
238 249
239 240
239 242
239 245
239 246
239 248
240 241
240 243
240 244
240 245
240 246
240 247
240 248
240 249
241 248
241 249
242 243
242 247
242 249
243 246
243 247
243 248
244 245
244 246
244 249
245 246
245 248
246 247
246 249
248 249
