0 4
0 5
0 7
0 8
0 11
0 12
0 13
0 14
0 15
0 17
0 18
0 21
0 23
0 26
0 29
0 30
0 33
0 35
0 38
0 39
0 41
0 43
0 46
0 51
0 68
0 72
0 83
0 97
0 98
0 130
0 131
0 133
0 135
0 144
0 158
0 170
0 192
0 194
0 200
0 204
0 214
0 217
0 221
0 231
1 5
1 6
1 7
1 12
1 14
1 15
1 20
1 21
1 26
1 27
1 32
1 34
1 37
1 38
1 40
1 43
1 44
1 47
1 48
1 49
1 70
1 140
1 101
1 104
1 118
1 154
1 159
1 179
1 190
1 191
1 194
1 213
1 221
1 230
1 235
1 236
1 238
1 247
2 5
2 13
2 16
2 17
2 18
2 20
2 21
2 22
2 24
2 37
2 42
2 43
2 44
2 45
2 46
2 47
2 49
2 74
2 80
2 82
2 85
2 91
2 131
2 141
2 144
2 103
2 110
2 121
2 164
2 167
2 174
2 186
2 199
2 202
2 206
2 209
2 214
2 218
2 219
2 238
2 249
3 5
3 7
3 8
3 10
3 11
3 12
3 13
3 15
3 18
3 21
3 22
3 23
3 25
3 26
3 28
3 30
3 34
3 35
3 37
3 40
3 41
3 44
3 49
3 52
3 55
3 69
3 71
3 80
3 95
3 132
3 140
3 105
3 121
3 152
3 159
3 161
3 186
3 195
3 198
3 208
3 213
3 214
3 228
3 235
3 238
3 242
4 5
4 7
4 9
4 12
4 13
4 19
4 22
4 25
4 26
4 27
4 31
4 33
4 34
4 36
4 37
4 38
4 41
4 47
4 48
4 49
4 53
4 74
4 76
4 77
4 78
4 79
4 86
4 88
4 129
4 146
4 148
4 107
4 108
4 165
4 173
4 179
4 208
4 221
4 224
4 225
4 227
4 238
4 241
4 242
4 245
5 12
5 13
5 14
5 15
5 19
5 20
5 22
5 25
5 32
5 36
5 37
5 38
5 40
5 43
5 46
5 47
5 49
5 53
5 65
5 73
5 128
5 130
5 103
5 109
5 123
5 169
5 180
5 200
5 227
5 236
5 237
6 9
6 10
6 11
6 14
6 21
6 22
6 23
6 25
6 26
6 28
6 30
6 31
6 33
6 34
6 35
6 38
6 39
6 42
6 43
6 46
6 49
6 62
6 129
6 145
6 101
6 105
6 124
6 126
6 154
6 164
6 204
6 205
6 217
6 222
6 225
6 230
7 9
7 12
7 14
7 15
7 16
7 17
7 18
7 23
7 25
7 28
7 33
7 34
7 36
7 41
7 46
7 47
7 49
7 63
7 69
7 89
7 99
7 142
7 100
7 126
7 152
7 156
7 174
7 177
7 210
7 228
7 237
7 242
8 9
8 11
8 13
8 14
8 17
8 18
8 19
8 23
8 26
8 28
8 29
8 30
8 31
8 34
8 35
8 36
8 37
8 38
8 39
8 45
8 47
8 57
8 79
8 80
8 86
8 93
8 131
8 134
8 140
8 125
8 163
8 197
8 198
8 199
8 204
8 207
8 209
8 218
8 220
8 227
8 245
9 11
9 13
9 20
9 22
9 23
9 25
9 27
9 30
9 31
9 32
9 33
9 36
9 37
9 38
9 43
9 46
9 47
9 53
9 83
9 85
9 130
9 136
9 101
9 107
9 119
9 126
9 162
9 172
9 182
9 183
9 201
9 209
9 232
9 240
10 11
10 18
10 19
10 20
10 22
10 26
10 29
10 30
10 32
10 34
10 35
10 37
10 39
10 40
10 43
10 45
10 46
10 48
10 49
10 63
10 69
10 75
10 76
10 82
10 90
10 147
10 106
10 122
10 151
10 164
10 170
10 199
10 204
10 212
10 221
10 230
11 12
11 14
11 15
11 17
11 18
11 20
11 21
11 24
11 25
11 26
11 27
11 28
11 30
11 32
11 33
11 34
11 36
11 37
11 40
11 41
11 43
11 47
11 48
11 49
11 59
11 65
11 68
11 85
11 135
11 136
11 145
11 110
11 114
11 154
11 159
11 165
11 180
11 182
11 196
11 236
11 240
11 244
11 246
12 13
12 16
12 18
12 19
12 21
12 26
12 28
12 29
12 32
12 34
12 41
12 43
12 45
12 46
12 48
12 50
12 53
12 54
12 65
12 70
12 95
12 129
12 138
12 155
12 160
12 168
12 184
12 191
12 225
12 241
12 246
13 14
13 16
13 19
13 24
13 26
13 28
13 30
13 32
13 35
13 36
13 37
13 38
13 40
13 45
13 46
13 48
13 59
13 68
13 89
13 94
13 135
13 144
13 102
13 117
13 118
13 123
13 154
13 171
13 207
13 211
13 249
14 15
14 19
14 20
14 21
14 23
14 24
14 29
14 32
14 33
14 35
14 37
14 38
14 40
14 44
14 46
14 48
14 49
14 51
14 57
14 63
14 66
14 72
14 87
14 92
14 131
14 136
14 145
14 101
14 105
14 112
14 153
14 157
14 161
14 179
14 186
14 189
14 198
14 201
14 212
14 221
14 226
14 236
14 243
15 16
15 19
15 21
15 22
15 23
15 27
15 28
15 32
15 34
15 35
15 38
15 39
15 41
15 45
15 46
15 47
15 48
15 49
15 64
15 70
15 82
15 85
15 87
15 136
15 149
15 102
15 103
15 105
15 153
15 158
15 190
15 223
15 233
15 248
16 18
16 19
16 22
16 24
16 25
16 27
16 28
16 31
16 32
16 34
16 35
16 36
16 37
16 40
16 42
16 46
16 47
16 51
16 59
16 70
16 71
16 81
16 92
16 93
16 130
16 136
16 139
16 126
16 169
16 171
16 200
16 205
16 209
16 212
16 216
16 226
16 228
17 20
17 21
17 22
17 23
17 25
17 26
17 27
17 28
17 29
17 30
17 31
17 32
17 33
17 35
17 38
17 40
17 42
17 46
17 47
17 48
17 57
17 72
17 79
17 86
17 90
17 96
17 99
17 130
17 141
17 142
17 110
17 122
17 159
17 163
17 170
17 171
17 184
17 191
17 192
17 237
17 238
17 244
17 245
18 19
18 21
18 22
18 23
18 28
18 30
18 31
18 32
18 36
18 37
18 41
18 42
18 44
18 45
18 47
18 50
18 56
18 61
18 64
18 66
18 69
18 73
18 87
18 146
18 149
18 100
18 109
18 110
18 117
18 161
18 174
18 175
18 199
18 204
18 221
18 223
18 235
19 25
19 27
19 28
19 29
19 30
19 34
19 37
19 38
19 39
19 41
19 42
19 43
19 44
19 45
19 46
19 49
19 59
19 64
19 70
19 90
19 91
19 135
19 136
19 141
19 119
19 122
19 154
19 165
19 168
19 172
19 182
19 185
19 191
19 201
19 215
19 246
20 22
20 24
20 28
20 30
20 32
20 33
20 34
20 35
20 37
20 38
20 40
20 43
20 45
20 46
20 47
20 49
20 72
20 83
20 129
20 133
20 101
20 107
20 119
20 121
20 151
20 175
20 183
20 189
20 192
20 195
20 211
20 221
20 224
20 225
20 230
20 237
20 246
21 22
21 27
21 32
21 33
21 34
21 35
21 36
21 37
21 39
21 40
21 41
21 42
21 46
21 48
21 49
21 64
21 83
21 85
21 96
21 132
21 136
21 137
21 143
21 114
21 118
21 153
21 154
21 160
21 165
21 174
21 186
21 189
21 191
21 197
21 219
21 221
21 241
22 24
22 26
22 27
22 28
22 31
22 32
22 33
22 34
22 37
22 38
22 39
22 40
22 41
22 43
22 45
22 46
22 48
22 56
22 59
22 64
22 90
22 98
22 140
22 142
22 143
22 113
22 151
22 170
22 179
22 190
22 226
22 231
22 243
23 24
23 25
23 26
23 27
23 28
23 29
23 30
23 31
23 35
23 36
23 37
23 39
23 41
23 42
23 43
23 44
23 45
23 46
23 47
23 48
23 71
23 78
23 83
23 87
23 136
23 139
23 143
23 100
23 101
23 112
23 118
23 122
23 126
23 154
23 163
23 175
23 178
23 195
23 204
23 206
23 207
23 218
23 226
23 229
23 245
24 25
24 26
24 27
24 28
24 30
24 33
24 37
24 38
24 39
24 40
24 43
24 46
24 48
24 49
24 59
24 74
24 85
24 91
24 133
24 147
24 103
24 104
24 114
24 118
24 120
24 127
24 151
24 152
24 169
24 183
24 185
24 189
24 191
24 197
24 204
24 209
24 226
24 229
25 26
25 27
25 28
25 30
25 32
25 34
25 35
25 37
25 38
25 41
25 43
25 48
25 57
25 65
25 75
25 81
25 95
25 133
25 135
25 149
25 100
25 104
25 107
25 118
25 121
25 161
25 184
25 207
25 208
25 239
25 247
26 28
26 30
26 33
26 34
26 36
26 37
26 38
26 43
26 44
26 45
26 46
26 47
26 51
26 63
26 66
26 72
26 77
26 89
26 96
26 139
26 142
26 122
26 150
26 155
26 160
26 161
26 169
26 183
26 200
26 206
26 217
26 218
26 229
26 231
26 234
26 241
27 29
27 32
27 33
27 35
27 36
27 38
27 40
27 42
27 44
27 45
27 47
27 48
27 49
27 64
27 65
27 68
27 77
27 99
27 136
27 138
27 147
27 105
27 107
27 112
27 113
27 119
27 126
27 153
27 155
27 165
27 176
27 195
27 203
27 229
27 235
27 236
28 30
28 32
28 33
28 35
28 37
28 38
28 39
28 41
28 42
28 43
28 46
28 47
28 48
28 49
28 90
28 96
28 139
28 106
28 118
28 125
28 126
28 158
28 203
28 205
28 207
28 218
28 242
28 245
28 249
29 30
29 31
29 36
29 37
29 39
29 40
29 41
29 42
29 43
29 45
29 46
29 49
29 50
29 54
29 58
29 61
29 74
29 91
29 93
29 137
29 147
29 123
29 125
29 155
29 171
29 187
29 223
29 245
30 31
30 33
30 34
30 35
30 37
30 39
30 40
30 42
30 43
30 44
30 45
30 46
30 49
30 99
30 134
30 111
30 115
30 117
30 150
30 158
30 159
30 160
30 173
30 181
30 194
30 204
30 220
30 224
30 225
31 34
31 35
31 41
31 42
31 44
31 45
31 47
31 48
31 49
31 50
31 74
31 80
31 95
31 100
31 103
31 115
31 162
31 172
31 207
31 215
31 216
31 222
31 248
32 34
32 36
32 37
32 38
32 40
32 41
32 42
32 45
32 48
32 49
32 72
32 75
32 82
32 97
32 109
32 113
32 123
32 150
32 154
32 170
32 183
32 186
32 193
32 195
32 208
32 218
32 243
32 245
33 36
33 38
33 40
33 43
33 44
33 46
33 48
33 55
33 56
33 146
33 100
33 105
33 112
33 162
33 188
33 190
33 194
33 195
33 209
33 230
33 231
33 232
33 233
33 236
33 238
33 242
34 35
34 36
34 37
34 38
34 39
34 40
34 44
34 45
34 48
34 50
34 57
34 79
34 82
34 92
34 95
34 97
34 137
34 138
34 142
34 143
34 100
34 115
34 151
34 185
34 187
34 188
34 206
34 209
34 224
34 225
34 229
34 240
35 37
35 38
35 41
35 43
35 46
35 47
35 48
35 49
35 55
35 88
35 89
35 129
35 130
35 133
35 143
35 146
35 147
35 149
35 118
35 155
35 167
35 174
35 177
35 184
35 188
35 204
35 218
35 221
35 239
35 249
36 37
36 39
36 40
36 44
36 46
36 48
36 64
36 80
36 96
36 103
36 107
36 108
36 152
36 154
36 158
36 159
36 162
36 164
36 167
36 177
36 179
36 182
36 191
36 201
36 207
36 214
36 216
36 218
36 229
36 233
36 236
37 39
37 42
37 46
37 61
37 76
37 94
37 129
37 135
37 102
37 119
37 122
37 163
37 168
37 176
37 197
37 210
37 212
37 216
37 217
37 228
37 229
37 240
38 44
38 46
38 49
38 65
38 117
38 123
38 125
38 163
38 185
38 226
38 228
38 235
38 237
38 238
38 241
38 245
39 41
39 44
39 45
39 46
39 47
39 49
39 69
39 84
39 88
39 128
39 104
39 115
39 121
39 153
39 157
39 161
39 162
39 168
39 174
39 182
39 214
39 221
39 235
40 41
40 44
40 47
40 53
40 54
40 60
40 68
40 85
40 87
40 99
40 129
40 107
40 108
40 111
40 150
40 156
40 161
40 173
40 191
40 213
40 232
40 241
40 244
41 42
41 45
41 49
41 50
41 63
41 86
41 91
41 137
41 147
41 152
41 171
41 174
41 190
41 191
41 197
41 211
41 218
41 224
41 227
41 237
42 44
42 46
42 47
42 49
42 52
42 64
42 71
42 86
42 95
42 130
42 104
42 110
42 159
42 164
42 179
42 182
42 185
42 187
42 192
42 224
42 229
42 232
42 233
42 246
43 44
43 45
43 46
43 47
43 74
43 76
43 131
43 137
43 139
43 142
43 105
43 115
43 117
43 125
43 157
43 163
43 176
43 178
43 192
43 196
43 200
43 228
43 234
44 45
44 47
44 48
44 49
44 63
44 64
44 69
44 71
44 75
44 77
44 82
44 89
44 97
44 99
44 160
44 162
44 185
44 192
44 193
44 201
44 217
44 226
44 228
44 245
44 249
45 48
45 49
45 50
45 81
45 89
45 95
45 131
45 136
45 142
45 143
45 148
45 105
45 106
45 113
45 120
45 121
45 127
45 152
45 165
45 179
45 181
45 189
45 200
45 213
45 230
45 233
45 239
45 241
46 48
46 53
46 74
46 85
46 140
46 100
46 104
46 109
46 126
46 164
46 172
46 175
46 189
46 193
46 212
46 215
46 221
46 234
46 247
46 248
46 249
47 48
47 73
47 109
47 114
47 121
47 123
47 127
47 155
47 158
47 160
47 162
47 165
47 167
47 190
47 192
47 194
47 221
47 228
47 235
47 238
47 244
48 74
48 77
48 139
48 140
48 146
48 100
48 104
48 125
48 150
48 163
48 165
48 172
48 175
48 177
48 187
48 198
48 199
48 204
48 219
48 243
49 52
49 56
49 68
49 82
49 86
49 129
49 139
49 140
49 103
49 105
49 123
49 160
49 162
49 163
49 164
49 185
49 194
49 195
49 197
49 202
49 214
49 224
49 231
49 233
49 239
50 56
50 58
50 60
50 61
50 62
50 63
50 65
50 66
50 69
50 70
50 74
50 76
50 77
50 78
50 81
50 84
50 85
50 86
50 87
50 88
50 89
50 91
50 92
50 93
50 96
50 97
50 138
50 149
50 100
50 109
50 150
50 151
50 160
50 178
50 195
50 201
50 211
50 214
51 53
51 54
51 55
51 56
51 57
51 59
51 62
51 66
51 67
51 70
51 71
51 76
51 78
51 79
51 80
51 81
51 82
51 83
51 84
51 85
51 87
51 88
51 91
51 92
51 93
51 95
51 97
51 138
51 109
51 115
51 153
51 166
51 167
51 184
51 211
51 218
51 240
52 54
52 57
52 62
52 68
52 69
52 70
52 71
52 73
52 74
52 76
52 81
52 83
52 84
52 85
52 87
52 92
52 93
52 95
52 96
52 97
52 98
52 129
52 149
52 100
52 121
52 127
52 150
52 159
52 162
52 163
52 181
52 182
52 203
52 223
52 226
52 235
53 55
53 61
53 64
53 67
53 68
53 70
53 71
53 72
53 73
53 75
53 76
53 79
53 82
53 83
53 84
53 86
53 88
53 89
53 90
53 92
53 93
53 94
53 97
53 98
53 99
53 129
53 134
53 135
53 105
53 112
53 151
53 152
53 162
53 163
53 170
53 202
53 203
53 234
53 242
53 243
54 55
54 57
54 62
54 67
54 68
54 69
54 70
54 72
54 73
54 74
54 77
54 79
54 81
54 82
54 83
54 84
54 86
54 90
54 91
54 92
54 93
54 94
54 95
54 98
54 135
54 137
54 121
54 152
54 175
54 178
54 182
54 193
54 197
54 212
54 216
54 235
54 247
55 56
55 57
55 58
55 59
55 61
55 62
55 63
55 64
55 66
55 67
55 70
55 73
55 75
55 76
55 78
55 79
55 80
55 82
55 83
55 86
55 87
55 93
55 94
55 95
55 143
55 147
55 109
55 159
55 199
55 207
55 231
55 242
55 243
55 244
55 247
56 58
56 59
56 60
56 62
56 63
56 64
56 65
56 68
56 69
56 70
56 71
56 72
56 73
56 75
56 77
56 83
56 84
56 88
56 90
56 93
56 95
56 96
56 99
56 133
56 139
56 140
56 146
56 148
56 120
56 125
56 150
56 153
56 175
56 177
56 180
56 189
56 201
56 204
56 206
56 220
56 222
56 226
56 239
56 245
56 247
57 58
57 60
57 63
57 65
57 66
57 69
57 71
57 72
57 73
57 75
57 78
57 79
57 82
57 83
57 86
57 88
57 89
57 93
57 96
57 133
57 142
57 109
57 159
57 163
57 168
57 181
57 183
57 193
57 203
57 226
57 246
58 60
58 61
58 64
58 66
58 67
58 69
58 70
58 74
58 76
58 78
58 79
58 80
58 82
58 83
58 84
58 87
58 88
58 91
58 97
58 98
58 128
58 134
58 141
58 143
58 121
58 155
58 159
58 167
58 176
58 183
58 195
58 212
58 227
58 234
58 235
58 239
58 243
58 246
59 62
59 65
59 67
59 68
59 71
59 72
59 73
59 74
59 77
59 79
59 81
59 82
59 86
59 89
59 90
59 91
59 95
59 96
59 98
59 99
59 102
59 107
59 111
59 113
59 150
59 158
59 162
59 172
59 218
59 241
60 63
60 66
60 67
60 68
60 70
60 72
60 73
60 76
60 78
60 79
60 81
60 83
60 84
60 86
60 87
60 90
60 92
60 94
60 99
60 140
60 103
60 107
60 158
60 169
60 175
60 176
60 181
60 184
60 185
60 187
60 188
60 198
60 200
60 214
60 224
60 232
60 236
60 243
61 63
61 64
61 78
61 80
61 82
61 83
61 85
61 86
61 87
61 89
61 92
61 93
61 94
61 95
61 96
61 97
61 134
61 121
61 167
61 175
61 187
61 188
61 189
61 205
61 229
61 233
61 244
62 66
62 67
62 69
62 70
62 72
62 73
62 74
62 84
62 85
62 93
62 94
62 96
62 97
62 98
62 148
62 100
62 114
62 160
62 179
62 193
62 215
62 236
62 246
63 64
63 66
63 69
63 71
63 72
63 74
63 76
63 78
63 81
63 82
63 83
63 84
63 86
63 87
63 89
63 90
63 95
63 96
63 99
63 136
63 140
63 113
63 120
63 124
63 162
63 184
63 195
63 216
63 227
63 236
63 249
64 66
64 71
64 78
64 79
64 80
64 81
64 83
64 84
64 86
64 89
64 90
64 92
64 93
64 94
64 95
64 97
64 129
64 130
64 100
64 115
64 119
64 154
64 164
64 169
64 183
64 192
64 197
64 201
64 215
64 219
64 220
64 233
64 244
65 66
65 68
65 70
65 71
65 72
65 74
65 76
65 77
65 78
65 79
65 82
65 83
65 87
65 88
65 89
65 90
65 91
65 94
65 95
65 97
65 98
65 135
65 146
65 107
65 114
65 153
65 161
65 165
65 167
65 184
65 188
65 191
65 203
65 207
65 215
65 216
65 229
65 232
65 239
65 245
66 71
66 74
66 78
66 80
66 81
66 82
66 87
66 89
66 90
66 91
66 92
66 96
66 98
66 130
66 144
66 146
66 100
66 114
66 150
66 162
66 166
66 170
66 178
66 181
66 194
66 226
66 229
66 240
66 242
67 70
67 71
67 73
67 75
67 76
67 78
67 79
67 82
67 83
67 84
67 89
67 91
67 92
67 96
67 131
67 134
67 138
67 112
67 113
67 115
67 116
67 186
67 189
67 190
67 191
67 207
67 229
67 232
67 246
68 69
68 70
68 72
68 73
68 78
68 80
68 81
68 82
68 84
68 86
68 87
68 88
68 92
68 93
68 94
68 95
68 97
68 98
68 99
68 135
68 138
68 144
68 145
68 120
68 152
68 159
68 160
68 184
68 199
68 205
68 211
68 217
68 237
68 238
68 242
69 70
69 72
69 74
69 75
69 76
69 77
69 78
69 82
69 84
69 88
69 90
69 91
69 92
69 93
69 94
69 95
69 96
69 135
69 147
69 111
69 112
69 157
69 164
69 181
69 204
69 208
69 225
69 230
70 71
70 73
70 74
70 75
70 77
70 78
70 79
70 80
70 83
70 85
70 89
70 91
70 92
70 96
70 97
70 98
70 122
70 124
70 155
70 201
70 218
70 229
70 230
70 243
71 73
71 74
71 78
71 80
71 82
71 87
71 89
71 94
71 97
71 98
71 145
71 149
71 110
71 120
71 122
71 161
71 172
71 174
71 184
71 188
71 208
71 222
71 236
71 243
72 75
72 76
72 81
72 82
72 84
72 86
72 87
72 88
72 89
72 90
72 91
72 92
72 96
72 97
72 98
72 128
72 134
72 142
72 105
72 113
72 119
72 155
72 174
72 205
72 211
72 214
72 227
72 233
73 75
73 76
73 77
73 78
73 81
73 82
73 83
73 87
73 88
73 90
73 91
73 93
73 94
73 95
73 96
73 97
73 99
73 131
73 146
73 149
73 108
73 116
73 167
73 181
73 184
73 187
73 204
73 209
73 218
73 220
73 233
73 235
73 236
73 237
73 240
73 246
73 248
74 75
74 78
74 84
74 85
74 86
74 87
74 88
74 91
74 97
74 98
74 99
74 131
74 144
74 147
74 108
74 110
74 113
74 114
74 123
74 156
74 168
74 176
74 187
74 192
74 212
74 237
74 246
75 78
75 79
75 80
75 82
75 83
75 84
75 89
75 93
75 94
75 95
75 98
75 99
75 129
75 104
75 105
75 121
75 158
75 172
75 186
75 206
75 211
75 233
75 237
75 243
75 246
75 248
76 78
76 80
76 83
76 84
76 86
76 87
76 89
76 92
76 93
76 94
76 97
76 99
76 148
76 120
76 123
76 124
76 153
76 168
76 172
76 178
76 188
76 199
76 202
76 213
76 217
76 223
76 237
77 78
77 80
77 81
77 82
77 83
77 84
77 85
77 87
77 88
77 91
77 96
77 98
77 130
77 143
77 145
77 106
77 118
77 151
77 152
77 169
77 174
77 178
77 220
77 225
77 233
78 82
78 84
78 87
78 88
78 90
78 92
78 95
78 99
78 139
78 106
78 107
78 116
78 165
78 169
78 193
78 201
78 204
78 212
78 218
78 223
78 226
78 237
78 242
79 80
79 86
79 87
79 95
79 96
79 98
79 131
79 118
79 155
79 160
79 162
79 172
79 192
79 193
79 196
79 198
79 205
79 221
79 228
79 241
80 85
80 87
80 91
80 92
80 94
80 95
80 96
80 99
80 108
80 116
80 155
80 160
80 179
80 182
80 187
80 206
80 212
80 213
80 214
80 222
80 228
80 231
80 234
80 235
80 237
80 242
80 243
81 85
81 86
81 91
81 92
81 94
81 95
81 97
81 99
81 132
81 102
81 165
81 170
81 172
81 182
81 185
81 188
81 213
81 222
81 228
81 241
81 243
82 83
82 86
82 87
82 88
82 93
82 95
82 98
82 99
82 106
82 114
82 125
82 150
82 151
82 155
82 178
82 196
82 200
82 201
82 204
82 227
82 229
82 237
82 238
82 239
82 244
83 85
83 88
83 89
83 91
83 92
83 93
83 94
83 95
83 96
83 98
83 131
83 134
83 140
83 103
83 166
83 180
83 205
83 237
83 248
84 85
84 86
84 87
84 92
84 94
84 97
84 98
84 131
84 105
84 106
84 107
84 114
84 115
84 175
84 180
84 187
84 216
84 236
84 240
85 86
85 88
85 89
85 91
85 93
85 94
85 95
85 103
85 111
85 162
85 175
85 219
85 245
85 248
86 88
86 89
86 90
86 91
86 92
86 95
86 96
86 98
86 131
86 148
86 114
86 120
86 123
86 127
86 167
86 181
86 184
86 185
86 188
86 220
86 243
87 89
87 90
87 91
87 95
87 99
87 134
87 138
87 143
87 121
87 123
87 127
87 153
87 158
87 161
87 162
87 169
87 170
87 172
87 203
87 207
87 223
87 226
87 229
87 234
87 246
88 89
88 94
88 95
88 97
88 98
88 99
88 130
88 141
88 145
88 105
88 150
88 167
88 173
88 203
88 207
88 211
88 212
88 247
88 248
89 90
89 92
89 94
89 95
89 96
89 97
89 133
89 109
89 121
89 161
89 168
89 172
89 173
89 191
89 201
89 223
89 236
89 239
90 93
90 94
90 95
90 96
90 97
90 98
90 157
90 159
90 163
90 167
90 178
90 186
90 190
90 195
90 211
90 216
90 223
90 234
90 246
91 97
91 99
91 111
91 150
91 151
91 159
91 161
91 164
91 183
91 196
91 203
91 205
91 218
91 240
92 93
92 94
92 97
92 98
92 99
92 137
92 149
92 102
92 105
92 109
92 121
92 126
92 160
92 169
92 188
92 189
92 205
92 217
92 224
92 226
92 236
92 242
92 247
93 94
93 135
93 146
93 103
93 106
93 113
93 116
93 119
93 150
93 160
93 179
93 201
93 238
93 247
94 97
94 99
94 141
94 106
94 120
94 162
94 170
94 191
94 193
94 194
94 199
94 200
94 212
94 232
94 249
95 96
95 97
95 99
95 152
95 159
95 172
95 185
95 195
95 197
95 208
95 227
95 233
96 97
96 98
96 136
96 138
96 139
96 141
96 146
96 153
96 159
96 161
96 174
96 179
96 182
96 216
96 221
96 237
97 98
97 99
97 136
97 141
97 149
97 100
97 104
97 106
97 126
97 157
97 158
97 171
97 197
97 199
97 204
97 229
97 231
97 235
97 238
97 242
97 244
97 249
98 134
98 135
98 108
98 121
98 156
98 161
98 173
98 186
98 187
98 191
98 202
98 227
98 233
98 243
98 249
99 141
99 146
99 103
99 107
99 113
99 125
99 159
99 172
99 181
99 186
99 198
99 213
99 216
99 247
128 131
128 133
128 136
128 138
128 139
128 140
128 146
128 149
128 100
128 101
128 109
128 113
128 114
128 116
128 117
128 118
128 119
128 122
128 123
128 125
128 126
128 160
128 185
128 186
128 190
128 195
128 217
128 231
128 237
128 244
129 131
129 133
129 134
129 135
129 136
129 144
129 147
129 101
129 102
129 105
129 106
129 108
129 109
129 116
129 118
129 119
129 120
129 123
129 125
129 174
129 210
129 220
129 237
129 239
130 132
130 134
130 136
130 140
130 141
130 142
130 146
130 147
130 101
130 103
130 105
130 108
130 112
130 114
130 115
130 116
130 119
130 120
130 123
130 124
130 125
130 126
130 127
130 166
130 172
130 186
130 189
130 192
130 193
130 198
130 223
130 233
130 245
131 132
131 134
131 135
131 136
131 137
131 138
131 139
131 140
131 141
131 142
131 144
131 146
131 147
131 149
131 100
131 101
131 103
131 104
131 105
131 107
131 109
131 110
131 115
131 116
131 117
131 119
131 123
131 157
131 165
131 170
131 187
131 213
131 236
131 239
132 135
132 141
132 143
132 144
132 145
132 147
132 100
132 102
132 105
132 106
132 107
132 108
132 109
132 110
132 111
132 112
132 114
132 116
132 120
132 122
132 124
132 125
132 126
132 150
132 154
132 162
132 191
132 195
132 206
132 226
132 237
132 248
133 134
133 138
133 140
133 143
133 144
133 148
133 103
133 104
133 105
133 106
133 109
133 111
133 112
133 113
133 116
133 117
133 119
133 120
133 121
133 122
133 124
133 125
133 161
133 169
133 200
133 201
133 202
133 235
133 242
134 135
134 136
134 137
134 139
134 140
134 142
134 143
134 146
134 148
134 102
134 105
134 108
134 110
134 114
134 115
134 118
134 120
134 122
134 123
134 125
134 127
134 172
134 175
134 179
134 189
134 195
134 218
134 231
134 248
135 137
135 139
135 140
135 142
135 143
135 144
135 147
135 101
135 106
135 108
135 109
135 110
135 112
135 113
135 115
135 117
135 119
135 120
135 121
135 122
135 123
135 124
135 156
135 162
135 165
135 176
135 181
135 183
135 189
135 194
135 200
135 202
135 210
135 211
135 223
135 245
135 247
135 249
136 138
136 139
136 140
136 142
136 144
136 146
136 147
136 100
136 101
136 102
136 104
136 109
136 113
136 115
136 117
136 118
136 119
136 121
136 122
136 127
136 152
136 161
136 165
136 178
136 191
136 229
137 139
137 142
137 143
137 145
137 146
137 147
137 148
137 100
137 107
137 108
137 112
137 114
137 115
137 116
137 121
137 123
137 124
137 125
137 126
137 127
137 153
137 158
137 164
137 165
137 179
137 188
137 198
137 233
137 234
137 242
137 249
138 141
138 142
138 144
138 145
138 146
138 148
138 101
138 102
138 104
138 105
138 106
138 107
138 108
138 109
138 110
138 111
138 120
138 123
138 124
138 126
138 127
138 175
138 185
138 193
138 200
138 229
138 231
139 141
139 143
139 146
139 148
139 149
139 100
139 101
139 104
139 106
139 109
139 110
139 112
139 113
139 115
139 116
139 117
139 119
139 124
139 126
139 161
139 170
139 176
139 190
139 193
139 203
139 224
139 228
139 229
139 240
140 141
140 142
140 145
140 146
140 100
140 101
140 103
140 106
140 110
140 113
140 116
140 120
140 125
140 126
140 153
140 157
140 186
140 216
140 218
140 223
140 226
140 234
141 142
141 143
141 146
141 149
141 100
141 101
141 103
141 105
141 107
141 114
141 115
141 117
141 118
141 119
141 120
141 124
141 125
141 126
141 127
141 151
141 156
141 177
141 181
141 185
141 192
141 196
141 200
141 208
141 216
141 223
141 224
141 234
141 244
142 144
142 145
142 146
142 148
142 100
142 101
142 102
142 103
142 104
142 108
142 109
142 111
142 115
142 117
142 118
142 119
142 121
142 123
142 124
142 125
142 126
142 127
142 165
142 166
142 169
142 179
142 180
142 187
142 197
142 213
142 217
142 248
143 145
143 147
143 149
143 101
143 102
143 103
143 104
143 105
143 106
143 107
143 111
143 116
143 117
143 118
143 122
143 123
143 124
143 127
143 154
143 165
143 174
143 178
143 182
143 224
143 233
143 243
144 145
144 146
144 148
144 149
144 104
144 106
144 108
144 111
144 112
144 117
144 119
144 120
144 122
144 123
144 125
144 187
144 191
144 200
144 221
144 222
144 223
145 146
145 149
145 100
145 101
145 104
145 105
145 106
145 107
145 109
145 110
145 112
145 113
145 117
145 120
145 122
145 124
145 125
145 158
145 169
145 191
145 195
145 206
145 215
145 216
145 220
145 227
145 232
145 245
146 148
146 149
146 102
146 104
146 106
146 107
146 108
146 111
146 112
146 113
146 115
146 121
146 123
146 125
146 126
146 127
146 156
146 168
146 174
146 184
146 185
146 190
146 198
146 207
146 211
146 229
146 232
146 239
146 245
147 148
147 149
147 100
147 101
147 102
147 103
147 105
147 106
147 113
147 114
147 115
147 119
147 127
147 153
147 156
147 157
147 179
147 185
147 186
147 189
147 193
147 215
147 219
148 149
148 100
148 101
148 102
148 103
148 104
148 106
148 107
148 108
148 112
148 113
148 115
148 118
148 119
148 122
148 123
148 125
148 153
148 155
148 166
148 183
148 221
148 223
148 224
148 235
148 249
149 102
149 103
149 108
149 109
149 110
149 113
149 114
149 115
149 125
149 164
149 166
149 172
149 177
149 183
149 185
149 202
149 219
149 233
149 241
100 101
100 103
100 105
100 107
100 109
100 110
100 113
100 114
100 115
100 117
100 118
100 120
100 122
100 123
100 124
100 169
100 172
100 182
100 192
100 194
100 196
100 225
101 104
101 106
101 107
101 108
101 109
101 110
101 112
101 113
101 114
101 116
101 118
101 121
101 122
101 125
101 126
101 127
101 155
101 177
101 181
101 184
101 191
101 221
101 222
101 225
101 231
101 232
101 241
101 249
102 104
102 105
102 107
102 109
102 113
102 114
102 117
102 118
102 120
102 123
102 124
102 125
102 127
102 158
102 171
102 174
102 197
102 219
102 226
102 237
102 238
103 107
103 108
103 109
103 110
103 111
103 112
103 114
103 115
103 117
103 119
103 122
103 123
103 124
103 154
103 170
103 186
103 188
103 197
103 200
103 202
103 225
103 239
104 105
104 107
104 110
104 113
104 120
104 121
104 122
104 124
104 127
104 177
104 186
104 188
104 199
104 205
104 207
104 208
104 209
104 211
104 221
104 224
104 231
104 235
104 246
104 248
105 107
105 109
105 111
105 114
105 115
105 119
105 121
105 124
105 151
105 174
105 176
105 194
105 197
105 210
105 217
105 220
105 228
105 242
106 108
106 112
106 113
106 114
106 116
106 123
106 124
106 125
106 126
106 127
106 151
106 165
106 171
106 178
106 179
106 188
106 195
106 201
106 205
106 208
106 224
106 225
106 236
106 237
106 241
106 245
106 248
107 108
107 112
107 113
107 114
107 116
107 117
107 119
107 122
107 125
107 126
107 156
107 158
107 166
107 171
107 189
107 191
107 219
107 239
108 110
108 111
108 113
108 117
108 118
108 119
108 120
108 121
108 124
108 126
108 127
108 155
108 158
108 160
108 170
108 172
108 190
108 208
108 219
108 221
108 229
108 237
108 249
109 110
109 111
109 112
109 113
109 114
109 117
109 120
109 121
109 123
109 126
109 159
109 163
109 218
109 219
109 233
109 234
109 239
109 249
110 111
110 112
110 113
110 114
110 115
110 116
110 119
110 120
110 121
110 122
110 123
110 124
110 125
110 151
110 157
110 187
110 205
110 221
110 228
111 114
111 115
111 116
111 117
111 118
111 121
111 122
111 124
111 125
111 126
111 127
111 152
111 177
111 180
111 182
111 193
111 195
111 197
111 199
111 207
111 210
111 211
111 230
111 231
111 236
111 238
111 240
111 244
112 113
112 120
112 121
112 122
112 123
112 124
112 125
112 126
112 160
112 168
112 176
112 177
112 205
112 212
112 214
112 224
112 231
112 238
112 246
113 114
113 116
113 119
113 122
113 123
113 152
113 157
113 176
113 181
113 185
113 189
113 196
113 201
113 219
113 220
113 226
113 230
113 231
113 242
114 117
114 118
114 119
114 121
114 122
114 125
114 127
114 154
114 180
114 193
114 204
114 205
114 217
114 229
114 230
114 235
114 244
115 116
115 119
115 120
115 121
115 123
115 125
115 151
115 162
115 169
115 170
115 188
115 199
115 216
115 218
115 220
115 231
115 248
116 118
116 120
116 181
116 183
116 189
116 194
116 205
116 223
116 226
116 240
117 118
117 119
117 120
117 125
117 126
117 127
117 153
117 158
117 163
117 172
117 175
117 190
117 194
117 199
117 236
117 247
117 248
118 120
118 121
118 124
118 162
118 166
118 173
118 174
118 196
118 202
118 206
118 217
118 222
118 223
118 224
118 230
118 233
118 237
119 121
119 122
119 123
119 125
119 126
119 161
119 184
119 192
119 195
119 213
119 220
119 223
119 224
119 234
119 248
120 121
120 122
120 124
120 127
120 151
120 164
120 183
120 189
120 197
120 207
120 217
120 233
120 237
120 241
120 249
121 125
121 126
121 155
121 174
121 189
121 217
121 224
121 226
121 229
121 234
121 238
121 246
122 123
122 127
122 176
122 205
122 209
122 224
122 225
122 239
122 243
123 124
123 126
123 156
123 170
123 177
123 178
123 193
123 211
123 217
123 223
123 230
124 127
124 178
124 179
124 183
124 189
124 192
125 157
125 166
125 183
125 184
125 190
125 195
125 196
125 208
125 218
125 225
125 227
125 243
126 154
126 157
126 169
126 172
126 173
126 184
126 186
126 231
126 236
126 240
127 152
127 157
127 161
127 169
127 170
127 190
127 209
127 212
127 229
127 234
127 236
127 238
127 240
150 154
150 156
150 157
150 161
150 162
150 163
150 166
150 175
150 176
150 179
150 180
150 183
150 184
150 186
150 189
150 190
150 191
150 195
150 199
150 218
151 153
151 156
151 160
151 165
151 170
151 171
151 174
151 178
151 179
151 181
151 182
151 183
151 185
151 186
151 189
151 190
151 191
151 192
151 196
151 198
151 199
151 207
151 221
151 232
151 240
151 242
152 153
152 154
152 156
152 161
152 163
152 169
152 171
152 174
152 175
152 176
152 178
152 181
152 182
152 183
152 186
152 187
152 189
152 190
152 191
152 193
152 195
152 196
152 197
152 198
152 199
152 222
152 231
153 154
153 158
153 159
153 160
153 161
153 163
153 165
153 167
153 169
153 170
153 173
153 177
153 179
153 180
153 181
153 182
153 184
153 185
153 187
153 193
153 198
153 216
154 155
154 160
154 161
154 162
154 163
154 164
154 165
154 167
154 168
154 171
154 175
154 176
154 178
154 181
154 184
154 185
154 186
154 189
154 190
154 192
154 197
154 198
154 200
154 205
154 218
154 220
154 242
154 245
155 157
155 158
155 162
155 163
155 164
155 165
155 166
155 168
155 169
155 170
155 171
155 172
155 173
155 176
155 177
155 182
155 188
155 189
155 191
155 192
155 193
155 195
155 196
155 197
155 205
155 208
155 217
155 224
155 225
155 239
156 158
156 160
156 163
156 166
156 169
156 173
156 176
156 177
156 181
156 182
156 183
156 185
156 186
156 188
156 189
156 190
156 191
156 192
156 193
156 194
156 195
156 196
156 197
156 198
156 199
156 217
156 241
157 161
157 162
157 163
157 165
157 169
157 170
157 171
157 173
157 178
157 180
157 184
157 188
157 190
157 193
157 195
157 197
157 198
157 199
157 205
157 212
157 217
157 218
157 224
157 243
157 244
158 159
158 160
158 161
158 164
158 169
158 173
158 178
158 179
158 180
158 181
158 183
158 184
158 186
158 187
158 188
158 191
158 192
158 193
158 194
158 195
158 196
158 246
159 160
159 162
159 163
159 165
159 167
159 168
159 170
159 171
159 173
159 176
159 177
159 178
159 183
159 186
159 187
159 189
159 190
159 193
159 194
159 195
159 196
159 197
159 219
159 221
159 223
159 228
159 245
160 161
160 165
160 167
160 170
160 176
160 178
160 182
160 184
160 186
160 187
160 190
160 194
160 195
160 197
160 199
160 217
160 219
160 220
161 163
161 165
161 166
161 169
161 170
161 171
161 173
161 177
161 178
161 181
161 183
161 185
161 186
161 187
161 189
161 191
161 192
161 193
161 195
161 196
161 207
161 208
161 213
161 216
161 237
161 243
161 244
162 163
162 164
162 168
162 169
162 170
162 171
162 176
162 178
162 182
162 184
162 185
162 186
162 187
162 189
162 190
162 193
162 194
162 195
162 196
162 197
162 198
162 199
162 212
163 165
163 169
163 172
163 175
163 187
163 193
163 194
163 197
163 198
163 205
163 218
163 221
163 238
163 247
164 165
164 170
164 172
164 173
164 174
164 175
164 177
164 178
164 179
164 180
164 181
164 184
164 187
164 189
164 194
164 196
164 197
164 198
164 199
164 203
164 233
165 167
165 173
165 177
165 178
165 179
165 180
165 181
165 185
165 186
165 187
165 190
165 194
165 195
165 196
165 199
165 230
166 169
166 171
166 175
166 176
166 177
166 178
166 179
166 181
166 184
166 185
166 187
166 188
166 190
166 191
166 192
166 196
166 199
166 215
167 170
167 171
167 172
167 174
167 178
167 183
167 188
167 191
167 193
167 194
167 195
167 197
167 207
167 216
167 244
167 246
168 169
168 173
168 174
168 175
168 178
168 180
168 181
168 183
168 184
168 186
168 190
168 191
168 192
168 194
168 196
168 197
168 198
168 199
168 210
168 242
169 172
169 173
169 175
169 176
169 177
169 178
169 182
169 184
169 190
169 192
169 193
169 194
169 195
169 196
169 198
169 200
169 202
169 211
169 235
169 236
169 245
169 246
170 172
170 176
170 180
170 182
170 183
170 185
170 187
170 192
170 194
170 195
170 199
170 204
170 234
170 235
171 172
171 173
171 174
171 176
171 177
171 179
171 183
171 187
171 189
171 190
171 191
171 192
171 193
171 194
171 195
171 200
171 205
171 206
172 174
172 175
172 178
172 179
172 181
172 182
172 187
172 188
172 189
172 190
172 191
172 192
172 195
172 199
172 206
172 208
172 236
172 244
172 247
173 176
173 177
173 179
173 183
173 185
173 187
173 192
173 194
173 196
173 197
173 208
173 214
173 228
173 235
174 176
174 179
174 181
174 182
174 184
174 185
174 186
174 187
174 191
174 192
174 194
174 195
174 197
174 203
174 207
174 208
174 212
174 224
174 226
174 234
174 239
174 243
175 177
175 179
175 180
175 181
175 183
175 184
175 185
175 186
175 188
175 189
175 193
175 195
175 197
175 198
175 199
175 200
175 202
175 214
175 226
175 237
175 242
176 177
176 178
176 179
176 181
176 183
176 184
176 186
176 187
176 188
176 190
176 191
176 194
176 195
176 196
176 199
176 208
176 222
176 248
177 179
177 181
177 183
177 185
177 187
177 188
177 190
177 191
177 192
177 193
177 196
177 199
177 201
177 216
177 238
177 241
177 245
178 179
178 183
178 185
178 188
178 191
178 193
178 195
178 199
178 201
178 206
178 216
178 218
178 235
178 237
179 181
179 184
179 186
179 187
179 193
179 195
179 197
179 198
179 199
179 201
179 221
179 236
180 181
180 184
180 187
180 189
180 190
180 191
180 193
180 197
180 199
180 210
180 220
180 227
180 236
180 243
180 248
181 184
181 185
181 187
181 189
181 191
181 193
181 195
181 199
181 207
181 213
181 219
181 220
181 224
181 243
182 183
182 184
182 187
182 188
182 190
182 192
182 193
182 195
182 196
182 230
182 236
183 184
183 185
183 186
183 189
183 192
183 194
183 201
183 212
183 223
183 239
183 244
184 185
184 186
184 188
184 189
184 190
184 191
184 194
184 197
184 198
184 205
184 238
184 243
184 247
185 188
185 189
185 191
185 193
185 194
185 196
185 198
185 199
185 211
185 212
185 236
186 187
186 188
186 189
186 190
186 191
186 192
186 194
186 195
186 196
186 198
186 212
186 228
186 236
187 188
187 189
187 191
187 194
187 195
187 196
187 199
187 207
188 192
188 193
188 194
188 195
188 199
188 203
188 218
188 249
189 191
189 192
189 193
189 194
189 196
189 197
189 198
189 205
189 210
189 213
189 214
189 221
189 227
189 240
190 191
190 196
190 198
190 199
190 201
190 202
190 204
190 207
190 216
190 221
190 222
190 232
190 234
190 236
190 245
191 194
191 196
191 198
191 200
191 247
192 193
192 194
192 196
192 197
192 204
192 226
192 248
193 194
193 195
193 196
193 199
193 211
193 219
193 223
193 235
193 238
193 244
194 196
194 199
194 202
194 221
194 224
194 226
194 237
194 239
194 240
195 198
195 199
195 203
195 214
195 242
196 197
196 198
196 199
196 200
196 210
196 232
197 198
197 206
197 224
197 232
197 242
197 248
198 199
198 217
198 246
199 201
199 214
199 216
199 217
199 231
199 240
199 246
200 201
200 202
200 203
200 204
200 207
200 208
200 210
200 211
200 212
200 214
200 217
200 219
200 220
200 222
200 224
200 227
200 229
200 231
200 236
200 238
200 239
200 241
200 243
200 247
200 248
200 249
201 202
201 203
201 206
201 211
201 214
201 216
201 217
201 224
201 225
201 229
201 234
201 235
201 236
201 238
201 242
201 243
201 245
202 203
202 205
202 207
202 208
202 210
202 211
202 213
202 215
202 217
202 218
202 223
202 226
202 229
202 231
202 235
202 237
202 241
202 243
202 245
202 246
202 247
202 248
202 249
203 204
203 208
203 211
203 212
203 213
203 216
203 217
203 218
203 219
203 222
203 224
203 228
203 229
203 235
203 237
203 238
203 240
203 241
203 244
204 209
204 210
204 211
204 214
204 218
204 219
204 220
204 221
204 223
204 224
204 225
204 233
204 235
204 236
204 237
204 243
204 246
205 208
205 209
205 210
205 211
205 214
205 215
205 217
205 223
205 224
205 226
205 231
205 232
205 233
205 234
205 235
205 240
205 241
205 242
205 248
205 249
206 208
206 210
206 211
206 212
206 219
206 222
206 223
206 224
206 228
206 229
206 230
206 233
206 237
206 238
206 240
206 241
206 245
206 246
206 247
206 248
207 208
207 211
207 215
207 217
207 218
207 219
207 220
207 222
207 224
207 225
207 226
207 229
207 230
207 233
207 235
207 237
207 240
207 241
207 243
207 246
207 247
207 248
208 210
208 213
208 214
208 215
208 216
208 221
208 224
208 225
208 226
208 227
208 228
208 230
208 233
208 236
208 238
208 241
208 242
208 244
208 247
208 248
208 249
209 210
209 211
209 213
209 214
209 216
209 219
209 220
209 228
209 229
209 232
209 233
209 236
209 238
209 240
209 242
209 243
209 245
209 246
209 247
209 248
209 249
210 211
210 213
210 214
210 215
210 217
210 219
210 221
210 222
210 224
210 225
210 226
210 227
210 232
210 235
210 236
210 238
210 240
210 242
210 244
210 246
210 247
210 248
211 213
211 214
211 215
211 218
211 221
211 225
211 227
211 230
211 232
211 234
211 236
211 237
211 241
211 244
211 245
211 246
211 249
212 214
212 216
212 218
212 219
212 221
212 223
212 224
212 225
212 226
212 227
212 228
212 229
212 231
212 233
212 235
212 236
212 243
212 246
213 214
213 219
213 220
213 224
213 228
213 229
213 230
213 231
213 234
213 235
213 236
213 238
213 239
213 241
213 242
213 246
213 247
214 216
214 217
214 218
214 219
214 220
214 222
214 224
214 225
214 226
214 227
214 228
214 229
214 230
214 234
214 235
214 236
214 239
214 243
214 245
214 246
215 216
215 220
215 221
215 224
215 225
215 228
215 229
215 230
215 232
215 233
215 234
215 236
215 237
215 238
215 239
215 240
215 241
215 242
215 243
215 245
215 248
216 217
216 218
216 219
216 222
216 224
216 225
216 228
216 230
216 234
216 235
216 238
216 239
216 242
216 245
217 221
217 229
217 230
217 231
217 235
217 238
217 242
217 245
217 249
218 219
218 220
218 222
218 223
218 226
218 227
218 228
218 230
218 231
218 232
218 233
218 234
218 237
218 239
218 241
218 246
218 247
218 248
219 223
219 224
219 225
219 226
219 228
219 229
219 231
219 232
219 235
219 236
219 237
219 242
219 243
219 247
219 248
220 221
220 222
220 223
220 224
220 225
220 227
220 228
220 229
220 233
220 234
220 235
220 236
220 238
220 239
220 240
220 241
220 242
220 243
220 246
220 248
221 222
221 224
221 225
221 226
221 227
221 228
221 231
221 232
221 234
221 236
221 238
221 239
221 240
221 242
221 245
221 248
221 249
222 224
222 225
222 226
222 227
222 229
222 230
222 233
222 237
222 238
222 240
222 241
222 242
222 243
222 245
222 248
223 229
223 232
223 233
223 237
223 239
223 242
223 243
223 244
223 245
223 246
223 247
224 225
224 227
224 228
224 231
224 232
224 233
224 234
224 237
224 238
224 240
224 241
224 243
224 247
225 228
225 229
225 238
225 240
225 241
225 244
225 245
226 227
226 229
226 230
226 231
226 233
226 235
226 240
226 246
226 249
227 229
227 230
227 231
227 232
227 233
227 234
227 237
227 240
227 241
227 245
227 246
227 247
227 248
228 230
228 232
228 236
228 238
228 239
228 240
228 245
228 246
228 249
229 231
229 232
229 233
229 234
229 238
229 239
229 243
229 245
229 246
229 248
229 249
230 234
230 235
230 236
230 239
230 241
230 243
230 246
231 234
231 235
231 237
231 238
231 239
231 240
231 241
231 242
231 245
231 248
232 233
232 234
232 237
232 238
232 239
232 241
232 242
232 244
232 245
232 247
232 249
233 235
233 237
233 238
233 239
233 242
233 245
233 247
233 248
233 249
234 235
234 236
234 238
234 239
234 242
234 247
234 249
235 237
235 238
235 240
235 242
235 243
235 245
236 237
236 249
237 241
237 242
237 246
237 247
237 249
238 240
238 241
238 242
238 243
238 244
238 247
238 248
238 249
239 241
239 242
239 243
239 244
239 245
239 247
239 248
239 249
240 242
240 243
240 244
240 245
241 242
241 247
242 243
242 245
242 248
243 245
243 247
243 248
244 245
244 246
244 249
245 248
245 249
246 249
247 248
248 249
