0 1
0 3
0 8
0 9
0 10
0 19
0 20
0 21
0 22
0 25
0 26
0 27
0 30
0 31
0 32
0 33
0 34
0 36
0 38
0 40
0 41
0 46
0 47
0 48
0 49
0 66
0 104
0 112
0 150
0 159
0 167
0 172
0 173
0 190
0 208
0 225
0 229
1 2
1 4
1 6
1 7
1 10
1 17
1 19
1 21
1 22
1 24
1 27
1 28
1 29
1 30
1 31
1 40
1 41
1 42
1 44
1 45
1 47
1 48
1 49
1 58
1 65
1 74
1 78
1 128
1 134
1 149
1 100
1 107
1 191
1 195
1 223
2 6
2 12
2 16
2 17
2 18
2 19
2 20
2 24
2 26
2 28
2 29
2 30
2 33
2 35
2 37
2 39
2 40
2 42
2 43
2 44
2 45
2 47
2 49
2 65
2 98
2 106
2 125
2 158
2 165
2 180
2 184
2 233
3 4
3 5
3 7
3 8
3 9
3 10
3 11
3 12
3 14
3 18
3 21
3 22
3 23
3 24
3 25
3 26
3 29
3 30
3 33
3 34
3 36
3 37
3 38
3 39
3 40
3 41
3 43
3 44
3 47
3 51
3 58
3 70
3 150
3 170
3 175
3 189
3 222
3 226
4 5
4 6
4 9
4 10
4 12
4 13
4 16
4 18
4 19
4 24
4 25
4 26
4 27
4 28
4 30
4 32
4 33
4 34
4 38
4 39
4 40
4 42
4 43
4 45
4 46
4 47
4 51
4 87
4 168
4 212
4 218
4 221
4 247
5 6
5 8
5 9
5 10
5 14
5 16
5 18
5 19
5 22
5 23
5 24
5 25
5 26
5 27
5 28
5 30
5 31
5 32
5 33
5 34
5 35
5 36
5 40
5 43
5 46
5 48
5 52
5 78
5 89
5 95
5 135
5 142
5 182
5 194
5 202
5 212
5 248
6 9
6 13
6 17
6 18
6 19
6 23
6 24
6 27
6 29
6 30
6 31
6 35
6 37
6 40
6 43
6 46
6 47
6 49
6 58
6 79
6 84
6 129
6 105
6 109
6 113
6 150
6 171
6 181
6 218
7 8
7 11
7 12
7 13
7 14
7 15
7 17
7 18
7 19
7 21
7 27
7 30
7 31
7 32
7 34
7 35
7 36
7 40
7 41
7 42
7 45
7 48
7 49
7 61
7 65
7 94
7 141
7 111
7 126
7 158
7 192
7 203
8 10
8 13
8 14
8 15
8 16
8 17
8 19
8 21
8 24
8 26
8 29
8 30
8 32
8 34
8 38
8 40
8 41
8 46
8 47
8 48
8 68
8 99
8 128
8 136
8 159
8 173
8 178
8 182
8 183
8 205
8 210
8 221
9 13
9 14
9 16
9 17
9 18
9 19
9 21
9 22
9 23
9 24
9 25
9 29
9 34
9 35
9 36
9 37
9 38
9 39
9 45
9 46
9 47
9 48
9 51
9 55
9 74
9 128
9 106
9 117
9 150
9 192
9 222
9 230
9 240
10 12
10 14
10 15
10 16
10 17
10 18
10 19
10 20
10 26
10 28
10 33
10 34
10 35
10 38
10 39
10 43
10 68
10 79
10 132
10 143
10 117
10 156
10 186
10 203
10 206
10 212
10 220
11 12
11 13
11 17
11 20
11 21
11 23
11 24
11 29
11 30
11 31
11 35
11 37
11 42
11 43
11 45
11 46
11 47
11 49
11 52
11 80
11 136
11 119
11 154
11 162
11 170
11 174
11 179
11 204
11 217
11 245
12 13
12 14
12 16
12 18
12 19
12 20
12 21
12 22
12 25
12 27
12 29
12 33
12 34
12 35
12 39
12 40
12 41
12 42
12 47
12 48
12 49
12 57
12 74
12 129
12 149
12 106
12 107
12 156
12 166
12 176
12 204
12 209
12 210
12 228
13 14
13 15
13 16
13 17
13 19
13 21
13 23
13 25
13 26
13 29
13 30
13 31
13 32
13 33
13 36
13 41
13 47
13 49
13 50
13 80
13 81
13 95
13 128
13 130
13 106
13 156
13 202
13 220
13 241
14 16
14 23
14 24
14 25
14 26
14 27
14 30
14 31
14 33
14 34
14 37
14 39
14 42
14 44
14 45
14 47
14 48
14 64
14 79
14 130
14 105
14 163
14 208
14 217
15 17
15 19
15 21
15 22
15 23
15 24
15 25
15 27
15 28
15 32
15 36
15 37
15 42
15 44
15 45
15 47
15 49
15 51
15 85
15 122
15 173
15 220
15 227
15 243
16 18
16 25
16 27
16 28
16 29
16 33
16 34
16 35
16 39
16 40
16 49
16 55
16 72
16 78
16 88
16 95
16 99
16 204
16 218
16 239
17 18
17 20
17 21
17 22
17 23
17 24
17 29
17 31
17 32
17 33
17 34
17 35
17 37
17 38
17 40
17 41
17 42
17 43
17 44
17 45
17 46
17 47
17 84
17 95
17 134
17 137
17 112
17 167
17 174
17 202
17 203
17 220
17 231
17 234
17 237
18 19
18 20
18 21
18 22
18 23
18 25
18 26
18 28
18 30
18 32
18 37
18 38
18 39
18 41
18 42
18 43
18 46
18 47
18 49
18 130
18 140
18 147
18 149
18 112
18 154
18 161
18 182
18 202
18 235
19 20
19 22
19 23
19 26
19 27
19 28
19 29
19 30
19 32
19 35
19 37
19 38
19 39
19 40
19 44
19 47
19 48
19 55
19 77
19 89
19 136
19 151
19 164
19 165
19 166
19 208
19 237
20 21
20 22
20 23
20 26
20 28
20 30
20 31
20 34
20 35
20 36
20 38
20 41
20 42
20 43
20 46
20 48
20 49
20 58
20 66
20 68
20 77
20 88
20 100
20 102
20 104
20 108
20 166
20 198
20 215
20 248
21 22
21 26
21 27
21 32
21 35
21 40
21 41
21 43
21 46
21 49
21 51
21 87
21 133
21 145
21 121
21 161
21 193
21 199
21 205
21 233
22 23
22 25
22 26
22 28
22 31
22 32
22 37
22 38
22 39
22 40
22 41
22 43
22 44
22 45
22 46
22 47
22 48
22 49
22 99
22 129
22 132
22 101
22 111
22 151
22 176
23 24
23 25
23 26
23 27
23 29
23 31
23 32
23 33
23 34
23 40
23 41
23 43
23 44
23 45
23 46
23 48
23 51
23 52
23 61
23 82
23 98
23 133
23 137
23 144
23 104
23 119
23 247
24 25
24 27
24 28
24 29
24 31
24 32
24 34
24 35
24 36
24 38
24 40
24 41
24 42
24 43
24 44
24 47
24 49
24 66
24 69
24 90
24 92
24 100
24 155
24 187
24 225
24 229
25 27
25 29
25 36
25 37
25 38
25 40
25 46
25 64
25 102
25 166
25 195
25 211
25 216
26 29
26 32
26 35
26 39
26 40
26 41
26 42
26 44
26 49
26 79
26 81
26 83
26 85
26 95
26 98
26 133
26 138
26 109
26 173
26 179
26 206
26 209
26 248
27 30
27 31
27 32
27 33
27 36
27 37
27 38
27 40
27 41
27 45
27 48
27 141
27 107
27 225
27 226
28 33
28 35
28 36
28 37
28 38
28 41
28 43
28 44
28 46
28 55
28 59
28 76
28 96
28 145
28 112
28 156
28 199
28 204
28 237
29 33
29 38
29 40
29 41
29 46
29 48
29 49
29 98
29 153
29 162
29 179
29 208
30 31
30 34
30 37
30 39
30 40
30 41
30 45
30 47
30 67
30 108
30 111
30 127
30 222
30 223
31 32
31 35
31 36
31 44
31 45
31 47
31 49
31 68
31 186
31 190
31 192
31 194
31 212
31 230
31 237
31 239
32 33
32 37
32 39
32 40
32 41
32 42
32 43
32 44
32 45
32 48
32 49
32 98
32 132
32 149
32 102
32 180
32 207
32 208
33 34
33 36
33 39
33 40
33 42
33 43
33 44
33 45
33 46
33 48
33 55
33 80
33 90
33 99
33 128
33 137
33 138
33 149
33 172
33 188
33 211
33 231
34 35
34 38
34 40
34 41
34 42
34 43
34 44
34 46
34 55
34 57
34 59
34 66
34 69
34 94
34 96
34 140
34 147
34 123
34 162
34 185
34 228
34 244
35 36
35 37
35 38
35 45
35 46
35 52
35 53
35 60
35 61
35 71
35 81
35 145
35 121
35 151
35 196
35 211
35 215
35 216
35 242
36 37
36 38
36 40
36 41
36 44
36 46
36 49
36 56
36 60
36 77
36 86
36 106
36 123
36 127
36 160
36 195
36 212
37 38
37 41
37 42
37 55
37 61
37 68
37 70
37 109
37 117
37 164
37 187
37 191
37 209
37 230
38 39
38 41
38 42
38 43
38 46
38 49
38 58
38 59
38 73
38 85
38 134
38 185
38 205
38 207
38 208
39 42
39 44
39 45
39 47
39 48
39 49
39 86
39 88
39 96
39 112
39 119
39 154
39 162
39 175
39 236
39 240
40 41
40 44
40 46
40 48
40 49
40 66
40 75
40 131
40 211
40 220
40 238
41 48
41 74
41 83
41 85
41 95
41 132
41 134
41 120
41 168
41 196
41 207
41 212
41 242
42 44
42 45
42 46
42 49
42 70
42 120
42 123
42 163
42 164
42 170
42 176
42 177
42 182
42 188
42 201
42 226
42 237
42 244
43 44
43 45
43 47
43 55
43 96
43 135
43 145
43 104
43 225
43 227
43 234
43 248
44 46
44 73
44 98
44 131
44 149
44 117
44 125
44 216
45 47
45 48
45 49
45 63
45 77
45 98
45 141
45 147
45 157
45 176
45 185
45 197
45 204
45 230
45 233
46 48
46 97
46 108
46 115
46 191
46 215
46 221
46 231
46 245
46 248
47 48
47 49
47 58
47 144
47 102
47 111
47 120
47 154
47 226
47 247
48 49
48 68
48 128
48 115
48 150
48 169
48 170
48 193
48 232
48 240
48 249
49 51
49 62
49 87
49 93
49 94
49 106
49 127
49 166
49 203
49 219
49 248
50 53
50 54
50 60
50 61
50 62
50 63
50 64
50 65
50 66
50 67
50 71
50 75
50 77
50 79
50 82
50 84
50 86
50 87
50 92
50 93
50 99
50 133
50 142
50 126
50 127
50 154
50 180
50 215
50 221
50 237
51 55
51 58
51 61
51 62
51 63
51 64
51 67
51 68
51 73
51 78
51 79
51 80
51 81
51 83
51 84
51 85
51 86
51 88
51 89
51 93
51 94
51 96
51 97
51 98
51 99
51 104
51 105
51 109
51 171
51 200
51 219
52 53
52 55
52 57
52 59
52 60
52 65
52 68
52 71
52 72
52 73
52 76
52 77
52 78
52 81
52 82
52 83
52 84
52 86
52 87
52 88
52 90
52 91
52 92
52 93
52 94
52 95
52 98
52 107
52 166
52 174
52 175
52 178
52 180
52 190
52 227
52 249
53 54
53 56
53 57
53 58
53 60
53 61
53 62
53 67
53 68
53 70
53 71
53 72
53 76
53 77
53 79
53 81
53 83
53 85
53 86
53 91
53 94
53 95
53 96
53 99
53 133
53 136
53 159
53 162
53 165
53 167
53 171
53 196
53 209
53 236
54 56
54 57
54 58
54 59
54 61
54 63
54 65
54 71
54 72
54 73
54 74
54 75
54 76
54 81
54 83
54 87
54 88
54 94
54 98
54 99
54 144
54 106
54 155
54 160
54 180
54 207
54 231
54 235
55 56
55 57
55 58
55 60
55 61
55 63
55 65
55 66
55 70
55 72
55 77
55 80
55 82
55 83
55 85
55 86
55 87
55 88
55 90
55 91
55 92
55 93
55 94
55 95
55 96
55 99
55 128
55 141
55 156
55 166
55 184
55 208
55 232
56 57
56 58
56 62
56 63
56 64
56 66
56 67
56 70
56 71
56 73
56 77
56 78
56 79
56 80
56 82
56 84
56 87
56 88
56 91
56 92
56 93
56 95
56 96
56 97
56 99
56 135
56 147
56 148
56 108
56 109
56 159
56 165
56 218
56 227
56 235
57 58
57 62
57 64
57 65
57 67
57 71
57 72
57 80
57 81
57 84
57 87
57 89
57 90
57 92
57 94
57 95
57 98
57 99
57 112
57 152
57 157
57 174
57 178
57 217
58 59
58 63
58 64
58 65
58 67
58 68
58 69
58 70
58 74
58 77
58 81
58 82
58 83
58 84
58 88
58 89
58 90
58 91
58 93
58 95
58 98
58 99
58 111
58 215
59 60
59 61
59 62
59 65
59 68
59 70
59 72
59 76
59 77
59 79
59 81
59 82
59 84
59 89
59 91
59 92
59 93
59 95
59 97
59 98
59 99
59 103
59 174
59 176
59 192
59 203
59 218
60 61
60 62
60 63
60 64
60 67
60 68
60 69
60 70
60 72
60 77
60 78
60 79
60 81
60 85
60 86
60 87
60 90
60 91
60 94
60 95
60 96
60 97
60 98
60 147
60 101
60 172
60 182
60 221
61 63
61 64
61 66
61 68
61 70
61 74
61 78
61 80
61 81
61 82
61 83
61 85
61 86
61 87
61 90
61 92
61 93
61 94
61 99
61 100
61 101
61 169
61 212
61 228
61 248
62 63
62 64
62 66
62 67
62 71
62 72
62 73
62 74
62 75
62 78
62 79
62 82
62 85
62 86
62 90
62 93
62 96
62 98
62 99
62 132
62 147
62 161
62 162
62 180
62 183
62 190
63 64
63 65
63 66
63 67
63 69
63 70
63 71
63 72
63 73
63 75
63 78
63 79
63 80
63 85
63 86
63 89
63 93
63 98
63 136
63 101
63 122
63 157
63 169
63 206
63 217
63 221
63 239
64 65
64 69
64 70
64 71
64 72
64 74
64 80
64 85
64 86
64 87
64 91
64 92
64 93
64 94
64 95
64 135
64 143
64 107
64 155
64 166
64 184
64 207
65 67
65 69
65 70
65 71
65 72
65 73
65 74
65 75
65 76
65 77
65 78
65 79
65 80
65 81
65 82
65 83
65 84
65 85
65 86
65 87
65 90
65 92
65 93
65 96
65 135
65 143
65 147
65 151
65 156
65 170
65 190
65 203
65 216
65 222
65 248
66 70
66 73
66 74
66 76
66 77
66 78
66 79
66 83
66 84
66 85
66 87
66 90
66 91
66 92
66 96
66 99
66 146
66 106
66 122
66 165
66 180
66 181
66 187
66 190
66 205
66 210
66 215
66 236
67 68
67 70
67 71
67 73
67 75
67 76
67 77
67 81
67 83
67 85
67 86
67 87
67 90
67 92
67 93
67 94
67 95
67 98
67 99
67 129
67 113
67 114
67 119
67 162
67 168
67 182
67 186
67 187
67 199
67 220
68 71
68 72
68 73
68 74
68 75
68 80
68 84
68 85
68 86
68 87
68 91
68 93
68 94
68 97
68 130
68 116
68 218
68 229
68 235
68 238
69 70
69 72
69 73
69 76
69 79
69 81
69 83
69 84
69 87
69 88
69 91
69 95
69 96
69 97
69 98
69 191
69 221
69 222
69 232
69 238
69 244
70 71
70 72
70 73
70 75
70 76
70 78
70 79
70 80
70 81
70 82
70 85
70 90
70 92
70 93
70 94
70 95
70 96
70 138
70 122
70 155
70 158
70 160
70 193
70 223
71 72
71 74
71 76
71 77
71 79
71 80
71 82
71 83
71 85
71 86
71 87
71 90
71 91
71 92
71 95
71 96
71 140
71 161
71 166
71 169
71 198
71 230
72 73
72 74
72 76
72 77
72 78
72 80
72 81
72 83
72 85
72 91
72 92
72 94
72 96
72 97
72 98
72 108
72 110
72 167
72 187
72 216
72 244
73 75
73 76
73 77
73 78
73 79
73 83
73 84
73 85
73 86
73 87
73 90
73 92
73 95
73 96
73 97
73 99
73 131
73 154
73 158
73 184
73 187
73 204
73 216
73 248
74 76
74 78
74 82
74 83
74 84
74 86
74 92
74 93
74 96
74 98
74 143
74 185
74 227
74 236
75 77
75 81
75 85
75 88
75 91
75 92
75 96
75 97
75 98
75 113
75 116
75 125
75 235
75 239
75 244
75 247
75 248
76 82
76 83
76 86
76 90
76 93
76 94
76 97
76 98
76 104
76 114
76 117
76 154
76 170
76 173
76 178
76 179
76 190
76 192
76 222
77 78
77 79
77 80
77 84
77 86
77 87
77 93
77 94
77 99
77 106
77 124
77 167
77 168
77 204
77 242
78 79
78 80
78 85
78 88
78 89
78 90
78 92
78 98
78 99
78 170
78 200
78 202
78 228
79 82
79 83
79 85
79 89
79 90
79 93
79 97
79 108
79 126
79 181
79 190
79 203
80 85
80 86
80 88
80 94
80 96
80 98
80 99
80 130
80 103
80 125
80 187
80 198
80 213
80 245
80 247
80 249
81 82
81 84
81 85
81 87
81 88
81 91
81 93
81 94
81 95
81 96
81 97
81 98
81 136
81 139
81 146
81 162
81 197
81 214
82 83
82 84
82 86
82 88
82 89
82 90
82 91
82 92
82 93
82 94
82 95
82 133
82 153
82 198
82 205
82 222
83 85
83 86
83 96
83 97
83 99
83 130
83 136
83 112
83 171
83 172
83 204
83 215
83 235
83 241
84 87
84 90
84 92
84 96
84 99
84 107
84 155
84 167
84 168
84 179
84 193
85 88
85 93
85 134
85 109
85 120
85 170
85 175
86 87
86 89
86 90
86 91
86 94
86 95
86 97
86 98
86 99
86 132
86 135
86 137
86 150
86 192
86 216
86 226
87 89
87 91
87 92
87 94
87 97
87 116
87 127
87 154
87 161
87 162
87 184
87 197
87 222
87 226
87 233
87 244
87 249
88 90
88 91
88 94
88 95
88 96
88 97
88 98
88 139
88 145
88 102
88 111
88 164
88 217
88 222
88 232
89 92
89 94
89 95
89 96
89 134
89 165
89 168
89 197
89 200
89 215
89 237
89 241
90 96
90 98
90 99
90 145
90 110
90 114
90 179
90 224
91 92
91 93
91 95
91 98
91 156
91 183
92 93
92 94
92 136
92 143
92 115
92 178
92 195
92 197
92 201
92 224
92 231
92 237
92 248
93 94
93 96
93 99
93 151
93 152
93 164
93 172
93 206
93 221
93 227
94 97
94 147
94 100
94 120
94 166
94 170
94 176
94 186
94 190
94 200
94 211
94 225
95 140
95 125
95 171
95 174
95 182
95 213
95 217
96 97
96 98
96 99
96 100
96 123
96 160
96 190
96 241
97 99
97 144
97 118
97 177
97 185
97 201
97 207
97 211
97 228
97 232
97 237
97 248
98 99
98 118
98 127
98 171
98 178
98 181
98 222
98 246
99 147
99 109
99 123
99 150
99 241
128 129
128 131
128 132
128 133
128 136
128 137
128 138
128 139
128 140
128 141
128 145
128 147
128 148
128 100
128 101
128 102
128 103
128 104
128 105
128 110
128 114
128 116
128 117
128 118
128 119
128 120
128 125
128 126
128 127
128 167
128 187
128 211
128 217
129 130
129 132
129 133
129 134
129 137
129 138
129 139
129 140
129 141
129 142
129 143
129 145
129 146
129 149
129 100
129 101
129 102
129 103
129 104
129 105
129 107
129 109
129 110
129 112
129 113
129 114
129 115
129 116
129 120
129 121
129 122
129 123
129 125
129 126
129 127
129 182
129 187
129 200
129 211
130 133
130 134
130 135
130 138
130 139
130 140
130 142
130 143
130 145
130 146
130 149
130 104
130 105
130 107
130 110
130 116
130 117
130 118
130 119
130 121
130 123
130 126
130 153
130 166
130 168
130 180
130 239
131 132
131 134
131 135
131 137
131 138
131 139
131 140
131 141
131 143
131 144
131 145
131 146
131 101
131 103
131 105
131 106
131 108
131 110
131 113
131 114
131 115
131 116
131 117
131 118
131 119
131 123
131 126
131 187
131 231
131 233
132 133
132 135
132 137
132 138
132 140
132 141
132 142
132 144
132 146
132 147
132 148
132 149
132 101
132 102
132 103
132 105
132 111
132 116
132 120
132 121
132 126
132 187
132 209
132 228
133 136
133 138
133 139
133 144
133 145
133 147
133 148
133 100
133 101
133 102
133 103
133 105
133 107
133 110
133 111
133 112
133 113
133 115
133 117
133 118
133 123
133 124
133 125
133 126
133 169
133 191
133 202
133 205
133 218
133 222
133 223
133 249
134 138
134 140
134 142
134 144
134 146
134 147
134 148
134 100
134 101
134 105
134 109
134 113
134 118
134 119
134 120
134 123
134 127
134 157
134 165
134 189
134 193
134 212
134 226
135 143
135 144
135 146
135 149
135 100
135 103
135 106
135 108
135 113
135 116
135 117
135 119
135 120
135 121
135 122
135 125
135 126
135 127
135 157
135 177
135 247
136 139
136 140
136 143
136 147
136 149
136 101
136 103
136 107
136 110
136 111
136 113
136 114
136 115
136 116
136 118
136 119
136 121
136 122
136 123
136 125
136 126
136 127
136 175
136 184
136 231
137 141
137 143
137 145
137 146
137 147
137 105
137 114
137 115
137 116
137 117
137 118
137 119
137 121
137 123
137 126
137 127
137 155
137 161
137 172
137 173
137 178
137 197
137 209
137 246
138 139
138 142
138 144
138 100
138 101
138 104
138 107
138 109
138 112
138 114
138 115
138 116
138 118
138 119
138 123
138 124
138 127
138 175
138 176
138 197
138 198
138 215
139 144
139 146
139 148
139 101
139 102
139 103
139 105
139 107
139 109
139 110
139 112
139 113
139 115
139 120
139 122
139 123
139 124
139 175
139 186
139 200
139 218
140 141
140 142
140 143
140 145
140 146
140 148
140 100
140 101
140 102
140 105
140 106
140 107
140 108
140 109
140 111
140 112
140 114
140 116
140 117
140 119
140 122
140 123
140 126
140 127
140 159
140 183
140 190
140 234
141 142
141 149
141 100
141 102
141 104
141 105
141 107
141 109
141 113
141 114
141 115
141 119
141 120
141 122
141 125
141 157
141 168
141 196
141 201
141 215
141 224
141 225
141 233
141 235
142 143
142 146
142 149
142 100
142 101
142 102
142 103
142 108
142 109
142 113
142 114
142 122
142 124
142 125
142 127
142 157
142 183
142 206
142 244
143 147
143 148
143 100
143 102
143 103
143 107
143 108
143 112
143 113
143 116
143 117
143 118
143 119
143 124
143 127
143 178
143 210
143 233
144 145
144 146
144 147
144 149
144 101
144 103
144 106
144 107
144 108
144 109
144 110
144 112
144 113
144 116
144 118
144 119
144 121
144 122
144 126
144 127
144 203
144 214
144 236
144 246
145 148
145 101
145 102
145 103
145 104
145 105
145 106
145 109
145 111
145 112
145 113
145 115
145 117
145 119
145 121
145 122
145 124
145 126
145 127
145 160
145 161
145 174
145 228
146 102
146 103
146 104
146 105
146 106
146 107
146 109
146 110
146 111
146 112
146 115
146 117
146 118
146 119
146 120
146 121
146 122
146 125
146 169
146 197
146 204
146 238
147 101
147 102
147 104
147 105
147 106
147 111
147 113
147 114
147 115
147 117
147 120
147 121
147 125
147 127
147 153
147 168
147 171
148 105
148 106
148 108
148 109
148 110
148 111
148 112
148 115
148 117
148 121
148 126
148 127
148 159
148 168
148 226
148 228
148 231
148 235
149 100
149 102
149 103
149 105
149 106
149 107
149 112
149 113
149 116
149 117
149 118
149 119
149 120
149 121
149 122
149 124
149 125
149 195
149 208
149 233
100 102
100 104
100 106
100 110
100 111
100 112
100 113
100 115
100 119
100 120
100 121
100 122
100 125
100 159
100 172
100 180
100 236
101 109
101 110
101 111
101 113
101 114
101 116
101 117
101 119
101 120
101 121
101 127
101 155
101 184
101 202
101 210
101 211
102 103
102 105
102 106
102 107
102 108
102 111
102 112
102 113
102 120
102 123
102 126
102 127
102 156
102 191
102 223
102 239
103 104
103 105
103 117
103 119
103 121
103 125
103 150
103 162
103 186
103 199
103 229
103 230
103 236
103 239
103 247
104 105
104 107
104 109
104 112
104 113
104 114
104 116
104 118
104 119
104 120
104 121
104 123
104 126
104 192
104 230
104 236
104 246
105 106
105 107
105 110
105 114
105 118
105 122
105 123
105 124
105 126
105 127
105 160
105 186
105 190
105 206
105 221
105 227
105 230
105 249
106 108
106 113
106 117
106 120
106 121
106 123
106 124
106 125
106 169
106 186
106 211
106 219
106 228
106 236
107 109
107 110
107 111
107 112
107 113
107 114
107 115
107 117
107 118
107 119
107 121
107 122
107 126
107 127
107 151
107 184
107 194
107 208
107 218
107 223
107 236
107 243
108 111
108 117
108 120
108 122
108 123
108 124
108 125
108 126
108 127
108 152
108 154
108 184
108 203
108 233
109 111
109 113
109 115
109 118
109 120
109 122
109 126
109 127
109 155
109 163
109 201
109 202
109 209
109 213
109 241
109 242
110 111
110 113
110 117
110 123
110 126
110 127
110 156
110 166
110 167
110 174
110 205
110 210
110 211
110 229
111 112
111 117
111 120
111 122
111 123
111 124
111 125
111 161
111 164
111 173
111 198
111 204
111 209
111 219
111 227
112 113
112 114
112 115
112 116
112 119
112 121
112 122
112 123
112 124
112 127
112 207
112 229
112 239
112 244
113 114
113 116
113 117
113 124
113 125
113 126
113 127
113 152
113 166
113 169
113 176
113 197
113 202
113 205
114 118
114 123
114 125
114 126
114 127
114 178
114 194
114 222
115 117
115 118
115 120
115 123
115 168
115 174
115 180
115 221
115 242
116 118
116 121
116 122
116 124
116 126
116 127
116 180
116 214
116 218
116 226
116 233
116 236
116 242
116 248
117 119
117 122
117 123
117 124
117 126
117 172
117 176
117 184
117 187
117 230
117 239
117 245
117 248
118 119
118 120
118 121
118 122
118 125
118 127
118 159
118 188
118 226
118 237
119 122
119 126
119 127
119 185
119 191
119 200
119 205
119 209
119 215
119 226
119 237
120 122
120 125
120 126
120 127
120 165
120 201
120 209
120 210
120 217
120 225
120 235
121 122
121 123
121 125
121 126
121 155
121 170
121 181
121 183
121 191
121 205
122 123
122 126
122 127
122 219
122 228
122 232
123 124
123 126
123 202
123 203
124 126
124 127
124 151
124 203
124 226
125 164
125 166
125 229
125 240
126 127
126 155
126 230
127 151
127 160
127 192
127 219
150 153
150 154
150 158
150 166
150 172
150 174
150 176
150 177
150 179
150 180
150 182
150 185
150 187
150 195
150 196
150 198
150 199
150 212
150 224
150 244
151 155
151 157
151 158
151 159
151 160
151 163
151 164
151 165
151 166
151 167
151 169
151 176
151 177
151 178
151 180
151 181
151 183
151 185
151 186
151 188
151 191
151 192
151 194
151 195
151 197
151 198
151 208
151 241
151 249
152 153
152 155
152 156
152 157
152 158
152 160
152 161
152 162
152 164
152 165
152 169
152 170
152 171
152 173
152 174
152 175
152 178
152 180
152 181
152 183
152 185
152 186
152 187
152 188
152 190
152 192
152 194
152 195
152 198
152 199
152 230
152 242
153 155
153 156
153 158
153 159
153 160
153 162
153 163
153 165
153 167
153 170
153 171
153 172
153 173
153 175
153 176
153 183
153 184
153 185
153 190
153 198
153 212
153 236
153 243
154 155
154 157
154 158
154 160
154 161
154 163
154 168
154 169
154 172
154 174
154 177
154 180
154 181
154 183
154 187
154 188
154 190
154 191
154 193
154 194
154 197
154 199
154 223
154 249
155 158
155 159
155 160
155 161
155 162
155 163
155 164
155 167
155 170
155 171
155 174
155 175
155 176
155 177
155 179
155 180
155 182
155 190
155 192
155 196
155 198
155 199
155 229
155 244
156 161
156 163
156 167
156 176
156 177
156 178
156 179
156 184
156 186
156 191
156 192
156 193
156 194
156 195
156 197
156 198
156 216
156 249
157 161
157 163
157 164
157 166
157 170
157 172
157 173
157 175
157 176
157 177
157 179
157 181
157 183
157 186
157 194
157 196
157 197
157 202
157 219
157 230
157 231
157 249
158 159
158 160
158 162
158 163
158 164
158 167
158 169
158 173
158 176
158 178
158 180
158 181
158 184
158 187
158 189
158 191
158 192
158 194
158 196
158 197
158 199
158 238
159 161
159 162
159 163
159 166
159 168
159 169
159 171
159 174
159 176
159 178
159 180
159 181
159 182
159 184
159 185
159 186
159 189
159 190
159 194
159 196
159 199
159 205
159 240
159 248
160 161
160 162
160 166
160 168
160 170
160 171
160 174
160 175
160 176
160 178
160 179
160 180
160 181
160 182
160 183
160 186
160 188
160 190
160 191
160 192
160 195
160 198
160 239
161 163
161 166
161 169
161 170
161 173
161 176
161 178
161 181
161 185
161 186
161 188
161 189
161 190
161 191
161 193
161 194
161 195
161 199
161 219
161 244
162 163
162 167
162 170
162 173
162 176
162 178
162 180
162 181
162 183
162 185
162 186
162 188
162 190
162 193
162 194
162 197
162 198
162 199
162 222
162 246
163 165
163 167
163 168
163 170
163 173
163 174
163 175
163 177
163 179
163 184
163 185
163 187
163 189
163 195
163 196
163 197
163 199
163 214
163 219
163 220
163 221
163 233
163 246
164 165
164 166
164 167
164 168
164 170
164 176
164 177
164 183
164 184
164 189
164 190
164 191
164 193
164 195
164 196
164 198
164 199
164 209
165 169
165 170
165 173
165 174
165 177
165 180
165 183
165 184
165 185
165 193
165 196
165 198
165 199
166 167
166 168
166 171
166 172
166 174
166 175
166 179
166 181
166 182
166 183
166 184
166 185
166 186
166 187
166 188
166 190
166 192
166 193
166 195
166 198
166 199
166 219
166 226
166 242
167 168
167 169
167 172
167 177
167 181
167 184
167 189
167 190
167 195
167 197
167 198
167 199
167 203
167 229
168 169
168 170
168 171
168 172
168 176
168 181
168 182
168 183
168 187
168 191
168 199
168 212
169 170
169 171
169 172
169 173
169 176
169 177
169 179
169 182
169 183
169 188
169 190
169 192
169 195
169 198
169 240
170 171
170 172
170 173
170 176
170 179
170 181
170 182
170 183
170 184
170 187
170 188
170 195
170 199
170 202
170 213
170 237
171 172
171 173
171 175
171 177
171 178
171 179
171 180
171 181
171 185
171 187
171 189
171 190
171 191
171 195
171 197
171 199
171 211
171 222
172 174
172 175
172 176
172 178
172 179
172 182
172 183
172 184
172 188
172 189
172 191
172 192
172 193
172 195
172 196
172 197
172 206
172 220
173 175
173 179
173 180
173 182
173 184
173 185
173 186
173 188
173 191
173 192
173 196
173 198
173 199
173 235
174 175
174 180
174 181
174 182
174 183
174 186
174 189
174 190
174 191
174 192
174 193
174 196
174 197
174 199
174 217
174 227
175 176
175 182
175 185
175 186
175 187
175 188
175 191
175 192
175 193
175 195
175 198
175 204
175 216
175 235
176 177
176 178
176 180
176 182
176 186
176 187
176 190
176 194
176 195
176 199
176 210
176 219
176 221
176 233
177 178
177 181
177 183
177 185
177 187
177 188
177 191
177 192
177 195
177 198
177 199
177 222
177 235
178 183
178 184
178 185
178 188
178 189
178 192
178 196
178 197
178 198
178 225
179 183
179 185
179 187
179 189
179 190
179 193
179 198
179 199
179 203
179 236
179 246
180 181
180 189
180 192
180 193
180 196
180 197
180 198
180 208
180 223
181 183
181 184
181 186
181 194
181 196
181 197
181 198
181 202
181 228
182 185
182 186
182 187
182 188
182 191
182 193
182 195
182 198
182 199
183 186
183 187
183 189
183 194
184 191
184 192
184 193
184 194
184 195
184 198
184 203
184 211
184 222
184 229
184 233
185 189
185 190
185 192
185 195
185 197
185 201
186 192
186 194
186 195
186 198
186 199
186 220
186 238
186 240
187 188
187 189
187 190
187 191
187 192
187 194
187 196
187 198
187 207
188 190
188 192
188 193
188 197
188 199
188 201
188 217
188 232
188 243
189 191
189 192
189 195
189 196
189 198
189 210
189 223
190 195
190 196
190 199
190 200
190 210
191 192
191 194
191 198
191 208
191 211
191 215
191 229
191 235
192 197
192 199
192 201
192 209
192 219
192 221
192 222
192 239
193 195
193 205
193 214
193 217
193 225
194 195
194 197
194 198
194 209
194 215
195 196
195 199
196 198
196 199
196 224
196 236
197 198
197 244
198 248
199 208
199 219
199 230
199 245
200 201
200 205
200 207
200 211
200 212
200 213
200 214
200 215
200 217
200 219
200 222
200 224
200 225
200 228
200 230
200 231
200 232
200 239
200 241
200 242
200 245
200 249
201 204
201 208
201 210
201 211
201 212
201 214
201 215
201 220
201 221
201 223
201 227
201 228
201 229
201 230
201 232
201 233
201 235
201 242
201 245
201 246
201 247
201 248
202 205
202 206
202 207
202 208
202 211
202 212
202 214
202 221
202 222
202 224
202 225
202 226
202 227
202 229
202 231
202 232
202 233
202 234
202 238
202 239
202 242
202 243
202 246
202 247
202 248
203 207
203 208
203 210
203 216
203 219
203 221
203 223
203 227
203 230
203 233
203 245
203 247
203 248
203 249
204 206
204 207
204 208
204 212
204 213
204 217
204 218
204 220
204 222
204 223
204 225
204 228
204 229
204 234
204 238
204 240
204 242
204 244
204 245
204 247
204 248
205 208
205 209
205 210
205 211
205 212
205 213
205 217
205 218
205 220
205 221
205 222
205 225
205 227
205 229
205 230
205 231
205 232
205 239
205 240
205 241
205 242
205 244
205 245
205 246
205 248
205 249
206 207
206 208
206 209
206 211
206 213
206 215
206 216
206 218
206 219
206 221
206 222
206 224
206 226
206 228
206 229
206 230
206 231
206 233
206 235
206 236
206 237
206 238
206 239
206 240
206 241
206 242
206 243
206 244
206 245
206 248
206 249
207 209
207 215
207 217
207 219
207 220
207 222
207 223
207 224
207 226
207 234
207 235
207 236
207 237
207 240
207 242
207 244
207 245
207 248
207 249
208 210
208 212
208 213
208 214
208 217
208 218
208 220
208 225
208 226
208 227
208 229
208 230
208 231
208 233
208 234
208 235
208 236
208 240
208 241
208 244
208 245
208 249
209 216
209 221
209 222
209 228
209 230
209 231
209 233
209 234
209 237
209 239
209 243
209 246
209 249
210 211
210 215
210 218
210 221
210 223
210 224
210 225
210 226
210 228
210 229
210 230
210 231
210 233
210 234
210 237
210 238
210 239
210 244
210 245
210 246
210 249
211 213
211 215
211 218
211 224
211 225
211 228
211 229
211 230
211 232
211 234
211 235
211 237
211 238
211 242
211 243
211 244
211 245
211 246
212 213
212 216
212 219
212 221
212 224
212 225
212 226
212 227
212 228
212 232
212 233
212 234
212 236
212 237
212 239
212 240
212 241
212 242
212 244
212 248
212 249
213 214
213 215
213 216
213 217
213 218
213 222
213 224
213 225
213 227
213 228
213 229
213 230
213 231
213 234
213 235
213 237
213 238
213 239
213 241
213 242
213 243
213 245
213 247
213 248
214 216
214 219
214 222
214 225
214 227
214 231
214 236
214 237
214 239
214 241
214 244
214 246
215 219
215 220
215 222
215 223
215 224
215 225
215 227
215 228
215 229
215 232
215 237
215 238
215 241
215 244
215 245
215 246
215 247
216 217
216 219
216 220
216 223
216 224
216 227
216 230
216 231
216 232
216 235
216 236
216 237
216 239
216 243
216 247
216 249
217 219
217 223
217 227
217 228
217 232
217 233
217 236
217 241
217 244
217 246
218 222
218 224
218 226
218 229
218 230
218 232
218 234
218 235
218 236
218 241
218 242
218 244
218 248
219 220
219 221
219 222
219 227
219 229
219 230
219 231
219 232
219 236
219 240
219 241
219 242
219 244
219 246
219 247
219 248
220 222
220 223
220 225
220 226
220 229
220 230
220 231
220 236
220 238
220 239
220 240
220 241
220 245
220 246
220 247
220 248
221 222
221 226
221 228
221 229
221 236
221 237
221 238
221 239
221 240
221 241
221 243
221 244
221 248
222 223
222 226
222 228
222 230
222 231
222 232
222 233
222 234
222 235
222 236
222 237
222 244
222 245
222 246
222 248
223 224
223 227
223 229
223 232
223 235
223 236
223 237
223 238
223 241
223 244
223 245
223 247
224 226
224 232
224 233
224 236
224 237
224 238
224 245
224 246
224 247
225 226
225 227
225 229
225 231
225 233
225 235
225 237
225 239
225 241
225 242
225 243
225 244
225 245
225 247
225 248
225 249
226 227
226 228
226 231
226 232
226 233
226 236
226 238
226 239
226 240
226 243
226 244
226 247
226 249
227 229
227 232
227 233
227 235
227 237
227 238
227 243
227 244
227 245
228 229
228 230
228 232
228 233
228 235
228 237
228 239
228 240
228 241
228 244
228 248
228 249
229 231
229 232
229 233
229 235
229 236
229 239
229 241
229 242
229 244
229 246
229 247
229 248
230 231
230 232
230 233
230 234
230 236
230 238
230 240
230 247
231 234
231 235
231 236
231 237
231 240
231 243
231 244
231 247
231 248
232 234
232 237
232 238
232 240
232 241
232 242
232 244
232 246
232 247
232 248
233 237
233 238
233 239
233 240
233 241
233 246
233 248
233 249
234 239
234 240
234 242
234 243
234 244
234 247
234 248
234 249
235 236
235 238
235 239
235 240
235 242
235 246
235 249
236 240
236 244
236 245
236 246
236 248
237 238
237 241
237 244
237 247
237 248
238 241
238 243
238 249
239 241
239 242
239 246
239 247
239 249
240 241
240 242
240 243
240 244
240 246
240 247
240 248
241 242
241 243
241 244
241 245
241 246
241 247
241 249
242 246
242 247
242 249
243 249
244 245
244 247
244 248
244 249
245 246
245 249
246 248
247 248
247 249
248 249
