0 1
0 2
0 4
0 8
0 9
0 10
0 13
0 15
0 17
0 18
0 20
0 21
0 22
0 23
0 24
0 25
0 26
0 29
0 30
0 33
0 35
0 36
0 37
0 38
0 40
0 42
0 43
0 44
0 45
0 47
0 48
0 49
0 54
0 86
0 90
0 138
0 118
0 119
0 121
0 124
0 160
0 161
0 166
0 173
0 179
0 184
0 191
0 197
0 203
0 205
0 206
0 227
0 228
1 2
1 4
1 5
1 6
1 8
1 10
1 12
1 13
1 17
1 18
1 19
1 20
1 22
1 24
1 25
1 26
1 28
1 29
1 30
1 33
1 34
1 35
1 36
1 38
1 40
1 41
1 42
1 43
1 45
1 46
1 47
1 49
1 58
1 74
1 82
1 85
1 130
1 149
1 103
1 104
1 107
1 108
1 110
1 111
1 112
1 115
1 116
1 118
1 120
1 121
1 122
1 127
1 154
1 158
1 159
1 171
1 173
1 177
1 178
1 179
1 181
1 183
1 184
1 193
1 198
1 204
1 211
1 238
1 246
1 248
2 4
2 5
2 6
2 11
2 12
2 14
2 15
2 21
2 23
2 26
2 27
2 30
2 32
2 36
2 37
2 38
2 39
2 41
2 42
2 44
2 45
2 47
2 48
2 62
2 65
2 67
2 70
2 79
2 81
2 86
2 91
2 95
2 134
2 135
2 137
2 140
2 145
2 106
2 110
2 127
2 156
2 158
2 162
2 167
2 169
2 174
2 185
2 188
2 202
2 217
2 221
2 226
2 229
2 236
2 238
2 243
2 248
3 4
3 7
3 8
3 12
3 13
3 15
3 17
3 20
3 22
3 23
3 25
3 26
3 27
3 28
3 29
3 30
3 31
3 32
3 33
3 35
3 36
3 37
3 39
3 40
3 42
3 44
3 45
3 48
3 49
3 51
3 54
3 56
3 62
3 71
3 73
3 82
3 83
3 84
3 90
3 99
3 132
3 134
3 136
3 142
3 143
3 148
3 101
3 108
3 112
3 160
3 181
3 204
3 221
3 222
3 230
3 231
3 234
3 240
3 241
4 6
4 8
4 12
4 13
4 14
4 15
4 16
4 17
4 22
4 23
4 26
4 28
4 29
4 30
4 32
4 34
4 35
4 37
4 38
4 39
4 40
4 42
4 44
4 45
4 46
4 47
4 48
4 53
4 72
4 73
4 74
4 80
4 87
4 88
4 91
4 96
4 98
4 149
4 112
4 116
4 117
4 119
4 157
4 164
4 179
4 185
4 193
4 196
4 204
4 206
4 213
4 222
4 225
4 232
4 244
5 7
5 10
5 12
5 14
5 15
5 16
5 18
5 19
5 22
5 23
5 28
5 30
5 31
5 32
5 33
5 34
5 35
5 36
5 38
5 39
5 40
5 41
5 44
5 45
5 46
5 47
5 48
5 58
5 60
5 66
5 70
5 72
5 78
5 86
5 131
5 104
5 106
5 107
5 151
5 165
5 173
5 176
5 177
5 178
5 182
5 186
5 205
5 223
5 227
5 233
5 243
5 246
5 247
6 7
6 9
6 10
6 14
6 15
6 16
6 21
6 24
6 25
6 27
6 28
6 29
6 30
6 31
6 32
6 35
6 36
6 38
6 42
6 43
6 45
6 46
6 48
6 53
6 57
6 58
6 62
6 69
6 76
6 136
6 137
6 138
6 143
6 121
6 150
6 166
6 170
6 174
6 178
6 180
6 184
6 190
6 191
6 194
6 196
6 204
6 211
6 212
6 228
6 231
6 245
6 246
7 9
7 10
7 11
7 12
7 14
7 15
7 17
7 18
7 19
7 20
7 25
7 26
7 27
7 29
7 30
7 31
7 32
7 34
7 35
7 36
7 38
7 39
7 42
7 43
7 47
7 48
7 50
7 72
7 89
7 92
7 96
7 145
7 148
7 109
7 116
7 117
7 126
7 154
7 156
7 159
7 163
7 170
7 172
7 182
7 204
7 207
7 209
7 221
7 224
7 225
7 238
7 247
7 248
8 11
8 12
8 14
8 15
8 16
8 20
8 21
8 25
8 26
8 28
8 36
8 37
8 39
8 40
8 41
8 42
8 44
8 83
8 89
8 91
8 129
8 131
8 104
8 125
8 152
8 154
8 155
8 170
8 177
8 195
8 200
8 201
8 203
8 206
8 212
8 220
8 234
8 245
8 248
9 10
9 11
9 12
9 13
9 14
9 16
9 17
9 18
9 19
9 20
9 22
9 23
9 24
9 26
9 27
9 29
9 31
9 32
9 33
9 35
9 36
9 38
9 40
9 41
9 42
9 43
9 44
9 45
9 48
9 49
9 50
9 52
9 54
9 68
9 82
9 90
9 138
9 102
9 105
9 109
9 111
9 121
9 151
9 162
9 163
9 171
9 183
9 193
9 196
9 210
9 212
9 217
9 230
9 232
9 235
9 239
9 243
9 244
10 11
10 13
10 15
10 17
10 18
10 19
10 22
10 29
10 31
10 32
10 34
10 35
10 36
10 39
10 41
10 45
10 46
10 47
10 72
10 74
10 75
10 78
10 81
10 97
10 130
10 141
10 145
10 111
10 115
10 123
10 156
10 157
10 164
10 172
10 185
10 187
10 200
10 208
10 212
10 218
10 223
10 227
10 228
10 245
10 249
11 12
11 13
11 15
11 20
11 22
11 24
11 27
11 30
11 31
11 33
11 34
11 35
11 36
11 37
11 39
11 40
11 43
11 44
11 45
11 60
11 72
11 78
11 88
11 92
11 96
11 130
11 140
11 148
11 149
11 101
11 102
11 107
11 112
11 154
11 168
11 170
11 173
11 180
11 217
12 15
12 16
12 19
12 21
12 22
12 23
12 24
12 26
12 29
12 30
12 31
12 32
12 33
12 34
12 35
12 36
12 37
12 38
12 39
12 41
12 42
12 44
12 45
12 46
12 47
12 49
12 50
12 52
12 54
12 55
12 58
12 63
12 64
12 90
12 128
12 129
12 131
12 135
12 146
12 103
12 107
12 108
12 120
12 124
12 192
12 195
12 201
12 219
12 223
12 226
12 231
12 232
12 240
12 249
13 14
13 15
13 16
13 18
13 19
13 20
13 21
13 24
13 25
13 26
13 27
13 28
13 31
13 33
13 34
13 35
13 38
13 43
13 44
13 47
13 49
13 59
13 71
13 72
13 78
13 82
13 85
13 89
13 91
13 133
13 141
13 142
13 145
13 106
13 117
13 119
13 122
13 127
13 160
13 166
13 186
13 190
13 193
13 196
13 197
13 199
13 203
13 205
13 216
13 221
13 235
13 238
14 15
14 18
14 19
14 20
14 24
14 25
14 26
14 27
14 28
14 30
14 31
14 32
14 33
14 34
14 35
14 37
14 38
14 40
14 41
14 42
14 43
14 45
14 47
14 48
14 54
14 55
14 61
14 64
14 69
14 80
14 82
14 83
14 93
14 95
14 141
14 106
14 108
14 110
14 111
14 115
14 155
14 167
14 177
14 178
14 190
14 204
14 214
14 241
14 243
15 17
15 18
15 19
15 21
15 23
15 25
15 27
15 28
15 30
15 31
15 35
15 37
15 38
15 39
15 41
15 42
15 43
15 44
15 46
15 47
15 53
15 88
15 89
15 95
15 98
15 139
15 141
15 147
15 148
15 106
15 119
15 152
15 155
15 162
15 188
15 198
15 202
15 203
15 209
15 213
15 222
15 233
15 235
16 18
16 21
16 23
16 24
16 26
16 27
16 28
16 29
16 31
16 35
16 36
16 37
16 39
16 42
16 43
16 44
16 46
16 47
16 48
16 60
16 65
16 71
16 73
16 91
16 129
16 136
16 137
16 116
16 120
16 122
16 127
16 150
16 165
16 169
16 184
16 193
16 198
16 202
16 205
16 206
16 212
16 213
16 216
16 221
16 234
16 249
17 18
17 21
17 22
17 28
17 29
17 30
17 36
17 37
17 38
17 44
17 45
17 46
17 47
17 48
17 49
17 50
17 52
17 58
17 63
17 68
17 73
17 87
17 130
17 138
17 146
17 105
17 109
17 122
17 155
17 158
17 159
17 166
17 173
17 177
17 183
17 187
17 201
17 206
17 209
17 220
17 224
17 225
17 230
17 233
18 19
18 20
18 21
18 24
18 25
18 26
18 28
18 32
18 33
18 35
18 36
18 38
18 41
18 42
18 44
18 45
18 48
18 49
18 57
18 64
18 65
18 74
18 78
18 80
18 89
18 129
18 109
18 117
18 121
18 168
18 169
18 170
18 175
18 179
18 186
18 192
18 199
18 201
18 209
18 216
18 220
18 224
18 230
18 234
18 238
18 243
19 21
19 22
19 24
19 25
19 26
19 27
19 28
19 29
19 30
19 32
19 35
19 36
19 38
19 39
19 40
19 43
19 44
19 45
19 46
19 47
19 48
19 49
19 76
19 81
19 82
19 86
19 88
19 94
19 99
19 131
19 139
19 100
19 104
19 105
19 108
19 110
19 113
19 118
19 120
19 121
19 124
19 169
19 180
19 197
19 201
19 212
19 213
19 218
19 221
19 224
19 227
19 231
19 245
20 21
20 22
20 23
20 26
20 27
20 29
20 30
20 31
20 34
20 36
20 37
20 40
20 43
20 44
20 45
20 47
20 49
20 60
20 66
20 68
20 81
20 82
20 83
20 85
20 97
20 128
20 131
20 138
20 145
20 147
20 148
20 149
20 102
20 150
20 158
20 170
20 181
20 203
20 208
20 210
20 212
20 214
20 218
20 223
20 224
20 225
20 226
20 229
20 234
20 235
20 243
21 23
21 24
21 26
21 27
21 28
21 30
21 31
21 34
21 36
21 37
21 38
21 39
21 40
21 41
21 43
21 44
21 45
21 47
21 48
21 61
21 62
21 63
21 68
21 70
21 80
21 82
21 84
21 85
21 87
21 89
21 90
21 128
21 129
21 138
21 144
21 145
21 149
21 114
21 119
21 125
21 164
21 181
21 196
21 205
21 215
21 221
21 228
21 232
21 235
21 237
21 238
21 239
21 242
21 243
21 248
22 23
22 24
22 26
22 27
22 30
22 33
22 34
22 37
22 40
22 41
22 42
22 43
22 45
22 46
22 49
22 50
22 56
22 79
22 85
22 94
22 99
22 130
22 132
22 141
22 101
22 103
22 115
22 123
22 150
22 157
22 160
22 161
22 162
22 164
22 166
22 172
22 179
22 181
22 189
22 195
22 201
22 220
22 221
22 224
22 225
22 227
22 241
23 24
23 26
23 31
23 32
23 35
23 37
23 38
23 40
23 41
23 43
23 45
23 46
23 48
23 49
23 65
23 69
23 81
23 94
23 95
23 131
23 100
23 102
23 103
23 117
23 121
23 176
23 181
23 190
23 191
23 196
23 197
23 201
23 208
23 220
23 230
23 236
23 238
23 242
24 25
24 29
24 30
24 32
24 34
24 35
24 36
24 37
24 38
24 40
24 41
24 44
24 45
24 47
24 49
24 56
24 64
24 69
24 81
24 82
24 85
24 90
24 97
24 98
24 110
24 111
24 121
24 123
24 127
24 163
24 165
24 176
24 178
24 182
24 189
24 191
24 208
24 209
24 233
24 234
24 237
24 239
24 246
24 247
25 26
25 27
25 29
25 30
25 32
25 33
25 35
25 36
25 37
25 41
25 43
25 44
25 45
25 48
25 49
25 59
25 67
25 78
25 84
25 86
25 95
25 131
25 141
25 144
25 149
25 102
25 109
25 113
25 122
25 127
25 151
25 160
25 161
25 167
25 173
25 175
25 181
25 194
25 198
25 210
25 213
25 218
25 225
25 228
25 236
25 238
25 239
25 241
25 242
26 28
26 30
26 31
26 32
26 34
26 35
26 36
26 38
26 39
26 40
26 41
26 42
26 45
26 47
26 49
26 56
26 67
26 69
26 79
26 80
26 82
26 83
26 88
26 142
26 117
26 126
26 157
26 160
26 171
26 200
26 213
26 214
26 216
26 226
26 241
26 244
27 29
27 30
27 33
27 34
27 35
27 37
27 39
27 40
27 41
27 42
27 46
27 49
27 57
27 58
27 59
27 61
27 62
27 71
27 72
27 98
27 133
27 134
27 141
27 148
27 100
27 111
27 122
27 124
27 153
27 172
27 180
27 185
27 191
27 197
27 202
27 221
27 224
27 240
28 29
28 30
28 32
28 33
28 36
28 40
28 42
28 44
28 45
28 46
28 47
28 49
28 50
28 65
28 67
28 68
28 69
28 77
28 78
28 80
28 83
28 91
28 96
28 131
28 143
28 145
28 103
28 106
28 114
28 115
28 126
28 127
28 167
28 173
28 176
28 185
28 192
28 198
28 202
28 206
28 215
28 220
28 222
28 228
28 232
28 234
28 238
28 242
28 243
28 245
29 31
29 32
29 34
29 36
29 37
29 38
29 40
29 41
29 45
29 48
29 56
29 69
29 71
29 74
29 80
29 91
29 99
29 134
29 138
29 141
29 142
29 148
29 120
29 152
29 158
29 165
29 193
29 196
29 205
29 206
29 213
29 219
29 227
29 238
29 244
29 249
30 31
30 33
30 34
30 35
30 38
30 39
30 40
30 41
30 42
30 44
30 47
30 48
30 55
30 56
30 58
30 60
30 65
30 66
30 67
30 85
30 93
30 96
30 133
30 139
30 144
30 104
30 106
30 116
30 119
30 120
30 123
30 125
30 126
30 152
30 156
30 157
30 164
30 175
30 203
30 206
30 216
30 222
30 224
30 233
30 239
30 242
30 243
31 33
31 35
31 37
31 38
31 39
31 40
31 43
31 45
31 46
31 60
31 69
31 88
31 133
31 135
31 147
31 148
31 157
31 165
31 166
31 170
31 176
31 185
31 193
31 194
31 195
31 196
31 198
31 204
31 209
31 214
31 219
31 222
31 241
31 245
31 246
32 35
32 40
32 41
32 42
32 43
32 44
32 45
32 47
32 48
32 49
32 53
32 56
32 62
32 65
32 81
32 83
32 84
32 86
32 89
32 99
32 130
32 135
32 141
32 100
32 105
32 107
32 108
32 115
32 117
32 119
32 123
32 151
32 181
32 189
32 196
32 197
32 213
32 220
32 240
32 247
33 36
33 37
33 38
33 39
33 40
33 41
33 42
33 43
33 44
33 46
33 47
33 48
33 49
33 50
33 69
33 71
33 83
33 86
33 94
33 96
33 130
33 134
33 141
33 145
33 105
33 120
33 156
33 163
33 192
33 196
33 201
33 222
33 223
33 225
33 236
34 37
34 40
34 43
34 46
34 47
34 49
34 51
34 57
34 62
34 83
34 92
34 93
34 94
34 133
34 143
34 149
34 107
34 109
34 111
34 113
34 117
34 122
34 124
34 127
34 158
34 159
34 162
34 176
34 183
34 185
34 186
34 204
34 209
34 214
34 216
34 219
34 220
34 229
34 231
34 239
35 37
35 40
35 41
35 42
35 43
35 44
35 47
35 49
35 51
35 53
35 56
35 57
35 58
35 62
35 66
35 73
35 83
35 85
35 87
35 93
35 95
35 129
35 141
35 103
35 105
35 110
35 122
35 123
35 157
35 162
35 170
35 172
35 173
35 178
35 197
35 202
35 205
35 213
35 220
35 223
35 232
35 236
35 240
35 241
36 38
36 39
36 40
36 41
36 42
36 43
36 46
36 47
36 48
36 50
36 60
36 65
36 73
36 93
36 130
36 131
36 133
36 141
36 149
36 100
36 101
36 102
36 116
36 121
36 126
36 157
36 171
36 172
36 187
36 210
36 214
36 220
36 221
36 228
37 38
37 39
37 42
37 43
37 46
37 47
37 50
37 52
37 58
37 60
37 62
37 64
37 75
37 95
37 97
37 129
37 131
37 135
37 142
37 149
37 102
37 104
37 107
37 108
37 111
37 116
37 158
37 160
37 177
37 180
37 193
37 197
37 199
37 211
37 217
37 218
37 236
37 240
38 41
38 43
38 44
38 47
38 48
38 49
38 57
38 61
38 69
38 77
38 80
38 82
38 85
38 96
38 100
38 110
38 115
38 116
38 117
38 119
38 122
38 151
38 159
38 164
38 169
38 170
38 173
38 178
38 190
38 192
38 201
38 202
38 222
38 237
38 246
39 40
39 41
39 42
39 43
39 44
39 46
39 48
39 51
39 67
39 78
39 80
39 86
39 89
39 129
39 131
39 134
39 136
39 139
39 140
39 141
39 147
39 112
39 121
39 177
39 185
39 186
39 189
39 201
39 206
39 216
39 217
39 228
39 229
39 239
39 242
40 44
40 45
40 46
40 48
40 55
40 66
40 68
40 91
40 99
40 133
40 145
40 105
40 115
40 117
40 121
40 153
40 159
40 171
40 173
40 189
40 190
40 202
40 204
40 222
40 237
40 244
40 248
41 42
41 44
41 45
41 47
41 48
41 49
41 60
41 63
41 67
41 68
41 73
41 94
41 99
41 128
41 129
41 131
41 134
41 139
41 145
41 147
41 111
41 112
41 115
41 123
41 125
41 160
41 161
41 163
41 168
41 177
41 179
41 181
41 183
41 184
41 200
41 203
41 212
41 215
41 223
41 233
41 234
41 245
42 43
42 45
42 46
42 47
42 48
42 49
42 62
42 70
42 71
42 74
42 75
42 81
42 88
42 90
42 133
42 148
42 149
42 111
42 112
42 118
42 154
42 159
42 160
42 176
42 180
42 183
42 185
42 188
42 200
42 205
42 211
42 212
42 213
42 217
42 230
42 233
42 234
42 241
42 243
42 244
42 246
43 44
43 45
43 47
43 56
43 64
43 65
43 69
43 94
43 130
43 136
43 144
43 145
43 108
43 112
43 114
43 121
43 125
43 151
43 152
43 170
43 178
43 181
43 184
43 185
43 192
43 211
43 222
43 224
43 227
43 235
43 241
43 243
44 45
44 47
44 48
44 49
44 50
44 52
44 56
44 58
44 62
44 69
44 82
44 94
44 130
44 135
44 136
44 139
44 140
44 149
44 102
44 103
44 113
44 117
44 169
44 179
44 186
44 194
44 202
44 205
44 221
44 223
44 225
44 226
44 231
44 240
45 46
45 47
45 48
45 49
45 52
45 59
45 63
45 79
45 94
45 96
45 109
45 112
45 118
45 127
45 153
45 154
45 157
45 159
45 171
45 175
45 181
45 187
45 190
45 193
45 202
45 211
45 220
45 241
45 246
46 48
46 49
46 52
46 65
46 68
46 75
46 79
46 87
46 90
46 94
46 97
46 98
46 138
46 141
46 143
46 144
46 101
46 106
46 112
46 125
46 163
46 166
46 171
46 184
46 192
46 194
46 196
46 225
46 227
46 229
46 230
46 236
46 246
46 247
47 63
47 69
47 77
47 80
47 81
47 83
47 84
47 86
47 87
47 92
47 136
47 145
47 103
47 105
47 115
47 118
47 121
47 154
47 157
47 158
47 163
47 177
47 178
47 188
47 189
47 202
47 214
47 221
47 224
47 234
47 243
47 246
47 248
48 49
48 63
48 78
48 88
48 97
48 134
48 140
48 109
48 124
48 126
48 152
48 163
48 167
48 170
48 173
48 177
48 190
48 197
48 208
48 214
48 215
48 222
48 226
48 236
49 51
49 60
49 63
49 64
49 75
49 79
49 86
49 95
49 97
49 128
49 135
49 143
49 147
49 110
49 120
49 124
49 153
49 170
49 171
49 187
49 188
49 194
49 197
49 207
49 215
49 223
49 234
49 239
49 243
50 51
50 52
50 55
50 56
50 58
50 59
50 63
50 66
50 68
50 70
50 72
50 73
50 76
50 79
50 81
50 83
50 84
50 85
50 87
50 88
50 90
50 91
50 93
50 94
50 95
50 99
50 143
50 147
50 109
50 110
50 116
50 119
50 120
50 125
50 150
50 163
50 167
50 168
50 173
50 184
50 195
50 198
50 202
50 205
50 214
50 221
50 222
50 223
50 226
50 236
50 247
51 52
51 53
51 54
51 55
51 57
51 58
51 59
51 62
51 63
51 64
51 66
51 67
51 68
51 70
51 72
51 73
51 74
51 76
51 77
51 79
51 80
51 81
51 84
51 91
51 92
51 94
51 95
51 96
51 97
51 98
51 99
51 141
51 104
51 105
51 108
51 123
51 125
51 151
51 155
51 169
51 170
51 183
51 184
51 199
51 200
51 202
51 210
51 221
51 222
51 226
51 228
51 241
51 242
52 54
52 55
52 56
52 58
52 59
52 60
52 61
52 64
52 67
52 69
52 71
52 72
52 73
52 74
52 78
52 80
52 82
52 84
52 86
52 87
52 89
52 92
52 93
52 94
52 95
52 97
52 98
52 99
52 134
52 105
52 109
52 111
52 119
52 166
52 174
52 198
52 204
52 207
52 212
52 223
52 240
53 55
53 56
53 58
53 61
53 62
53 63
53 64
53 65
53 66
53 68
53 71
53 73
53 74
53 75
53 79
53 80
53 81
53 82
53 83
53 84
53 87
53 88
53 90
53 91
53 94
53 97
53 131
53 140
53 142
53 146
53 105
53 108
53 118
53 119
53 152
53 154
53 156
53 157
53 158
53 163
53 184
53 185
53 187
53 201
53 207
53 208
53 223
53 224
53 232
53 235
53 236
53 241
53 242
53 249
54 55
54 56
54 57
54 58
54 60
54 61
54 62
54 63
54 65
54 67
54 68
54 69
54 70
54 71
54 74
54 75
54 77
54 80
54 82
54 85
54 86
54 88
54 89
54 90
54 91
54 92
54 93
54 94
54 96
54 97
54 132
54 137
54 149
54 102
54 103
54 104
54 120
54 123
54 126
54 151
54 158
54 166
54 169
54 173
54 174
54 179
54 180
54 185
54 200
54 201
54 209
54 211
54 214
54 224
54 227
54 228
54 229
54 233
54 240
54 244
55 56
55 57
55 58
55 59
55 62
55 63
55 65
55 67
55 69
55 70
55 71
55 74
55 77
55 78
55 80
55 84
55 86
55 89
55 92
55 94
55 96
55 97
55 99
55 128
55 130
55 138
55 141
55 143
55 144
55 103
55 109
55 110
55 115
55 120
55 121
55 127
55 152
55 153
55 156
55 175
55 187
55 192
55 214
55 218
55 235
55 247
56 59
56 61
56 62
56 64
56 67
56 69
56 71
56 72
56 74
56 75
56 77
56 78
56 79
56 80
56 81
56 82
56 84
56 86
56 87
56 88
56 89
56 90
56 92
56 93
56 94
56 95
56 96
56 97
56 129
56 131
56 139
56 144
56 148
56 149
56 108
56 115
56 116
56 121
56 123
56 152
56 158
56 162
56 163
56 177
56 180
56 196
56 203
56 209
56 210
56 216
56 229
56 235
56 244
56 247
56 249
57 58
57 63
57 64
57 66
57 67
57 68
57 69
57 70
57 71
57 76
57 77
57 78
57 80
57 83
57 84
57 85
57 86
57 88
57 89
57 92
57 95
57 97
57 98
57 99
57 135
57 140
57 103
57 107
57 109
57 117
57 120
57 125
57 171
57 185
57 189
57 210
57 215
57 221
57 222
57 232
57 238
57 241
57 244
58 59
58 60
58 61
58 62
58 64
58 65
58 66
58 67
58 69
58 73
58 75
58 77
58 79
58 80
58 81
58 83
58 85
58 86
58 88
58 89
58 91
58 92
58 94
58 95
58 96
58 97
58 98
58 128
58 138
58 102
58 109
58 114
58 116
58 119
58 127
58 156
58 159
58 165
58 167
58 175
58 182
58 203
58 217
58 220
58 224
58 241
58 244
58 245
59 60
59 61
59 62
59 63
59 64
59 68
59 70
59 71
59 72
59 73
59 74
59 75
59 76
59 77
59 78
59 79
59 85
59 88
59 90
59 91
59 92
59 93
59 95
59 97
59 98
59 129
59 133
59 140
59 110
59 113
59 120
59 122
59 170
59 177
59 179
59 187
59 190
59 193
59 195
59 203
59 212
59 232
59 239
59 241
59 245
59 248
60 61
60 62
60 63
60 65
60 68
60 69
60 73
60 75
60 76
60 77
60 79
60 81
60 83
60 86
60 87
60 90
60 91
60 93
60 94
60 95
60 96
60 97
60 98
60 129
60 130
60 136
60 137
60 141
60 143
60 144
60 101
60 102
60 115
60 153
60 160
60 167
60 169
60 171
60 179
60 180
60 186
60 204
60 211
60 228
60 243
61 65
61 66
61 69
61 70
61 71
61 72
61 73
61 74
61 75
61 78
61 79
61 80
61 83
61 84
61 87
61 92
61 93
61 94
61 96
61 97
61 98
61 99
61 131
61 141
61 147
61 106
61 109
61 112
61 116
61 121
61 127
61 150
61 154
61 165
61 178
61 184
61 200
61 211
61 219
61 230
61 235
61 236
61 237
61 241
61 242
61 247
61 249
62 63
62 65
62 66
62 69
62 70
62 72
62 73
62 76
62 77
62 79
62 80
62 81
62 82
62 83
62 86
62 88
62 89
62 90
62 91
62 94
62 97
62 137
62 142
62 146
62 109
62 119
62 162
62 163
62 166
62 179
62 189
62 196
62 201
62 202
62 220
62 225
62 227
62 237
62 243
63 64
63 66
63 68
63 71
63 72
63 74
63 75
63 76
63 77
63 78
63 81
63 83
63 84
63 86
63 87
63 89
63 90
63 93
63 95
63 96
63 97
63 98
63 136
63 148
63 113
63 121
63 154
63 160
63 164
63 167
63 172
63 178
63 182
63 187
63 190
63 191
63 195
63 200
63 223
63 224
63 238
64 65
64 66
64 67
64 70
64 71
64 72
64 74
64 75
64 76
64 77
64 78
64 79
64 81
64 82
64 83
64 87
64 90
64 91
64 92
64 94
64 96
64 98
64 130
64 131
64 102
64 107
64 110
64 123
64 150
64 162
64 168
64 174
64 176
64 178
64 180
64 193
64 203
64 204
64 209
64 211
64 215
64 221
64 227
64 228
64 236
64 247
65 66
65 67
65 68
65 69
65 70
65 72
65 73
65 74
65 76
65 78
65 80
65 85
65 86
65 87
65 89
65 92
65 95
65 96
65 99
65 130
65 135
65 144
65 103
65 108
65 116
65 125
65 150
65 166
65 168
65 172
65 178
65 179
65 186
65 208
65 211
65 217
65 229
65 231
65 238
66 68
66 69
66 70
66 71
66 74
66 78
66 81
66 82
66 83
66 84
66 85
66 86
66 88
66 92
66 95
66 97
66 99
66 128
66 131
66 136
66 137
66 139
66 147
66 105
66 107
66 111
66 120
66 125
66 127
66 151
66 155
66 156
66 159
66 160
66 170
66 181
66 182
66 189
66 192
66 196
66 203
66 226
66 231
66 240
66 247
67 68
67 72
67 73
67 74
67 76
67 77
67 78
67 79
67 81
67 84
67 85
67 87
67 89
67 91
67 92
67 93
67 95
67 96
67 98
67 130
67 134
67 141
67 143
67 144
67 109
67 115
67 118
67 119
67 126
67 154
67 157
67 158
67 177
67 181
67 195
67 197
67 219
67 233
67 238
67 241
67 246
68 70
68 71
68 72
68 73
68 74
68 75
68 77
68 78
68 82
68 83
68 85
68 86
68 87
68 88
68 89
68 90
68 91
68 92
68 93
68 94
68 96
68 97
68 98
68 99
68 132
68 144
68 149
68 101
68 104
68 106
68 110
68 122
68 123
68 151
68 158
68 170
68 178
68 183
68 195
68 204
68 207
68 211
68 222
68 226
68 230
68 234
69 72
69 73
69 74
69 75
69 79
69 80
69 83
69 86
69 89
69 90
69 91
69 93
69 94
69 99
69 130
69 100
69 102
69 104
69 112
69 113
69 120
69 122
69 123
69 126
69 127
69 158
69 160
69 164
69 172
69 177
69 179
69 185
69 187
69 198
69 203
69 214
69 220
69 237
69 243
70 71
70 72
70 73
70 74
70 78
70 79
70 80
70 81
70 82
70 83
70 84
70 85
70 86
70 88
70 89
70 90
70 91
70 92
70 93
70 94
70 97
70 99
70 135
70 101
70 108
70 110
70 125
70 126
70 127
70 156
70 169
70 173
70 174
70 179
70 180
70 185
70 193
70 199
70 208
70 213
70 214
70 217
70 218
70 220
70 228
70 231
70 242
71 72
71 76
71 77
71 78
71 81
71 82
71 83
71 87
71 90
71 91
71 93
71 94
71 97
71 99
71 133
71 142
71 145
71 102
71 107
71 111
71 113
71 118
71 120
71 151
71 158
71 160
71 173
71 174
71 190
71 202
71 203
71 204
71 206
71 236
72 73
72 74
72 75
72 76
72 77
72 79
72 82
72 85
72 86
72 87
72 89
72 90
72 92
72 93
72 94
72 95
72 96
72 97
72 98
72 133
72 135
72 136
72 140
72 142
72 145
72 103
72 111
72 114
72 116
72 125
72 154
72 158
72 159
72 183
72 185
72 205
72 211
72 214
72 224
72 227
72 230
72 231
72 239
72 240
73 75
73 77
73 78
73 80
73 82
73 83
73 84
73 88
73 89
73 90
73 93
73 95
73 96
73 97
73 136
73 142
73 146
73 148
73 105
73 110
73 111
73 113
73 122
73 125
73 126
73 161
73 162
73 165
73 168
73 169
73 186
73 187
73 193
73 197
73 200
73 217
73 219
73 233
74 75
74 76
74 79
74 81
74 83
74 85
74 86
74 91
74 92
74 95
74 96
74 98
74 99
74 133
74 139
74 105
74 109
74 110
74 111
74 113
74 116
74 150
74 153
74 156
74 159
74 160
74 167
74 171
74 173
74 177
74 180
74 181
74 185
74 186
74 198
74 199
74 210
74 228
75 77
75 79
75 80
75 81
75 85
75 86
75 87
75 89
75 90
75 91
75 93
75 94
75 96
75 98
75 140
75 147
75 101
75 103
75 105
75 107
75 126
75 154
75 159
75 176
75 182
75 183
75 187
75 188
75 196
75 197
75 201
75 203
75 206
75 207
75 212
75 222
75 224
75 234
75 238
75 241
75 243
75 246
76 77
76 79
76 80
76 82
76 83
76 85
76 87
76 89
76 92
76 93
76 94
76 95
76 97
76 98
76 99
76 128
76 137
76 138
76 142
76 106
76 107
76 111
76 124
76 126
76 127
76 153
76 156
76 165
76 172
76 178
76 179
76 207
76 222
76 224
76 248
76 249
77 78
77 79
77 80
77 81
77 82
77 84
77 86
77 87
77 90
77 94
77 95
77 96
77 97
77 98
77 130
77 102
77 104
77 106
77 108
77 115
77 119
77 155
77 165
77 172
77 175
77 202
77 209
77 211
77 220
77 223
77 225
77 238
77 246
78 79
78 81
78 83
78 84
78 85
78 86
78 87
78 88
78 90
78 92
78 97
78 98
78 99
78 131
78 134
78 149
78 112
78 123
78 126
78 154
78 171
78 174
78 179
78 195
78 197
78 213
78 221
78 222
78 225
78 232
78 238
78 244
78 249
79 80
79 81
79 82
79 83
79 85
79 86
79 87
79 88
79 90
79 91
79 92
79 94
79 96
79 97
79 99
79 134
79 102
79 107
79 109
79 119
79 158
79 161
79 164
79 166
79 171
79 178
79 182
79 195
79 205
79 209
79 217
79 219
79 227
79 233
79 237
79 240
79 241
79 242
79 247
79 248
79 249
80 81
80 82
80 84
80 86
80 87
80 88
80 90
80 94
80 96
80 97
80 98
80 129
80 131
80 143
80 144
80 113
80 126
80 127
80 151
80 180
80 188
80 189
80 193
80 194
80 196
80 209
80 219
80 233
80 235
80 239
80 241
80 247
81 82
81 83
81 84
81 85
81 87
81 88
81 89
81 90
81 92
81 94
81 96
81 97
81 98
81 99
81 133
81 135
81 138
81 107
81 108
81 113
81 116
81 124
81 126
81 127
81 156
81 160
81 163
81 166
81 169
81 174
81 183
81 190
81 196
81 198
81 199
81 217
81 234
81 235
81 237
81 242
81 249
82 83
82 84
82 88
82 89
82 90
82 93
82 94
82 95
82 98
82 134
82 145
82 146
82 103
82 115
82 120
82 123
82 156
82 169
82 171
82 174
82 176
82 181
82 185
82 186
82 187
82 188
82 194
82 206
82 208
82 210
82 211
82 215
82 217
82 220
82 239
82 244
82 247
83 89
83 91
83 95
83 96
83 98
83 129
83 130
83 139
83 143
83 146
83 104
83 106
83 108
83 118
83 120
83 127
83 150
83 159
83 160
83 166
83 177
83 190
83 192
83 198
83 205
83 206
83 211
83 223
83 226
83 241
84 85
84 86
84 87
84 88
84 89
84 90
84 91
84 94
84 96
84 98
84 99
84 130
84 131
84 138
84 149
84 111
84 120
84 150
84 166
84 167
84 177
84 178
84 182
84 183
84 196
84 199
84 200
84 201
84 206
84 208
84 212
84 230
84 244
84 248
85 86
85 88
85 89
85 90
85 91
85 93
85 94
85 96
85 97
85 98
85 99
85 108
85 115
85 117
85 123
85 153
85 155
85 156
85 162
85 168
85 185
85 188
85 191
85 197
85 200
85 211
85 220
85 222
85 224
85 226
85 227
85 228
85 237
85 243
86 87
86 88
86 89
86 90
86 91
86 94
86 96
86 98
86 99
86 139
86 140
86 142
86 143
86 101
86 114
86 153
86 162
86 173
86 180
86 182
86 201
86 207
86 223
86 230
86 232
86 235
86 242
86 243
86 246
86 247
86 249
87 88
87 89
87 91
87 93
87 95
87 96
87 97
87 98
87 99
87 129
87 130
87 131
87 134
87 147
87 100
87 113
87 116
87 153
87 158
87 176
87 184
87 188
87 191
87 195
87 200
87 202
87 213
87 219
87 238
87 242
87 244
87 246
88 89
88 91
88 92
88 93
88 97
88 128
88 129
88 130
88 139
88 145
88 147
88 102
88 103
88 104
88 115
88 119
88 126
88 160
88 170
88 172
88 190
88 195
88 200
88 202
88 205
88 211
88 213
88 216
88 218
88 220
88 224
88 228
88 229
88 238
88 245
89 90
89 91
89 93
89 94
89 95
89 96
89 97
89 98
89 99
89 140
89 143
89 144
89 145
89 147
89 102
89 105
89 119
89 125
89 126
89 152
89 154
89 163
89 172
89 174
89 175
89 176
89 191
89 197
89 202
89 209
89 210
89 213
89 220
89 226
89 232
89 247
89 249
90 91
90 92
90 93
90 94
90 95
90 96
90 97
90 132
90 136
90 145
90 147
90 112
90 113
90 121
90 122
90 153
90 161
90 167
90 171
90 184
90 198
90 204
90 206
90 212
90 221
90 222
90 223
90 237
90 243
90 246
90 249
91 92
91 93
91 95
91 97
91 98
91 135
91 137
91 147
91 103
91 106
91 107
91 150
91 157
91 159
91 167
91 172
91 173
91 177
91 180
91 183
91 192
91 198
91 205
91 213
91 221
91 229
91 244
91 245
91 249
92 94
92 95
92 97
92 98
92 129
92 130
92 146
92 149
92 101
92 127
92 150
92 164
92 179
92 180
92 185
92 186
92 187
92 193
92 230
92 237
92 243
93 94
93 95
93 98
93 99
93 128
93 129
93 136
93 143
93 109
93 114
93 121
93 153
93 154
93 185
93 199
93 218
93 225
93 228
93 232
93 245
93 246
94 138
94 120
94 157
94 159
94 161
94 163
94 164
94 167
94 172
94 179
94 189
94 192
94 202
94 209
94 218
94 220
94 239
94 241
94 243
94 244
94 249
95 97
95 98
95 99
95 135
95 140
95 144
95 100
95 104
95 111
95 113
95 114
95 117
95 120
95 160
95 161
95 169
95 173
95 180
95 181
95 183
95 184
95 187
95 193
95 196
95 198
95 206
95 217
95 224
95 226
95 235
95 236
95 238
95 240
95 242
95 245
95 247
96 97
96 98
96 128
96 146
96 103
96 105
96 117
96 118
96 127
96 150
96 156
96 159
96 161
96 178
96 182
96 189
96 196
96 197
96 200
96 213
96 218
96 243
96 244
96 246
96 247
97 98
97 128
97 140
97 100
97 107
97 117
97 125
97 160
97 170
97 175
97 178
97 182
97 190
97 203
97 209
97 211
97 223
97 227
98 137
98 116
98 123
98 125
98 168
98 173
98 176
98 185
98 193
98 196
98 209
98 218
98 223
98 233
98 247
99 129
99 133
99 137
99 140
99 142
99 146
99 147
99 100
99 108
99 119
99 150
99 155
99 165
99 167
99 171
99 174
99 176
99 184
99 188
99 195
99 196
99 206
99 208
99 210
99 212
99 219
99 234
99 241
128 129
128 131
128 132
128 133
128 134
128 137
128 142
128 144
128 145
128 147
128 100
128 102
128 103
128 106
128 107
128 109
128 112
128 113
128 114
128 116
128 117
128 118
128 122
128 125
128 154
128 165
128 173
128 176
128 180
128 182
128 185
128 188
128 189
128 193
128 222
128 231
129 132
129 133
129 134
129 136
129 137
129 138
129 139
129 141
129 142
129 143
129 144
129 145
129 146
129 148
129 149
129 100
129 101
129 102
129 103
129 104
129 105
129 106
129 107
129 109
129 112
129 114
129 115
129 116
129 117
129 120
129 121
129 123
129 124
129 127
129 162
129 172
129 180
129 189
129 191
129 198
129 200
129 207
129 217
129 220
129 221
129 230
129 238
130 132
130 133
130 134
130 135
130 141
130 143
130 144
130 145
130 146
130 147
130 100
130 101
130 102
130 103
130 104
130 105
130 108
130 109
130 111
130 113
130 115
130 119
130 121
130 122
130 123
130 126
130 127
130 156
130 157
130 159
130 163
130 169
130 171
130 183
130 188
130 202
130 203
130 204
130 206
130 210
130 217
130 229
130 236
130 239
130 245
130 248
131 133
131 134
131 135
131 136
131 137
131 138
131 139
131 141
131 143
131 144
131 146
131 147
131 149
131 101
131 102
131 103
131 105
131 106
131 108
131 111
131 112
131 113
131 114
131 116
131 117
131 118
131 120
131 122
131 125
131 127
131 155
131 157
131 177
131 181
131 186
131 187
131 188
131 195
131 200
131 208
131 212
131 224
131 226
131 233
131 245
132 133
132 134
132 136
132 138
132 140
132 141
132 144
132 146
132 147
132 103
132 104
132 106
132 107
132 108
132 109
132 110
132 112
132 113
132 114
132 115
132 116
132 117
132 120
132 122
132 123
132 124
132 125
132 126
132 127
132 153
132 164
132 165
132 168
132 171
132 174
132 175
132 177
132 190
132 192
132 196
132 202
132 213
132 226
132 227
132 237
132 238
132 243
132 244
132 246
132 247
133 134
133 135
133 136
133 137
133 138
133 144
133 146
133 103
133 105
133 106
133 107
133 108
133 110
133 111
133 115
133 116
133 117
133 118
133 119
133 123
133 124
133 125
133 127
133 155
133 157
133 165
133 171
133 179
133 203
133 208
133 218
133 221
133 222
133 225
133 238
133 244
133 247
134 135
134 138
134 139
134 140
134 141
134 143
134 144
134 146
134 149
134 102
134 103
134 104
134 105
134 107
134 108
134 112
134 114
134 117
134 118
134 119
134 120
134 121
134 123
134 124
134 156
134 157
134 163
134 168
134 175
134 185
134 199
134 211
134 217
134 221
134 223
134 237
135 137
135 138
135 139
135 144
135 148
135 100
135 101
135 102
135 104
135 108
135 109
135 115
135 116
135 117
135 118
135 119
135 123
135 124
135 125
135 126
135 156
135 158
135 168
135 173
135 179
135 184
135 196
135 198
135 212
135 218
135 219
135 220
135 225
135 226
135 229
135 232
136 137
136 139
136 141
136 142
136 143
136 146
136 148
136 149
136 102
136 105
136 107
136 108
136 110
136 111
136 112
136 115
136 116
136 118
136 121
136 122
136 123
136 124
136 125
136 127
136 157
136 160
136 172
136 192
136 202
136 210
136 222
136 225
136 238
136 243
137 139
137 141
137 142
137 145
137 146
137 147
137 148
137 105
137 109
137 110
137 111
137 113
137 114
137 116
137 117
137 118
137 120
137 121
137 122
137 126
137 161
137 168
137 170
137 171
137 176
137 182
137 183
137 190
137 193
137 214
137 217
137 221
137 228
137 231
137 237
137 240
137 248
138 141
138 143
138 144
138 104
138 105
138 106
138 107
138 109
138 111
138 113
138 115
138 119
138 120
138 121
138 122
138 123
138 125
138 126
138 127
138 152
138 154
138 155
138 165
138 167
138 176
138 180
138 193
138 196
138 204
138 205
138 209
138 212
138 224
138 228
138 239
138 241
138 245
138 249
139 141
139 142
139 144
139 146
139 148
139 100
139 104
139 105
139 106
139 107
139 109
139 112
139 114
139 116
139 117
139 119
139 120
139 123
139 124
139 127
139 153
139 157
139 158
139 171
139 180
139 192
139 194
139 196
139 197
139 205
139 221
139 224
139 226
139 235
139 238
139 245
139 246
140 141
140 143
140 145
140 146
140 147
140 148
140 101
140 102
140 103
140 104
140 105
140 109
140 112
140 114
140 115
140 116
140 117
140 118
140 119
140 121
140 122
140 123
140 125
140 126
140 166
140 167
140 171
140 172
140 173
140 174
140 177
140 179
140 186
140 195
140 197
140 209
140 213
140 215
140 216
140 231
140 238
140 240
140 244
141 142
141 143
141 144
141 147
141 105
141 106
141 107
141 108
141 109
141 112
141 113
141 115
141 116
141 117
141 118
141 120
141 122
141 123
141 124
141 125
141 158
141 159
141 161
141 164
141 177
141 180
141 183
141 184
141 185
141 190
141 197
141 208
141 213
141 214
141 222
141 226
141 231
141 236
141 240
141 244
141 245
141 246
141 249
142 144
142 147
142 148
142 149
142 100
142 101
142 102
142 104
142 105
142 107
142 110
142 111
142 113
142 115
142 120
142 121
142 123
142 124
142 125
142 151
142 156
142 162
142 164
142 177
142 187
142 195
142 199
142 200
142 204
142 207
142 211
142 219
142 224
142 225
142 232
142 240
142 244
142 249
143 145
143 149
143 103
143 105
143 106
143 107
143 108
143 109
143 110
143 111
143 112
143 113
143 114
143 115
143 116
143 117
143 118
143 119
143 120
143 121
143 122
143 125
143 127
143 152
143 165
143 178
143 185
143 189
143 191
143 198
143 201
143 202
143 203
143 227
143 241
143 242
144 145
144 146
144 100
144 101
144 102
144 103
144 105
144 106
144 110
144 111
144 112
144 115
144 116
144 117
144 118
144 119
144 120
144 122
144 124
144 126
144 150
144 154
144 158
144 165
144 167
144 177
144 178
144 181
144 185
144 188
144 193
144 209
144 217
144 219
144 226
144 229
144 231
144 242
145 147
145 148
145 100
145 102
145 107
145 109
145 110
145 113
145 115
145 116
145 117
145 122
145 124
145 127
145 170
145 171
145 177
145 178
145 189
145 195
145 201
145 204
145 213
145 216
145 217
145 222
145 242
146 147
146 148
146 100
146 102
146 103
146 104
146 105
146 106
146 109
146 111
146 112
146 113
146 115
146 116
146 117
146 119
146 120
146 121
146 124
146 125
146 126
146 127
146 151
146 164
146 179
146 183
146 187
146 188
146 193
146 208
146 212
146 215
146 218
146 225
146 235
147 148
147 100
147 104
147 106
147 107
147 109
147 110
147 112
147 114
147 115
147 116
147 117
147 118
147 119
147 120
147 121
147 124
147 126
147 127
147 150
147 151
147 158
147 165
147 173
147 176
147 177
147 195
147 201
147 203
147 206
147 208
147 213
147 223
147 233
147 241
147 244
148 100
148 101
148 102
148 103
148 104
148 105
148 106
148 109
148 112
148 113
148 117
148 118
148 120
148 122
148 123
148 124
148 127
148 158
148 162
148 167
148 172
148 175
148 188
148 195
148 201
148 212
148 218
148 224
148 228
148 236
148 246
148 248
149 100
149 101
149 102
149 103
149 106
149 110
149 112
149 116
149 117
149 118
149 120
149 121
149 122
149 123
149 126
149 127
149 156
149 160
149 165
149 174
149 198
149 200
149 203
149 206
149 207
149 211
149 214
149 218
149 222
149 223
149 225
149 233
149 240
100 101
100 102
100 105
100 106
100 107
100 108
100 112
100 114
100 116
100 117
100 118
100 119
100 120
100 122
100 124
100 126
100 150
100 157
100 165
100 166
100 181
100 196
100 198
100 202
100 206
100 208
100 229
100 233
100 238
100 240
101 102
101 107
101 112
101 115
101 116
101 117
101 120
101 121
101 122
101 124
101 126
101 127
101 173
101 190
101 216
101 221
101 226
101 229
101 235
102 103
102 105
102 106
102 107
102 109
102 111
102 112
102 115
102 118
102 120
102 121
102 123
102 124
102 125
102 127
102 159
102 172
102 181
102 195
102 204
102 207
102 225
102 231
102 232
102 238
102 249
103 105
103 108
103 109
103 111
103 113
103 115
103 116
103 118
103 119
103 120
103 121
103 122
103 123
103 124
103 126
103 127
103 154
103 164
103 172
103 175
103 177
103 194
103 214
103 216
103 217
103 221
103 222
103 228
103 229
103 230
103 234
103 236
103 241
104 106
104 109
104 110
104 111
104 112
104 115
104 117
104 118
104 119
104 120
104 121
104 125
104 127
104 154
104 155
104 160
104 168
104 192
104 199
104 209
104 231
104 239
104 240
104 241
104 243
104 245
105 106
105 107
105 108
105 111
105 112
105 113
105 115
105 116
105 119
105 121
105 122
105 123
105 124
105 126
105 155
105 162
105 183
105 184
105 202
105 211
105 214
105 222
105 225
105 241
105 249
106 108
106 110
106 112
106 115
106 116
106 118
106 119
106 121
106 122
106 124
106 125
106 127
106 151
106 152
106 156
106 158
106 179
106 184
106 188
106 189
106 203
106 204
106 215
106 219
106 221
106 231
107 109
107 110
107 111
107 113
107 114
107 115
107 119
107 120
107 121
107 123
107 124
107 125
107 127
107 153
107 165
107 175
107 192
107 202
107 208
107 212
107 218
107 237
107 243
107 244
107 245
107 246
107 248
108 111
108 112
108 113
108 114
108 117
108 119
108 120
108 121
108 122
108 125
108 155
108 156
108 158
108 161
108 163
108 171
108 172
108 179
108 188
108 189
108 193
108 195
108 209
108 216
108 220
108 228
108 231
108 244
109 110
109 113
109 114
109 115
109 116
109 117
109 118
109 119
109 122
109 123
109 124
109 126
109 127
109 151
109 168
109 171
109 175
109 179
109 194
109 199
109 202
109 217
109 218
109 220
109 224
109 225
109 227
109 230
109 231
109 239
109 245
109 248
110 112
110 114
110 116
110 117
110 122
110 123
110 125
110 155
110 159
110 167
110 173
110 176
110 181
110 197
110 204
110 209
110 210
110 238
110 243
110 246
111 113
111 114
111 116
111 119
111 120
111 122
111 123
111 126
111 127
111 150
111 155
111 162
111 166
111 172
111 174
111 193
111 218
111 221
111 222
111 231
111 235
111 236
111 248
112 113
112 114
112 118
112 120
112 122
112 123
112 126
112 127
112 150
112 155
112 168
112 181
112 182
112 184
112 187
112 188
112 193
112 196
112 202
112 211
112 212
112 213
112 214
112 218
112 238
112 239
112 243
112 248
113 114
113 118
113 126
113 156
113 158
113 164
113 172
113 174
113 175
113 182
113 183
113 187
113 191
113 194
113 199
113 202
113 212
113 227
113 230
113 237
113 239
113 240
113 246
113 249
114 115
114 116
114 117
114 118
114 123
114 125
114 126
114 127
114 166
114 168
114 172
114 181
114 183
114 191
114 200
114 203
114 224
114 226
114 234
114 239
114 248
115 117
115 118
115 119
115 120
115 122
115 125
115 126
115 161
115 168
115 173
115 182
115 187
115 196
115 206
115 211
115 218
115 223
115 226
115 229
115 230
115 238
115 242
116 118
116 119
116 120
116 121
116 122
116 123
116 124
116 125
116 127
116 161
116 162
116 172
116 188
116 189
116 193
116 197
116 198
116 205
116 209
116 229
117 118
117 121
117 123
117 125
117 126
117 154
117 163
117 169
117 172
117 175
117 179
117 182
117 189
117 197
117 198
117 207
117 212
117 218
117 221
117 222
117 230
117 234
117 235
117 237
118 119
118 120
118 121
118 122
118 124
118 126
118 127
118 160
118 162
118 170
118 175
118 179
118 191
118 205
118 219
118 222
118 230
118 233
118 236
118 240
118 242
118 247
118 248
119 120
119 121
119 122
119 123
119 124
119 125
119 126
119 127
119 154
119 162
119 175
119 202
119 208
119 229
119 233
119 242
120 122
120 123
120 126
120 127
120 150
120 157
120 175
120 181
120 186
120 188
120 189
120 211
120 219
120 225
120 229
120 232
120 236
121 122
121 125
121 126
121 127
121 153
121 158
121 163
121 166
121 171
121 174
121 181
121 186
121 195
121 205
121 215
121 228
121 229
122 123
122 125
122 127
122 156
122 157
122 158
122 170
122 173
122 184
122 198
122 201
122 203
122 207
122 216
122 236
122 243
123 124
123 125
123 127
123 199
123 222
123 226
123 228
123 230
123 236
123 237
123 239
123 245
123 246
124 127
124 157
124 160
124 166
124 176
124 179
124 196
124 200
124 205
124 206
124 240
125 150
125 157
125 161
125 163
125 166
125 197
125 198
125 200
125 202
125 206
125 209
125 211
126 153
126 156
126 157
126 159
126 199
126 204
126 207
126 219
126 220
126 224
126 225
126 246
127 151
127 162
127 163
127 185
127 186
127 188
127 206
127 207
127 210
127 214
127 219
127 224
127 235
127 240
127 243
127 249
150 151
150 152
150 153
150 155
150 156
150 160
150 161
150 162
150 164
150 167
150 168
150 171
150 172
150 173
150 174
150 175
150 176
150 178
150 180
150 182
150 183
150 187
150 188
150 189
150 191
150 196
150 197
150 199
150 200
150 222
150 229
150 232
150 233
150 248
151 152
151 153
151 156
151 158
151 159
151 160
151 162
151 164
151 165
151 166
151 167
151 170
151 171
151 172
151 175
151 176
151 177
151 180
151 181
151 182
151 183
151 184
151 187
151 189
151 191
151 192
151 196
151 198
151 199
151 202
151 211
151 221
151 225
151 232
151 233
151 241
151 243
151 244
151 247
152 153
152 155
152 157
152 158
152 159
152 161
152 163
152 165
152 167
152 168
152 172
152 174
152 179
152 180
152 181
152 184
152 185
152 187
152 188
152 190
152 192
152 195
152 198
152 199
152 200
152 201
152 212
152 213
152 215
152 217
152 223
152 236
152 249
153 154
153 155
153 161
153 162
153 163
153 164
153 166
153 168
153 170
153 172
153 173
153 174
153 175
153 177
153 178
153 182
153 183
153 184
153 185
153 186
153 188
153 190
153 192
153 193
153 195
153 196
153 199
153 211
153 220
153 222
153 230
153 240
153 245
153 246
154 156
154 158
154 159
154 160
154 164
154 165
154 166
154 168
154 169
154 170
154 174
154 175
154 176
154 177
154 179
154 181
154 184
154 185
154 189
154 191
154 192
154 194
154 196
154 197
154 198
154 199
154 205
154 208
154 219
154 224
154 226
155 156
155 157
155 158
155 159
155 162
155 166
155 172
155 179
155 180
155 181
155 185
155 186
155 187
155 188
155 190
155 196
155 199
155 205
155 206
155 211
155 214
155 217
155 232
155 243
156 157
156 158
156 159
156 160
156 161
156 163
156 164
156 166
156 169
156 170
156 171
156 173
156 176
156 177
156 179
156 182
156 183
156 184
156 185
156 186
156 187
156 190
156 191
156 194
156 196
156 197
156 198
156 199
156 202
156 205
156 218
156 223
156 240
156 243
157 160
157 161
157 162
157 163
157 164
157 165
157 166
157 167
157 169
157 172
157 173
157 174
157 176
157 180
157 181
157 182
157 184
157 185
157 186
157 187
157 189
157 192
157 196
157 197
157 198
157 199
157 207
157 216
157 223
157 239
157 247
158 161
158 162
158 164
158 165
158 166
158 168
158 169
158 171
158 174
158 175
158 176
158 178
158 179
158 181
158 183
158 184
158 187
158 188
158 189
158 191
158 193
158 195
158 197
158 200
158 204
158 211
158 218
158 241
159 160
159 161
159 162
159 163
159 165
159 168
159 169
159 170
159 171
159 173
159 174
159 176
159 177
159 178
159 180
159 181
159 182
159 184
159 189
159 191
159 192
159 197
159 198
159 200
159 201
159 202
159 225
159 229
159 231
159 240
160 161
160 163
160 164
160 165
160 169
160 171
160 172
160 173
160 177
160 178
160 179
160 180
160 182
160 183
160 185
160 187
160 192
160 193
160 194
160 196
160 197
160 198
160 199
160 201
160 203
160 207
160 211
160 223
160 245
160 247
161 163
161 164
161 165
161 166
161 168
161 170
161 172
161 173
161 174
161 176
161 180
161 183
161 184
161 185
161 186
161 187
161 190
161 193
161 197
161 198
161 199
161 205
161 217
161 218
161 221
161 227
161 230
161 234
161 241
162 166
162 167
162 169
162 171
162 172
162 173
162 174
162 176
162 179
162 181
162 182
162 183
162 184
162 185
162 187
162 188
162 189
162 190
162 191
162 192
162 196
162 198
162 199
162 205
162 207
162 215
162 225
162 226
162 227
162 230
162 240
162 242
163 165
163 166
163 167
163 168
163 169
163 173
163 174
163 176
163 177
163 178
163 179
163 182
163 183
163 188
163 189
163 190
163 191
163 192
163 195
163 196
163 197
163 199
163 204
163 207
163 215
163 216
163 222
163 226
163 227
163 238
163 242
163 249
164 165
164 167
164 168
164 171
164 172
164 174
164 179
164 180
164 181
164 184
164 185
164 193
164 195
164 196
164 198
164 199
164 201
164 202
164 203
164 210
164 215
164 225
164 228
164 232
164 245
164 246
165 168
165 169
165 170
165 171
165 172
165 174
165 178
165 180
165 182
165 184
165 185
165 186
165 187
165 190
165 193
165 195
165 199
165 200
165 237
166 168
166 169
166 170
166 171
166 174
166 177
166 179
166 180
166 183
166 184
166 186
166 187
166 189
166 190
166 192
166 193
166 195
166 196
166 197
166 199
166 207
166 223
166 224
166 228
166 230
166 232
166 237
166 242
167 168
167 170
167 171
167 173
167 174
167 175
167 177
167 178
167 179
167 181
167 182
167 185
167 186
167 187
167 190
167 193
167 194
167 196
167 197
167 198
167 199
167 201
167 203
167 204
167 221
167 222
167 224
167 236
167 238
168 169
168 170
168 172
168 173
168 176
168 177
168 178
168 179
168 180
168 184
168 185
168 188
168 189
168 195
168 196
168 197
168 198
168 202
168 208
168 216
168 230
168 238
168 242
168 245
168 247
169 171
169 173
169 175
169 177
169 178
169 179
169 181
169 182
169 187
169 189
169 190
169 191
169 192
169 194
169 195
169 217
169 224
169 234
169 240
169 245
169 249
170 171
170 173
170 176
170 177
170 178
170 179
170 180
170 184
170 185
170 187
170 195
170 196
170 198
170 199
170 207
170 214
170 229
170 234
170 236
170 238
170 248
171 173
171 174
171 175
171 176
171 177
171 178
171 179
171 180
171 182
171 183
171 184
171 185
171 186
171 189
171 193
171 195
171 196
171 197
171 204
171 205
171 215
171 224
171 228
171 230
171 247
172 174
172 175
172 176
172 177
172 178
172 182
172 184
172 185
172 189
172 190
172 191
172 193
172 196
172 198
172 199
172 209
172 219
172 221
172 231
172 235
172 237
172 247
173 175
173 176
173 178
173 180
173 181
173 184
173 187
173 188
173 189
173 193
173 194
173 197
173 198
173 199
173 221
173 224
173 244
174 175
174 176
174 177
174 179
174 180
174 181
174 182
174 184
174 188
174 190
174 192
174 193
174 196
174 198
174 199
174 211
174 214
174 226
174 229
174 234
174 235
174 240
174 248
175 176
175 177
175 179
175 181
175 183
175 184
175 186
175 190
175 191
175 192
175 193
175 194
175 196
175 197
175 198
175 199
175 213
175 216
175 222
175 225
175 226
175 227
175 237
175 239
175 242
176 178
176 179
176 185
176 189
176 191
176 192
176 193
176 194
176 195
176 197
176 198
176 215
176 217
176 221
176 226
176 228
177 178
177 180
177 183
177 185
177 186
177 188
177 190
177 194
177 195
177 196
177 198
177 199
177 201
177 213
177 214
177 220
177 229
177 249
178 180
178 183
178 184
178 186
178 187
178 188
178 193
178 194
178 195
178 196
178 198
178 199
178 202
178 205
178 217
178 231
178 243
178 247
179 182
179 183
179 185
179 186
179 188
179 193
179 194
179 195
179 196
179 197
179 198
179 209
179 211
179 213
179 215
179 222
179 232
179 242
179 243
180 181
180 183
180 184
180 189
180 190
180 192
180 194
180 196
180 199
180 201
180 205
180 207
180 211
180 219
180 221
180 225
180 234
180 241
181 182
181 183
181 184
181 185
181 186
181 188
181 191
181 194
181 195
181 196
181 199
181 209
181 216
181 219
181 220
181 221
181 222
181 224
181 231
181 240
181 244
182 184
182 185
182 186
182 187
182 188
182 191
182 192
182 195
182 199
182 214
182 230
182 231
183 184
183 186
183 188
183 190
183 191
183 195
183 196
183 203
183 216
183 222
183 225
183 231
183 238
184 185
184 187
184 188
184 190
184 192
184 193
184 194
184 196
184 197
184 198
184 210
184 211
184 216
184 217
184 225
184 228
184 232
184 240
184 245
185 186
185 188
185 189
185 190
185 191
185 194
185 199
185 200
185 201
185 204
185 215
185 224
185 227
185 229
185 234
186 187
186 188
186 189
186 190
186 191
186 192
186 193
186 194
186 195
186 197
186 198
186 199
186 200
186 209
186 216
186 228
186 241
186 246
186 248
187 188
187 194
187 195
187 196
187 212
187 217
187 241
187 245
187 246
187 247
187 248
188 189
188 191
188 192
188 194
188 195
188 196
188 197
188 198
188 201
188 206
188 207
188 208
188 214
188 223
188 228
188 234
188 246
189 191
189 192
189 193
189 194
189 195
189 196
189 197
189 198
189 203
189 209
189 211
189 229
189 233
189 240
189 242
190 193
190 194
190 195
190 196
190 198
190 199
190 200
190 207
190 209
190 216
190 220
190 224
190 227
190 242
190 247
190 248
191 193
191 195
191 196
191 197
191 198
191 199
191 206
191 212
191 222
191 228
191 235
191 237
191 240
191 241
191 245
192 193
192 194
192 195
192 196
192 198
192 199
192 201
192 217
192 229
192 233
192 243
192 244
192 246
192 247
193 194
193 195
193 196
193 197
193 199
193 207
193 208
193 215
193 226
193 228
193 231
193 234
194 197
194 198
194 199
194 212
194 213
194 222
194 239
194 247
195 197
195 198
195 199
195 200
195 201
195 207
195 215
195 225
195 235
195 239
195 243
196 197
196 199
196 206
196 224
196 244
197 198
197 204
197 210
197 222
197 227
197 237
197 238
197 241
197 243
198 199
198 201
198 223
198 229
199 214
199 225
199 226
199 234
199 236
200 202
200 205
200 207
200 208
200 209
200 211
200 212
200 213
200 214
200 216
200 217
200 218
200 221
200 223
200 224
200 226
200 228
200 231
200 232
200 233
200 234
200 236
200 237
200 238
200 239
200 240
200 241
200 244
200 246
200 247
201 202
201 203
201 204
201 207
201 208
201 210
201 211
201 212
201 213
201 214
201 217
201 218
201 220
201 221
201 222
201 225
201 228
201 230
201 231
201 233
201 234
201 236
201 237
201 241
201 242
201 243
201 245
202 204
202 206
202 207
202 208
202 209
202 210
202 212
202 214
202 215
202 216
202 217
202 219
202 220
202 221
202 223
202 227
202 228
202 232
202 236
202 237
202 239
202 240
202 242
202 245
203 205
203 207
203 208
203 210
203 211
203 213
203 218
203 221
203 223
203 227
203 228
203 231
203 232
203 233
203 234
203 235
203 236
203 240
203 242
203 243
203 245
203 246
203 247
203 248
203 249
204 206
204 209
204 212
204 213
204 217
204 218
204 220
204 221
204 222
204 224
204 225
204 234
204 235
204 237
204 238
204 239
204 241
204 242
204 244
204 246
204 247
204 248
205 206
205 209
205 210
205 211
205 213
205 217
205 219
205 222
205 223
205 226
205 227
205 228
205 229
205 231
205 235
205 237
205 238
205 240
205 241
205 243
205 246
205 248
206 207
206 208
206 211
206 212
206 214
206 215
206 216
206 220
206 221
206 223
206 224
206 225
206 226
206 227
206 229
206 231
206 234
206 236
206 237
206 238
206 243
206 244
206 245
206 248
206 249
207 208
207 209
207 211
207 214
207 215
207 217
207 219
207 220
207 222
207 223
207 224
207 225
207 226
207 227
207 229
207 230
207 233
207 234
207 235
207 237
207 238
207 239
207 240
207 241
207 243
207 244
207 247
207 249
208 209
208 210
208 212
208 214
208 215
208 217
208 220
208 222
208 223
208 226
208 228
208 231
208 234
208 235
208 236
208 237
208 238
208 239
208 240
208 241
208 245
208 246
208 247
208 248
208 249
209 211
209 212
209 213
209 214
209 216
209 218
209 220
209 221
209 223
209 228
209 229
209 230
209 233
209 235
209 237
209 238
209 239
209 240
209 241
209 242
209 243
209 244
209 245
209 246
209 247
209 248
210 211
210 212
210 213
210 216
210 217
210 219
210 220
210 222
210 226
210 227
210 229
210 233
210 234
210 235
210 236
210 238
210 239
210 243
210 245
210 248
211 212
211 214
211 215
211 217
211 219
211 220
211 221
211 225
211 226
211 227
211 229
211 232
211 235
211 236
211 237
211 238
211 239
211 242
211 243
211 245
211 246
211 247
211 248
211 249
212 213
212 214
212 215
212 217
212 223
212 225
212 228
212 229
212 230
212 231
212 232
212 233
212 234
212 235
212 236
212 239
212 242
212 243
212 244
213 216
213 217
213 218
213 219
213 220
213 221
213 223
213 224
213 225
213 230
213 232
213 233
213 234
213 237
213 240
213 241
213 242
213 243
213 244
213 245
213 246
213 249
214 215
214 217
214 218
214 219
214 220
214 221
214 223
214 226
214 227
214 228
214 232
214 233
214 234
214 235
214 236
214 237
214 238
214 239
214 240
214 241
214 244
214 246
214 247
214 248
215 216
215 217
215 219
215 220
215 222
215 223
215 224
215 226
215 227
215 228
215 230
215 233
215 234
215 236
215 237
215 240
215 241
215 242
215 244
215 245
215 246
215 249
216 221
216 222
216 223
216 224
216 225
216 229
216 231
216 233
216 234
216 235
216 237
216 238
216 239
216 240
216 241
216 242
216 244
216 246
216 248
216 249
217 219
217 220
217 221
217 223
217 224
217 225
217 227
217 230
217 231
217 232
217 233
217 235
217 237
217 239
217 242
217 243
217 244
217 247
217 248
217 249
218 219
218 220
218 222
218 223
218 225
218 226
218 227
218 228
218 229
218 230
218 232
218 237
218 238
218 239
218 240
218 241
218 242
218 244
219 220
219 221
219 223
219 224
219 226
219 227
219 228
219 229
219 232
219 233
219 234
219 235
219 237
219 238
219 239
219 241
219 242
219 243
219 246
219 247
219 248
220 223
220 225
220 226
220 227
220 228
220 230
220 234
220 236
220 238
220 240
220 241
220 242
220 243
220 246
220 247
220 249
221 222
221 227
221 228
221 229
221 231
221 232
221 233
221 234
221 235
221 237
221 239
221 240
221 241
221 243
221 244
221 245
221 246
221 247
222 223
222 225
222 228
222 230
222 231
222 234
222 235
222 236
222 237
222 238
222 239
222 241
222 242
222 243
222 244
222 245
222 247
222 248
222 249
223 225
223 226
223 227
223 228
223 231
223 232
223 234
223 235
223 238
223 239
223 240
223 244
223 245
223 246
223 249
224 225
224 226
224 228
224 229
224 230
224 231
224 233
224 234
224 238
224 241
224 242
224 243
224 244
225 226
225 227
225 229
225 230
225 231
225 232
225 233
225 234
225 235
225 236
225 237
225 241
225 243
225 244
225 246
225 247
226 228
226 229
226 230
226 231
226 232
226 234
226 235
226 236
226 237
226 238
226 240
226 241
226 242
226 243
226 244
226 245
226 247
226 249
227 228
227 233
227 235
227 236
227 238
227 240
227 241
227 242
227 245
228 229
228 236
228 237
228 239
228 240
228 241
228 242
228 243
228 245
228 246
229 231
229 233
229 234
229 235
229 237
229 238
229 239
229 240
229 241
229 242
229 245
229 248
230 231
230 232
230 237
230 239
230 242
230 243
230 244
230 245
230 249
231 235
231 237
231 240
231 241
231 242
231 243
231 245
231 246
231 247
231 249
232 233
232 234
232 235
232 236
232 237
232 238
232 239
232 240
232 241
232 242
232 243
232 244
232 245
232 246
232 247
232 248
232 249
233 234
233 235
233 236
233 237
233 238
233 239
233 241
233 242
233 243
233 244
233 246
233 247
234 236
234 238
234 239
234 240
234 241
234 242
234 243
234 246
234 248
235 236
235 238
235 239
235 240
235 244
235 246
235 247
235 248
236 237
236 238
236 239
236 243
236 246
237 238
237 239
237 240
237 242
237 243
237 245
237 246
237 247
237 248
237 249
238 240
238 241
238 242
238 245
238 246
238 248
238 249
239 240
239 241
239 245
239 246
239 247
239 248
239 249
240 241
240 243
240 247
240 248
240 249
241 242
241 246
241 247
241 248
242 246
242 247
242 249
243 244
243 245
243 246
243 247
243 248
243 249
244 245
244 247
244 248
244 249
245 247
245 248
246 248
246 249
