0 3
0 4
0 6
0 7
0 8
0 9
0 13
0 14
0 15
0 16
0 17
0 18
0 19
0 20
0 21
0 23
0 24
0 25
0 26
0 28
0 31
0 37
0 38
0 39
0 41
0 44
0 48
0 49
0 80
0 83
0 91
0 94
0 129
0 135
0 140
0 142
0 103
0 104
0 115
0 118
0 121
0 123
0 164
0 170
0 187
0 192
0 238
0 241
0 247
1 2
1 3
1 6
1 7
1 8
1 9
1 10
1 13
1 14
1 16
1 17
1 18
1 19
1 20
1 21
1 22
1 24
1 25
1 27
1 28
1 30
1 31
1 35
1 36
1 38
1 39
1 40
1 42
1 43
1 45
1 46
1 48
1 49
1 51
1 54
1 57
1 61
1 79
1 85
1 86
1 87
1 132
1 135
1 137
1 141
1 124
1 125
1 165
1 194
1 196
1 208
1 212
1 214
1 224
1 248
2 3
2 4
2 5
2 8
2 9
2 11
2 15
2 16
2 19
2 23
2 25
2 26
2 27
2 30
2 31
2 35
2 36
2 37
2 38
2 41
2 42
2 43
2 46
2 48
2 51
2 52
2 56
2 79
2 95
2 137
2 149
2 101
2 102
2 110
2 114
2 123
2 155
2 162
2 186
2 198
2 211
2 221
2 237
3 4
3 6
3 7
3 8
3 10
3 12
3 13
3 14
3 15
3 21
3 24
3 25
3 26
3 28
3 29
3 30
3 31
3 32
3 33
3 37
3 40
3 41
3 42
3 43
3 44
3 46
3 47
3 48
3 49
3 58
3 64
3 67
3 81
3 96
3 130
3 133
3 117
3 123
3 127
3 157
3 162
3 165
3 170
3 189
3 193
3 208
3 212
3 216
3 221
3 222
3 236
4 5
4 6
4 7
4 8
4 9
4 10
4 15
4 16
4 17
4 18
4 19
4 20
4 21
4 24
4 26
4 27
4 30
4 31
4 33
4 34
4 38
4 40
4 43
4 44
4 46
4 49
4 58
4 69
4 99
4 133
4 135
4 105
4 125
4 154
4 170
4 190
4 200
4 201
4 206
4 213
4 218
4 226
4 242
5 6
5 10
5 11
5 12
5 13
5 14
5 15
5 16
5 18
5 21
5 22
5 23
5 24
5 26
5 27
5 30
5 33
5 35
5 36
5 37
5 40
5 41
5 42
5 44
5 45
5 46
5 47
5 55
5 57
5 59
5 129
5 134
5 137
5 143
5 148
5 101
5 116
5 124
5 170
5 177
5 188
5 193
5 231
5 232
5 234
5 238
5 244
6 7
6 9
6 10
6 12
6 13
6 14
6 15
6 17
6 19
6 22
6 25
6 26
6 28
6 29
6 31
6 32
6 34
6 36
6 37
6 40
6 42
6 44
6 47
6 48
6 75
6 78
6 84
6 85
6 94
6 96
6 135
6 148
6 100
6 102
6 103
6 114
6 117
6 122
6 155
6 184
6 185
6 194
6 206
6 208
6 215
6 222
6 223
6 226
6 227
6 247
7 8
7 9
7 10
7 12
7 15
7 16
7 17
7 18
7 19
7 21
7 27
7 28
7 29
7 30
7 31
7 33
7 34
7 35
7 36
7 37
7 38
7 41
7 42
7 43
7 44
7 46
7 47
7 48
7 49
7 61
7 64
7 71
7 72
7 75
7 88
7 99
7 113
7 160
7 191
7 199
7 227
7 248
8 9
8 11
8 12
8 13
8 14
8 15
8 16
8 17
8 19
8 21
8 23
8 24
8 25
8 26
8 28
8 32
8 34
8 35
8 36
8 41
8 42
8 43
8 45
8 46
8 47
8 48
8 49
8 62
8 69
8 72
8 77
8 98
8 135
8 100
8 106
8 108
8 113
8 115
8 119
8 120
8 126
8 170
8 179
8 183
8 203
8 204
8 205
8 209
8 210
8 212
8 216
8 234
9 10
9 12
9 13
9 14
9 15
9 16
9 17
9 18
9 19
9 20
9 21
9 22
9 23
9 28
9 29
9 32
9 34
9 35
9 37
9 38
9 39
9 40
9 41
9 42
9 44
9 45
9 46
9 48
9 49
9 75
9 79
9 136
9 149
9 105
9 122
9 159
9 167
9 173
9 186
9 210
9 220
9 236
9 239
10 11
10 13
10 14
10 15
10 16
10 17
10 18
10 19
10 22
10 23
10 24
10 25
10 27
10 28
10 29
10 31
10 33
10 37
10 38
10 39
10 42
10 43
10 45
10 46
10 49
10 56
10 59
10 88
10 139
10 149
10 100
10 110
10 121
10 160
10 188
10 198
10 205
10 213
10 216
10 229
10 239
10 240
11 13
11 14
11 17
11 20
11 22
11 24
11 25
11 26
11 30
11 31
11 32
11 33
11 34
11 36
11 39
11 41
11 42
11 43
11 46
11 48
11 49
11 57
11 58
11 69
11 73
11 75
11 98
11 145
11 112
11 124
11 157
11 158
11 209
11 224
11 237
11 241
12 13
12 20
12 21
12 22
12 24
12 25
12 26
12 27
12 28
12 29
12 30
12 32
12 33
12 34
12 36
12 37
12 42
12 44
12 45
12 46
12 47
12 48
12 49
12 57
12 60
12 62
12 70
12 82
12 97
12 142
12 116
12 159
12 160
12 162
12 163
12 178
12 179
12 180
12 191
12 201
12 206
12 221
12 246
13 14
13 16
13 17
13 18
13 22
13 24
13 25
13 26
13 27
13 28
13 29
13 30
13 31
13 32
13 34
13 36
13 37
13 38
13 41
13 43
13 45
13 48
13 49
13 64
13 81
13 83
13 85
13 90
13 129
13 130
13 102
13 103
13 121
13 122
13 157
13 167
13 168
13 171
13 175
13 185
13 187
13 195
13 200
13 201
13 228
13 237
14 16
14 17
14 19
14 20
14 21
14 22
14 24
14 29
14 30
14 31
14 32
14 33
14 34
14 35
14 36
14 37
14 38
14 39
14 40
14 42
14 43
14 48
14 49
14 78
14 88
14 89
14 93
14 94
14 134
14 146
14 147
14 103
14 113
14 121
14 125
14 152
14 160
14 161
14 172
14 174
14 199
14 203
14 218
14 225
14 242
15 16
15 18
15 19
15 21
15 24
15 25
15 26
15 28
15 30
15 31
15 32
15 33
15 34
15 36
15 37
15 38
15 39
15 40
15 41
15 43
15 44
15 45
15 47
15 49
15 71
15 92
15 97
15 131
15 101
15 119
15 123
15 155
15 159
15 164
15 166
15 170
15 177
15 189
15 204
15 205
15 206
15 208
15 213
15 227
15 231
16 17
16 19
16 20
16 21
16 22
16 23
16 26
16 27
16 28
16 30
16 31
16 32
16 34
16 35
16 36
16 37
16 39
16 40
16 42
16 44
16 47
16 48
16 78
16 132
16 138
16 139
16 147
16 174
16 178
16 201
16 204
16 208
16 210
16 215
16 235
16 236
16 238
17 18
17 19
17 23
17 24
17 30
17 33
17 34
17 37
17 38
17 40
17 42
17 44
17 45
17 46
17 47
17 49
17 52
17 58
17 69
17 73
17 84
17 85
17 92
17 98
17 99
17 112
17 113
17 117
17 121
17 124
17 152
17 155
17 160
17 181
17 185
17 191
17 196
17 227
17 230
17 231
17 237
18 21
18 23
18 26
18 27
18 28
18 29
18 30
18 32
18 33
18 34
18 37
18 39
18 43
18 44
18 46
18 47
18 48
18 49
18 50
18 66
18 69
18 89
18 92
18 95
18 139
18 142
18 145
18 118
18 121
18 123
18 127
18 163
18 176
18 198
18 208
18 212
18 236
19 20
19 21
19 22
19 26
19 27
19 29
19 30
19 31
19 32
19 35
19 36
19 38
19 39
19 42
19 43
19 44
19 45
19 46
19 60
19 72
19 77
19 79
19 88
19 131
19 139
19 108
19 119
19 123
19 151
19 153
19 157
19 177
19 178
19 189
19 192
19 198
19 213
19 215
19 223
19 231
19 232
19 241
19 244
20 23
20 25
20 26
20 27
20 28
20 29
20 30
20 32
20 33
20 34
20 36
20 38
20 40
20 41
20 42
20 44
20 45
20 47
20 49
20 59
20 66
20 77
20 93
20 143
20 101
20 110
20 125
20 155
20 170
20 174
20 183
20 187
20 191
20 207
20 211
20 218
20 233
20 240
20 245
21 22
21 23
21 25
21 26
21 27
21 28
21 29
21 30
21 33
21 35
21 36
21 39
21 40
21 41
21 43
21 44
21 45
21 47
21 51
21 132
21 149
21 100
21 105
21 110
21 116
21 177
21 187
21 188
21 191
21 196
21 201
21 205
21 216
21 219
21 234
21 235
21 249
22 23
22 25
22 26
22 27
22 30
22 33
22 35
22 38
22 39
22 40
22 41
22 42
22 43
22 44
22 46
22 47
22 48
22 53
22 65
22 75
22 85
22 132
22 101
22 116
22 117
22 151
22 156
22 166
22 172
22 173
22 175
22 193
22 198
22 210
22 218
22 222
22 229
22 233
23 25
23 27
23 28
23 29
23 30
23 32
23 33
23 34
23 36
23 37
23 39
23 40
23 41
23 43
23 46
23 48
23 49
23 51
23 58
23 67
23 80
23 83
23 89
23 130
23 142
23 102
23 159
23 160
23 170
23 176
23 182
23 199
23 203
23 208
23 221
23 222
23 229
23 236
23 244
24 26
24 28
24 29
24 30
24 32
24 33
24 34
24 35
24 38
24 39
24 40
24 42
24 43
24 44
24 47
24 48
24 49
24 53
24 65
24 68
24 91
24 142
24 101
24 104
24 116
24 118
24 152
24 159
24 160
24 165
24 167
24 174
24 187
24 198
24 204
24 208
24 228
24 237
25 26
25 29
25 31
25 32
25 33
25 34
25 35
25 37
25 41
25 42
25 43
25 44
25 45
25 46
25 49
25 53
25 63
25 65
25 76
25 79
25 88
25 98
25 99
25 131
25 139
25 121
25 124
25 170
25 171
25 176
25 178
25 180
25 193
25 194
25 197
25 198
25 203
25 241
25 247
26 28
26 29
26 30
26 31
26 32
26 35
26 38
26 39
26 40
26 43
26 44
26 46
26 48
26 52
26 53
26 59
26 60
26 62
26 80
26 97
26 133
26 135
26 140
26 106
26 111
26 112
26 114
26 115
26 125
26 170
26 176
26 178
26 194
26 196
26 199
26 215
26 217
26 224
27 29
27 33
27 34
27 36
27 37
27 39
27 42
27 43
27 44
27 46
27 48
27 49
27 65
27 71
27 72
27 92
27 98
27 139
27 141
27 108
27 109
27 114
27 123
27 165
27 185
27 189
27 190
27 201
27 214
27 219
27 228
27 233
27 239
28 29
28 31
28 32
28 34
28 35
28 36
28 38
28 39
28 41
28 42
28 43
28 46
28 47
28 49
28 51
28 67
28 77
28 84
28 133
28 117
28 119
28 153
28 168
28 185
28 196
28 213
28 226
28 240
28 241
29 30
29 31
29 32
29 34
29 37
29 38
29 40
29 42
29 43
29 44
29 45
29 47
29 48
29 70
29 79
29 98
29 136
29 144
29 126
29 167
29 168
29 182
29 185
29 191
29 194
29 196
29 235
29 243
30 31
30 32
30 33
30 34
30 35
30 37
30 38
30 40
30 42
30 45
30 49
30 60
30 64
30 76
30 79
30 96
30 140
30 142
30 118
30 175
30 178
30 183
30 189
30 193
30 208
30 209
30 221
30 229
30 244
31 32
31 33
31 34
31 35
31 38
31 39
31 40
31 41
31 42
31 44
31 46
31 47
31 48
31 59
31 66
31 83
31 92
31 133
31 143
31 112
31 113
31 117
31 125
31 169
31 172
31 189
31 195
31 197
31 219
31 234
32 33
32 34
32 35
32 36
32 37
32 41
32 42
32 44
32 45
32 50
32 53
32 74
32 76
32 89
32 92
32 95
32 133
32 134
32 100
32 103
32 123
32 150
32 190
32 199
32 210
32 211
32 226
32 228
32 229
32 231
32 232
32 233
33 34
33 35
33 38
33 40
33 41
33 42
33 43
33 45
33 47
33 48
33 49
33 62
33 72
33 74
33 76
33 78
33 80
33 85
33 145
33 147
33 107
33 109
33 112
33 117
33 157
33 167
33 171
33 175
33 178
33 180
33 184
33 195
33 219
33 223
33 227
34 37
34 38
34 39
34 42
34 44
34 45
34 46
34 47
34 51
34 54
34 59
34 70
34 92
34 128
34 149
34 118
34 151
34 161
34 162
34 166
34 170
34 178
34 179
34 188
34 190
34 195
34 210
34 211
34 216
34 220
34 221
34 224
35 36
35 37
35 38
35 40
35 41
35 45
35 77
35 84
35 85
35 90
35 137
35 146
35 147
35 149
35 107
35 113
35 118
35 123
35 152
35 164
35 165
35 173
35 174
35 177
35 179
35 194
35 206
35 208
35 223
35 239
36 38
36 39
36 43
36 44
36 45
36 46
36 49
36 57
36 64
36 72
36 78
36 132
36 148
36 149
36 118
36 119
36 176
36 185
36 189
36 207
36 225
36 227
36 234
36 237
37 38
37 40
37 42
37 44
37 45
37 46
37 47
37 49
37 54
37 56
37 80
37 83
37 84
37 85
37 86
37 88
37 91
37 138
37 114
37 118
37 159
37 173
37 183
37 186
37 205
37 208
37 215
37 223
37 227
37 235
37 238
38 39
38 41
38 42
38 44
38 46
38 47
38 48
38 49
38 52
38 72
38 75
38 94
38 136
38 148
38 101
38 118
38 160
38 164
38 174
38 188
38 211
38 236
38 239
38 246
39 40
39 41
39 42
39 43
39 45
39 46
39 49
39 56
39 59
39 61
39 78
39 86
39 91
39 142
39 106
39 109
39 113
39 119
39 122
39 174
39 182
39 194
39 227
40 41
40 45
40 47
40 48
40 49
40 51
40 59
40 65
40 78
40 80
40 87
40 97
40 103
40 110
40 123
40 125
40 157
40 173
40 193
40 194
40 201
40 219
40 220
40 221
40 231
41 43
41 44
41 46
41 48
41 49
41 51
41 62
41 63
41 80
41 83
41 88
41 94
41 99
41 139
41 103
41 109
41 111
41 117
41 157
41 167
41 168
41 170
41 181
41 201
41 211
41 212
41 232
42 43
42 44
42 45
42 47
42 48
42 49
42 52
42 60
42 61
42 73
42 79
42 93
42 139
42 142
42 145
42 102
42 117
42 119
42 121
42 123
42 127
42 182
42 199
42 205
42 225
42 240
42 242
43 44
43 45
43 49
43 51
43 54
43 62
43 84
43 85
43 133
43 146
43 148
43 109
43 112
43 126
43 154
43 156
43 158
43 162
43 169
43 177
43 193
43 203
43 217
43 230
43 245
43 247
44 46
44 48
44 51
44 75
44 95
44 98
44 132
44 149
44 100
44 107
44 113
44 124
44 127
44 150
44 157
44 167
44 173
44 177
44 179
44 182
44 191
44 196
44 198
44 229
44 232
44 243
45 46
45 48
45 49
45 57
45 76
45 81
45 90
45 95
45 128
45 132
45 136
45 139
45 103
45 105
45 118
45 155
45 165
45 166
45 170
45 173
45 179
45 189
45 196
45 205
45 219
45 220
45 223
45 232
45 242
45 247
46 47
46 49
46 59
46 79
46 82
46 86
46 93
46 94
46 97
46 131
46 135
46 144
46 146
46 149
46 108
46 111
46 115
46 120
46 161
46 184
46 222
46 232
46 245
47 48
47 55
47 62
47 67
47 76
47 77
47 85
47 92
47 139
47 146
47 102
47 116
47 151
47 163
47 166
47 170
47 172
47 181
47 183
47 195
47 196
47 197
47 205
47 206
47 211
47 217
47 225
47 234
47 236
47 249
48 49
48 56
48 57
48 66
48 68
48 72
48 77
48 78
48 79
48 89
48 114
48 122
48 156
48 159
48 165
48 166
48 191
48 199
48 200
48 201
48 204
48 205
48 212
48 215
48 217
48 228
48 242
48 244
48 249
49 63
49 86
49 133
49 145
49 104
49 150
49 156
49 157
49 163
49 167
49 169
49 176
49 177
49 180
49 184
49 185
49 199
49 229
49 236
49 249
50 51
50 53
50 55
50 56
50 58
50 59
50 60
50 62
50 65
50 72
50 73
50 75
50 76
50 78
50 83
50 86
50 87
50 88
50 89
50 91
50 97
50 98
50 99
50 132
50 138
50 139
50 104
50 154
50 168
50 176
50 186
50 191
50 202
50 209
50 210
50 213
50 215
50 223
50 231
50 240
51 56
51 58
51 59
51 60
51 61
51 62
51 64
51 69
51 70
51 71
51 73
51 74
51 78
51 80
51 81
51 84
51 85
51 87
51 88
51 89
51 90
51 92
51 95
51 96
51 98
51 99
51 135
51 140
51 149
51 115
51 162
51 171
51 173
51 183
51 194
51 201
51 209
51 223
51 227
51 240
51 247
52 54
52 55
52 56
52 57
52 61
52 62
52 63
52 64
52 65
52 67
52 68
52 71
52 72
52 74
52 75
52 77
52 78
52 79
52 80
52 84
52 85
52 86
52 88
52 89
52 91
52 92
52 95
52 96
52 97
52 98
52 129
52 131
52 141
52 101
52 104
52 116
52 156
52 165
52 167
52 176
52 210
52 217
52 241
53 56
53 58
53 60
53 61
53 63
53 64
53 65
53 66
53 67
53 68
53 69
53 71
53 73
53 81
53 82
53 86
53 87
53 88
53 90
53 92
53 94
53 95
53 96
53 97
53 98
53 135
53 148
53 101
53 114
53 115
53 122
53 175
53 181
53 191
53 207
53 215
53 225
53 230
53 242
53 243
54 55
54 56
54 58
54 59
54 61
54 62
54 63
54 64
54 69
54 70
54 73
54 74
54 75
54 77
54 79
54 80
54 81
54 82
54 83
54 84
54 85
54 86
54 87
54 88
54 90
54 91
54 92
54 94
54 97
54 99
54 138
54 113
54 114
54 127
54 154
54 168
54 187
54 189
54 196
54 201
54 207
54 215
54 222
54 230
54 233
54 238
54 240
55 60
55 62
55 63
55 64
55 65
55 69
55 70
55 71
55 73
55 75
55 76
55 80
55 81
55 82
55 83
55 84
55 86
55 87
55 88
55 89
55 94
55 95
55 97
55 129
55 133
55 139
55 109
55 158
55 183
55 184
55 206
55 208
55 214
55 225
55 247
56 57
56 59
56 60
56 61
56 63
56 66
56 67
56 68
56 72
56 74
56 80
56 82
56 83
56 84
56 87
56 88
56 92
56 93
56 96
56 98
56 99
56 139
56 145
56 146
56 116
56 169
56 217
56 218
56 219
56 226
56 239
57 59
57 60
57 62
57 64
57 65
57 68
57 69
57 71
57 73
57 74
57 79
57 81
57 83
57 84
57 86
57 88
57 90
57 91
57 92
57 93
57 97
57 98
57 99
57 135
57 146
57 149
57 105
57 108
57 115
57 122
57 150
57 151
57 161
57 170
57 196
57 207
57 216
57 221
57 223
58 61
58 62
58 63
58 64
58 65
58 66
58 67
58 69
58 70
58 71
58 73
58 76
58 78
58 79
58 81
58 82
58 84
58 85
58 86
58 87
58 90
58 91
58 92
58 93
58 94
58 130
58 149
58 102
58 112
58 114
58 153
58 158
58 165
58 187
58 198
59 60
59 62
59 63
59 64
59 65
59 66
59 68
59 69
59 71
59 72
59 73
59 75
59 76
59 78
59 80
59 81
59 82
59 84
59 85
59 86
59 87
59 88
59 89
59 90
59 91
59 92
59 94
59 95
59 96
59 97
59 98
59 99
59 144
59 109
59 111
59 114
59 150
59 156
59 160
59 177
59 192
59 198
59 203
59 204
59 215
59 217
59 222
59 223
59 224
59 225
59 226
60 61
60 62
60 63
60 66
60 67
60 68
60 69
60 70
60 75
60 77
60 78
60 79
60 80
60 81
60 82
60 83
60 84
60 86
60 88
60 89
60 90
60 91
60 93
60 95
60 96
60 97
60 98
60 138
60 122
60 168
60 170
60 179
60 186
60 188
60 226
60 242
60 245
61 62
61 63
61 64
61 68
61 69
61 70
61 71
61 72
61 73
61 75
61 77
61 78
61 79
61 82
61 84
61 85
61 86
61 87
61 88
61 92
61 93
61 94
61 95
61 98
61 99
61 142
61 148
61 126
61 152
61 172
61 185
61 186
61 199
61 216
61 232
61 247
61 249
62 63
62 64
62 65
62 67
62 68
62 69
62 71
62 72
62 73
62 74
62 76
62 77
62 78
62 79
62 80
62 81
62 82
62 85
62 86
62 88
62 89
62 92
62 93
62 94
62 95
62 98
62 130
62 104
62 157
62 172
62 192
62 204
62 214
62 223
62 227
62 235
62 239
63 64
63 65
63 67
63 68
63 70
63 73
63 76
63 81
63 82
63 83
63 84
63 85
63 86
63 87
63 88
63 91
63 93
63 94
63 97
63 99
63 105
63 118
63 158
63 168
63 179
63 183
63 195
63 201
63 202
63 204
63 207
63 208
63 213
63 215
63 216
63 221
63 222
63 244
64 66
64 71
64 72
64 73
64 76
64 77
64 80
64 81
64 82
64 85
64 86
64 89
64 91
64 93
64 94
64 95
64 96
64 98
64 137
64 144
64 110
64 122
64 171
64 172
64 188
64 197
64 198
64 211
64 212
64 220
64 221
64 229
64 244
64 245
65 66
65 67
65 70
65 73
65 74
65 75
65 76
65 77
65 78
65 79
65 80
65 81
65 82
65 86
65 89
65 90
65 91
65 92
65 93
65 94
65 95
65 98
65 130
65 138
65 112
65 114
65 120
65 169
65 173
65 188
65 191
65 204
65 206
65 216
65 236
65 244
66 68
66 69
66 70
66 71
66 73
66 75
66 77
66 78
66 79
66 81
66 82
66 83
66 85
66 86
66 88
66 89
66 91
66 92
66 93
66 95
66 96
66 97
66 99
66 137
66 140
66 106
66 110
66 111
66 115
66 125
66 151
66 156
66 162
66 168
66 172
66 179
66 188
66 190
66 194
66 199
66 217
66 226
66 230
66 231
66 246
67 70
67 71
67 74
67 75
67 78
67 80
67 81
67 82
67 84
67 85
67 87
67 88
67 93
67 95
67 97
67 98
67 99
67 129
67 130
67 134
67 118
67 119
67 120
67 124
67 153
67 154
67 167
67 178
67 186
67 189
67 224
67 225
67 230
67 231
67 235
67 239
67 240
67 243
68 76
68 77
68 78
68 79
68 80
68 83
68 84
68 85
68 87
68 88
68 89
68 92
68 94
68 95
68 149
68 103
68 104
68 126
68 150
68 153
68 164
68 166
68 175
68 178
68 180
68 185
68 196
68 223
68 234
69 70
69 71
69 72
69 76
69 77
69 78
69 79
69 82
69 83
69 85
69 88
69 91
69 92
69 93
69 96
69 97
69 98
69 99
69 130
69 135
69 143
69 148
69 103
69 114
69 118
69 123
69 125
69 152
69 161
69 170
69 194
69 197
69 201
69 208
69 230
70 71
70 72
70 74
70 75
70 76
70 77
70 78
70 81
70 82
70 83
70 85
70 86
70 88
70 90
70 93
70 94
70 95
70 97
70 98
70 99
70 136
70 148
70 110
70 119
70 124
70 151
70 153
70 173
70 186
70 190
70 205
70 213
70 246
71 74
71 75
71 77
71 78
71 79
71 80
71 81
71 83
71 84
71 86
71 93
71 94
71 98
71 99
71 134
71 135
71 149
71 108
71 114
71 117
71 119
71 123
71 185
71 188
71 191
71 207
71 209
71 222
71 228
72 73
72 74
72 76
72 77
72 78
72 80
72 82
72 83
72 84
72 87
72 88
72 89
72 90
72 92
72 93
72 94
72 95
72 96
72 97
72 130
72 131
72 149
72 107
72 126
72 169
72 172
72 176
72 181
72 183
72 189
72 195
72 213
72 219
72 232
72 234
72 237
73 74
73 75
73 76
73 77
73 80
73 83
73 86
73 87
73 88
73 89
73 90
73 91
73 92
73 94
73 95
73 99
73 132
73 144
73 145
73 147
73 100
73 103
73 108
73 159
73 169
73 170
73 177
73 180
73 184
73 188
73 190
73 200
73 204
73 209
73 215
73 237
74 75
74 76
74 78
74 80
74 81
74 84
74 85
74 86
74 89
74 90
74 91
74 94
74 95
74 97
74 99
74 133
74 104
74 114
74 116
74 118
74 125
74 163
74 166
74 185
74 193
74 222
74 248
75 77
75 78
75 79
75 81
75 82
75 83
75 84
75 85
75 86
75 87
75 88
75 90
75 91
75 95
75 96
75 97
75 129
75 130
75 132
75 109
75 112
75 119
75 121
75 124
75 151
75 159
75 160
75 167
75 171
75 177
75 190
75 206
75 207
75 215
75 217
75 221
75 223
75 243
76 78
76 79
76 81
76 83
76 85
76 89
76 90
76 91
76 93
76 94
76 95
76 97
76 98
76 99
76 128
76 139
76 104
76 110
76 124
76 150
76 155
76 159
76 211
76 223
76 225
76 229
76 242
77 78
77 79
77 80
77 82
77 83
77 84
77 87
77 88
77 89
77 90
77 91
77 92
77 93
77 94
77 95
77 136
77 141
77 142
77 113
77 116
77 160
77 170
77 187
77 198
77 201
77 219
77 221
77 224
77 230
77 234
77 247
78 79
78 80
78 81
78 83
78 84
78 85
78 86
78 87
78 88
78 91
78 96
78 97
78 98
78 99
78 133
78 142
78 101
78 116
78 121
78 150
78 172
78 173
78 180
78 181
78 193
78 195
78 215
78 218
78 229
79 81
79 84
79 85
79 86
79 87
79 89
79 90
79 92
79 93
79 94
79 95
79 97
79 98
79 99
79 136
79 139
79 101
79 110
79 115
79 123
79 156
79 161
79 164
79 168
79 192
79 228
79 249
80 81
80 82
80 88
80 90
80 91
80 93
80 94
80 95
80 96
80 97
80 98
80 131
80 136
80 102
80 111
80 112
80 113
80 120
80 155
80 171
80 193
80 208
80 209
80 211
80 214
80 220
80 222
80 226
80 232
80 236
80 248
81 83
81 85
81 87
81 88
81 89
81 91
81 92
81 93
81 94
81 95
81 96
81 98
81 129
81 122
81 155
81 162
81 187
81 214
81 217
81 218
81 223
81 235
81 245
81 247
82 83
82 84
82 87
82 88
82 89
82 90
82 91
82 95
82 96
82 98
82 99
82 132
82 102
82 111
82 122
82 150
82 166
82 171
82 177
82 189
82 196
82 233
82 244
83 84
83 85
83 89
83 91
83 94
83 95
83 97
83 98
83 137
83 142
83 112
83 113
83 114
83 127
83 151
83 161
83 176
83 216
83 222
83 226
84 85
84 87
84 91
84 92
84 93
84 96
84 98
84 132
84 143
84 111
84 114
84 117
84 124
84 151
84 184
84 186
84 192
84 214
84 221
84 232
84 238
85 86
85 87
85 88
85 89
85 90
85 91
85 93
85 94
85 96
85 97
85 99
85 142
85 145
85 100
85 110
85 127
85 155
85 163
85 164
85 183
85 192
85 199
85 226
85 245
86 88
86 90
86 91
86 93
86 94
86 95
86 99
86 130
86 131
86 134
86 137
86 138
86 142
86 100
86 102
86 103
86 108
86 115
86 157
86 161
86 205
86 217
86 222
86 232
86 238
87 91
87 92
87 94
87 95
87 97
87 128
87 135
87 137
87 149
87 109
87 113
87 169
87 186
87 188
87 193
87 195
87 200
87 202
87 205
87 212
87 228
87 241
88 91
88 92
88 93
88 94
88 97
88 98
88 99
88 144
88 148
88 112
88 125
88 154
88 170
88 183
88 194
88 195
88 218
88 222
88 227
88 242
89 90
89 91
89 92
89 95
89 96
89 98
89 99
89 146
89 102
89 162
89 176
89 189
89 193
89 199
89 207
89 230
89 248
90 91
90 92
90 95
90 99
90 144
90 110
90 111
90 112
90 117
90 157
90 161
90 162
90 170
90 174
90 175
90 185
90 190
90 195
90 217
90 222
90 239
91 93
91 94
91 95
91 96
91 97
91 98
91 134
91 139
91 145
91 115
91 118
91 150
91 158
91 188
91 207
91 215
91 226
91 231
91 246
91 247
91 248
92 93
92 94
92 95
92 96
92 97
92 99
92 128
92 116
92 121
92 161
92 164
92 166
92 195
92 211
92 226
92 233
92 235
92 240
93 94
93 95
93 96
93 97
93 99
93 139
93 149
93 116
93 120
93 154
93 155
93 156
93 169
93 170
93 177
93 182
93 215
93 220
93 236
93 237
93 243
94 98
94 139
94 144
94 148
94 103
94 112
94 114
94 125
94 154
94 165
94 172
94 173
94 176
94 200
94 214
94 219
94 220
94 222
94 229
94 246
95 97
95 98
95 99
95 129
95 121
95 153
95 164
95 169
95 171
95 179
95 181
95 195
95 197
95 198
95 202
95 210
95 223
95 248
96 97
96 98
96 132
96 102
96 121
96 166
96 172
96 177
96 178
96 196
96 212
96 236
97 98
97 101
97 114
97 120
97 151
97 160
97 163
97 166
97 186
97 187
97 194
97 225
98 99
98 132
98 141
98 144
98 148
98 107
98 115
98 116
98 117
98 158
98 165
98 166
98 172
98 186
98 211
98 238
98 243
98 244
98 245
99 131
99 132
99 138
99 149
99 151
99 158
99 166
99 170
99 172
99 176
99 178
99 218
99 223
99 240
99 247
99 249
128 130
128 132
128 134
128 135
128 136
128 139
128 142
128 144
128 145
128 148
128 149
128 100
128 101
128 102
128 107
128 108
128 110
128 116
128 117
128 118
128 119
128 120
128 122
128 123
128 127
128 170
128 180
128 191
128 200
128 212
128 218
128 220
129 130
129 131
129 132
129 136
129 138
129 140
129 142
129 143
129 146
129 148
129 100
129 101
129 102
129 104
129 105
129 106
129 108
129 111
129 112
129 114
129 116
129 117
129 118
129 119
129 120
129 122
129 123
129 127
129 158
129 194
129 207
129 217
129 232
129 236
129 243
130 131
130 132
130 135
130 139
130 140
130 143
130 144
130 145
130 146
130 148
130 100
130 101
130 102
130 103
130 104
130 105
130 107
130 110
130 112
130 115
130 118
130 119
130 121
130 122
130 123
130 124
130 125
130 126
130 127
130 151
130 154
130 161
130 169
130 170
130 173
130 202
130 204
130 208
130 210
130 216
130 222
130 243
130 249
131 133
131 136
131 137
131 138
131 140
131 142
131 143
131 145
131 146
131 147
131 100
131 101
131 103
131 106
131 107
131 110
131 111
131 114
131 117
131 118
131 119
131 120
131 121
131 123
131 125
131 126
131 127
131 161
131 178
131 184
131 194
131 197
131 208
131 212
131 218
131 225
131 231
131 235
131 248
132 133
132 135
132 138
132 139
132 140
132 141
132 142
132 143
132 146
132 147
132 104
132 106
132 111
132 112
132 114
132 115
132 116
132 117
132 118
132 120
132 122
132 126
132 127
132 154
132 158
132 170
132 182
132 192
132 201
132 207
132 209
132 213
132 233
132 243
133 134
133 135
133 136
133 137
133 138
133 139
133 140
133 141
133 142
133 143
133 144
133 146
133 148
133 100
133 101
133 104
133 106
133 107
133 108
133 109
133 111
133 113
133 114
133 117
133 118
133 120
133 122
133 123
133 124
133 125
133 126
133 127
133 157
133 181
133 182
133 187
133 225
134 135
134 136
134 137
134 138
134 140
134 142
134 143
134 145
134 146
134 148
134 149
134 102
134 104
134 106
134 108
134 112
134 115
134 116
134 117
134 118
134 122
134 123
134 124
134 125
134 126
134 127
134 164
134 166
134 185
134 187
134 204
134 212
134 214
134 216
134 232
134 245
134 249
135 136
135 137
135 140
135 141
135 144
135 145
135 147
135 149
135 100
135 104
135 107
135 108
135 110
135 111
135 113
135 114
135 115
135 116
135 117
135 119
135 120
135 125
135 126
135 152
135 158
135 174
135 176
135 181
135 193
135 209
135 215
135 224
135 226
135 229
135 245
136 137
136 138
136 139
136 141
136 142
136 143
136 147
136 148
136 100
136 101
136 102
136 103
136 105
136 106
136 108
136 109
136 110
136 111
136 112
136 113
136 115
136 116
136 117
136 118
136 120
136 122
136 123
136 124
136 125
136 126
136 127
136 150
136 162
136 170
136 179
136 183
136 205
136 207
136 213
136 227
136 228
136 236
137 138
137 139
137 140
137 141
137 142
137 143
137 144
137 145
137 146
137 147
137 148
137 149
137 100
137 101
137 103
137 105
137 107
137 110
137 114
137 115
137 116
137 117
137 118
137 121
137 122
137 125
137 126
137 127
137 180
137 193
137 207
137 211
137 216
137 223
137 224
137 228
138 139
138 140
138 142
138 143
138 145
138 147
138 148
138 101
138 102
138 103
138 106
138 107
138 108
138 109
138 110
138 112
138 114
138 115
138 117
138 119
138 122
138 124
138 127
138 175
138 193
138 195
138 206
138 225
138 240
139 140
139 141
139 144
139 146
139 147
139 148
139 100
139 101
139 102
139 105
139 106
139 107
139 108
139 111
139 113
139 118
139 120
139 122
139 124
139 126
139 127
139 163
139 171
139 173
139 183
139 184
139 198
139 209
139 244
140 141
140 143
140 144
140 145
140 146
140 100
140 101
140 102
140 103
140 104
140 105
140 108
140 110
140 111
140 113
140 116
140 118
140 121
140 122
140 123
140 125
140 126
140 150
140 153
140 168
140 170
140 173
140 181
140 183
140 186
140 190
140 192
140 247
140 249
141 142
141 145
141 147
141 148
141 149
141 100
141 101
141 103
141 104
141 105
141 109
141 113
141 115
141 116
141 117
141 118
141 119
141 120
141 121
141 126
141 127
141 170
141 171
141 176
141 182
141 195
141 213
141 232
141 239
142 143
142 144
142 145
142 147
142 149
142 100
142 102
142 104
142 105
142 106
142 107
142 108
142 109
142 110
142 111
142 112
142 113
142 115
142 118
142 119
142 120
142 121
142 125
142 126
142 127
142 151
142 154
142 155
142 190
142 192
142 207
142 215
142 248
143 148
143 149
143 100
143 101
143 102
143 104
143 106
143 108
143 109
143 111
143 117
143 118
143 119
143 120
143 121
143 124
143 127
143 153
143 175
143 212
143 226
143 230
143 239
143 246
144 148
144 149
144 100
144 101
144 102
144 103
144 105
144 111
144 112
144 114
144 115
144 117
144 119
144 120
144 122
144 123
144 124
144 172
144 188
144 200
144 204
144 208
144 211
144 215
144 224
144 242
145 146
145 147
145 148
145 102
145 103
145 104
145 106
145 107
145 108
145 109
145 114
145 118
145 119
145 121
145 124
145 125
145 152
145 154
145 157
145 166
145 188
145 194
145 202
145 204
145 207
145 209
145 224
145 230
145 235
145 236
145 241
146 148
146 149
146 100
146 102
146 103
146 104
146 105
146 109
146 113
146 114
146 115
146 117
146 119
146 120
146 122
146 123
146 125
146 126
146 127
146 153
146 166
146 173
146 176
146 189
146 199
146 228
147 148
147 149
147 101
147 104
147 106
147 108
147 109
147 110
147 111
147 112
147 115
147 117
147 118
147 120
147 121
147 123
147 124
147 125
147 126
147 127
147 152
147 153
147 159
147 163
147 192
147 193
147 216
147 223
147 237
147 248
148 104
148 108
148 110
148 111
148 112
148 113
148 114
148 115
148 118
148 119
148 120
148 121
148 122
148 125
148 126
148 166
148 169
148 203
148 205
148 207
148 208
148 218
148 219
148 235
149 100
149 101
149 105
149 106
149 107
149 108
149 110
149 112
149 113
149 114
149 118
149 120
149 122
149 123
149 125
149 126
149 127
149 150
149 157
149 165
149 166
149 179
149 187
149 191
149 198
149 203
149 204
149 212
149 221
149 238
100 101
100 102
100 103
100 104
100 105
100 107
100 108
100 109
100 110
100 111
100 112
100 116
100 117
100 120
100 121
100 123
100 125
100 126
100 152
100 159
100 160
100 175
100 196
100 212
100 247
101 106
101 109
101 111
101 112
101 113
101 114
101 117
101 118
101 122
101 124
101 126
101 127
101 162
101 166
101 189
101 190
101 191
101 197
101 216
101 246
101 247
101 248
102 103
102 104
102 106
102 108
102 109
102 110
102 111
102 112
102 113
102 114
102 115
102 117
102 118
102 123
102 124
102 125
102 127
102 154
102 166
102 172
102 179
102 181
102 199
102 216
102 241
103 104
103 106
103 107
103 108
103 110
103 111
103 113
103 114
103 115
103 116
103 117
103 118
103 121
103 122
103 123
103 124
103 127
103 155
103 158
103 211
103 229
103 244
103 249
104 106
104 107
104 108
104 109
104 110
104 111
104 113
104 119
104 120
104 121
104 122
104 124
104 125
104 126
104 127
104 175
104 178
104 186
104 191
104 193
104 195
104 214
104 224
104 227
104 233
104 246
105 107
105 108
105 110
105 113
105 118
105 119
105 120
105 121
105 123
105 124
105 126
105 127
105 153
105 157
105 179
105 187
105 197
105 204
105 207
105 208
105 221
106 107
106 108
106 112
106 113
106 115
106 117
106 118
106 120
106 122
106 123
106 124
106 126
106 158
106 160
106 161
106 194
106 210
106 215
106 218
106 246
106 248
107 108
107 109
107 112
107 113
107 114
107 116
107 117
107 118
107 119
107 123
107 124
107 125
107 126
107 156
107 157
107 169
107 175
107 209
107 211
107 214
107 220
107 222
107 223
107 224
107 242
107 244
107 249
108 109
108 110
108 112
108 113
108 114
108 115
108 117
108 121
108 122
108 123
108 124
108 126
108 127
108 153
108 160
108 167
108 171
108 173
108 178
108 179
108 194
108 199
108 214
108 220
108 229
108 233
108 242
109 110
109 111
109 112
109 113
109 115
109 116
109 121
109 122
109 123
109 124
109 126
109 127
109 184
109 197
109 217
109 228
109 232
109 236
109 238
109 247
110 111
110 112
110 116
110 117
110 118
110 120
110 123
110 124
110 150
110 158
110 161
110 164
110 165
110 166
110 175
110 182
110 186
110 197
110 222
110 229
110 233
110 237
110 245
111 113
111 116
111 117
111 118
111 120
111 121
111 122
111 123
111 125
111 126
111 127
111 151
111 158
111 186
111 195
111 196
111 215
111 248
112 113
112 114
112 115
112 116
112 117
112 119
112 120
112 121
112 122
112 123
112 125
112 126
112 127
112 150
112 169
112 170
112 202
112 209
112 237
112 242
112 243
112 246
113 115
113 117
113 118
113 119
113 120
113 121
113 122
113 125
113 126
113 154
113 156
113 158
113 160
113 161
113 169
113 177
113 183
113 191
113 197
113 205
113 215
113 218
113 246
114 116
114 117
114 118
114 119
114 120
114 122
114 123
114 124
114 125
114 127
114 166
114 169
114 198
114 212
114 223
114 225
114 240
114 242
115 116
115 118
115 120
115 122
115 123
115 125
115 126
115 127
115 150
115 152
115 170
115 193
115 214
115 222
115 230
116 117
116 118
116 121
116 123
116 124
116 125
116 126
116 127
116 152
116 159
116 167
116 169
116 181
116 188
116 197
116 207
116 209
116 221
116 227
116 233
116 235
116 244
116 247
117 118
117 120
117 122
117 123
117 124
117 125
117 127
117 151
117 152
117 176
117 179
117 191
117 198
117 210
117 215
117 226
117 236
117 237
117 240
117 243
118 119
118 120
118 121
118 122
118 124
118 126
118 159
118 162
118 186
118 188
118 212
118 215
118 242
118 248
119 120
119 121
119 124
119 125
119 126
119 127
119 157
119 166
119 178
119 205
119 235
119 241
120 121
120 122
120 123
120 125
120 126
120 127
120 164
120 201
120 222
120 225
120 231
120 237
120 243
120 246
121 122
121 123
121 124
121 125
121 126
121 151
121 165
121 168
121 170
121 187
121 197
121 201
121 206
121 213
121 218
121 221
121 225
121 227
121 242
121 244
121 248
122 123
122 126
122 127
122 153
122 162
122 169
122 171
122 174
122 181
122 182
122 190
122 194
122 197
122 214
122 234
122 244
123 124
123 126
123 127
123 155
123 191
123 202
123 205
123 210
123 226
123 230
123 248
124 125
124 127
124 170
124 172
124 173
124 195
124 198
124 204
124 211
124 232
124 233
124 242
124 244
124 247
125 126
125 152
125 158
125 169
125 182
125 189
125 191
125 197
125 205
125 226
125 242
126 127
126 152
126 161
126 163
126 176
126 178
126 180
126 192
126 200
126 206
126 213
126 223
126 232
126 236
126 237
127 151
127 162
127 169
127 179
127 183
127 188
127 193
127 198
127 218
127 225
127 226
127 239
127 240
127 246
150 151
150 153
150 154
150 155
150 156
150 157
150 158
150 160
150 162
150 163
150 164
150 165
150 167
150 168
150 170
150 171
150 172
150 173
150 174
150 175
150 177
150 180
150 183
150 187
150 188
150 192
150 193
150 194
150 197
150 203
150 210
150 212
150 224
151 152
151 153
151 155
151 157
151 160
151 162
151 163
151 164
151 165
151 168
151 173
151 175
151 177
151 180
151 181
151 183
151 184
151 185
151 187
151 189
151 191
151 192
151 194
151 196
151 199
151 210
151 216
151 224
151 227
151 229
151 232
151 248
151 249
152 153
152 154
152 155
152 157
152 159
152 161
152 162
152 163
152 165
152 167
152 168
152 169
152 173
152 175
152 176
152 177
152 180
152 181
152 182
152 183
152 184
152 185
152 186
152 187
152 193
152 195
152 196
152 197
152 198
152 201
152 209
152 216
152 219
152 227
152 236
152 243
152 247
152 248
153 154
153 155
153 157
153 160
153 161
153 163
153 164
153 166
153 173
153 174
153 175
153 176
153 177
153 178
153 179
153 181
153 182
153 183
153 186
153 187
153 188
153 189
153 190
153 191
153 192
153 193
153 194
153 195
153 197
153 199
153 201
153 203
153 212
153 230
153 236
153 249
154 156
154 158
154 163
154 165
154 167
154 170
154 173
154 177
154 178
154 179
154 180
154 183
154 186
154 187
154 188
154 191
154 192
154 193
154 194
154 196
154 198
154 199
154 200
154 225
154 229
154 236
155 160
155 161
155 162
155 163
155 164
155 166
155 167
155 169
155 170
155 171
155 173
155 175
155 176
155 178
155 179
155 181
155 186
155 187
155 188
155 190
155 191
155 192
155 193
155 194
155 195
155 197
155 198
155 201
155 222
155 223
155 227
155 242
156 157
156 158
156 160
156 163
156 164
156 165
156 166
156 167
156 169
156 170
156 171
156 173
156 177
156 179
156 181
156 183
156 184
156 186
156 187
156 188
156 192
156 193
156 194
156 195
156 197
156 212
156 214
156 215
156 231
156 236
156 240
156 242
157 158
157 160
157 161
157 162
157 163
157 164
157 166
157 167
157 168
157 169
157 170
157 172
157 174
157 178
157 179
157 180
157 183
157 186
157 188
157 189
157 190
157 192
157 194
157 195
157 196
157 198
157 199
157 240
157 246
158 159
158 160
158 161
158 165
158 166
158 170
158 171
158 172
158 173
158 175
158 176
158 178
158 179
158 180
158 181
158 182
158 183
158 184
158 186
158 189
158 190
158 193
158 195
158 197
158 198
158 207
158 211
158 221
158 225
158 242
159 160
159 162
159 163
159 164
159 165
159 168
159 169
159 171
159 172
159 173
159 175
159 176
159 177
159 178
159 180
159 181
159 182
159 183
159 184
159 185
159 186
159 187
159 188
159 189
159 190
159 191
159 193
159 194
159 197
159 198
159 199
159 201
159 206
159 210
159 212
159 223
159 225
159 233
159 239
159 240
160 162
160 163
160 164
160 165
160 166
160 167
160 169
160 171
160 173
160 174
160 176
160 177
160 180
160 181
160 183
160 184
160 185
160 187
160 188
160 189
160 192
160 193
160 194
160 196
160 197
160 198
160 199
160 219
160 233
160 237
161 163
161 164
161 166
161 167
161 168
161 170
161 171
161 172
161 173
161 175
161 176
161 177
161 178
161 179
161 180
161 183
161 184
161 185
161 186
161 187
161 188
161 189
161 190
161 191
161 192
161 193
161 194
161 197
161 198
161 227
161 228
161 229
161 248
162 163
162 164
162 166
162 167
162 174
162 178
162 180
162 181
162 182
162 183
162 184
162 187
162 190
162 193
162 197
162 199
162 204
162 212
162 215
162 241
163 164
163 165
163 167
163 168
163 169
163 170
163 171
163 176
163 178
163 179
163 181
163 182
163 183
163 184
163 186
163 188
163 190
163 191
163 192
163 193
163 195
163 201
163 210
163 212
163 215
163 235
164 166
164 167
164 168
164 170
164 172
164 175
164 176
164 177
164 178
164 179
164 180
164 181
164 183
164 184
164 185
164 186
164 187
164 192
164 194
164 195
164 197
164 198
164 225
164 236
164 240
164 241
164 243
164 244
165 167
165 169
165 172
165 174
165 175
165 179
165 181
165 183
165 184
165 185
165 189
165 190
165 191
165 194
165 196
165 197
165 203
165 212
165 220
165 221
165 226
166 167
166 170
166 171
166 172
166 177
166 183
166 184
166 185
166 186
166 187
166 188
166 189
166 190
166 193
166 194
166 195
166 197
166 198
166 199
166 201
166 239
167 168
167 169
167 170
167 172
167 173
167 174
167 176
167 177
167 178
167 179
167 180
167 184
167 185
167 186
167 188
167 192
167 193
167 194
167 197
167 198
167 199
167 202
167 218
167 239
167 241
168 169
168 173
168 176
168 177
168 178
168 179
168 181
168 182
168 183
168 186
168 188
168 189
168 192
168 193
168 195
168 197
168 207
168 210
168 244
168 246
169 170
169 171
169 172
169 173
169 176
169 178
169 180
169 181
169 182
169 183
169 184
169 185
169 187
169 188
169 190
169 194
169 195
169 196
169 198
169 209
169 217
169 226
169 229
169 235
169 242
169 245
170 171
170 172
170 173
170 174
170 177
170 179
170 180
170 181
170 185
170 191
170 192
170 193
170 195
170 196
170 197
170 199
170 206
170 211
170 220
170 226
170 242
171 174
171 175
171 176
171 177
171 178
171 179
171 181
171 182
171 184
171 186
171 187
171 189
171 190
171 192
171 195
171 196
171 197
171 198
171 199
171 201
171 212
172 173
172 176
172 177
172 178
172 179
172 181
172 184
172 185
172 186
172 187
172 188
172 189
172 190
172 195
172 196
172 199
172 204
172 225
172 228
172 230
173 174
173 175
173 177
173 178
173 180
173 182
173 183
173 186
173 187
173 189
173 191
173 192
173 193
173 195
173 196
173 207
173 208
173 214
173 218
173 223
173 234
173 240
173 245
173 246
174 175
174 176
174 177
174 179
174 180
174 181
174 182
174 183
174 185
174 186
174 187
174 188
174 190
174 191
174 192
174 193
174 194
174 195
174 196
174 197
174 214
174 218
174 220
174 225
174 245
175 177
175 178
175 179
175 181
175 182
175 185
175 186
175 188
175 189
175 191
175 192
175 194
175 195
175 196
175 198
175 199
175 214
175 224
175 225
175 229
175 230
175 240
176 177
176 178
176 179
176 182
176 183
176 184
176 186
176 187
176 188
176 189
176 190
176 191
176 194
176 195
176 196
176 197
176 199
176 201
176 206
176 228
176 230
176 237
176 238
176 242
176 243
177 178
177 179
177 180
177 181
177 183
177 184
177 186
177 188
177 189
177 191
177 192
177 193
177 196
177 197
177 198
177 199
177 208
177 209
177 212
177 213
177 224
177 227
177 238
178 179
178 181
178 182
178 186
178 187
178 188
178 190
178 191
178 192
178 194
178 197
178 198
178 199
178 232
178 239
178 242
179 181
179 182
179 183
179 185
179 186
179 187
179 188
179 190
179 191
179 193
179 194
179 195
179 197
179 198
179 201
179 223
180 181
180 183
180 185
180 187
180 188
180 189
180 192
180 193
180 194
180 195
180 196
180 197
180 199
180 202
180 213
180 223
180 224
181 182
181 183
181 184
181 187
181 188
181 190
181 192
181 193
181 197
181 199
181 224
181 227
181 245
182 183
182 184
182 185
182 187
182 189
182 191
182 193
182 194
182 195
182 196
182 197
182 199
182 202
182 217
182 221
182 225
182 226
183 184
183 185
183 186
183 187
183 192
183 193
183 194
183 196
183 197
183 199
183 202
183 231
183 233
183 238
183 241
183 244
183 248
184 185
184 187
184 188
184 189
184 195
184 196
184 197
184 198
184 199
184 221
184 223
184 226
185 188
185 189
185 190
185 193
185 194
185 195
185 196
185 197
185 198
185 199
185 212
185 226
185 248
186 188
186 189
186 190
186 191
186 192
186 193
186 196
186 197
186 198
186 199
186 202
186 224
186 228
186 236
187 188
187 190
187 191
187 196
187 199
187 215
187 218
187 223
187 230
187 236
187 242
187 246
188 189
188 190
188 196
188 197
188 199
188 214
188 225
188 230
188 241
188 248
189 190
189 192
189 194
189 195
189 196
189 197
189 198
189 214
189 220
189 226
189 239
190 192
190 193
190 194
190 195
190 196
190 197
190 199
190 201
190 220
190 233
190 235
190 244
191 192
191 196
191 197
191 200
191 207
191 239
191 244
191 245
191 248
192 193
192 194
192 195
192 196
192 197
192 198
192 199
192 200
192 201
192 205
192 207
192 213
192 228
193 194
193 195
193 198
193 199
193 232
194 195
194 196
194 197
194 198
194 231
194 244
195 197
195 198
195 202
195 208
195 231
195 235
195 246
195 248
195 249
196 197
196 224
196 231
196 242
197 206
197 215
197 220
197 226
197 227
197 228
197 239
197 246
198 199
198 210
198 213
198 221
198 223
198 242
199 215
199 224
199 225
199 246
199 248
200 202
200 204
200 205
200 206
200 208
200 210
200 213
200 216
200 219
200 221
200 223
200 225
200 227
200 229
200 230
200 231
200 234
200 235
200 236
200 237
200 238
200 240
200 242
200 244
200 245
200 247
200 249
201 203
201 204
201 205
201 207
201 211
201 212
201 213
201 215
201 217
201 219
201 220
201 221
201 223
201 224
201 225
201 227
201 230
201 231
201 237
201 238
201 240
201 242
201 245
201 246
201 248
202 203
202 205
202 207
202 208
202 209
202 211
202 212
202 213
202 214
202 216
202 217
202 218
202 219
202 222
202 223
202 225
202 227
202 228
202 230
202 231
202 232
202 233
202 237
202 238
202 239
202 241
202 245
202 246
202 248
203 207
203 208
203 209
203 213
203 215
203 216
203 218
203 219
203 224
203 226
203 227
203 228
203 229
203 231
203 232
203 233
203 234
203 236
203 241
203 246
203 247
204 207
204 208
204 209
204 210
204 211
204 215
204 216
204 217
204 218
204 220
204 222
204 223
204 224
204 225
204 226
204 229
204 230
204 231
204 232
204 235
204 236
204 237
204 240
204 241
204 244
204 245
204 248
204 249
205 208
205 209
205 210
205 211
205 214
205 216
205 217
205 219
205 220
205 221
205 223
205 224
205 225
205 228
205 234
205 236
205 237
205 238
205 241
205 242
205 243
205 244
205 247
205 249
206 207
206 208
206 211
206 214
206 215
206 216
206 217
206 221
206 222
206 223
206 224
206 225
206 226
206 228
206 229
206 233
206 234
206 235
206 236
206 237
206 238
206 240
206 241
206 242
206 243
206 244
206 247
206 248
207 209
207 210
207 216
207 217
207 219
207 221
207 223
207 225
207 226
207 227
207 228
207 229
207 231
207 232
207 233
207 235
207 236
207 237
207 240
207 241
207 242
207 243
207 245
207 249
208 211
208 212
208 213
208 215
208 216
208 217
208 218
208 219
208 222
208 223
208 224
208 225
208 226
208 228
208 231
208 232
208 233
208 234
208 235
208 237
208 238
208 239
208 241
208 243
208 244
208 245
208 248
208 249
209 212
209 213
209 216
209 219
209 223
209 224
209 225
209 227
209 228
209 229
209 231
209 232
209 237
209 240
209 241
209 243
209 247
209 249
210 211
210 212
210 214
210 215
210 216
210 217
210 218
210 219
210 220
210 221
210 222
210 223
210 224
210 225
210 226
210 228
210 230
210 231
210 232
210 234
210 235
210 236
210 238
210 241
210 244
210 246
210 248
210 249
211 213
211 214
211 215
211 216
211 221
211 222
211 223
211 224
211 228
211 229
211 230
211 232
211 234
211 235
211 238
211 239
211 241
211 242
211 249
212 214
212 216
212 217
212 219
212 222
212 223
212 225
212 226
212 228
212 230
212 232
212 233
212 234
212 235
212 237
212 238
212 239
212 240
212 242
212 243
212 244
212 245
212 246
212 247
212 249
213 215
213 216
213 217
213 218
213 219
213 220
213 221
213 222
213 226
213 228
213 229
213 230
213 231
213 233
213 236
213 237
213 238
213 239
213 247
213 248
213 249
214 215
214 216
214 217
214 218
214 222
214 223
214 224
214 225
214 231
214 232
214 234
214 235
214 236
214 237
214 238
214 241
214 243
214 244
214 245
214 246
214 247
215 216
215 219
215 221
215 222
215 223
215 224
215 226
215 227
215 228
215 229
215 230
215 231
215 234
215 236
215 237
215 241
215 242
215 244
215 245
215 247
215 248
215 249
216 217
216 218
216 219
216 220
216 221
216 222
216 224
216 225
216 227
216 228
216 229
216 231
216 232
216 235
216 236
216 238
216 239
216 240
216 244
216 246
216 247
216 248
216 249
217 220
217 221
217 222
217 223
217 224
217 225
217 226
217 227
217 229
217 232
217 233
217 234
217 235
217 236
217 238
217 239
217 240
217 241
217 242
217 243
217 244
217 247
217 248
218 219
218 220
218 221
218 222
218 223
218 224
218 228
218 229
218 231
218 232
218 233
218 234
218 235
218 237
218 239
218 240
218 241
218 244
218 248
218 249
219 221
219 223
219 224
219 226
219 228
219 229
219 230
219 231
219 236
219 238
219 239
219 240
219 242
219 243
219 244
219 245
219 247
219 248
220 221
220 222
220 224
220 229
220 231
220 232
220 233
220 236
220 238
220 239
220 240
220 241
220 242
220 243
220 245
220 246
220 247
220 249
221 223
221 224
221 226
221 229
221 230
221 231
221 232
221 233
221 236
221 237
221 240
221 241
221 242
221 243
221 244
221 245
221 246
221 247
221 249
222 223
222 224
222 225
222 226
222 227
222 230
222 232
222 233
222 234
222 236
222 237
222 240
222 242
222 243
222 244
222 246
222 247
222 248
223 227
223 230
223 231
223 233
223 234
223 235
223 236
223 238
223 239
223 240
223 241
223 242
223 244
223 246
223 248
224 225
224 226
224 228
224 229
224 230
224 233
224 236
224 237
224 238
224 239
224 240
224 242
224 244
224 246
224 247
224 248
224 249
225 226
225 227
225 229
225 233
225 235
225 237
225 238
225 239
225 240
225 241
225 242
225 243
226 227
226 228
226 229
226 231
226 234
226 240
226 246
226 248
227 231
227 233
227 234
227 235
227 236
227 237
227 239
227 240
227 241
227 244
227 247
227 248
227 249
228 231
228 232
228 233
228 234
228 236
228 239
228 245
228 248
229 230
229 232
229 233
229 236
229 237
229 240
229 242
229 244
229 245
229 246
229 247
229 248
229 249
230 232
230 233
230 234
230 239
230 241
230 245
230 246
230 248
231 232
231 233
231 234
231 235
231 238
231 239
231 240
231 242
231 243
231 244
231 245
231 246
231 247
231 249
232 233
232 234
232 235
232 236
232 237
232 239
232 240
232 241
232 242
232 243
232 244
232 246
232 247
232 248
232 249
233 235
233 236
233 237
233 239
233 240
233 242
233 243
233 244
233 246
233 247
233 249
234 235
234 236
234 237
234 239
234 240
234 242
234 243
234 244
234 245
234 246
234 247
234 248
234 249
235 236
235 237
235 239
235 240
235 244
235 245
235 246
235 247
235 248
236 238
236 239
236 240
236 243
236 244
236 245
236 246
236 247
236 248
237 238
237 239
237 240
237 241
237 242
237 243
237 244
237 245
238 240
238 241
238 242
238 244
238 245
238 247
238 248
238 249
239 242
239 243
239 244
239 245
239 246
239 247
239 248
239 249
240 242
240 243
240 245
240 246
240 247
240 249
241 243
241 244
241 245
241 246
241 247
241 249
242 245
242 249
243 245
243 247
244 245
245 246
245 247
245 249
246 247
246 248
247 248
247 249
248 249
