0 3
0 6
0 7
0 9
0 10
0 13
0 14
0 19
0 20
0 21
0 22
0 24
0 25
0 29
0 31
0 32
0 33
0 34
0 35
0 37
0 38
0 40
0 41
0 46
0 47
0 48
0 103
0 116
0 177
1 2
1 4
1 5
1 7
1 10
1 11
1 12
1 14
1 17
1 19
1 21
1 22
1 24
1 25
1 30
1 31
1 32
1 33
1 35
1 37
1 39
1 41
1 42
1 45
1 46
1 48
1 49
1 61
1 68
1 150
2 4
2 5
2 6
2 7
2 9
2 12
2 13
2 14
2 16
2 17
2 18
2 19
2 20
2 21
2 24
2 26
2 28
2 29
2 31
2 32
2 35
2 36
2 37
2 38
2 40
2 41
2 43
2 47
2 83
2 86
3 4
3 5
3 6
3 7
3 8
3 9
3 10
3 11
3 16
3 17
3 20
3 21
3 22
3 23
3 25
3 26
3 27
3 28
3 30
3 38
3 39
3 40
3 42
3 43
3 48
3 49
3 150
3 212
4 6
4 8
4 10
4 11
4 12
4 16
4 17
4 18
4 20
4 21
4 23
4 24
4 26
4 27
4 30
4 31
4 33
4 37
4 38
4 40
4 41
4 42
4 43
4 46
4 49
4 58
4 119
5 6
5 10
5 11
5 12
5 13
5 14
5 15
5 17
5 18
5 21
5 22
5 23
5 24
5 26
5 28
5 31
5 32
5 33
5 35
5 36
5 38
5 39
5 40
5 41
5 43
5 44
5 47
5 49
5 106
5 125
6 7
6 8
6 9
6 10
6 12
6 13
6 15
6 18
6 19
6 21
6 24
6 25
6 28
6 30
6 31
6 32
6 33
6 35
6 38
6 39
6 40
6 41
6 43
6 46
6 47
6 48
6 183
6 192
6 245
7 8
7 9
7 10
7 11
7 12
7 13
7 14
7 15
7 16
7 18
7 19
7 21
7 24
7 26
7 27
7 28
7 29
7 30
7 31
7 32
7 33
7 35
7 36
7 37
7 38
7 39
7 41
7 42
7 44
7 45
7 48
7 49
7 80
7 140
7 174
8 9
8 11
8 12
8 15
8 17
8 18
8 20
8 24
8 32
8 34
8 35
8 36
8 37
8 39
8 41
8 43
8 44
8 45
8 47
8 48
8 98
8 131
9 10
9 11
9 12
9 14
9 15
9 16
9 17
9 19
9 23
9 24
9 25
9 28
9 29
9 30
9 31
9 32
9 34
9 35
9 36
9 38
9 39
9 41
9 42
9 43
9 47
9 49
9 197
9 221
10 11
10 12
10 14
10 15
10 16
10 17
10 18
10 19
10 21
10 22
10 23
10 24
10 26
10 27
10 28
10 29
10 30
10 31
10 32
10 33
10 35
10 36
10 38
10 40
10 41
10 42
10 43
10 45
10 47
10 48
10 81
10 82
10 227
11 13
11 14
11 15
11 18
11 19
11 25
11 26
11 27
11 28
11 31
11 33
11 34
11 35
11 36
11 39
11 40
11 41
11 42
11 43
11 44
11 46
11 47
11 48
11 49
11 153
11 191
12 13
12 14
12 16
12 18
12 19
12 21
12 24
12 26
12 27
12 28
12 29
12 31
12 33
12 34
12 36
12 37
12 42
12 45
12 47
12 48
12 60
13 14
13 15
13 16
13 17
13 18
13 19
13 21
13 22
13 23
13 24
13 27
13 28
13 31
13 32
13 33
13 34
13 37
13 40
13 47
13 155
13 234
13 238
14 15
14 16
14 17
14 18
14 19
14 21
14 22
14 23
14 24
14 25
14 26
14 27
14 28
14 29
14 33
14 34
14 35
14 36
14 38
14 39
14 40
14 41
14 43
14 45
14 46
14 48
14 89
14 164
14 196
14 204
14 215
15 16
15 19
15 21
15 24
15 25
15 26
15 27
15 29
15 30
15 31
15 32
15 33
15 35
15 36
15 37
15 38
15 39
15 41
15 42
15 43
15 44
15 45
15 46
15 47
15 48
15 49
15 165
16 17
16 18
16 19
16 22
16 23
16 25
16 26
16 27
16 28
16 32
16 33
16 34
16 38
16 39
16 41
16 43
16 44
16 45
16 47
16 48
16 49
16 225
17 18
17 20
17 21
17 23
17 24
17 26
17 28
17 30
17 33
17 34
17 35
17 36
17 37
17 38
17 39
17 41
17 49
18 19
18 20
18 21
18 22
18 23
18 25
18 26
18 27
18 29
18 30
18 31
18 32
18 33
18 35
18 36
18 37
18 38
18 42
18 44
18 47
18 48
18 62
18 211
19 21
19 23
19 25
19 26
19 29
19 30
19 32
19 34
19 35
19 36
19 37
19 38
19 40
19 41
19 42
19 44
19 47
19 49
19 65
19 230
20 21
20 22
20 24
20 26
20 27
20 28
20 30
20 34
20 35
20 37
20 38
20 40
20 44
20 46
20 47
20 48
20 103
20 126
20 172
20 214
20 236
21 22
21 25
21 28
21 29
21 30
21 33
21 36
21 39
21 40
21 41
21 45
21 46
21 47
21 49
21 70
21 130
22 23
22 27
22 28
22 32
22 33
22 34
22 37
22 38
22 39
22 41
22 42
22 43
22 46
22 48
22 222
23 24
23 25
23 26
23 28
23 29
23 30
23 32
23 33
23 36
23 38
23 40
23 43
23 44
23 45
23 46
23 47
23 48
24 27
24 30
24 31
24 34
24 35
24 36
24 39
24 40
24 42
24 43
24 45
24 46
24 47
24 48
25 26
25 28
25 29
25 33
25 36
25 37
25 39
25 40
25 41
25 42
25 44
25 45
25 47
25 49
25 56
25 233
26 27
26 30
26 31
26 32
26 33
26 39
26 40
26 41
26 42
26 45
26 47
26 49
26 145
26 116
27 28
27 29
27 30
27 31
27 32
27 33
27 35
27 37
27 40
27 41
27 42
27 43
27 44
27 45
27 46
27 47
27 109
27 158
27 161
27 166
27 169
27 184
28 29
28 30
28 31
28 32
28 33
28 34
28 35
28 36
28 39
28 40
28 46
28 185
28 195
29 34
29 35
29 37
29 38
29 39
29 41
29 42
29 44
29 46
29 49
29 175
30 32
30 33
30 36
30 39
30 42
30 43
30 44
30 45
30 46
30 47
30 49
30 191
31 35
31 36
31 38
31 39
31 40
31 41
31 42
31 43
31 48
31 49
31 178
32 33
32 35
32 36
32 38
32 39
32 43
32 45
32 46
32 48
32 49
32 135
33 34
33 35
33 36
33 37
33 38
33 40
33 42
33 44
33 48
33 49
33 140
34 38
34 40
34 41
34 42
34 46
34 48
34 49
35 36
35 37
35 38
35 39
35 40
35 42
35 46
35 49
35 66
35 90
36 37
36 39
36 40
36 41
36 45
36 47
36 48
36 49
37 38
37 42
37 43
37 44
37 47
38 39
38 43
38 47
38 48
38 49
38 217
39 40
39 41
39 45
39 46
39 47
39 48
39 49
39 244
39 248
40 42
40 45
40 46
40 47
41 42
41 43
41 44
41 46
41 48
41 49
41 61
41 81
41 150
41 187
42 47
42 56
42 126
42 178
42 236
43 44
43 46
43 47
43 48
43 87
43 169
43 244
44 46
44 48
44 144
44 111
44 181
45 46
45 47
45 49
45 112
45 194
45 195
46 47
46 48
47 48
47 49
47 203
47 224
48 49
48 216
48 242
48 248
49 76
49 78
49 94
49 147
50 51
50 53
50 54
50 55
50 56
50 57
50 58
50 60
50 61
50 63
50 64
50 65
50 67
50 68
50 69
50 71
50 73
50 75
50 76
50 77
50 78
50 79
50 80
50 81
50 82
50 83
50 85
50 88
50 90
50 91
50 93
50 94
50 95
50 98
50 99
50 145
50 170
51 55
51 56
51 57
51 58
51 59
51 61
51 62
51 63
51 64
51 65
51 66
51 68
51 69
51 71
51 72
51 73
51 74
51 75
51 77
51 78
51 81
51 83
51 84
51 85
51 88
51 89
51 90
51 91
51 92
51 95
51 98
51 99
52 54
52 55
52 56
52 58
52 60
52 61
52 62
52 64
52 65
52 66
52 67
52 68
52 69
52 70
52 71
52 72
52 74
52 75
52 76
52 78
52 79
52 84
52 86
52 87
52 88
52 90
52 92
52 94
52 95
52 96
52 97
52 98
52 145
52 110
52 234
53 56
53 57
53 59
53 60
53 62
53 65
53 66
53 68
53 69
53 70
53 72
53 74
53 75
53 76
53 77
53 81
53 85
53 86
53 90
53 91
53 93
53 95
53 96
53 97
53 98
53 213
53 214
54 56
54 57
54 59
54 61
54 63
54 65
54 67
54 70
54 71
54 74
54 76
54 77
54 78
54 80
54 81
54 82
54 83
54 84
54 85
54 86
54 87
54 88
54 90
54 91
54 92
54 93
54 95
54 99
55 56
55 58
55 59
55 60
55 62
55 63
55 64
55 66
55 67
55 70
55 71
55 73
55 74
55 75
55 77
55 78
55 79
55 80
55 81
55 83
55 84
55 85
55 86
55 87
55 88
55 94
55 96
55 98
55 122
55 160
55 231
55 232
56 57
56 58
56 61
56 63
56 64
56 65
56 67
56 69
56 70
56 72
56 74
56 75
56 76
56 77
56 78
56 82
56 84
56 85
56 86
56 87
56 89
56 90
56 93
56 95
56 242
57 58
57 59
57 64
57 66
57 67
57 68
57 70
57 71
57 74
57 75
57 76
57 78
57 79
57 82
57 83
57 84
57 85
57 87
57 88
57 91
57 92
57 93
57 94
57 95
57 96
57 97
57 98
57 99
58 59
58 61
58 63
58 64
58 67
58 68
58 70
58 73
58 74
58 75
58 76
58 77
58 80
58 84
58 85
58 86
58 88
58 89
58 90
58 91
58 92
58 93
58 94
58 96
58 97
58 98
58 99
59 60
59 62
59 66
59 68
59 69
59 71
59 73
59 75
59 77
59 80
59 81
59 82
59 84
59 85
59 86
59 89
59 90
59 91
59 94
59 96
59 98
59 99
60 62
60 63
60 66
60 67
60 68
60 69
60 71
60 73
60 74
60 75
60 76
60 78
60 79
60 80
60 82
60 83
60 84
60 87
60 88
60 91
60 92
60 93
60 94
60 95
60 96
60 99
60 230
61 62
61 63
61 66
61 68
61 70
61 71
61 74
61 75
61 76
61 78
61 79
61 81
61 82
61 85
61 86
61 87
61 89
61 90
61 92
61 93
61 94
61 98
62 63
62 64
62 65
62 66
62 67
62 68
62 69
62 70
62 71
62 73
62 75
62 78
62 81
62 83
62 84
62 85
62 86
62 87
62 89
62 90
62 92
62 93
62 96
62 97
62 99
63 65
63 66
63 68
63 70
63 71
63 72
63 75
63 76
63 81
63 83
63 84
63 85
63 87
63 88
63 89
63 91
63 92
63 93
63 94
63 95
63 96
63 97
63 98
63 163
64 65
64 68
64 69
64 70
64 72
64 73
64 74
64 75
64 78
64 79
64 81
64 82
64 84
64 85
64 87
64 89
64 91
64 93
64 95
64 96
64 97
64 98
64 99
65 67
65 68
65 72
65 73
65 74
65 76
65 78
65 79
65 81
65 82
65 83
65 85
65 86
65 88
65 90
65 91
65 92
65 95
65 96
65 99
66 69
66 70
66 71
66 72
66 73
66 74
66 75
66 76
66 77
66 79
66 80
66 83
66 84
66 85
66 88
66 90
66 91
66 92
66 93
66 94
66 95
66 96
66 97
67 69
67 70
67 72
67 73
67 74
67 75
67 77
67 79
67 80
67 81
67 82
67 84
67 85
67 86
67 88
67 90
67 91
67 92
67 93
67 94
67 96
67 97
67 98
67 188
68 69
68 71
68 72
68 75
68 76
68 77
68 80
68 81
68 84
68 86
68 87
68 88
68 89
68 90
68 91
68 95
68 97
68 99
68 102
69 70
69 71
69 72
69 75
69 76
69 77
69 81
69 82
69 85
69 86
69 90
69 92
69 93
69 95
69 97
69 209
70 71
70 72
70 73
70 75
70 76
70 78
70 79
70 84
70 85
70 89
70 91
70 92
70 95
70 96
70 98
70 99
71 72
71 73
71 74
71 75
71 76
71 78
71 79
71 80
71 84
71 86
71 87
71 89
71 90
71 91
71 92
71 94
71 96
71 97
71 121
72 73
72 78
72 79
72 80
72 81
72 83
72 85
72 87
72 88
72 94
72 95
72 97
72 98
73 74
73 75
73 76
73 78
73 79
73 81
73 83
73 85
73 86
73 88
73 89
73 91
73 92
73 93
73 94
73 96
73 98
73 99
73 164
73 197
74 75
74 76
74 77
74 79
74 80
74 81
74 84
74 85
74 86
74 87
74 89
74 90
74 92
74 93
74 94
74 95
74 96
74 97
74 98
74 151
74 231
75 79
75 80
75 81
75 82
75 84
75 85
75 86
75 88
75 89
75 91
75 92
75 94
75 96
75 97
75 98
75 99
75 140
75 197
76 77
76 79
76 80
76 82
76 85
76 86
76 88
76 89
76 92
76 93
76 94
76 95
76 96
76 97
76 98
76 99
77 80
77 82
77 83
77 84
77 86
77 87
77 88
77 89
77 93
77 95
77 97
77 98
77 180
78 80
78 85
78 86
78 87
78 89
78 90
78 92
78 93
78 95
78 97
78 99
78 155
79 81
79 83
79 84
79 87
79 88
79 89
79 90
79 92
79 93
79 94
79 96
79 99
79 145
79 186
79 203
80 81
80 82
80 84
80 85
80 86
80 87
80 90
80 91
80 93
80 94
80 97
80 99
80 191
81 82
81 83
81 84
81 86
81 91
81 92
81 93
81 95
81 97
81 98
81 99
81 196
82 83
82 84
82 85
82 87
82 89
82 94
82 96
82 99
82 154
82 186
83 84
83 85
83 88
83 89
83 90
83 92
83 93
83 94
83 95
83 97
83 98
83 99
83 201
83 242
83 248
84 86
84 87
84 89
84 92
84 94
84 98
84 161
84 208
84 240
85 86
85 89
85 91
85 92
85 93
85 94
85 95
85 96
85 97
85 99
85 171
86 87
86 88
86 90
86 91
86 92
86 94
86 95
86 96
86 97
86 142
87 88
87 90
87 91
87 92
87 93
87 95
87 98
87 99
88 89
88 91
88 92
88 93
88 94
88 95
88 97
88 99
88 115
88 206
89 90
89 91
89 92
89 93
89 95
89 98
89 208
90 98
90 245
91 92
91 93
91 94
91 95
91 97
91 98
91 122
91 221
92 93
92 94
92 95
92 96
92 97
92 98
92 102
93 94
93 95
93 99
93 203
93 242
94 95
94 96
94 98
94 99
94 140
94 231
95 98
95 146
95 213
95 214
95 234
96 98
96 247
97 98
97 99
97 220
98 99
98 167
99 190
99 243
128 129
128 130
128 131
128 134
128 135
128 138
128 139
128 141
128 142
128 143
128 144
128 145
128 147
128 149
128 100
128 101
128 102
128 103
128 107
128 109
128 110
128 111
128 112
128 113
128 115
128 117
128 119
128 120
128 122
128 123
128 124
128 125
128 127
128 211
129 131
129 132
129 133
129 134
129 135
129 136
129 138
129 139
129 141
129 142
129 143
129 144
129 148
129 100
129 102
129 104
129 105
129 106
129 109
129 111
129 112
129 115
129 116
129 118
129 119
129 120
129 122
129 123
129 124
129 125
130 131
130 133
130 135
130 138
130 139
130 140
130 142
130 144
130 146
130 147
130 148
130 149
130 100
130 101
130 102
130 106
130 108
130 110
130 111
130 112
130 113
130 114
130 119
130 121
130 122
130 125
130 126
130 127
130 152
130 176
130 225
131 133
131 136
131 138
131 141
131 142
131 143
131 147
131 148
131 149
131 101
131 102
131 103
131 104
131 106
131 107
131 108
131 113
131 115
131 116
131 117
131 122
131 123
131 125
131 126
131 196
131 233
132 133
132 134
132 135
132 136
132 138
132 139
132 141
132 142
132 143
132 144
132 145
132 147
132 148
132 149
132 100
132 104
132 107
132 109
132 110
132 111
132 113
132 114
132 115
132 116
132 117
132 118
132 119
132 120
132 123
132 124
132 127
132 183
133 137
133 138
133 139
133 140
133 142
133 144
133 145
133 146
133 147
133 148
133 149
133 100
133 102
133 104
133 105
133 106
133 107
133 108
133 109
133 110
133 114
133 115
133 116
133 117
133 118
133 119
133 120
133 121
133 122
133 124
133 126
133 127
133 190
134 135
134 136
134 137
134 138
134 139
134 140
134 142
134 143
134 145
134 147
134 100
134 102
134 104
134 105
134 111
134 112
134 113
134 114
134 115
134 116
134 118
134 120
134 121
134 122
134 123
135 136
135 140
135 142
135 143
135 146
135 148
135 149
135 101
135 102
135 105
135 111
135 112
135 113
135 114
135 115
135 116
135 117
135 118
135 119
135 120
135 122
135 123
135 124
135 125
135 126
135 163
135 236
136 138
136 140
136 142
136 143
136 145
136 146
136 148
136 102
136 105
136 106
136 107
136 110
136 111
136 113
136 115
136 117
136 119
136 122
136 123
136 126
136 127
137 138
137 143
137 144
137 145
137 146
137 147
137 148
137 149
137 100
137 101
137 104
137 106
137 107
137 109
137 111
137 113
137 114
137 117
137 119
137 122
137 127
138 139
138 141
138 144
138 145
138 147
138 149
138 100
138 104
138 105
138 109
138 112
138 115
138 120
138 121
138 122
138 123
138 125
138 214
139 140
139 141
139 142
139 143
139 146
139 148
139 149
139 100
139 101
139 102
139 104
139 105
139 106
139 109
139 110
139 111
139 112
139 113
139 116
139 117
139 121
139 122
139 171
139 226
140 142
140 143
140 144
140 145
140 146
140 147
140 148
140 101
140 104
140 105
140 106
140 107
140 108
140 109
140 111
140 112
140 115
140 116
140 117
140 119
140 120
140 122
140 123
140 124
140 126
141 142
141 143
141 145
141 147
141 149
141 105
141 106
141 108
141 110
141 111
141 113
141 115
141 116
141 117
141 118
141 119
141 120
141 121
141 122
141 124
141 125
141 126
141 170
141 239
142 144
142 145
142 149
142 101
142 102
142 103
142 104
142 106
142 108
142 111
142 113
142 115
142 116
142 117
142 121
142 122
142 123
142 124
142 126
143 145
143 146
143 148
143 149
143 100
143 101
143 102
143 103
143 105
143 106
143 108
143 111
143 112
143 116
143 117
143 118
143 119
143 122
143 123
143 126
143 127
143 227
144 145
144 146
144 149
144 100
144 101
144 102
144 103
144 105
144 106
144 108
144 109
144 110
144 112
144 113
144 116
144 117
144 122
144 123
144 127
144 194
145 146
145 101
145 102
145 104
145 106
145 107
145 108
145 109
145 112
145 113
145 114
145 115
145 116
145 117
145 119
145 126
145 199
145 227
146 147
146 101
146 104
146 106
146 108
146 109
146 110
146 111
146 112
146 113
146 116
146 118
146 119
146 120
146 122
146 123
146 124
146 127
146 166
147 107
147 112
147 113
147 114
147 115
147 116
147 117
147 120
147 122
147 124
147 126
147 127
147 164
147 207
147 214
148 100
148 101
148 103
148 104
148 106
148 107
148 109
148 110
148 112
148 113
148 115
148 117
148 121
148 123
148 125
148 127
148 197
148 214
148 248
149 100
149 103
149 105
149 106
149 107
149 111
149 112
149 113
149 114
149 115
149 116
149 118
149 119
149 120
149 124
149 127
149 183
149 192
100 102
100 105
100 106
100 108
100 109
100 110
100 111
100 112
100 115
100 117
100 118
100 119
100 120
100 121
100 122
100 123
100 125
100 126
100 244
101 102
101 103
101 104
101 105
101 106
101 112
101 113
101 115
101 118
101 119
101 121
101 122
101 126
101 127
101 209
102 103
102 104
102 106
102 107
102 109
102 110
102 111
102 112
102 113
102 115
102 116
102 118
102 119
102 122
102 123
102 124
102 125
102 126
102 127
102 223
103 106
103 109
103 110
103 114
103 115
103 117
103 122
103 123
103 124
103 125
103 126
103 200
103 237
104 106
104 107
104 112
104 113
104 114
104 116
104 117
104 119
104 120
104 121
104 122
104 127
105 107
105 108
105 109
105 110
105 111
105 112
105 113
105 115
105 117
105 122
105 123
105 125
105 126
105 127
106 108
106 110
106 111
106 115
106 116
106 117
106 118
106 121
106 122
106 127
106 165
107 108
107 113
107 115
107 118
107 119
107 120
107 121
107 122
107 123
107 125
107 126
107 127
107 209
108 109
108 111
108 113
108 116
108 117
108 119
108 120
108 121
108 122
108 123
108 124
108 126
108 160
108 178
109 110
109 111
109 112
109 114
109 115
109 117
109 118
109 119
109 120
109 122
109 123
110 111
110 112
110 113
110 114
110 115
110 116
110 117
110 119
110 120
110 121
110 123
110 126
110 127
111 112
111 118
111 120
111 123
111 124
111 125
111 126
111 127
112 113
112 114
112 115
112 116
112 117
112 118
112 119
112 120
112 121
112 123
112 125
112 157
112 161
112 194
113 114
113 115
113 117
113 118
113 120
113 122
113 124
113 170
114 115
114 116
114 117
114 118
114 119
114 122
114 125
114 126
114 127
115 116
115 117
115 118
115 119
115 122
115 124
115 125
115 126
115 162
116 118
116 119
116 120
116 121
116 122
116 123
116 124
116 125
116 189
116 199
117 119
117 120
117 121
117 123
117 124
117 125
117 127
117 163
117 221
118 119
118 121
118 122
118 124
118 126
119 120
119 121
119 122
119 123
119 125
119 126
119 127
119 175
119 215
119 225
120 121
120 122
120 123
120 124
120 125
120 126
120 127
120 187
121 122
121 123
121 125
121 126
121 127
121 235
122 123
122 124
122 125
123 125
124 125
124 126
124 166
124 184
126 127
126 206
126 228
127 167
150 151
150 153
150 154
150 156
150 157
150 158
150 160
150 161
150 162
150 164
150 167
150 168
150 170
150 172
150 173
150 174
150 175
150 177
150 179
150 180
150 181
150 183
150 185
150 189
150 190
150 192
150 194
150 196
150 198
151 154
151 156
151 157
151 158
151 159
151 160
151 162
151 164
151 165
151 166
151 168
151 169
151 170
151 172
151 174
151 177
151 178
151 180
151 182
151 183
151 186
151 187
151 188
151 191
151 193
151 195
152 154
152 156
152 157
152 158
152 159
152 160
152 164
152 167
152 168
152 169
152 170
152 172
152 177
152 178
152 179
152 180
152 181
152 183
152 185
152 186
152 187
152 188
152 189
152 190
152 194
152 195
152 196
152 199
153 156
153 159
153 161
153 162
153 163
153 166
153 171
153 174
153 176
153 178
153 182
153 185
153 186
153 187
153 189
153 190
153 191
153 193
153 196
153 198
153 203
154 155
154 158
154 160
154 162
154 165
154 167
154 170
154 171
154 173
154 174
154 175
154 176
154 180
154 182
154 186
154 188
154 189
154 190
154 192
154 193
154 194
154 196
154 197
154 199
154 210
154 242
155 157
155 160
155 161
155 162
155 165
155 166
155 167
155 168
155 173
155 174
155 179
155 182
155 184
155 187
155 188
155 189
155 190
155 191
155 192
155 193
155 194
155 195
155 196
155 197
155 198
155 248
156 157
156 159
156 160
156 161
156 162
156 163
156 164
156 165
156 167
156 168
156 169
156 171
156 173
156 175
156 179
156 181
156 182
156 183
156 184
156 186
156 188
156 189
156 192
156 193
156 194
156 195
156 196
156 198
157 158
157 161
157 162
157 164
157 165
157 166
157 167
157 168
157 170
157 171
157 173
157 175
157 176
157 177
157 178
157 179
157 180
157 181
157 182
157 187
157 188
157 189
157 190
157 191
157 192
157 193
157 195
157 196
157 197
157 199
158 160
158 162
158 164
158 166
158 168
158 169
158 170
158 171
158 173
158 177
158 178
158 179
158 182
158 183
158 184
158 186
158 187
158 188
158 189
158 191
158 194
158 195
158 197
158 198
158 207
159 160
159 161
159 162
159 163
159 165
159 166
159 167
159 168
159 172
159 174
159 176
159 177
159 179
159 180
159 181
159 183
159 186
159 187
159 188
159 189
159 190
159 191
159 192
159 193
159 194
160 161
160 162
160 163
160 165
160 166
160 172
160 173
160 174
160 175
160 177
160 180
160 181
160 182
160 183
160 184
160 185
160 186
160 187
160 188
160 191
160 192
160 193
160 196
160 198
160 199
161 162
161 163
161 165
161 166
161 167
161 169
161 170
161 171
161 174
161 175
161 177
161 178
161 179
161 181
161 182
161 184
161 186
161 188
161 191
161 192
161 193
161 194
161 195
161 196
161 197
161 199
162 163
162 166
162 167
162 170
162 172
162 174
162 175
162 177
162 178
162 179
162 180
162 182
162 183
162 186
162 187
162 189
162 191
162 192
162 193
162 194
162 195
162 196
162 197
162 199
163 167
163 170
163 171
163 175
163 176
163 177
163 179
163 180
163 181
163 182
163 184
163 186
163 187
163 189
163 190
163 195
163 197
163 199
163 208
164 165
164 166
164 168
164 170
164 171
164 172
164 175
164 176
164 179
164 180
164 181
164 182
164 187
164 189
164 190
164 191
164 193
164 195
164 197
164 198
164 199
165 166
165 168
165 169
165 170
165 171
165 172
165 173
165 174
165 175
165 179
165 180
165 181
165 184
165 185
165 186
165 187
165 188
165 191
165 195
165 197
165 198
165 199
166 170
166 173
166 176
166 177
166 178
166 179
166 181
166 182
166 183
166 184
166 186
166 187
166 188
166 189
166 193
166 196
166 198
166 199
167 169
167 171
167 172
167 174
167 176
167 178
167 179
167 181
167 182
167 183
167 184
167 185
167 186
167 187
167 189
167 191
167 195
167 196
167 197
167 198
167 199
167 243
168 169
168 170
168 171
168 172
168 173
168 174
168 175
168 176
168 177
168 178
168 180
168 182
168 185
168 186
168 187
168 189
168 190
168 192
168 193
168 198
169 172
169 173
169 174
169 175
169 179
169 180
169 186
169 187
169 188
169 190
169 191
169 193
169 194
169 196
169 197
169 198
169 222
170 171
170 172
170 173
170 174
170 177
170 178
170 179
170 180
170 181
170 183
170 184
170 185
170 186
170 187
170 188
170 189
170 190
170 191
170 192
170 194
170 198
171 175
171 178
171 179
171 180
171 184
171 186
171 187
171 188
171 190
171 191
171 198
171 234
172 173
172 175
172 178
172 179
172 181
172 184
172 187
172 190
172 193
172 197
172 198
172 199
173 175
173 179
173 184
173 185
173 186
173 187
173 189
173 190
173 192
173 194
173 195
173 197
173 198
174 177
174 180
174 181
174 183
174 184
174 185
174 187
174 191
174 192
174 194
174 197
174 198
174 199
174 241
175 179
175 181
175 186
175 188
175 189
175 192
175 194
175 195
175 197
176 177
176 178
176 181
176 183
176 184
176 185
176 187
176 188
176 190
176 192
176 194
176 196
176 197
176 198
177 178
177 179
177 180
177 182
177 183
177 184
177 186
177 187
177 190
177 192
177 193
177 194
177 196
177 198
178 181
178 184
178 186
178 187
178 191
178 193
178 195
178 198
178 199
179 180
179 182
179 184
179 189
179 190
179 192
179 193
179 196
179 197
179 198
179 199
180 181
180 182
180 183
180 186
180 188
180 190
180 191
180 193
180 195
180 196
180 198
181 183
181 184
181 187
181 188
181 190
181 191
181 193
181 194
181 195
181 197
182 184
182 188
182 190
182 191
182 193
182 194
182 195
182 197
182 198
182 199
182 237
183 184
183 186
183 188
183 189
183 190
183 194
183 195
183 197
183 198
183 225
184 185
184 189
184 190
184 193
184 194
184 196
184 197
184 198
184 204
184 224
185 186
185 187
185 188
185 189
185 191
185 192
185 193
185 194
185 195
185 196
185 197
185 198
185 199
186 187
186 189
186 190
186 192
186 194
186 197
186 198
187 189
187 191
187 193
187 195
187 196
187 199
188 193
188 194
188 195
188 197
188 198
189 192
189 193
189 195
189 197
189 198
189 238
190 191
190 192
190 193
190 199
191 192
191 194
191 197
191 222
192 193
192 194
192 195
192 199
193 194
193 195
193 196
193 197
193 198
194 197
194 199
195 197
195 198
195 205
195 211
196 198
197 198
198 199
198 244
198 249
199 208
200 202
200 203
200 204
200 205
200 206
200 208
200 213
200 214
200 215
200 216
200 217
200 218
200 219
200 220
200 221
200 222
200 227
200 228
200 230
200 232
200 236
200 237
200 239
200 240
200 241
200 242
200 244
200 245
201 202
201 203
201 206
201 207
201 208
201 210
201 211
201 212
201 215
201 216
201 218
201 222
201 223
201 225
201 226
201 228
201 229
201 232
201 234
201 236
201 237
201 239
201 241
201 243
201 244
201 247
202 204
202 205
202 210
202 212
202 213
202 215
202 216
202 218
202 222
202 223
202 224
202 225
202 227
202 228
202 229
202 232
202 233
202 234
202 235
202 236
202 237
202 240
202 241
202 242
202 243
202 246
202 247
202 249
203 205
203 209
203 210
203 216
203 217
203 219
203 223
203 224
203 225
203 226
203 228
203 231
203 234
203 235
203 237
203 240
203 243
203 244
203 245
203 248
203 249
204 206
204 207
204 210
204 211
204 214
204 215
204 216
204 217
204 218
204 219
204 220
204 222
204 224
204 227
204 228
204 231
204 232
204 233
204 237
204 239
204 242
204 244
204 245
204 247
204 248
205 207
205 208
205 209
205 213
205 214
205 215
205 220
205 223
205 224
205 228
205 229
205 231
205 232
205 233
205 234
205 239
205 241
205 244
205 247
205 248
205 249
206 207
206 208
206 209
206 210
206 211
206 212
206 213
206 216
206 217
206 220
206 221
206 222
206 224
206 225
206 226
206 227
206 234
206 235
206 237
206 240
206 242
206 244
206 245
206 246
206 249
207 208
207 209
207 210
207 213
207 214
207 215
207 216
207 218
207 219
207 223
207 227
207 228
207 229
207 231
207 232
207 233
207 234
207 236
207 239
207 240
207 241
207 242
207 243
207 245
207 246
207 247
207 248
207 249
208 209
208 211
208 213
208 214
208 215
208 216
208 217
208 218
208 219
208 221
208 222
208 223
208 224
208 226
208 227
208 228
208 230
208 231
208 235
208 236
208 239
208 242
208 244
208 245
208 246
208 247
208 248
208 249
209 212
209 214
209 221
209 222
209 223
209 224
209 225
209 226
209 227
209 229
209 230
209 232
209 234
209 235
209 238
209 240
209 241
209 243
209 246
209 247
209 249
210 211
210 212
210 213
210 214
210 215
210 216
210 218
210 221
210 224
210 226
210 227
210 228
210 231
210 232
210 234
210 235
210 236
210 237
210 238
210 239
210 241
210 243
210 244
210 245
210 246
210 249
211 212
211 214
211 216
211 217
211 218
211 221
211 222
211 223
211 224
211 225
211 226
211 227
211 228
211 229
211 230
211 231
211 233
211 235
211 237
211 238
211 239
211 242
211 243
211 244
211 247
211 248
211 249
212 214
212 215
212 218
212 219
212 220
212 221
212 222
212 223
212 224
212 225
212 226
212 228
212 229
212 230
212 231
212 232
212 234
212 235
212 237
212 239
212 242
212 243
212 244
212 245
212 246
212 248
213 215
213 216
213 217
213 219
213 220
213 222
213 223
213 224
213 225
213 226
213 230
213 231
213 232
213 233
213 234
213 235
213 236
213 237
213 238
213 239
213 242
213 243
213 247
214 215
214 216
214 217
214 218
214 219
214 220
214 221
214 224
214 225
214 226
214 228
214 230
214 231
214 232
214 233
214 235
214 236
214 237
214 244
214 246
214 247
215 216
215 218
215 219
215 220
215 221
215 222
215 223
215 224
215 225
215 227
215 230
215 232
215 234
215 235
215 236
215 238
215 239
215 241
215 242
215 244
215 246
215 247
216 217
216 218
216 219
216 220
216 222
216 226
216 227
216 230
216 231
216 235
216 236
216 237
216 239
216 240
216 241
216 242
216 246
216 248
216 249
217 219
217 220
217 221
217 223
217 224
217 225
217 226
217 227
217 228
217 229
217 230
217 233
217 236
217 237
217 239
217 243
217 244
217 245
217 247
217 248
217 249
218 219
218 220
218 222
218 223
218 225
218 226
218 227
218 228
218 231
218 232
218 233
218 234
218 235
218 236
218 237
218 238
218 239
218 241
218 243
218 244
218 246
218 247
218 248
218 249
219 221
219 222
219 224
219 228
219 230
219 233
219 238
219 240
219 241
219 242
219 244
220 221
220 222
220 223
220 224
220 225
220 227
220 230
220 232
220 235
220 236
220 237
220 238
220 240
220 242
220 244
220 245
220 246
220 247
221 223
221 224
221 225
221 226
221 227
221 229
221 230
221 233
221 237
221 241
221 242
221 243
221 245
221 246
221 247
221 248
222 224
222 226
222 227
222 229
222 231
222 232
222 233
222 235
222 236
222 237
222 238
222 239
222 243
222 246
222 248
223 224
223 225
223 228
223 229
223 232
223 233
223 234
223 235
223 236
223 239
223 240
223 242
223 243
223 245
223 246
223 247
223 249
224 225
224 226
224 227
224 231
224 233
224 239
224 240
224 241
224 243
224 244
224 245
224 246
224 249
225 226
225 227
225 228
225 229
225 232
225 233
225 235
225 236
225 237
225 238
225 239
225 241
225 242
225 243
225 244
225 245
225 247
225 248
225 249
226 228
226 229
226 231
226 232
226 233
226 235
226 237
226 238
226 239
226 241
226 242
226 243
226 245
226 248
226 249
227 228
227 230
227 231
227 233
227 237
227 239
227 242
227 243
227 244
227 247
227 248
228 230
228 231
228 232
228 236
228 237
228 239
228 240
228 242
228 243
228 246
228 247
228 249
229 233
229 234
229 236
229 237
229 238
229 239
229 241
229 242
229 243
229 244
229 246
229 247
229 249
230 231
230 232
230 233
230 234
230 235
230 238
230 241
230 242
230 243
230 244
230 245
230 247
230 248
230 249
231 233
231 238
231 241
231 242
231 243
231 244
231 246
231 247
231 248
231 249
232 236
232 237
232 238
232 240
232 248
232 249
233 234
233 235
233 236
233 238
233 239
233 240
233 242
233 244
233 245
233 246
233 248
233 249
234 236
234 239
234 240
234 241
234 243
234 244
234 247
234 249
235 236
235 237
235 238
235 240
235 242
235 244
235 245
235 246
235 249
236 240
236 241
236 242
236 243
236 244
236 246
236 247
236 249
237 240
237 241
237 242
237 243
237 244
238 240
238 242
238 245
238 247
239 241
239 243
239 246
239 249
240 241
240 246
240 247
240 248
241 242
241 243
241 244
241 248
242 244
242 246
242 247
242 248
243 245
243 246
243 248
244 245
244 248
244 249
245 247
245 249
246 248
247 248
247 249
