0 1
0 2
0 3
0 6
0 8
0 9
0 11
0 12
0 13
0 15
0 17
0 18
0 20
0 21
0 26
0 27
0 29
0 31
0 33
0 37
0 38
0 39
0 40
0 42
0 43
0 44
0 45
0 49
0 57
0 59
0 60
0 63
0 64
0 71
0 72
0 73
0 83
0 86
0 90
0 92
0 94
0 95
0 96
0 138
0 141
0 147
0 149
0 101
0 103
0 105
0 114
0 151
0 154
0 156
0 157
0 160
0 161
0 162
0 165
0 166
0 172
0 173
0 181
0 187
0 196
0 199
0 204
0 207
0 208
0 210
0 211
0 213
0 221
0 226
0 233
0 246
1 2
1 3
1 4
1 6
1 7
1 9
1 10
1 12
1 13
1 17
1 18
1 19
1 20
1 21
1 22
1 23
1 25
1 28
1 29
1 30
1 31
1 33
1 34
1 38
1 39
1 40
1 41
1 42
1 43
1 44
1 45
1 46
1 48
1 51
1 64
1 66
1 76
1 78
1 79
1 81
1 87
1 88
1 130
1 137
1 110
1 115
1 116
1 117
1 120
1 156
1 169
1 171
1 172
1 175
1 181
1 182
1 183
1 193
1 198
1 201
1 209
1 235
1 237
1 239
1 241
1 245
2 3
2 5
2 6
2 7
2 10
2 11
2 13
2 16
2 19
2 20
2 21
2 30
2 31
2 36
2 39
2 40
2 41
2 43
2 44
2 45
2 46
2 47
2 48
2 51
2 52
2 53
2 59
2 60
2 78
2 80
2 88
2 92
2 97
2 133
2 142
2 143
2 147
2 148
2 113
2 117
2 121
2 122
2 123
2 127
2 150
2 156
2 169
2 174
2 180
2 183
2 184
2 193
2 196
2 198
2 205
2 213
2 224
2 229
2 230
2 231
2 232
2 236
2 237
3 5
3 8
3 9
3 10
3 12
3 13
3 14
3 15
3 19
3 20
3 21
3 23
3 24
3 25
3 27
3 29
3 30
3 32
3 33
3 36
3 38
3 39
3 42
3 43
3 44
3 45
3 48
3 49
3 55
3 59
3 60
3 62
3 64
3 65
3 67
3 70
3 73
3 83
3 93
3 96
3 98
3 128
3 130
3 136
3 101
3 109
3 110
3 114
3 152
3 154
3 160
3 161
3 164
3 178
3 186
3 187
3 196
3 209
3 210
3 212
3 217
3 225
3 227
3 228
3 229
3 237
3 238
3 242
3 243
4 6
4 7
4 8
4 9
4 11
4 12
4 17
4 18
4 19
4 20
4 25
4 26
4 28
4 29
4 30
4 32
4 33
4 34
4 35
4 37
4 39
4 40
4 41
4 42
4 43
4 44
4 46
4 47
4 49
4 57
4 62
4 69
4 70
4 85
4 98
4 128
4 132
4 135
4 138
4 140
4 143
4 144
4 149
4 102
4 108
4 109
4 110
4 126
4 150
4 151
4 153
4 155
4 158
4 162
4 177
4 183
4 185
4 186
4 192
4 194
4 197
4 200
4 207
4 212
4 214
4 225
4 237
4 239
4 241
4 242
5 6
5 9
5 11
5 12
5 14
5 21
5 22
5 23
5 25
5 28
5 31
5 32
5 35
5 36
5 37
5 38
5 39
5 40
5 41
5 42
5 43
5 45
5 46
5 47
5 49
5 50
5 52
5 53
5 61
5 78
5 83
5 87
5 93
5 98
5 130
5 141
5 148
5 149
5 100
5 105
5 116
5 122
5 126
5 127
5 153
5 154
5 159
5 162
5 171
5 191
5 205
5 207
5 214
5 217
5 228
5 231
5 234
5 236
5 241
5 247
6 7
6 8
6 10
6 11
6 12
6 13
6 14
6 16
6 19
6 21
6 25
6 27
6 28
6 29
6 30
6 32
6 35
6 36
6 37
6 39
6 42
6 43
6 44
6 46
6 48
6 49
6 54
6 60
6 62
6 66
6 70
6 80
6 88
6 91
6 94
6 97
6 132
6 133
6 140
6 100
6 109
6 112
6 113
6 114
6 120
6 123
6 151
6 152
6 163
6 166
6 167
6 168
6 169
6 184
6 190
6 193
6 198
6 200
6 202
6 203
6 205
6 208
6 209
6 236
6 239
6 241
6 242
6 249
7 9
7 10
7 11
7 13
7 18
7 19
7 21
7 23
7 24
7 25
7 26
7 28
7 30
7 31
7 34
7 36
7 37
7 39
7 40
7 41
7 42
7 46
7 47
7 50
7 53
7 57
7 59
7 62
7 70
7 75
7 84
7 89
7 91
7 94
7 95
7 96
7 132
7 134
7 140
7 143
7 144
7 100
7 103
7 107
7 111
7 121
7 124
7 154
7 156
7 158
7 163
7 167
7 170
7 174
7 179
7 181
7 182
7 183
7 184
7 189
7 191
7 199
7 204
7 207
7 211
7 214
7 216
7 218
7 223
7 225
7 228
7 231
7 236
7 237
7 247
8 9
8 11
8 12
8 13
8 14
8 16
8 18
8 20
8 24
8 25
8 27
8 28
8 31
8 32
8 33
8 34
8 35
8 36
8 37
8 38
8 39
8 41
8 42
8 43
8 44
8 46
8 48
8 51
8 67
8 77
8 78
8 79
8 82
8 85
8 86
8 92
8 93
8 131
8 133
8 147
8 102
8 111
8 152
8 157
8 159
8 164
8 165
8 167
8 171
8 172
8 175
8 184
8 187
8 189
8 197
8 200
8 205
8 217
8 219
8 220
8 224
8 236
8 241
8 243
8 247
9 12
9 15
9 16
9 17
9 18
9 19
9 20
9 21
9 24
9 26
9 28
9 29
9 30
9 32
9 36
9 39
9 40
9 41
9 42
9 43
9 45
9 46
9 49
9 51
9 62
9 64
9 66
9 71
9 74
9 78
9 79
9 84
9 86
9 88
9 90
9 98
9 99
9 132
9 136
9 137
9 147
9 108
9 112
9 123
9 124
9 127
9 151
9 154
9 155
9 156
9 162
9 163
9 164
9 173
9 177
9 185
9 187
9 189
9 193
9 194
9 196
9 200
9 204
9 220
9 221
9 235
9 246
9 247
10 11
10 12
10 13
10 17
10 18
10 19
10 21
10 22
10 23
10 29
10 33
10 34
10 35
10 36
10 37
10 38
10 43
10 44
10 46
10 47
10 48
10 49
10 55
10 58
10 62
10 66
10 68
10 79
10 92
10 129
10 133
10 134
10 136
10 137
10 140
10 141
10 149
10 100
10 104
10 113
10 122
10 123
10 124
10 126
10 174
10 183
10 191
10 200
10 211
10 216
10 232
10 236
10 242
10 248
11 12
11 13
11 15
11 17
11 18
11 19
11 20
11 21
11 23
11 24
11 25
11 26
11 27
11 29
11 31
11 32
11 34
11 36
11 37
11 38
11 39
11 41
11 42
11 45
11 59
11 62
11 65
11 66
11 67
11 70
11 74
11 80
11 132
11 140
11 146
11 147
11 105
11 113
11 117
11 125
11 150
11 155
11 157
11 164
11 165
11 166
11 169
11 171
11 174
11 175
11 177
11 181
11 188
11 189
11 191
11 194
11 202
11 208
11 225
11 227
11 229
11 242
11 248
12 13
12 14
12 15
12 19
12 20
12 21
12 22
12 23
12 24
12 25
12 26
12 27
12 28
12 30
12 32
12 33
12 34
12 36
12 39
12 41
12 42
12 43
12 44
12 45
12 46
12 49
12 53
12 57
12 59
12 61
12 66
12 72
12 84
12 85
12 95
12 131
12 135
12 143
12 148
12 100
12 104
12 110
12 111
12 117
12 118
12 119
12 150
12 151
12 155
12 157
12 163
12 173
12 174
12 176
12 179
12 181
12 182
12 185
12 189
12 205
12 211
12 221
12 223
12 239
12 240
12 241
12 246
12 249
13 16
13 19
13 21
13 22
13 23
13 25
13 26
13 27
13 30
13 31
13 32
13 33
13 37
13 41
13 43
13 44
13 45
13 47
13 49
13 51
13 53
13 60
13 73
13 80
13 82
13 87
13 90
13 95
13 98
13 128
13 135
13 137
13 138
13 143
13 100
13 104
13 113
13 156
13 159
13 164
13 167
13 168
13 169
13 177
13 178
13 181
13 182
13 188
13 193
13 201
13 207
13 220
13 221
13 224
13 227
13 233
13 236
13 239
13 247
14 15
14 16
14 19
14 20
14 21
14 22
14 24
14 27
14 28
14 29
14 30
14 31
14 33
14 35
14 36
14 37
14 38
14 41
14 42
14 48
14 51
14 55
14 59
14 61
14 63
14 65
14 67
14 76
14 85
14 86
14 93
14 94
14 98
14 128
14 130
14 131
14 136
14 138
14 143
14 145
14 147
14 148
14 149
14 102
14 103
14 107
14 111
14 116
14 126
14 153
14 154
14 165
14 169
14 170
14 173
14 175
14 179
14 180
14 199
14 205
14 206
14 207
14 215
14 226
14 227
14 231
14 233
14 234
14 239
14 244
14 246
15 17
15 18
15 20
15 21
15 22
15 23
15 24
15 29
15 30
15 31
15 34
15 35
15 37
15 39
15 40
15 41
15 42
15 44
15 45
15 50
15 56
15 67
15 71
15 73
15 74
15 77
15 78
15 81
15 86
15 90
15 93
15 95
15 133
15 134
15 137
15 143
15 147
15 149
15 104
15 108
15 111
15 115
15 116
15 119
15 121
15 122
15 161
15 179
15 187
15 192
15 195
15 204
15 211
15 216
15 220
15 221
15 225
15 230
15 236
15 238
15 239
15 240
15 244
15 245
15 246
15 249
16 17
16 19
16 20
16 24
16 26
16 27
16 28
16 30
16 31
16 34
16 35
16 38
16 39
16 43
16 48
16 49
16 51
16 52
16 63
16 67
16 69
16 70
16 71
16 73
16 74
16 76
16 78
16 80
16 82
16 83
16 88
16 89
16 97
16 129
16 133
16 136
16 147
16 148
16 102
16 105
16 108
16 114
16 115
16 157
16 158
16 160
16 165
16 166
16 168
16 169
16 175
16 178
16 181
16 184
16 194
16 197
16 206
16 207
16 211
16 218
16 221
16 231
16 232
16 235
16 246
16 249
17 20
17 21
17 22
17 23
17 24
17 27
17 28
17 31
17 33
17 34
17 36
17 37
17 38
17 40
17 41
17 44
17 46
17 49
17 50
17 66
17 71
17 73
17 76
17 90
17 93
17 97
17 133
17 135
17 138
17 147
17 105
17 110
17 115
17 117
17 118
17 121
17 126
17 127
17 152
17 156
17 158
17 166
17 172
17 174
17 202
17 203
17 204
17 209
17 219
17 227
17 241
17 243
17 245
18 19
18 20
18 23
18 24
18 25
18 26
18 27
18 28
18 29
18 30
18 31
18 32
18 34
18 35
18 36
18 37
18 38
18 39
18 40
18 41
18 42
18 45
18 46
18 49
18 50
18 72
18 75
18 76
18 94
18 97
18 133
18 138
18 139
18 142
18 146
18 101
18 109
18 110
18 116
18 121
18 127
18 150
18 156
18 158
18 182
18 198
18 199
18 204
18 206
18 241
18 243
18 245
19 20
19 21
19 22
19 25
19 26
19 27
19 29
19 30
19 31
19 32
19 35
19 40
19 42
19 43
19 45
19 46
19 47
19 52
19 56
19 61
19 62
19 63
19 64
19 69
19 71
19 75
19 77
19 83
19 95
19 98
19 130
19 133
19 134
19 140
19 142
19 145
19 113
19 118
19 152
19 153
19 155
19 157
19 160
19 161
19 163
19 166
19 176
19 180
19 183
19 184
19 192
19 196
19 197
19 200
19 206
19 220
19 224
19 230
19 233
19 236
20 21
20 23
20 25
20 26
20 27
20 28
20 32
20 33
20 34
20 35
20 37
20 38
20 39
20 40
20 41
20 43
20 44
20 47
20 49
20 52
20 55
20 56
20 65
20 67
20 69
20 73
20 74
20 88
20 91
20 99
20 132
20 135
20 100
20 110
20 117
20 122
20 160
20 161
20 163
20 168
20 173
20 174
20 184
20 188
20 194
20 196
20 200
20 207
20 219
20 220
20 223
20 229
20 234
20 237
20 243
21 22
21 23
21 24
21 25
21 28
21 30
21 32
21 35
21 36
21 37
21 38
21 41
21 42
21 43
21 46
21 48
21 49
21 52
21 54
21 56
21 58
21 59
21 69
21 77
21 79
21 85
21 92
21 94
21 96
21 99
21 131
21 144
21 145
21 147
21 108
21 113
21 152
21 161
21 165
21 175
21 180
21 187
21 190
21 191
21 193
21 194
21 197
21 198
21 211
21 218
21 225
21 233
21 235
21 238
21 240
21 241
21 243
21 247
22 23
22 24
22 26
22 27
22 28
22 29
22 30
22 31
22 32
22 33
22 34
22 35
22 38
22 44
22 45
22 46
22 47
22 49
22 50
22 53
22 55
22 56
22 58
22 62
22 70
22 71
22 76
22 79
22 85
22 87
22 90
22 94
22 98
22 128
22 144
22 105
22 114
22 119
22 125
22 126
22 153
22 154
22 163
22 164
22 171
22 179
22 180
22 183
22 187
22 193
22 194
22 195
22 197
22 198
22 203
22 206
22 210
22 218
22 219
22 223
22 227
22 237
22 238
22 247
22 248
23 25
23 26
23 32
23 33
23 36
23 37
23 39
23 40
23 42
23 45
23 54
23 56
23 58
23 59
23 63
23 66
23 69
23 71
23 72
23 73
23 74
23 82
23 86
23 88
23 92
23 140
23 145
23 146
23 149
23 101
23 102
23 103
23 110
23 119
23 154
23 163
23 166
23 170
23 172
23 176
23 179
23 181
23 187
23 189
23 197
23 199
23 200
23 208
23 221
23 226
23 229
23 230
23 232
23 239
23 244
23 245
23 246
24 25
24 26
24 27
24 30
24 31
24 32
24 34
24 35
24 39
24 40
24 43
24 45
24 46
24 47
24 54
24 55
24 59
24 60
24 63
24 66
24 74
24 76
24 79
24 84
24 87
24 88
24 130
24 145
24 146
24 147
24 149
24 105
24 107
24 108
24 109
24 123
24 166
24 180
24 182
24 190
24 192
24 199
24 206
24 207
24 212
24 220
24 235
24 239
25 26
25 27
25 28
25 30
25 31
25 34
25 36
25 37
25 38
25 42
25 46
25 49
25 55
25 58
25 61
25 63
25 65
25 71
25 76
25 91
25 92
25 99
25 129
25 131
25 135
25 100
25 103
25 121
25 125
25 126
25 150
25 153
25 155
25 157
25 171
25 187
25 188
25 192
25 199
25 202
25 208
25 211
25 215
25 218
25 221
25 222
25 223
25 225
25 229
25 231
25 233
25 234
25 236
25 237
25 244
26 29
26 36
26 37
26 38
26 42
26 43
26 44
26 48
26 49
26 52
26 54
26 60
26 61
26 64
26 69
26 83
26 92
26 97
26 130
26 135
26 137
26 141
26 100
26 104
26 116
26 119
26 120
26 124
26 125
26 150
26 154
26 156
26 160
26 162
26 166
26 168
26 170
26 173
26 174
26 175
26 188
26 194
26 203
26 207
26 211
26 218
26 224
26 227
26 234
26 238
26 244
27 29
27 30
27 31
27 33
27 34
27 36
27 38
27 40
27 44
27 45
27 46
27 47
27 50
27 51
27 57
27 59
27 61
27 62
27 68
27 71
27 77
27 84
27 138
27 143
27 101
27 106
27 121
27 124
27 125
27 163
27 167
27 175
27 178
27 191
27 196
27 204
27 208
27 216
27 219
27 220
27 222
27 223
27 226
27 232
27 233
27 238
27 239
27 243
27 245
28 30
28 31
28 32
28 33
28 36
28 37
28 39
28 41
28 42
28 44
28 45
28 46
28 47
28 49
28 56
28 63
28 65
28 68
28 92
28 97
28 130
28 131
28 132
28 135
28 138
28 145
28 104
28 108
28 116
28 117
28 118
28 150
28 151
28 152
28 157
28 158
28 161
28 178
28 180
28 181
28 203
28 211
28 215
28 221
28 225
28 227
28 234
28 237
28 239
28 241
28 244
28 245
28 247
29 30
29 31
29 32
29 33
29 35
29 36
29 37
29 38
29 40
29 41
29 44
29 45
29 46
29 47
29 48
29 49
29 51
29 54
29 56
29 60
29 65
29 66
29 68
29 71
29 73
29 76
29 83
29 84
29 86
29 87
29 89
29 91
29 95
29 131
29 134
29 135
29 137
29 138
29 140
29 145
29 100
29 112
29 113
29 114
29 121
29 154
29 156
29 164
29 171
29 173
29 176
29 186
29 196
29 199
29 202
29 203
29 211
29 217
29 219
29 221
29 231
29 232
29 234
29 235
29 236
29 238
29 243
29 244
29 248
30 31
30 32
30 35
30 37
30 38
30 39
30 41
30 42
30 44
30 46
30 48
30 50
30 51
30 58
30 64
30 72
30 77
30 79
30 85
30 86
30 87
30 94
30 132
30 133
30 134
30 149
30 115
30 116
30 153
30 155
30 166
30 167
30 173
30 180
30 184
30 185
30 192
30 194
30 200
30 205
30 209
30 211
30 215
30 220
30 221
30 222
30 225
30 229
30 234
30 244
30 249
31 33
31 36
31 40
31 42
31 43
31 44
31 45
31 46
31 47
31 48
31 49
31 60
31 63
31 65
31 67
31 78
31 88
31 95
31 98
31 129
31 144
31 149
31 102
31 111
31 116
31 118
31 121
31 150
31 155
31 157
31 178
31 179
31 185
31 189
31 190
31 195
31 205
31 211
31 214
31 218
31 227
31 228
31 239
31 241
31 242
32 33
32 34
32 37
32 39
32 40
32 41
32 43
32 44
32 45
32 46
32 47
32 50
32 55
32 65
32 68
32 71
32 73
32 77
32 85
32 98
32 99
32 129
32 130
32 132
32 142
32 101
32 104
32 108
32 113
32 151
32 158
32 160
32 161
32 163
32 164
32 167
32 169
32 174
32 180
32 183
32 191
32 193
32 194
32 199
32 210
32 212
32 217
32 223
32 224
32 227
32 230
32 231
32 232
32 234
32 244
32 249
33 35
33 36
33 39
33 40
33 42
33 48
33 54
33 55
33 62
33 64
33 72
33 77
33 78
33 88
33 89
33 94
33 96
33 128
33 129
33 140
33 145
33 147
33 107
33 115
33 119
33 127
33 154
33 160
33 162
33 175
33 179
33 185
33 187
33 197
33 205
33 216
33 217
33 219
33 221
33 224
33 229
33 236
33 239
33 241
33 242
33 246
34 35
34 36
34 38
34 41
34 44
34 47
34 48
34 49
34 52
34 60
34 62
34 67
34 75
34 77
34 84
34 89
34 91
34 93
34 94
34 96
34 99
34 137
34 139
34 141
34 143
34 148
34 105
34 115
34 118
34 122
34 127
34 150
34 151
34 154
34 157
34 161
34 163
34 166
34 170
34 176
34 185
34 195
34 196
34 199
34 206
34 211
34 216
34 220
34 226
34 231
34 233
34 234
35 36
35 37
35 38
35 39
35 40
35 41
35 44
35 45
35 47
35 48
35 51
35 56
35 59
35 65
35 84
35 87
35 90
35 92
35 93
35 94
35 129
35 133
35 103
35 106
35 112
35 115
35 150
35 158
35 162
35 165
35 169
35 170
35 171
35 176
35 180
35 182
35 185
35 188
35 192
35 201
35 218
35 232
35 237
35 242
36 37
36 38
36 39
36 41
36 42
36 43
36 44
36 45
36 47
36 48
36 49
36 58
36 65
36 66
36 73
36 74
36 79
36 80
36 81
36 86
36 87
36 89
36 98
36 129
36 130
36 136
36 137
36 138
36 139
36 142
36 107
36 116
36 119
36 121
36 122
36 154
36 158
36 159
36 166
36 167
36 176
36 181
36 185
36 186
36 191
36 193
36 196
36 201
36 204
36 205
36 209
36 212
36 215
36 227
36 248
37 38
37 39
37 40
37 41
37 42
37 43
37 44
37 45
37 47
37 48
37 50
37 53
37 55
37 56
37 62
37 68
37 73
37 75
37 78
37 81
37 93
37 98
37 129
37 131
37 140
37 142
37 145
37 101
37 119
37 120
37 155
37 173
37 176
37 178
37 182
37 187
37 194
37 198
37 200
37 203
37 209
37 213
37 215
37 220
37 234
37 239
37 248
37 249
38 39
38 42
38 44
38 45
38 46
38 48
38 50
38 71
38 77
38 78
38 79
38 84
38 86
38 89
38 92
38 93
38 96
38 98
38 128
38 130
38 131
38 133
38 134
38 135
38 138
38 142
38 113
38 114
38 117
38 123
38 124
38 125
38 152
38 153
38 154
38 156
38 169
38 172
38 175
38 189
38 191
38 193
38 196
38 212
38 234
38 238
38 240
38 242
38 248
39 40
39 43
39 45
39 47
39 48
39 52
39 56
39 57
39 58
39 60
39 69
39 72
39 88
39 94
39 135
39 141
39 144
39 103
39 104
39 108
39 109
39 115
39 118
39 121
39 122
39 150
39 152
39 154
39 155
39 167
39 168
39 170
39 175
39 181
39 187
39 197
39 203
39 205
39 212
39 220
39 229
39 231
40 42
40 46
40 47
40 48
40 60
40 63
40 67
40 72
40 75
40 76
40 79
40 81
40 84
40 87
40 93
40 94
40 98
40 99
40 129
40 131
40 133
40 134
40 141
40 144
40 148
40 109
40 112
40 120
40 122
40 151
40 154
40 155
40 160
40 174
40 181
40 183
40 196
40 199
40 203
40 205
40 214
40 216
40 230
40 231
40 249
41 42
41 45
41 51
41 53
41 58
41 63
41 74
41 76
41 78
41 79
41 84
41 92
41 94
41 95
41 128
41 132
41 137
41 143
41 100
41 101
41 103
41 104
41 106
41 108
41 114
41 117
41 123
41 124
41 153
41 161
41 163
41 174
41 185
41 188
41 189
41 198
41 202
41 207
41 219
41 220
41 224
41 225
41 229
41 233
42 44
42 45
42 48
42 49
42 51
42 52
42 61
42 67
42 69
42 73
42 74
42 81
42 84
42 85
42 95
42 97
42 98
42 133
42 103
42 108
42 111
42 122
42 124
42 125
42 150
42 151
42 159
42 178
42 179
42 181
42 182
42 188
42 190
42 205
42 207
42 210
42 219
42 221
42 225
42 229
42 240
42 246
43 44
43 45
43 47
43 54
43 56
43 57
43 69
43 70
43 73
43 86
43 92
43 98
43 129
43 132
43 134
43 143
43 147
43 101
43 106
43 107
43 113
43 117
43 119
43 123
43 152
43 158
43 162
43 164
43 171
43 177
43 178
43 184
43 186
43 192
43 193
43 194
43 195
43 197
43 203
43 207
43 211
43 212
43 222
43 224
43 228
43 230
43 231
43 233
43 234
43 241
43 248
44 45
44 46
44 47
44 59
44 61
44 67
44 73
44 77
44 78
44 81
44 82
44 88
44 91
44 98
44 130
44 133
44 134
44 140
44 106
44 108
44 110
44 115
44 119
44 121
44 126
44 150
44 151
44 157
44 162
44 174
44 194
44 196
44 199
44 208
44 216
44 221
44 224
44 229
44 237
44 238
44 249
45 46
45 47
45 49
45 57
45 58
45 59
45 62
45 65
45 66
45 76
45 81
45 85
45 91
45 128
45 130
45 133
45 142
45 100
45 105
45 113
45 117
45 118
45 121
45 122
45 124
45 150
45 166
45 169
45 170
45 178
45 179
45 183
45 192
45 194
45 202
45 209
45 214
45 215
45 220
45 226
45 234
45 236
45 243
46 47
46 48
46 49
46 53
46 60
46 75
46 86
46 95
46 97
46 128
46 132
46 137
46 142
46 143
46 147
46 102
46 103
46 111
46 121
46 124
46 127
46 155
46 167
46 168
46 173
46 179
46 180
46 181
46 187
46 189
46 199
46 203
46 204
46 205
46 209
46 220
46 221
46 231
46 232
46 241
46 243
46 247
46 249
47 54
47 56
47 57
47 67
47 72
47 73
47 80
47 81
47 88
47 92
47 94
47 96
47 132
47 148
47 149
47 102
47 103
47 105
47 110
47 116
47 117
47 126
47 151
47 156
47 162
47 171
47 177
47 182
47 184
47 193
47 201
47 202
47 203
47 209
47 211
47 229
47 230
47 233
47 249
48 64
48 66
48 71
48 72
48 73
48 77
48 88
48 99
48 147
48 109
48 114
48 118
48 119
48 120
48 125
48 152
48 155
48 158
48 174
48 176
48 190
48 199
48 202
48 204
48 212
48 223
48 224
48 225
48 228
48 236
48 237
49 50
49 59
49 61
49 66
49 67
49 72
49 75
49 92
49 95
49 98
49 128
49 131
49 140
49 147
49 100
49 106
49 110
49 111
49 112
49 156
49 163
49 165
49 166
49 168
49 177
49 178
49 192
49 199
49 204
49 206
49 217
49 228
49 241
49 244
50 52
50 54
50 56
50 57
50 58
50 59
50 66
50 67
50 69
50 70
50 73
50 77
50 78
50 79
50 80
50 81
50 83
50 84
50 85
50 87
50 89
50 90
50 91
50 92
50 95
50 96
50 98
50 133
50 134
50 138
50 147
50 106
50 111
50 112
50 124
50 125
50 126
50 152
50 155
50 161
50 169
50 170
50 179
50 181
50 195
50 202
50 203
50 205
50 207
50 219
50 221
50 223
50 227
50 230
50 231
50 233
50 235
50 238
50 245
51 52
51 53
51 54
51 55
51 57
51 58
51 59
51 62
51 65
51 67
51 68
51 70
51 73
51 74
51 75
51 77
51 78
51 79
51 80
51 82
51 83
51 84
51 85
51 86
51 88
51 92
51 93
51 94
51 96
51 98
51 99
51 142
51 149
51 108
51 112
51 113
51 119
51 125
51 151
51 155
51 156
51 159
51 160
51 162
51 166
51 168
51 173
51 176
51 178
51 179
51 184
51 186
51 196
51 202
51 207
51 220
51 224
51 228
51 231
51 232
51 239
51 246
51 248
52 53
52 54
52 57
52 58
52 64
52 67
52 79
52 81
52 86
52 87
52 89
52 90
52 91
52 92
52 93
52 95
52 98
52 131
52 141
52 144
52 104
52 106
52 108
52 113
52 114
52 116
52 118
52 121
52 127
52 150
52 151
52 153
52 156
52 162
52 164
52 175
52 181
52 187
52 197
52 201
52 210
52 211
52 213
52 214
52 217
52 225
52 228
52 236
52 238
52 239
52 248
52 249
53 54
53 55
53 57
53 59
53 60
53 61
53 62
53 66
53 67
53 69
53 72
53 73
53 75
53 76
53 77
53 78
53 80
53 82
53 83
53 86
53 93
53 95
53 96
53 97
53 98
53 99
53 131
53 140
53 103
53 104
53 108
53 110
53 113
53 114
53 116
53 124
53 125
53 151
53 152
53 155
53 156
53 164
53 166
53 168
53 169
53 176
53 177
53 180
53 181
53 186
53 190
53 192
53 203
53 207
53 211
53 215
53 218
53 219
53 229
53 234
53 235
53 240
53 244
53 248
54 56
54 57
54 58
54 59
54 60
54 62
54 63
54 64
54 66
54 73
54 74
54 75
54 76
54 77
54 79
54 80
54 81
54 82
54 83
54 84
54 85
54 86
54 88
54 89
54 90
54 92
54 94
54 97
54 99
54 128
54 132
54 141
54 106
54 111
54 112
54 117
54 124
54 151
54 154
54 157
54 159
54 169
54 170
54 180
54 181
54 200
54 204
54 210
54 213
54 218
54 220
54 222
54 224
54 230
54 231
54 235
54 241
54 246
55 57
55 61
55 62
55 63
55 64
55 66
55 69
55 70
55 72
55 74
55 75
55 77
55 79
55 80
55 82
55 83
55 87
55 89
55 91
55 92
55 94
55 95
55 98
55 131
55 133
55 141
55 107
55 110
55 111
55 113
55 115
55 125
55 126
55 127
55 157
55 163
55 165
55 166
55 168
55 175
55 178
55 181
55 191
55 199
55 202
55 207
55 208
55 216
55 220
55 223
55 225
55 228
55 234
55 235
55 245
55 247
56 57
56 58
56 59
56 60
56 61
56 62
56 63
56 64
56 65
56 66
56 68
56 70
56 73
56 74
56 75
56 79
56 80
56 82
56 83
56 86
56 87
56 88
56 91
56 95
56 99
56 137
56 140
56 142
56 144
56 146
56 112
56 121
56 127
56 153
56 163
56 174
56 179
56 188
56 208
56 211
56 212
56 219
56 221
56 222
56 223
56 244
56 245
57 58
57 59
57 61
57 62
57 64
57 66
57 68
57 69
57 71
57 72
57 73
57 74
57 75
57 76
57 77
57 78
57 79
57 80
57 81
57 82
57 83
57 85
57 87
57 89
57 91
57 92
57 93
57 94
57 95
57 96
57 97
57 98
57 133
57 134
57 136
57 149
57 103
57 112
57 115
57 118
57 160
57 164
57 175
57 182
57 183
57 190
57 206
57 214
57 216
57 229
57 233
57 238
57 241
58 59
58 61
58 63
58 65
58 66
58 67
58 69
58 74
58 78
58 79
58 81
58 82
58 83
58 85
58 86
58 87
58 88
58 90
58 92
58 94
58 95
58 97
58 98
58 131
58 140
58 143
58 144
58 126
58 150
58 159
58 169
58 173
58 174
58 180
58 186
58 187
58 193
58 197
58 202
58 204
58 215
58 218
58 227
58 236
59 60
59 62
59 63
59 64
59 65
59 66
59 67
59 69
59 70
59 72
59 74
59 75
59 77
59 78
59 79
59 80
59 81
59 82
59 83
59 85
59 86
59 88
59 89
59 90
59 92
59 93
59 94
59 95
59 97
59 99
59 131
59 144
59 100
59 104
59 105
59 106
59 107
59 112
59 119
59 120
59 122
59 125
59 127
59 150
59 151
59 154
59 160
59 171
59 172
59 173
59 177
59 179
59 183
59 184
59 196
59 200
59 211
59 213
59 214
59 230
59 236
59 238
59 243
60 61
60 63
60 64
60 67
60 68
60 69
60 72
60 73
60 74
60 75
60 78
60 81
60 83
60 84
60 85
60 86
60 88
60 89
60 90
60 91
60 94
60 95
60 96
60 99
60 128
60 134
60 137
60 142
60 148
60 100
60 112
60 118
60 127
60 150
60 157
60 158
60 159
60 164
60 166
60 174
60 177
60 180
60 194
60 198
60 199
60 203
60 216
60 234
60 236
60 246
61 62
61 63
61 64
61 65
61 68
61 69
61 70
61 72
61 73
61 74
61 76
61 78
61 80
61 81
61 82
61 83
61 84
61 86
61 87
61 88
61 89
61 90
61 92
61 93
61 94
61 96
61 97
61 99
61 129
61 146
61 149
61 100
61 103
61 106
61 110
61 115
61 118
61 121
61 122
61 157
61 158
61 170
61 177
61 179
61 185
61 193
61 195
61 196
61 209
61 222
61 223
61 237
61 239
61 240
61 241
62 63
62 64
62 65
62 66
62 67
62 68
62 69
62 72
62 78
62 79
62 82
62 86
62 88
62 90
62 93
62 94
62 95
62 96
62 98
62 99
62 132
62 134
62 136
62 137
62 140
62 146
62 155
62 159
62 164
62 180
62 182
62 203
62 229
62 246
63 66
63 69
63 70
63 71
63 72
63 73
63 74
63 76
63 77
63 79
63 80
63 81
63 82
63 85
63 86
63 87
63 88
63 89
63 91
63 93
63 95
63 96
63 97
63 130
63 131
63 135
63 136
63 139
63 145
63 101
63 107
63 109
63 112
63 114
63 116
63 119
63 121
63 158
63 160
63 161
63 162
63 167
63 168
63 171
63 172
63 174
63 175
63 180
63 181
63 183
63 187
63 190
63 192
63 200
63 201
63 206
63 208
63 217
63 221
63 222
63 229
63 232
63 233
63 241
63 246
64 65
64 66
64 68
64 72
64 73
64 76
64 78
64 79
64 81
64 82
64 83
64 88
64 90
64 93
64 94
64 95
64 97
64 98
64 99
64 128
64 133
64 139
64 146
64 148
64 108
64 111
64 114
64 119
64 127
64 150
64 158
64 160
64 161
64 162
64 167
64 169
64 180
64 188
64 191
64 193
64 200
64 201
64 213
64 222
64 224
64 226
64 229
64 231
64 232
64 237
64 244
64 247
64 248
65 67
65 69
65 71
65 73
65 75
65 77
65 78
65 80
65 81
65 82
65 83
65 84
65 86
65 87
65 89
65 90
65 91
65 93
65 94
65 95
65 96
65 97
65 98
65 99
65 128
65 137
65 138
65 142
65 148
65 100
65 103
65 107
65 117
65 122
65 127
65 154
65 161
65 164
65 166
65 167
65 168
65 169
65 179
65 183
65 184
65 189
65 191
65 192
65 194
65 203
65 204
65 206
65 215
65 221
65 234
65 248
66 67
66 69
66 70
66 71
66 72
66 73
66 78
66 79
66 81
66 82
66 83
66 85
66 86
66 88
66 90
66 92
66 97
66 99
66 130
66 136
66 142
66 147
66 109
66 110
66 151
66 152
66 154
66 163
66 166
66 170
66 172
66 183
66 186
66 191
66 194
66 210
66 213
66 217
66 220
66 223
66 239
66 246
67 68
67 69
67 70
67 71
67 72
67 73
67 76
67 77
67 78
67 79
67 80
67 82
67 85
67 86
67 87
67 88
67 89
67 91
67 93
67 94
67 95
67 128
67 133
67 134
67 136
67 138
67 101
67 107
67 117
67 126
67 166
67 167
67 172
67 176
67 178
67 184
67 185
67 196
67 208
67 209
67 210
67 211
67 216
67 229
67 233
67 234
67 236
67 247
68 69
68 70
68 71
68 73
68 75
68 76
68 79
68 81
68 83
68 84
68 85
68 87
68 89
68 90
68 92
68 99
68 128
68 142
68 144
68 148
68 105
68 115
68 120
68 124
68 169
68 174
68 181
68 184
68 187
68 208
68 211
68 213
68 214
68 219
68 225
68 232
68 234
68 238
68 240
68 244
69 70
69 72
69 73
69 75
69 76
69 78
69 79
69 80
69 81
69 82
69 83
69 84
69 87
69 89
69 90
69 92
69 93
69 94
69 96
69 97
69 98
69 140
69 150
69 154
69 156
69 158
69 160
69 163
69 165
69 171
69 174
69 175
69 182
69 183
69 184
69 185
69 186
69 195
69 196
69 202
69 204
69 207
69 212
69 219
69 220
69 233
69 246
69 247
70 71
70 72
70 74
70 75
70 77
70 79
70 80
70 82
70 84
70 85
70 87
70 88
70 89
70 90
70 91
70 93
70 94
70 95
70 97
70 99
70 128
70 129
70 130
70 137
70 138
70 144
70 147
70 111
70 113
70 121
70 150
70 153
70 155
70 158
70 159
70 161
70 165
70 166
70 168
70 175
70 184
70 191
70 197
70 198
70 202
70 206
70 210
70 211
70 215
70 216
70 219
70 229
70 231
70 239
70 241
70 249
71 72
71 73
71 74
71 78
71 79
71 84
71 85
71 87
71 88
71 92
71 95
71 96
71 98
71 138
71 149
71 107
71 108
71 113
71 117
71 121
71 124
71 150
71 154
71 155
71 157
71 159
71 161
71 165
71 167
71 189
71 193
71 203
71 206
71 207
71 213
71 222
71 235
71 238
71 241
71 242
71 246
71 249
72 73
72 76
72 78
72 81
72 89
72 90
72 91
72 92
72 94
72 96
72 98
72 128
72 129
72 135
72 140
72 105
72 115
72 119
72 121
72 165
72 168
72 178
72 179
72 182
72 186
72 192
72 194
72 211
72 216
72 222
72 224
72 227
72 234
72 239
72 247
73 74
73 75
73 76
73 77
73 79
73 80
73 82
73 84
73 85
73 88
73 89
73 91
73 92
73 93
73 94
73 96
73 97
73 98
73 99
73 130
73 132
73 138
73 140
73 142
73 145
73 146
73 100
73 101
73 106
73 153
73 168
73 171
73 182
73 196
73 197
73 198
73 211
73 212
73 215
73 216
73 221
73 228
73 233
73 235
73 247
73 248
74 75
74 76
74 80
74 84
74 86
74 87
74 88
74 90
74 91
74 93
74 94
74 95
74 96
74 97
74 98
74 130
74 141
74 144
74 145
74 148
74 103
74 104
74 107
74 124
74 127
74 150
74 153
74 154
74 157
74 160
74 161
74 163
74 177
74 179
74 183
74 186
74 193
74 194
74 200
74 204
74 206
74 207
74 209
74 225
74 229
74 237
74 238
74 241
74 242
75 76
75 84
75 85
75 86
75 87
75 89
75 90
75 91
75 92
75 93
75 95
75 96
75 99
75 131
75 132
75 142
75 144
75 146
75 111
75 119
75 126
75 151
75 156
75 157
75 160
75 161
75 169
75 170
75 172
75 177
75 179
75 185
75 187
75 194
75 198
75 199
75 202
75 205
75 213
75 218
75 219
75 225
75 227
75 237
75 242
75 245
75 247
75 248
76 77
76 78
76 79
76 81
76 83
76 84
76 90
76 91
76 92
76 93
76 94
76 95
76 98
76 99
76 128
76 130
76 138
76 145
76 149
76 103
76 111
76 114
76 115
76 118
76 120
76 126
76 127
76 151
76 154
76 155
76 156
76 160
76 162
76 169
76 174
76 183
76 185
76 187
76 200
76 201
76 203
76 208
76 212
76 213
76 218
76 219
76 222
76 224
76 226
76 228
76 239
76 242
76 243
76 244
76 246
77 78
77 82
77 83
77 87
77 88
77 91
77 92
77 93
77 94
77 96
77 97
77 98
77 140
77 100
77 106
77 109
77 120
77 121
77 123
77 155
77 157
77 160
77 161
77 163
77 168
77 176
77 180
77 185
77 192
77 200
77 207
77 213
77 214
77 215
77 221
77 233
77 239
77 241
78 79
78 80
78 83
78 85
78 87
78 89
78 90
78 92
78 94
78 96
78 99
78 136
78 139
78 143
78 148
78 103
78 104
78 106
78 107
78 109
78 114
78 118
78 119
78 123
78 127
78 152
78 162
78 164
78 167
78 169
78 174
78 178
78 183
78 189
78 191
78 195
78 198
78 201
78 218
78 226
78 227
78 233
78 237
78 238
78 239
79 82
79 84
79 85
79 88
79 89
79 90
79 92
79 93
79 94
79 95
79 96
79 97
79 99
79 130
79 131
79 134
79 135
79 147
79 107
79 126
79 153
79 159
79 160
79 172
79 173
79 177
79 181
79 184
79 187
79 192
79 198
79 199
79 201
79 202
79 205
79 210
79 239
79 240
80 81
80 83
80 86
80 87
80 88
80 89
80 91
80 92
80 94
80 98
80 133
80 134
80 145
80 146
80 147
80 149
80 111
80 120
80 121
80 152
80 155
80 166
80 169
80 173
80 174
80 179
80 180
80 181
80 184
80 185
80 186
80 187
80 198
80 205
80 206
80 207
80 210
80 213
80 214
80 216
80 217
80 222
80 227
80 228
80 231
80 237
80 248
81 82
81 83
81 86
81 87
81 89
81 91
81 93
81 95
81 96
81 97
81 98
81 99
81 128
81 134
81 146
81 147
81 100
81 101
81 105
81 111
81 115
81 120
81 122
81 151
81 155
81 166
81 178
81 186
81 198
81 199
81 206
81 207
81 216
81 225
81 229
81 231
81 234
81 236
81 246
82 85
82 86
82 87
82 90
82 91
82 94
82 95
82 97
82 98
82 99
82 129
82 132
82 133
82 138
82 145
82 146
82 148
82 102
82 105
82 109
82 115
82 118
82 119
82 153
82 159
82 160
82 162
82 164
82 166
82 168
82 170
82 177
82 178
82 180
82 182
82 186
82 187
82 188
82 189
82 190
82 193
82 196
82 200
82 202
82 213
82 216
82 234
82 243
83 87
83 88
83 89
83 90
83 92
83 94
83 95
83 96
83 97
83 98
83 99
83 128
83 129
83 133
83 134
83 144
83 146
83 105
83 107
83 114
83 116
83 118
83 121
83 126
83 150
83 154
83 156
83 159
83 169
83 175
83 177
83 179
83 181
83 189
83 194
83 195
83 196
83 200
83 203
83 204
83 205
83 209
83 212
83 220
83 221
83 224
83 246
84 85
84 86
84 87
84 88
84 91
84 92
84 94
84 95
84 131
84 137
84 138
84 141
84 102
84 103
84 108
84 114
84 119
84 153
84 154
84 159
84 162
84 163
84 166
84 167
84 168
84 179
84 181
84 183
84 184
84 189
84 192
84 209
84 210
84 218
84 219
84 222
84 245
84 246
85 86
85 87
85 89
85 93
85 94
85 96
85 98
85 99
85 134
85 137
85 142
85 143
85 145
85 101
85 108
85 155
85 158
85 163
85 164
85 170
85 171
85 182
85 185
85 186
85 194
85 195
85 196
85 199
85 201
85 209
85 214
85 217
85 223
85 238
85 244
86 88
86 90
86 91
86 93
86 94
86 98
86 99
86 129
86 134
86 137
86 141
86 101
86 102
86 106
86 110
86 113
86 117
86 121
86 122
86 124
86 152
86 153
86 156
86 157
86 158
86 172
86 173
86 176
86 177
86 179
86 181
86 212
86 215
86 216
86 222
86 228
86 236
86 239
87 88
87 92
87 95
87 97
87 131
87 145
87 149
87 117
87 118
87 120
87 151
87 153
87 155
87 160
87 173
87 174
87 185
87 189
87 190
87 193
87 197
87 200
87 209
87 211
87 221
87 224
87 225
87 227
87 231
87 236
87 240
88 89
88 90
88 93
88 95
88 97
88 98
88 131
88 138
88 139
88 140
88 145
88 104
88 106
88 107
88 119
88 120
88 124
88 168
88 172
88 175
88 179
88 180
88 192
88 193
88 197
88 198
88 199
88 208
88 214
88 218
88 229
88 235
88 239
88 243
88 244
88 249
89 91
89 92
89 93
89 97
89 98
89 128
89 130
89 132
89 138
89 141
89 144
89 101
89 107
89 119
89 123
89 124
89 127
89 157
89 159
89 162
89 169
89 170
89 172
89 173
89 175
89 176
89 182
89 184
89 185
89 186
89 188
89 195
89 204
89 208
89 212
89 217
89 221
89 226
89 227
89 228
89 246
89 249
90 91
90 95
90 96
90 98
90 99
90 133
90 137
90 140
90 142
90 146
90 148
90 102
90 103
90 105
90 109
90 120
90 126
90 157
90 159
90 160
90 161
90 162
90 165
90 171
90 172
90 180
90 187
90 188
90 192
90 196
90 197
90 201
90 211
90 212
90 217
90 222
90 227
90 230
90 234
90 235
90 239
90 241
90 244
90 246
90 248
91 93
91 94
91 95
91 97
91 98
91 99
91 129
91 133
91 142
91 144
91 146
91 100
91 121
91 123
91 151
91 165
91 166
91 169
91 170
91 171
91 173
91 178
91 182
91 184
91 187
91 189
91 200
91 202
91 203
91 212
91 216
91 223
91 226
91 227
91 231
91 232
91 233
91 239
91 242
91 248
92 94
92 96
92 97
92 98
92 134
92 148
92 100
92 112
92 150
92 188
92 192
92 195
92 203
92 207
92 209
92 212
92 213
92 218
92 220
92 224
92 225
92 234
92 238
92 240
92 244
92 248
93 94
93 96
93 98
93 99
93 133
93 136
93 143
93 144
93 146
93 148
93 104
93 114
93 121
93 125
93 127
93 158
93 160
93 161
93 168
93 179
93 184
93 188
93 191
93 192
93 196
93 202
93 208
93 215
93 216
93 218
93 220
93 222
93 223
93 224
93 226
93 240
93 246
93 247
93 248
94 95
94 96
94 97
94 128
94 133
94 137
94 140
94 100
94 102
94 103
94 106
94 109
94 113
94 114
94 115
94 117
94 124
94 127
94 152
94 154
94 157
94 171
94 172
94 174
94 175
94 181
94 185
94 188
94 194
94 195
94 216
94 220
94 223
94 242
95 98
95 133
95 135
95 136
95 138
95 141
95 101
95 109
95 116
95 117
95 118
95 119
95 123
95 125
95 156
95 161
95 163
95 176
95 177
95 183
95 186
95 192
95 196
95 197
95 199
95 202
95 205
95 211
95 214
95 216
95 217
95 221
95 226
95 231
95 233
95 234
95 237
95 238
95 239
95 240
95 245
95 246
96 97
96 99
96 140
96 100
96 114
96 115
96 120
96 150
96 153
96 156
96 159
96 160
96 172
96 174
96 181
96 189
96 194
96 204
96 210
96 216
96 220
96 227
96 228
96 230
96 234
96 249
97 99
97 133
97 134
97 144
97 148
97 149
97 108
97 173
97 179
97 180
97 192
97 196
97 202
97 216
97 218
97 232
97 233
97 234
97 241
97 243
97 247
97 249
98 99
98 128
98 132
98 143
98 148
98 149
98 102
98 105
98 106
98 108
98 112
98 113
98 118
98 120
98 121
98 126
98 127
98 153
98 154
98 157
98 164
98 170
98 174
98 191
98 199
98 206
98 207
98 217
98 236
98 241
98 247
99 130
99 135
99 143
99 145
99 100
99 101
99 102
99 108
99 114
99 120
99 123
99 124
99 153
99 154
99 161
99 170
99 171
99 194
99 198
99 202
99 206
99 207
99 219
99 224
99 225
99 227
99 234
99 237
99 238
99 239
128 129
128 135
128 136
128 138
128 141
128 143
128 144
128 145
128 146
128 148
128 149
128 100
128 102
128 104
128 106
128 107
128 108
128 109
128 110
128 111
128 112
128 113
128 114
128 115
128 116
128 117
128 118
128 119
128 120
128 122
128 123
128 125
128 126
128 152
128 176
128 178
128 185
128 186
128 190
128 191
128 195
128 196
128 202
128 203
128 204
128 206
128 214
128 215
128 217
128 221
128 222
128 230
128 235
128 237
128 238
128 249
129 133
129 134
129 136
129 138
129 141
129 143
129 144
129 147
129 148
129 149
129 100
129 102
129 103
129 104
129 106
129 107
129 108
129 110
129 111
129 112
129 114
129 118
129 120
129 125
129 126
129 156
129 158
129 161
129 169
129 172
129 176
129 178
129 193
129 197
129 201
129 202
129 204
129 205
129 214
129 215
129 218
129 219
129 227
129 229
129 235
129 240
129 241
129 249
130 132
130 133
130 134
130 135
130 138
130 139
130 140
130 142
130 144
130 145
130 146
130 147
130 149
130 101
130 102
130 103
130 104
130 108
130 109
130 110
130 112
130 113
130 114
130 116
130 117
130 122
130 124
130 126
130 127
130 152
130 160
130 172
130 199
130 208
130 216
130 219
130 226
130 236
130 249
131 133
131 134
131 137
131 139
131 140
131 142
131 146
131 147
131 100
131 101
131 103
131 104
131 105
131 109
131 110
131 111
131 112
131 115
131 118
131 119
131 120
131 121
131 122
131 124
131 126
131 177
131 180
131 183
131 186
131 187
131 190
131 213
131 218
131 220
131 227
131 228
131 229
131 236
131 242
131 248
132 134
132 136
132 137
132 139
132 140
132 143
132 145
132 147
132 100
132 103
132 105
132 107
132 110
132 111
132 113
132 114
132 116
132 117
132 120
132 122
132 124
132 125
132 127
132 150
132 157
132 159
132 164
132 167
132 172
132 174
132 176
132 181
132 194
132 205
132 212
132 213
132 219
132 235
132 238
132 246
132 247
132 249
133 134
133 137
133 139
133 141
133 142
133 143
133 144
133 145
133 147
133 148
133 149
133 100
133 101
133 102
133 103
133 104
133 105
133 107
133 108
133 110
133 111
133 112
133 113
133 114
133 115
133 116
133 117
133 118
133 119
133 122
133 123
133 124
133 125
133 126
133 152
133 153
133 155
133 157
133 158
133 164
133 166
133 167
133 171
133 173
133 179
133 180
133 183
133 186
133 197
133 200
133 202
133 210
133 219
133 221
133 222
133 228
133 233
133 238
133 239
133 241
133 246
133 247
133 248
134 135
134 136
134 138
134 139
134 140
134 141
134 147
134 148
134 149
134 100
134 101
134 103
134 104
134 108
134 110
134 111
134 112
134 113
134 114
134 116
134 118
134 119
134 121
134 123
134 124
134 125
134 126
134 164
134 167
134 173
134 174
134 182
134 200
134 204
134 207
134 227
134 231
134 232
134 235
134 245
135 136
135 138
135 142
135 143
135 145
135 146
135 147
135 149
135 101
135 103
135 104
135 105
135 106
135 107
135 108
135 109
135 110
135 111
135 113
135 114
135 115
135 117
135 119
135 121
135 122
135 124
135 125
135 127
135 150
135 151
135 153
135 154
135 157
135 160
135 166
135 174
135 177
135 189
135 192
135 195
135 199
135 203
135 204
135 213
135 216
135 218
135 222
135 236
135 245
135 249
136 137
136 138
136 139
136 141
136 142
136 143
136 148
136 100
136 103
136 104
136 105
136 106
136 107
136 109
136 110
136 111
136 113
136 115
136 116
136 118
136 120
136 123
136 125
136 126
136 151
136 156
136 170
136 178
136 187
136 193
136 194
136 211
136 217
136 223
136 224
136 226
136 242
136 244
137 138
137 139
137 141
137 145
137 146
137 147
137 149
137 100
137 101
137 102
137 104
137 106
137 107
137 108
137 109
137 110
137 111
137 112
137 114
137 116
137 118
137 119
137 120
137 122
137 124
137 125
137 127
137 152
137 165
137 169
137 176
137 178
137 185
137 189
137 199
137 201
137 213
137 217
137 219
137 222
137 226
137 228
137 234
137 238
137 240
137 241
137 242
137 243
138 139
138 140
138 143
138 144
138 145
138 148
138 149
138 100
138 102
138 103
138 105
138 106
138 107
138 110
138 111
138 112
138 113
138 114
138 116
138 119
138 120
138 121
138 122
138 123
138 127
138 150
138 155
138 159
138 167
138 183
138 185
138 193
138 199
138 205
138 207
138 215
138 229
138 233
138 243
138 244
139 140
139 143
139 145
139 147
139 102
139 103
139 104
139 105
139 107
139 108
139 109
139 110
139 111
139 112
139 116
139 117
139 118
139 120
139 122
139 127
139 151
139 152
139 154
139 155
139 157
139 161
139 163
139 166
139 170
139 181
139 188
139 191
139 192
139 195
139 196
139 200
139 207
139 230
139 237
140 141
140 145
140 146
140 149
140 101
140 103
140 106
140 108
140 110
140 111
140 112
140 113
140 114
140 116
140 117
140 118
140 119
140 121
140 123
140 124
140 125
140 126
140 127
140 151
140 153
140 156
140 162
140 165
140 174
140 178
140 181
140 183
140 186
140 191
140 192
140 196
140 200
140 201
140 204
140 205
140 208
140 217
140 219
140 233
140 234
140 239
140 241
140 243
141 142
141 144
141 145
141 146
141 100
141 101
141 102
141 103
141 104
141 105
141 106
141 108
141 110
141 111
141 113
141 114
141 116
141 119
141 120
141 121
141 123
141 125
141 126
141 127
141 153
141 159
141 169
141 171
141 172
141 173
141 191
141 192
141 193
141 203
141 209
141 210
141 216
141 218
141 223
141 234
141 240
142 143
142 147
142 101
142 103
142 104
142 105
142 106
142 108
142 109
142 110
142 111
142 112
142 113
142 116
142 117
142 118
142 119
142 120
142 121
142 124
142 125
142 150
142 165
142 168
142 171
142 176
142 186
142 199
142 245
143 146
143 147
143 100
143 102
143 103
143 105
143 106
143 107
143 108
143 111
143 112
143 114
143 115
143 116
143 117
143 118
143 119
143 121
143 122
143 123
143 124
143 125
143 127
143 152
143 156
143 159
143 162
143 165
143 180
143 182
143 190
143 195
143 199
143 202
143 209
143 211
143 213
143 214
143 221
143 224
143 235
143 245
144 145
144 147
144 148
144 149
144 101
144 103
144 105
144 108
144 111
144 112
144 115
144 116
144 117
144 119
144 121
144 124
144 125
144 127
144 156
144 157
144 164
144 165
144 169
144 172
144 175
144 178
144 183
144 186
144 187
144 189
144 194
144 197
144 199
144 200
144 204
144 220
144 221
144 224
144 230
144 232
144 237
144 244
145 148
145 102
145 103
145 104
145 106
145 107
145 108
145 111
145 112
145 118
145 119
145 120
145 122
145 123
145 124
145 151
145 160
145 166
145 177
145 187
145 189
145 193
145 196
145 200
145 203
145 206
145 209
145 225
145 230
145 243
146 147
146 100
146 101
146 102
146 104
146 105
146 106
146 107
146 108
146 109
146 110
146 113
146 116
146 118
146 120
146 122
146 124
146 126
146 127
146 158
146 160
146 163
146 167
146 174
146 176
146 185
146 188
146 200
146 202
146 204
146 207
146 209
146 211
146 215
146 216
146 217
146 226
146 231
146 232
146 237
146 245
146 246
146 247
147 149
147 100
147 101
147 102
147 104
147 106
147 107
147 108
147 109
147 110
147 113
147 115
147 116
147 117
147 122
147 123
147 125
147 126
147 127
147 152
147 158
147 161
147 164
147 165
147 166
147 186
147 189
147 190
147 193
147 194
147 195
147 199
147 202
147 210
147 213
147 217
147 223
147 226
147 228
147 231
147 238
147 241
147 244
147 248
148 101
148 103
148 104
148 105
148 106
148 109
148 115
148 116
148 119
148 122
148 123
148 125
148 127
148 158
148 162
148 166
148 171
148 172
148 177
148 179
148 181
148 187
148 196
148 200
148 209
148 210
148 214
148 227
148 230
148 233
148 236
148 239
148 245
149 102
149 103
149 105
149 106
149 107
149 108
149 115
149 117
149 119
149 123
149 124
149 125
149 154
149 157
149 158
149 162
149 170
149 180
149 186
149 199
149 203
149 218
149 222
149 224
149 227
149 230
149 237
149 245
149 247
149 249
100 101
100 102
100 103
100 104
100 105
100 106
100 107
100 108
100 110
100 111
100 112
100 113
100 114
100 115
100 118
100 119
100 121
100 123
100 125
100 126
100 127
100 151
100 156
100 162
100 163
100 166
100 181
100 182
100 184
100 185
100 192
100 198
100 203
100 205
100 206
100 218
100 221
100 225
100 227
100 238
100 242
100 244
101 102
101 103
101 106
101 108
101 109
101 111
101 114
101 115
101 117
101 119
101 120
101 122
101 123
101 124
101 127
101 151
101 155
101 156
101 158
101 159
101 167
101 168
101 179
101 182
101 186
101 187
101 192
101 193
101 194
101 211
101 213
101 222
101 224
101 227
101 232
101 233
101 238
101 247
102 103
102 106
102 109
102 111
102 112
102 113
102 119
102 121
102 122
102 123
102 124
102 127
102 155
102 158
102 159
102 178
102 197
102 204
102 210
102 217
102 218
102 219
102 220
102 231
102 233
102 235
102 236
102 240
102 242
103 104
103 106
103 107
103 108
103 109
103 110
103 115
103 116
103 117
103 118
103 123
103 125
103 126
103 154
103 157
103 171
103 177
103 178
103 185
103 189
103 192
103 196
103 209
103 217
103 222
103 225
104 105
104 106
104 107
104 108
104 109
104 110
104 112
104 113
104 114
104 115
104 118
104 120
104 121
104 122
104 123
104 124
104 127
104 153
104 155
104 162
104 163
104 166
104 172
104 173
104 176
104 178
104 191
104 200
104 215
104 225
104 235
104 239
104 240
104 243
105 108
105 110
105 113
105 115
105 116
105 118
105 119
105 122
105 124
105 125
105 127
105 153
105 155
105 156
105 157
105 160
105 164
105 170
105 173
105 176
105 202
105 205
105 206
105 209
105 212
105 215
105 217
105 230
105 232
105 233
105 237
105 238
105 247
105 248
105 249
106 107
106 108
106 110
106 115
106 117
106 120
106 121
106 124
106 125
106 126
106 157
106 162
106 163
106 173
106 175
106 176
106 185
106 186
106 193
106 206
106 211
106 214
106 216
106 217
106 218
106 220
106 223
106 233
106 238
106 247
107 109
107 110
107 114
107 116
107 117
107 119
107 120
107 121
107 122
107 123
107 124
107 126
107 127
107 157
107 168
107 169
107 184
107 185
107 188
107 198
107 199
107 203
107 208
107 217
107 218
107 229
107 235
107 237
107 238
107 244
108 109
108 112
108 113
108 114
108 115
108 117
108 118
108 119
108 120
108 121
108 122
108 123
108 124
108 125
108 127
108 154
108 157
108 158
108 164
108 171
108 172
108 176
108 180
108 181
108 186
108 187
108 191
108 192
108 195
108 208
108 218
108 223
108 229
108 238
108 243
108 249
109 112
109 115
109 118
109 119
109 121
109 122
109 123
109 124
109 125
109 126
109 153
109 154
109 156
109 174
109 175
109 178
109 181
109 184
109 190
109 191
109 193
109 200
109 208
109 212
109 218
109 227
109 228
109 230
109 235
109 239
110 112
110 114
110 115
110 116
110 118
110 120
110 121
110 126
110 151
110 158
110 163
110 172
110 173
110 179
110 180
110 181
110 182
110 184
110 191
110 193
110 197
110 199
110 201
110 207
110 213
110 214
110 216
110 225
110 234
111 113
111 114
111 116
111 117
111 119
111 121
111 123
111 125
111 126
111 157
111 169
111 171
111 172
111 173
111 184
111 200
111 208
111 209
111 216
111 217
111 220
111 234
111 236
111 237
112 113
112 114
112 117
112 119
112 120
112 122
112 125
112 126
112 151
112 154
112 157
112 164
112 175
112 187
112 189
112 196
112 203
112 206
112 208
112 211
112 213
112 215
112 224
112 226
113 114
113 115
113 117
113 118
113 119
113 120
113 125
113 126
113 151
113 163
113 167
113 171
113 175
113 177
113 179
113 181
113 186
113 191
113 193
113 195
113 196
113 206
113 216
113 219
113 232
113 233
113 237
114 115
114 116
114 118
114 119
114 121
114 122
114 125
114 126
114 165
114 169
114 179
114 182
114 191
114 194
114 199
114 212
114 213
114 221
114 226
114 230
114 235
114 236
114 237
114 248
115 117
115 118
115 119
115 121
115 122
115 124
115 126
115 154
115 156
115 159
115 162
115 165
115 167
115 170
115 180
115 186
115 194
115 195
115 196
115 201
115 207
115 212
115 215
115 216
115 219
115 228
115 229
115 239
116 119
116 121
116 122
116 125
116 150
116 151
116 153
116 155
116 156
116 159
116 161
116 168
116 175
116 177
116 178
116 187
116 194
116 204
116 208
116 213
116 218
116 221
116 223
116 224
116 230
116 232
116 235
116 236
116 241
116 246
116 248
116 249
117 118
117 119
117 121
117 122
117 123
117 124
117 127
117 152
117 153
117 161
117 162
117 168
117 172
117 185
117 188
117 193
117 196
117 198
117 202
117 205
117 210
117 214
117 219
117 231
117 232
117 236
117 240
117 248
118 119
118 120
118 121
118 122
118 123
118 124
118 125
118 126
118 127
118 151
118 161
118 162
118 166
118 174
118 187
118 189
118 190
118 197
118 198
118 208
118 214
118 215
118 221
118 223
118 236
118 248
119 121
119 123
119 125
119 150
119 151
119 153
119 156
119 159
119 161
119 165
119 170
119 189
119 192
119 194
119 199
119 206
119 220
119 221
119 228
119 229
119 235
119 236
119 237
119 238
119 240
119 244
119 247
120 122
120 123
120 125
120 127
120 151
120 156
120 159
120 162
120 175
120 179
120 193
120 199
120 202
120 203
120 204
120 207
120 208
120 209
120 214
120 228
120 229
120 232
120 235
120 244
120 245
121 123
121 125
121 151
121 164
121 166
121 168
121 181
121 190
121 198
121 210
121 216
121 219
121 220
121 222
121 223
121 228
121 230
121 231
121 233
121 234
121 239
121 244
122 124
122 125
122 153
122 154
122 159
122 167
122 172
122 189
122 197
122 219
122 220
122 221
122 222
122 225
122 227
122 228
122 232
122 236
122 237
122 238
122 243
122 244
123 125
123 126
123 154
123 165
123 174
123 177
123 179
123 190
123 198
123 200
123 219
123 236
123 237
123 240
123 242
124 125
124 126
124 127
124 161
124 169
124 177
124 185
124 189
124 190
124 193
124 201
124 203
124 212
124 214
124 220
124 221
124 228
124 230
124 233
125 150
125 151
125 157
125 158
125 162
125 164
125 165
125 182
125 186
125 190
125 191
125 206
125 208
125 218
125 233
125 238
125 240
126 127
126 154
126 157
126 158
126 163
126 172
126 177
126 186
126 194
126 195
126 206
126 211
126 214
126 216
126 220
126 230
126 237
126 240
127 161
127 162
127 165
127 166
127 171
127 178
127 187
127 188
127 189
127 190
127 199
127 215
127 222
127 226
127 228
127 231
127 234
127 235
127 239
127 245
150 151
150 153
150 155
150 156
150 157
150 158
150 159
150 160
150 161
150 162
150 163
150 165
150 168
150 170
150 172
150 173
150 174
150 175
150 176
150 179
150 183
150 184
150 187
150 188
150 191
150 192
150 193
150 194
150 197
150 198
150 200
150 215
150 219
150 220
150 233
150 234
150 238
150 245
150 249
151 153
151 154
151 155
151 157
151 159
151 160
151 162
151 163
151 166
151 167
151 168
151 169
151 171
151 172
151 173
151 175
151 177
151 178
151 180
151 181
151 183
151 185
151 189
151 195
151 198
151 201
151 208
151 210
151 219
151 221
151 229
151 241
151 243
151 246
151 247
152 153
152 155
152 156
152 157
152 159
152 160
152 163
152 165
152 166
152 169
152 170
152 171
152 172
152 173
152 175
152 179
152 182
152 183
152 184
152 185
152 186
152 187
152 188
152 190
152 191
152 195
152 197
152 200
152 205
152 206
152 218
152 222
152 226
152 235
152 236
152 239
152 240
153 154
153 156
153 157
153 158
153 161
153 162
153 166
153 167
153 168
153 169
153 171
153 172
153 173
153 176
153 177
153 178
153 179
153 180
153 181
153 183
153 184
153 185
153 186
153 189
153 191
153 194
153 196
153 197
153 198
153 200
153 204
153 207
153 209
153 213
153 215
153 237
153 238
153 249
154 156
154 157
154 159
154 163
154 165
154 167
154 171
154 172
154 173
154 174
154 175
154 176
154 177
154 179
154 180
154 182
154 183
154 184
154 185
154 187
154 188
154 189
154 192
154 193
154 195
154 197
154 199
154 202
154 209
154 210
154 214
154 216
154 224
154 225
154 226
154 227
154 229
154 239
154 244
154 248
155 157
155 159
155 160
155 161
155 162
155 163
155 164
155 165
155 166
155 167
155 170
155 172
155 174
155 175
155 177
155 178
155 179
155 182
155 183
155 184
155 185
155 188
155 189
155 190
155 191
155 192
155 195
155 197
155 204
155 212
155 215
155 224
155 226
155 227
155 230
155 244
155 245
155 248
155 249
156 157
156 158
156 159
156 160
156 161
156 162
156 163
156 168
156 170
156 173
156 174
156 175
156 176
156 179
156 181
156 182
156 183
156 184
156 186
156 187
156 191
156 193
156 195
156 196
156 197
156 198
156 199
156 214
156 216
156 217
156 230
156 233
156 238
156 241
156 248
156 249
157 158
157 159
157 161
157 162
157 163
157 165
157 166
157 169
157 171
157 173
157 174
157 175
157 177
157 178
157 179
157 180
157 181
157 183
157 185
157 186
157 187
157 188
157 189
157 191
157 192
157 193
157 196
157 198
157 201
157 205
157 215
157 217
157 218
157 222
157 226
157 229
157 234
157 235
157 240
158 159
158 161
158 162
158 163
158 165
158 167
158 172
158 174
158 177
158 178
158 179
158 181
158 187
158 188
158 189
158 190
158 191
158 192
158 193
158 194
158 199
158 201
158 204
158 205
158 214
158 215
158 216
158 218
158 224
158 240
158 245
158 248
159 160
159 162
159 163
159 164
159 166
159 167
159 168
159 169
159 173
159 174
159 175
159 176
159 177
159 179
159 180
159 181
159 182
159 184
159 187
159 188
159 189
159 190
159 192
159 193
159 195
159 196
159 197
159 200
159 205
159 206
159 207
159 210
159 212
159 221
159 226
159 228
159 232
159 233
159 234
159 239
159 240
159 246
160 161
160 163
160 164
160 166
160 168
160 169
160 170
160 171
160 172
160 173
160 175
160 176
160 178
160 179
160 181
160 184
160 185
160 187
160 188
160 192
160 193
160 194
160 195
160 196
160 199
160 202
160 204
160 220
160 221
160 229
160 232
160 235
160 237
160 239
160 246
161 162
161 165
161 166
161 167
161 169
161 172
161 173
161 175
161 179
161 184
161 185
161 186
161 187
161 188
161 189
161 190
161 192
161 194
161 197
161 199
161 201
161 202
161 207
161 214
161 225
161 232
161 234
162 164
162 166
162 167
162 168
162 169
162 170
162 172
162 173
162 174
162 175
162 176
162 177
162 179
162 181
162 183
162 184
162 186
162 187
162 188
162 189
162 190
162 191
162 192
162 193
162 194
162 197
162 199
162 201
162 203
162 204
162 208
162 211
162 215
162 216
162 220
162 223
162 225
162 227
162 239
162 245
162 247
162 249
163 165
163 168
163 169
163 171
163 172
163 173
163 174
163 175
163 176
163 180
163 181
163 184
163 186
163 190
163 192
163 193
163 196
163 198
163 203
163 205
163 214
163 219
163 220
163 227
163 235
163 247
164 165
164 166
164 169
164 170
164 172
164 173
164 175
164 176
164 177
164 178
164 179
164 180
164 183
164 185
164 187
164 189
164 190
164 191
164 193
164 194
164 196
164 197
164 198
164 199
164 202
164 204
164 222
164 227
164 239
164 240
164 247
164 248
165 166
165 168
165 172
165 173
165 174
165 175
165 176
165 177
165 179
165 180
165 181
165 183
165 184
165 185
165 186
165 188
165 189
165 190
165 191
165 193
165 195
165 197
165 199
165 200
165 203
165 204
165 218
165 222
165 231
165 243
165 245
165 249
166 168
166 170
166 171
166 174
166 177
166 178
166 181
166 185
166 186
166 187
166 189
166 190
166 192
166 194
166 195
166 197
166 198
166 199
166 204
166 205
166 207
166 208
166 216
166 217
166 220
166 229
167 169
167 170
167 172
167 173
167 175
167 176
167 177
167 180
167 182
167 185
167 186
167 188
167 189
167 190
167 191
167 192
167 193
167 196
167 198
167 200
167 204
167 213
167 218
167 220
167 221
167 224
167 227
167 233
167 248
168 172
168 173
168 174
168 175
168 176
168 178
168 179
168 180
168 182
168 183
168 185
168 187
168 188
168 189
168 190
168 191
168 192
168 193
168 194
168 195
168 197
168 199
168 204
168 208
168 212
168 213
168 221
168 225
168 236
168 240
168 243
168 244
168 246
169 171
169 174
169 175
169 177
169 180
169 181
169 182
169 183
169 184
169 187
169 190
169 191
169 192
169 194
169 195
169 198
169 199
169 200
169 202
169 203
169 204
169 205
169 206
169 214
169 218
169 223
169 225
169 228
169 242
169 243
169 245
169 246
169 249
170 171
170 173
170 177
170 178
170 180
170 185
170 186
170 189
170 190
170 191
170 192
170 199
170 201
170 210
170 216
170 218
170 220
170 221
170 226
170 230
170 236
170 237
170 240
171 172
171 174
171 177
171 178
171 179
171 180
171 181
171 183
171 184
171 187
171 188
171 190
171 191
171 194
171 197
171 199
171 205
171 206
171 208
171 211
171 213
171 217
171 225
171 231
171 234
171 236
171 240
171 244
171 247
172 175
172 176
172 177
172 180
172 181
172 182
172 184
172 185
172 189
172 190
172 191
172 193
172 194
172 195
172 198
172 199
172 200
172 208
172 210
172 211
172 215
172 219
172 220
172 221
172 222
172 230
172 231
172 235
172 237
172 238
172 245
172 247
173 174
173 180
173 187
173 188
173 189
173 191
173 192
173 194
173 196
173 197
173 198
173 199
173 205
173 206
173 208
173 209
173 210
173 214
173 228
173 248
174 175
174 179
174 181
174 182
174 186
174 187
174 188
174 189
174 190
174 191
174 192
174 193
174 194
174 195
174 196
174 197
174 198
174 203
174 204
174 205
174 206
174 207
174 220
174 222
174 225
174 228
174 237
175 176
175 177
175 179
175 180
175 181
175 183
175 184
175 185
175 186
175 189
175 190
175 191
175 192
175 194
175 195
175 197
175 199
175 204
175 205
175 223
175 224
175 232
175 238
175 245
176 178
176 179
176 181
176 183
176 184
176 185
176 187
176 189
176 190
176 191
176 192
176 194
176 196
176 197
176 198
176 199
176 200
176 202
176 207
176 209
176 210
176 215
176 218
176 219
176 223
176 229
176 230
176 245
176 248
177 179
177 180
177 181
177 182
177 183
177 184
177 185
177 186
177 188
177 190
177 191
177 192
177 193
177 194
177 195
177 196
177 197
177 199
177 205
177 207
177 214
177 215
177 223
177 228
177 235
177 236
177 238
177 239
177 245
178 180
178 182
178 183
178 186
178 187
178 188
178 189
178 191
178 193
178 195
178 196
178 197
178 198
178 200
178 202
178 205
178 206
178 210
178 211
178 214
178 223
178 227
178 229
178 232
178 238
178 242
178 246
178 248
179 181
179 184
179 190
179 193
179 195
179 196
179 197
179 198
179 209
179 212
179 220
179 222
179 230
179 233
179 235
179 243
179 244
180 181
180 182
180 185
180 186
180 187
180 188
180 189
180 190
180 191
180 192
180 194
180 196
180 197
180 198
180 199
180 201
180 202
180 203
180 219
180 222
180 228
180 233
180 235
180 236
180 245
181 182
181 184
181 186
181 188
181 190
181 193
181 197
181 198
181 202
181 204
181 207
181 209
181 211
181 212
181 214
181 219
181 226
181 233
181 244
181 247
181 248
182 184
182 185
182 188
182 190
182 191
182 192
182 193
182 194
182 195
182 196
182 197
182 198
182 202
182 210
182 217
182 218
182 222
182 234
182 239
182 242
182 244
182 245
182 247
182 248
183 188
183 189
183 190
183 192
183 193
183 194
183 196
183 197
183 198
183 203
183 209
183 223
183 224
183 227
183 230
183 235
183 239
183 242
183 246
183 248
183 249
184 185
184 186
184 187
184 191
184 193
184 194
184 195
184 197
184 198
184 213
184 215
184 219
184 237
184 242
185 188
185 189
185 192
185 193
185 194
185 195
185 197
185 199
185 200
185 207
185 208
185 213
185 214
185 216
185 217
185 224
185 225
185 232
185 243
185 247
186 188
186 189
186 195
186 196
186 197
186 198
186 199
186 202
186 215
186 217
186 218
186 221
186 223
186 228
186 233
186 234
186 236
187 190
187 193
187 194
187 197
187 198
187 199
187 201
187 205
187 206
187 208
187 210
187 229
187 231
187 233
187 249
188 189
188 190
188 191
188 193
188 194
188 195
188 196
188 197
188 198
188 199
188 210
188 213
188 218
188 229
188 238
188 243
189 190
189 192
189 193
189 195
189 197
189 198
189 211
189 216
189 220
189 237
189 241
189 246
190 191
190 192
190 194
190 196
190 197
190 198
190 199
190 201
190 213
190 234
190 239
190 240
191 192
191 194
191 195
191 196
191 201
191 209
191 216
191 217
191 219
191 221
191 234
191 236
191 239
191 241
191 242
192 193
192 196
192 197
192 198
192 214
192 224
192 229
192 234
192 238
192 240
192 248
193 194
193 195
193 196
193 198
193 199
193 202
193 208
193 221
193 223
193 230
193 231
193 233
193 239
193 241
193 249
194 195
194 196
194 198
194 199
194 204
194 209
194 216
194 225
194 230
194 234
194 235
194 240
194 245
194 249
195 199
195 213
195 217
195 220
195 222
195 232
195 235
195 237
196 197
196 206
196 219
196 226
196 228
196 234
196 235
196 242
196 244
197 199
197 200
197 212
197 218
197 223
197 228
197 235
197 242
197 243
197 246
198 202
198 203
198 205
198 206
198 212
198 213
198 218
198 222
198 229
198 236
198 238
198 239
198 247
198 248
198 249
199 209
199 211
199 213
199 216
199 224
199 227
199 229
199 239
199 240
199 242
199 245
199 246
199 249
200 203
200 204
200 205
200 206
200 207
200 208
200 211
200 214
200 215
200 216
200 218
200 219
200 220
200 224
200 225
200 228
200 229
200 230
200 231
200 236
200 237
200 238
200 243
200 244
200 245
200 246
200 248
201 205
201 207
201 209
201 210
201 213
201 216
201 218
201 221
201 224
201 225
201 226
201 230
201 231
201 232
201 233
201 236
201 237
201 239
201 240
201 241
201 243
201 245
201 246
201 247
202 203
202 204
202 209
202 210
202 211
202 213
202 214
202 215
202 216
202 217
202 218
202 219
202 221
202 223
202 225
202 226
202 228
202 229
202 231
202 232
202 233
202 234
202 236
202 239
202 241
202 242
202 244
202 245
202 247
202 248
202 249
203 205
203 208
203 209
203 210
203 211
203 212
203 215
203 217
203 218
203 220
203 221
203 222
203 226
203 227
203 228
203 230
203 232
203 233
203 234
203 236
203 237
203 239
203 240
203 241
203 244
203 246
203 248
203 249
204 205
204 210
204 211
204 213
204 214
204 215
204 216
204 217
204 218
204 224
204 225
204 226
204 227
204 229
204 230
204 231
204 232
204 233
204 235
204 237
204 238
204 241
204 242
204 244
204 249
205 207
205 209
205 210
205 212
205 213
205 215
205 218
205 219
205 222
205 223
205 224
205 225
205 226
205 227
205 228
205 230
205 231
205 232
205 233
205 236
205 237
205 238
205 239
205 241
205 244
205 246
205 247
205 248
206 207
206 208
206 209
206 212
206 216
206 217
206 220
206 221
206 222
206 223
206 224
206 226
206 227
206 229
206 230
206 232
206 233
206 235
206 236
206 239
206 240
206 247
206 248
206 249
207 209
207 211
207 213
207 214
207 215
207 216
207 218
207 219
207 221
207 222
207 223
207 224
207 225
207 226
207 227
207 228
207 229
207 230
207 232
207 233
207 234
207 235
207 238
207 239
207 241
207 242
207 243
207 246
207 247
207 248
207 249
208 211
208 212
208 214
208 215
208 216
208 217
208 220
208 224
208 225
208 226
208 227
208 229
208 230
208 235
208 236
208 237
208 238
208 239
208 240
208 241
208 242
208 243
208 244
208 248
209 210
209 212
209 217
209 219
209 220
209 222
209 224
209 228
209 230
209 231
209 232
209 234
209 237
209 238
209 239
209 240
209 241
209 242
209 243
209 244
209 245
209 247
209 248
209 249
210 211
210 212
210 213
210 214
210 216
210 218
210 219
210 220
210 224
210 227
210 228
210 231
210 234
210 236
210 237
210 238
210 239
210 240
210 241
210 242
210 248
210 249
211 212
211 214
211 215
211 218
211 221
211 222
211 223
211 224
211 225
211 228
211 229
211 230
211 231
211 233
211 234
211 235
211 236
211 237
211 238
211 240
211 245
211 247
212 213
212 216
212 218
212 219
212 220
212 222
212 223
212 224
212 225
212 226
212 228
212 229
212 230
212 232
212 233
212 235
212 238
212 239
212 242
212 246
212 247
212 249
213 215
213 216
213 220
213 222
213 223
213 224
213 225
213 226
213 228
213 229
213 231
213 232
213 234
213 235
213 238
213 240
213 245
213 247
213 248
214 216
214 217
214 221
214 223
214 225
214 227
214 228
214 231
214 235
214 237
214 238
214 241
214 242
214 243
214 244
214 245
214 246
214 247
214 249
215 217
215 218
215 219
215 221
215 222
215 224
215 227
215 231
215 232
215 234
215 235
215 236
215 237
215 238
215 239
215 240
215 241
215 242
215 243
215 244
215 246
215 247
215 249
216 217
216 218
216 219
216 220
216 221
216 222
216 224
216 225
216 228
216 230
216 231
216 232
216 233
216 234
216 235
216 238
216 240
216 242
216 244
216 247
216 249
217 218
217 219
217 220
217 221
217 222
217 223
217 224
217 225
217 226
217 227
217 229
217 230
217 231
217 232
217 236
217 237
217 238
217 239
217 240
217 241
217 242
217 243
217 246
217 248
217 249
218 221
218 222
218 224
218 225
218 226
218 227
218 228
218 229
218 230
218 231
218 232
218 234
218 235
218 236
218 237
218 238
218 239
218 240
218 241
218 242
218 243
218 244
218 246
218 247
218 248
218 249
219 223
219 224
219 226
219 227
219 228
219 229
219 230
219 233
219 239
219 240
219 241
219 243
219 244
219 245
219 246
219 249
220 222
220 224
220 228
220 229
220 230
220 231
220 233
220 234
220 236
220 237
220 238
220 239
220 241
220 242
220 244
220 247
220 248
220 249
221 222
221 223
221 224
221 225
221 227
221 229
221 231
221 232
221 233
221 234
221 235
221 240
221 241
221 242
221 243
221 244
221 246
221 247
221 249
222 225
222 226
222 227
222 231
222 232
222 233
222 234
222 235
222 236
222 237
222 238
222 239
222 240
222 241
222 243
222 244
222 245
222 246
222 247
222 248
222 249
223 226
223 227
223 229
223 230
223 233
223 235
223 236
223 237
223 239
223 241
223 243
223 246
223 248
223 249
224 225
224 227
224 229
224 230
224 231
224 232
224 234
224 235
224 236
224 238
224 239
224 243
224 246
224 248
224 249
225 226
225 228
225 229
225 234
225 235
225 236
225 238
225 243
225 244
225 246
225 248
225 249
226 227
226 228
226 229
226 232
226 233
226 234
226 235
226 236
226 237
226 238
226 240
226 241
226 243
226 247
227 228
227 229
227 233
227 234
227 235
227 238
227 239
227 240
227 241
227 243
227 245
227 247
227 249
228 230
228 231
228 233
228 234
228 235
228 236
228 237
228 238
228 239
228 240
228 241
228 242
228 243
228 245
228 246
228 247
228 248
229 233
229 234
229 235
229 236
229 238
229 239
229 240
229 241
229 242
229 243
229 244
229 245
229 246
229 248
229 249
230 232
230 233
230 234
230 236
230 238
230 240
230 241
230 242
230 243
230 245
230 247
230 248
230 249
231 234
231 235
231 239
231 241
231 242
231 244
231 247
231 248
231 249
232 235
232 236
232 237
232 241
232 242
232 243
232 244
232 245
232 249
233 236
233 239
233 240
233 241
233 242
233 243
233 244
233 245
233 246
233 247
233 249
234 235
234 236
234 242
234 243
234 244
234 245
234 247
234 248
235 236
235 237
235 238
235 240
235 241
235 242
235 244
235 245
235 248
235 249
236 238
236 240
236 241
236 243
236 246
236 249
237 239
237 241
237 242
237 243
237 244
237 247
237 249
238 241
238 242
238 245
238 249
239 242
239 243
239 244
239 245
239 248
240 241
240 242
240 243
240 244
240 247
240 248
241 245
241 246
241 248
241 249
242 243
242 244
242 245
242 246
242 247
242 248
242 249
243 246
243 248
244 245
244 246
244 247
245 246
245 247
245 249
246 248
246 249
247 249
