0 2
0 3
0 4
0 8
0 9
0 12
0 13
0 14
0 20
0 24
0 25
0 26
0 29
0 32
0 34
0 36
0 37
0 38
0 40
0 42
0 44
0 45
0 46
0 48
0 49
0 53
0 56
0 140
0 149
0 156
0 245
0 249
1 2
1 4
1 5
1 6
1 7
1 8
1 9
1 10
1 12
1 14
1 15
1 16
1 17
1 19
1 20
1 21
1 22
1 23
1 24
1 25
1 26
1 28
1 31
1 32
1 33
1 34
1 35
1 36
1 38
1 40
1 42
1 43
1 44
1 45
1 47
1 49
1 60
1 68
1 84
1 100
1 108
1 109
1 116
1 120
1 194
1 220
2 3
2 5
2 7
2 9
2 10
2 11
2 13
2 14
2 15
2 16
2 17
2 18
2 20
2 22
2 24
2 26
2 27
2 28
2 29
2 30
2 31
2 32
2 34
2 36
2 38
2 39
2 40
2 42
2 43
2 45
2 49
2 73
2 83
2 134
2 166
2 213
2 214
2 242
3 4
3 5
3 7
3 9
3 10
3 13
3 15
3 16
3 18
3 19
3 20
3 22
3 23
3 24
3 25
3 26
3 27
3 28
3 29
3 32
3 35
3 36
3 38
3 41
3 43
3 44
3 47
3 49
3 71
3 101
3 105
3 169
3 186
3 196
3 219
3 236
4 5
4 6
4 7
4 8
4 9
4 10
4 11
4 12
4 14
4 15
4 16
4 17
4 18
4 20
4 21
4 24
4 25
4 26
4 27
4 28
4 29
4 30
4 31
4 32
4 34
4 35
4 36
4 38
4 40
4 41
4 42
4 44
4 46
4 47
4 48
4 95
4 168
4 173
4 186
4 208
4 224
4 245
5 6
5 11
5 12
5 14
5 15
5 17
5 18
5 20
5 22
5 23
5 27
5 30
5 32
5 33
5 34
5 35
5 36
5 37
5 38
5 39
5 40
5 41
5 42
5 43
5 45
5 47
5 48
5 55
5 61
5 66
5 76
5 84
5 98
5 136
5 138
5 112
5 114
5 120
5 122
5 123
5 126
5 153
5 163
5 196
5 202
5 234
5 237
6 7
6 8
6 11
6 12
6 13
6 15
6 17
6 19
6 20
6 22
6 23
6 24
6 26
6 29
6 30
6 31
6 32
6 33
6 35
6 37
6 41
6 42
6 44
6 45
6 46
6 47
6 49
6 69
6 79
6 137
6 112
6 113
6 116
6 121
6 172
6 189
6 219
6 228
7 8
7 9
7 12
7 17
7 18
7 20
7 23
7 24
7 25
7 26
7 27
7 28
7 29
7 31
7 33
7 34
7 38
7 39
7 41
7 43
7 44
7 45
7 48
7 49
7 51
7 74
7 90
7 134
7 136
7 143
7 121
7 167
7 173
7 183
7 199
7 208
7 231
8 12
8 13
8 14
8 15
8 16
8 17
8 18
8 21
8 24
8 25
8 26
8 27
8 31
8 32
8 33
8 35
8 38
8 39
8 40
8 41
8 42
8 44
8 45
8 48
8 99
8 147
8 121
8 127
8 198
8 199
8 228
8 237
8 240
9 13
9 16
9 18
9 19
9 20
9 21
9 22
9 24
9 25
9 30
9 32
9 36
9 37
9 38
9 39
9 40
9 42
9 43
9 44
9 45
9 47
9 48
9 49
9 67
9 69
9 77
9 80
9 230
9 235
9 236
10 11
10 12
10 14
10 15
10 16
10 17
10 18
10 20
10 21
10 22
10 24
10 25
10 28
10 32
10 33
10 35
10 36
10 38
10 42
10 43
10 44
10 45
10 48
10 77
10 123
10 194
10 205
10 208
11 12
11 13
11 14
11 15
11 16
11 18
11 21
11 23
11 24
11 27
11 28
11 29
11 30
11 33
11 34
11 36
11 43
11 44
11 45
11 47
11 49
11 53
11 67
11 136
11 145
11 119
11 120
11 172
11 182
11 186
11 199
11 237
11 241
12 15
12 19
12 21
12 22
12 23
12 24
12 25
12 27
12 31
12 32
12 33
12 35
12 36
12 38
12 39
12 40
12 42
12 43
12 45
12 48
12 49
12 66
12 73
12 100
12 106
12 163
12 170
12 181
12 244
13 14
13 16
13 18
13 19
13 20
13 21
13 22
13 23
13 24
13 28
13 31
13 33
13 34
13 36
13 37
13 38
13 39
13 42
13 44
13 48
13 79
13 137
13 100
13 110
13 125
13 180
13 185
13 218
13 228
14 15
14 18
14 21
14 22
14 23
14 24
14 26
14 27
14 28
14 29
14 30
14 31
14 33
14 34
14 36
14 38
14 39
14 40
14 42
14 43
14 46
14 47
14 49
14 56
14 70
14 96
14 148
14 108
14 167
14 180
14 234
15 16
15 18
15 22
15 25
15 26
15 27
15 28
15 29
15 31
15 33
15 34
15 35
15 36
15 37
15 38
15 40
15 42
15 43
15 44
15 45
15 46
15 60
15 62
15 69
15 85
15 88
15 146
15 115
15 119
15 162
15 170
15 195
15 225
15 236
15 245
16 17
16 20
16 21
16 22
16 25
16 26
16 29
16 32
16 33
16 35
16 37
16 38
16 40
16 42
16 43
16 45
16 46
16 47
16 48
16 70
16 80
16 130
16 183
16 188
16 236
17 18
17 19
17 21
17 22
17 23
17 24
17 25
17 26
17 27
17 28
17 29
17 30
17 32
17 35
17 38
17 39
17 40
17 41
17 43
17 46
17 47
17 49
17 80
17 83
17 104
17 126
17 157
17 167
17 172
17 219
17 228
17 230
17 247
17 249
18 19
18 23
18 24
18 25
18 26
18 29
18 30
18 32
18 33
18 34
18 35
18 37
18 38
18 39
18 40
18 41
18 42
18 44
18 45
18 46
18 49
18 88
18 109
18 117
18 122
18 152
18 183
18 190
18 209
18 242
18 244
19 20
19 21
19 22
19 24
19 26
19 27
19 31
19 32
19 33
19 35
19 36
19 38
19 39
19 40
19 41
19 43
19 44
19 46
19 48
19 51
19 55
19 64
19 97
19 142
19 148
19 149
19 101
19 114
19 115
19 117
19 159
19 169
19 174
19 190
19 220
20 24
20 29
20 30
20 31
20 33
20 34
20 36
20 37
20 38
20 43
20 44
20 47
20 48
20 49
20 65
20 75
20 184
20 191
20 212
21 23
21 29
21 30
21 32
21 33
21 34
21 35
21 36
21 38
21 40
21 41
21 43
21 45
21 48
21 49
21 56
21 68
21 88
21 136
21 109
21 127
21 193
21 203
21 206
21 220
21 223
21 239
22 23
22 24
22 26
22 27
22 29
22 30
22 31
22 33
22 34
22 36
22 37
22 38
22 39
22 41
22 42
22 43
22 44
22 45
22 46
22 47
22 48
22 49
22 77
22 95
22 137
22 103
22 116
22 120
22 121
22 183
22 205
22 211
22 248
23 24
23 25
23 26
23 27
23 29
23 32
23 33
23 36
23 38
23 39
23 40
23 42
23 43
23 44
23 47
23 85
23 135
23 136
23 137
23 102
23 125
23 127
23 185
23 205
23 219
23 220
24 25
24 26
24 29
24 31
24 32
24 33
24 34
24 35
24 36
24 37
24 38
24 41
24 42
24 45
24 48
24 58
24 89
24 93
24 95
24 139
24 140
24 116
24 208
24 211
24 231
24 234
25 26
25 28
25 29
25 34
25 36
25 37
25 38
25 39
25 41
25 42
25 44
25 46
25 47
25 48
25 49
25 71
25 126
25 151
25 156
25 164
25 175
25 197
25 207
25 208
25 209
25 243
26 27
26 29
26 33
26 34
26 35
26 37
26 40
26 41
26 42
26 43
26 44
26 47
26 48
26 49
26 68
26 87
26 111
26 155
26 182
26 184
26 205
26 216
26 236
27 28
27 29
27 30
27 31
27 35
27 37
27 40
27 41
27 43
27 45
27 46
27 49
27 62
27 64
27 80
27 85
27 145
27 109
27 118
27 119
27 177
27 185
27 209
27 249
28 29
28 30
28 31
28 32
28 35
28 38
28 39
28 40
28 41
28 42
28 43
28 46
28 51
28 97
28 135
28 137
28 107
28 124
28 166
28 172
28 180
28 216
28 224
28 226
29 33
29 35
29 36
29 37
29 38
29 41
29 43
29 46
29 47
29 48
29 49
29 129
29 132
29 104
29 127
29 153
29 169
29 198
29 207
29 210
29 217
29 234
29 242
30 31
30 32
30 33
30 35
30 36
30 37
30 38
30 41
30 42
30 43
30 44
30 46
30 47
30 48
30 86
30 144
30 102
30 120
30 124
30 178
30 188
30 190
30 198
30 221
31 32
31 33
31 37
31 39
31 40
31 41
31 42
31 44
31 45
31 46
31 47
31 48
31 57
31 77
31 86
31 130
31 108
31 116
31 151
31 205
31 216
31 232
32 33
32 34
32 35
32 36
32 37
32 38
32 39
32 40
32 42
32 44
32 46
32 49
32 128
32 132
32 176
32 184
32 241
32 243
33 34
33 35
33 38
33 39
33 40
33 42
33 44
33 46
33 47
33 52
33 59
33 90
33 129
33 135
33 138
33 140
33 127
33 152
33 153
33 181
33 191
33 245
34 35
34 36
34 37
34 38
34 39
34 44
34 46
34 47
34 49
34 54
34 57
34 71
34 72
34 90
34 110
34 124
34 175
35 37
35 38
35 41
35 42
35 43
35 44
35 48
35 65
35 105
35 174
35 175
35 178
35 202
35 216
35 229
36 39
36 42
36 43
36 44
36 45
36 46
36 48
36 49
36 73
36 111
36 126
36 177
36 181
36 211
36 215
36 238
36 248
37 38
37 40
37 41
37 42
37 44
37 46
37 49
37 86
37 104
37 113
37 120
37 157
37 162
37 172
37 189
37 228
37 239
38 39
38 40
38 42
38 45
38 46
38 47
38 49
38 86
38 89
38 132
38 138
38 150
38 153
38 178
38 217
38 229
38 240
38 248
39 42
39 45
39 46
39 48
39 49
39 135
39 140
39 100
39 123
39 153
39 168
39 175
39 205
39 248
40 42
40 43
40 44
40 47
40 48
40 57
40 73
40 86
40 93
40 138
40 144
40 116
40 176
40 215
40 219
40 240
40 248
41 42
41 45
41 47
41 58
41 61
41 64
41 86
41 91
41 127
41 160
41 167
41 233
41 237
41 240
42 44
42 45
42 49
42 80
42 82
42 86
42 113
42 115
42 152
42 170
42 184
42 187
42 208
42 211
42 235
42 237
42 244
43 46
43 47
43 48
43 49
43 146
43 151
43 179
43 188
43 201
43 203
43 205
43 249
44 45
44 75
44 141
44 145
44 106
44 115
44 208
44 235
44 238
45 46
45 48
45 50
45 58
45 72
45 77
45 128
45 130
45 105
45 106
45 123
45 125
45 157
45 170
45 180
45 222
46 48
46 49
46 75
46 89
46 135
46 156
46 162
46 168
46 173
46 193
46 214
46 238
46 248
47 48
47 87
47 146
47 114
47 161
47 163
47 169
47 207
47 211
47 217
48 49
48 89
48 99
48 107
48 114
48 117
48 118
48 121
48 127
48 172
48 213
48 236
48 243
49 60
49 84
49 93
49 136
49 140
49 109
49 160
49 162
49 171
50 51
50 52
50 53
50 54
50 55
50 57
50 58
50 59
50 61
50 62
50 63
50 65
50 68
50 69
50 70
50 71
50 73
50 74
50 75
50 76
50 79
50 80
50 82
50 85
50 86
50 88
50 89
50 90
50 94
50 95
50 96
50 97
50 98
50 132
50 108
50 121
50 185
50 191
50 192
50 198
50 208
50 246
50 249
51 53
51 54
51 55
51 56
51 58
51 59
51 60
51 61
51 63
51 65
51 66
51 67
51 68
51 69
51 72
51 73
51 74
51 75
51 76
51 77
51 79
51 80
51 81
51 83
51 86
51 90
51 91
51 93
51 94
51 95
51 96
51 98
51 128
51 138
51 147
51 127
51 162
51 163
51 200
51 221
51 236
51 238
52 53
52 54
52 55
52 56
52 58
52 60
52 61
52 62
52 64
52 65
52 66
52 67
52 68
52 69
52 71
52 73
52 74
52 75
52 76
52 78
52 80
52 82
52 85
52 86
52 88
52 91
52 93
52 94
52 95
52 96
52 97
52 98
52 99
52 128
52 100
52 161
52 201
52 232
52 234
53 55
53 56
53 58
53 59
53 60
53 61
53 62
53 64
53 67
53 68
53 69
53 70
53 71
53 73
53 76
53 78
53 79
53 82
53 83
53 85
53 87
53 89
53 90
53 93
53 94
53 95
53 97
53 98
53 99
53 109
53 126
53 178
53 179
53 198
53 240
54 56
54 57
54 59
54 60
54 63
54 64
54 65
54 66
54 67
54 70
54 71
54 73
54 74
54 76
54 77
54 78
54 80
54 81
54 82
54 83
54 85
54 86
54 88
54 94
54 95
54 98
54 135
54 104
54 108
54 112
54 124
54 174
54 186
54 213
54 216
54 234
55 56
55 57
55 59
55 61
55 62
55 64
55 65
55 66
55 67
55 68
55 70
55 71
55 72
55 73
55 75
55 77
55 78
55 80
55 82
55 84
55 85
55 86
55 88
55 89
55 91
55 92
55 93
55 94
55 95
55 96
55 97
55 98
55 99
55 136
55 139
55 120
55 150
55 156
55 164
55 181
55 202
55 225
55 242
56 58
56 59
56 61
56 62
56 63
56 64
56 65
56 67
56 69
56 70
56 71
56 72
56 73
56 75
56 76
56 77
56 78
56 80
56 82
56 83
56 84
56 85
56 87
56 89
56 92
56 93
56 94
56 96
56 97
56 150
56 162
56 206
56 243
57 58
57 62
57 63
57 64
57 65
57 70
57 73
57 74
57 75
57 76
57 77
57 78
57 81
57 82
57 83
57 84
57 85
57 86
57 87
57 88
57 90
57 91
57 93
57 94
57 95
57 96
57 135
57 141
57 119
57 127
57 152
57 157
57 160
57 167
57 187
57 207
57 228
58 59
58 61
58 63
58 64
58 67
58 69
58 70
58 72
58 73
58 75
58 76
58 77
58 79
58 82
58 83
58 84
58 85
58 86
58 87
58 88
58 90
58 91
58 93
58 94
58 97
58 98
58 99
58 123
58 171
58 189
58 222
58 240
58 244
58 248
59 60
59 61
59 65
59 66
59 67
59 68
59 69
59 70
59 71
59 74
59 75
59 76
59 78
59 79
59 80
59 81
59 82
59 83
59 85
59 86
59 87
59 88
59 89
59 90
59 91
59 92
59 94
59 95
59 98
59 131
59 146
59 147
59 101
59 176
59 183
59 188
59 197
59 220
59 231
59 233
59 247
59 248
60 64
60 65
60 68
60 71
60 72
60 73
60 74
60 75
60 76
60 78
60 79
60 80
60 81
60 82
60 84
60 85
60 86
60 88
60 90
60 92
60 94
60 97
60 134
60 146
60 154
60 163
60 169
60 185
60 197
60 225
60 233
61 62
61 63
61 64
61 67
61 73
61 75
61 78
61 80
61 81
61 82
61 83
61 86
61 91
61 93
61 96
61 142
61 102
61 105
61 106
61 174
61 195
61 224
62 64
62 65
62 66
62 67
62 68
62 70
62 71
62 73
62 74
62 75
62 77
62 78
62 81
62 83
62 85
62 86
62 90
62 91
62 93
62 94
62 96
62 98
62 99
62 147
62 149
62 100
62 174
62 190
62 194
62 200
62 204
62 206
62 222
62 234
62 243
63 65
63 69
63 72
63 73
63 74
63 75
63 77
63 78
63 79
63 81
63 82
63 83
63 87
63 91
63 92
63 93
63 94
63 95
63 96
63 97
63 98
63 150
63 188
63 193
63 199
63 201
63 220
63 237
63 246
64 66
64 67
64 68
64 72
64 77
64 79
64 80
64 82
64 83
64 84
64 85
64 86
64 88
64 91
64 92
64 95
64 97
64 99
64 141
64 108
64 111
64 153
64 158
64 200
64 246
65 66
65 67
65 71
65 72
65 73
65 78
65 80
65 82
65 83
65 85
65 88
65 90
65 92
65 93
65 95
65 96
65 97
65 99
65 120
65 126
65 150
65 196
66 68
66 71
66 74
66 76
66 77
66 78
66 79
66 82
66 83
66 85
66 90
66 92
66 94
66 98
66 143
66 153
66 196
66 225
67 68
67 69
67 70
67 71
67 73
67 74
67 75
67 79
67 80
67 81
67 83
67 84
67 86
67 87
67 89
67 90
67 91
67 93
67 95
67 96
67 167
67 176
67 223
67 237
68 70
68 73
68 76
68 80
68 81
68 82
68 83
68 84
68 85
68 86
68 87
68 89
68 90
68 91
68 92
68 93
68 94
68 95
68 96
68 98
68 99
68 134
68 135
68 142
68 118
68 125
68 162
68 211
68 238
68 239
69 70
69 71
69 73
69 75
69 77
69 78
69 80
69 81
69 82
69 83
69 85
69 87
69 88
69 91
69 92
69 93
69 95
69 96
69 97
69 98
69 128
69 139
69 104
69 122
69 152
69 159
69 162
69 163
69 174
69 223
69 239
70 71
70 74
70 75
70 76
70 77
70 78
70 79
70 80
70 82
70 83
70 84
70 85
70 86
70 87
70 90
70 91
70 92
70 96
70 97
70 98
70 99
70 136
70 140
70 143
70 148
70 170
70 217
70 234
71 72
71 73
71 74
71 75
71 76
71 78
71 79
71 80
71 86
71 87
71 90
71 91
71 93
71 94
71 95
71 97
71 98
71 99
71 132
71 165
71 167
71 246
72 73
72 75
72 76
72 77
72 78
72 79
72 81
72 82
72 83
72 84
72 85
72 89
72 91
72 92
72 94
72 95
72 97
72 98
72 148
72 107
72 165
72 174
72 209
72 238
72 243
73 76
73 77
73 78
73 79
73 80
73 81
73 82
73 84
73 85
73 87
73 88
73 89
73 90
73 93
73 98
73 99
73 134
73 144
73 100
73 160
73 172
73 182
73 214
73 225
73 226
74 75
74 76
74 77
74 78
74 79
74 80
74 81
74 83
74 86
74 87
74 88
74 89
74 90
74 91
74 93
74 94
74 96
74 102
74 103
74 114
74 165
74 187
74 196
74 198
74 206
74 242
75 76
75 77
75 78
75 81
75 84
75 85
75 88
75 89
75 90
75 92
75 93
75 94
75 96
75 97
75 98
75 99
75 129
75 131
75 132
75 108
75 123
75 126
75 127
75 157
75 161
75 175
75 228
75 240
76 77
76 78
76 79
76 81
76 82
76 83
76 84
76 85
76 86
76 87
76 89
76 90
76 93
76 94
76 96
76 97
76 98
76 131
76 142
76 102
76 118
76 127
76 153
76 158
76 179
76 246
77 78
77 79
77 81
77 83
77 85
77 87
77 91
77 94
77 97
77 98
77 135
77 143
77 101
77 175
77 178
77 219
77 230
77 234
77 247
78 79
78 80
78 84
78 85
78 87
78 88
78 89
78 93
78 96
78 99
78 128
78 147
78 117
78 172
78 173
78 177
78 186
78 202
78 236
78 241
78 245
79 80
79 82
79 84
79 85
79 87
79 88
79 91
79 92
79 94
79 95
79 96
79 97
79 99
79 138
79 158
79 159
79 197
79 220
79 225
79 226
79 228
79 243
80 81
80 83
80 85
80 86
80 87
80 88
80 89
80 91
80 92
80 93
80 95
80 96
80 98
80 99
80 132
80 139
80 116
80 167
80 177
80 205
80 222
80 237
80 245
81 82
81 84
81 85
81 86
81 87
81 88
81 89
81 91
81 92
81 93
81 96
81 139
81 113
81 118
81 189
81 197
81 230
82 83
82 84
82 85
82 88
82 89
82 90
82 92
82 95
82 97
82 98
82 99
82 137
82 101
82 121
82 194
82 209
82 218
82 236
82 244
83 84
83 85
83 86
83 88
83 89
83 90
83 92
83 96
83 98
83 140
83 145
83 101
83 151
83 160
83 198
83 220
83 240
84 85
84 86
84 88
84 90
84 91
84 93
84 94
84 96
84 97
84 99
84 130
84 101
84 118
84 163
84 197
84 203
84 234
85 86
85 92
85 94
85 95
85 96
85 97
85 99
85 141
85 165
85 175
85 202
85 228
85 231
86 87
86 90
86 92
86 93
86 94
86 95
86 96
86 97
86 98
86 137
86 149
86 114
86 189
86 218
86 242
87 89
87 92
87 93
87 94
87 96
87 97
87 98
87 99
87 160
87 171
87 212
87 233
87 235
88 91
88 93
88 94
88 95
88 96
88 98
88 99
88 129
88 100
88 158
88 184
88 188
88 200
88 229
88 236
89 90
89 91
89 95
89 96
89 98
89 102
89 113
89 187
89 223
89 228
89 229
90 91
90 92
90 93
90 95
90 96
90 97
90 146
90 119
90 194
90 196
90 200
90 210
90 239
90 240
90 247
91 92
91 96
91 97
91 98
91 143
91 104
91 111
91 125
91 165
91 189
91 192
91 204
91 215
91 229
91 241
92 94
92 96
92 97
92 98
92 142
92 148
92 121
92 167
92 172
92 218
92 241
93 94
93 96
93 97
93 98
93 138
93 139
93 109
93 122
93 158
93 170
93 178
93 189
93 196
93 211
93 214
93 231
93 232
93 246
94 95
94 129
94 103
94 127
94 150
94 178
94 182
94 205
94 225
95 96
95 98
95 129
95 144
95 101
95 247
96 97
96 99
96 133
96 134
96 147
96 107
96 174
96 180
96 203
96 247
97 139
97 101
97 117
97 219
97 224
97 237
98 108
98 120
98 169
98 172
98 191
98 242
99 139
99 146
99 101
99 169
99 177
99 216
99 226
99 245
99 247
128 129
128 130
128 131
128 132
128 133
128 134
128 135
128 137
128 138
128 139
128 140
128 143
128 144
128 147
128 148
128 149
128 100
128 101
128 102
128 107
128 108
128 111
128 116
128 119
128 121
128 122
128 123
128 124
128 125
128 127
128 158
128 165
128 182
128 200
128 206
128 227
128 244
129 130
129 131
129 133
129 135
129 138
129 140
129 144
129 146
129 147
129 148
129 101
129 102
129 103
129 105
129 107
129 108
129 111
129 112
129 113
129 116
129 117
129 120
129 121
129 122
129 123
129 124
129 125
129 127
129 213
130 134
130 135
130 136
130 139
130 140
130 143
130 144
130 145
130 147
130 148
130 149
130 100
130 101
130 103
130 104
130 106
130 107
130 113
130 114
130 115
130 116
130 119
130 120
130 121
130 124
130 126
130 127
130 233
130 237
131 132
131 134
131 135
131 137
131 138
131 139
131 143
131 144
131 145
131 146
131 147
131 149
131 100
131 101
131 102
131 104
131 106
131 107
131 111
131 113
131 114
131 115
131 117
131 118
131 119
131 120
131 126
131 127
131 160
131 191
131 196
131 200
131 206
131 229
131 244
131 247
132 134
132 138
132 139
132 140
132 141
132 142
132 143
132 144
132 145
132 146
132 148
132 149
132 100
132 102
132 105
132 106
132 107
132 108
132 109
132 112
132 114
132 115
132 116
132 117
132 118
132 120
132 121
132 126
132 162
132 183
132 193
132 201
132 208
133 135
133 136
133 137
133 138
133 139
133 140
133 141
133 143
133 144
133 147
133 100
133 101
133 102
133 103
133 104
133 105
133 106
133 110
133 111
133 112
133 114
133 115
133 116
133 118
133 119
133 123
133 126
133 127
133 166
133 174
133 227
134 137
134 138
134 139
134 140
134 141
134 143
134 144
134 146
134 147
134 148
134 149
134 101
134 102
134 104
134 105
134 106
134 107
134 114
134 116
134 117
134 118
134 120
134 121
134 122
134 123
134 124
134 126
134 127
134 161
134 165
134 175
134 187
134 204
134 205
134 238
135 137
135 138
135 139
135 141
135 143
135 144
135 147
135 148
135 149
135 101
135 104
135 108
135 109
135 110
135 112
135 115
135 116
135 117
135 119
135 121
135 122
135 123
135 124
135 126
135 127
135 153
135 200
135 230
135 236
135 245
136 137
136 138
136 139
136 140
136 142
136 143
136 144
136 146
136 147
136 149
136 100
136 101
136 103
136 104
136 105
136 107
136 108
136 110
136 111
136 113
136 115
136 118
136 119
136 121
136 122
136 123
136 125
136 126
136 127
136 158
136 190
136 243
137 138
137 140
137 141
137 143
137 144
137 145
137 146
137 147
137 148
137 149
137 100
137 101
137 102
137 103
137 104
137 105
137 107
137 108
137 112
137 114
137 115
137 118
137 121
137 122
137 124
137 125
137 126
137 127
137 179
137 184
137 186
137 236
138 139
138 140
138 141
138 143
138 144
138 149
138 101
138 102
138 103
138 104
138 106
138 107
138 108
138 109
138 112
138 113
138 114
138 116
138 117
138 118
138 119
138 121
138 123
138 126
138 180
138 199
138 201
138 202
138 222
138 232
138 235
139 140
139 141
139 142
139 145
139 146
139 147
139 148
139 149
139 100
139 102
139 104
139 105
139 107
139 108
139 111
139 112
139 114
139 115
139 116
139 117
139 120
139 121
139 122
139 123
139 124
139 125
139 127
139 167
139 173
139 189
139 193
139 194
139 196
139 228
139 249
140 143
140 145
140 148
140 100
140 102
140 105
140 106
140 107
140 108
140 112
140 114
140 115
140 116
140 118
140 119
140 120
140 124
140 175
140 178
140 195
140 197
140 200
140 221
140 239
141 142
141 143
141 145
141 146
141 147
141 149
141 100
141 101
141 102
141 103
141 104
141 105
141 107
141 108
141 110
141 111
141 113
141 114
141 116
141 117
141 118
141 119
141 121
141 123
141 124
141 125
141 127
141 159
141 177
141 193
141 205
141 215
141 220
141 230
142 143
142 145
142 146
142 147
142 149
142 100
142 101
142 102
142 103
142 105
142 106
142 108
142 109
142 110
142 111
142 115
142 116
142 117
142 118
142 119
142 120
142 122
142 123
142 124
142 126
142 193
142 212
142 213
142 228
143 145
143 146
143 147
143 100
143 101
143 103
143 105
143 112
143 114
143 116
143 117
143 120
143 125
143 127
143 150
143 151
143 174
143 245
144 146
144 147
144 148
144 149
144 100
144 102
144 103
144 106
144 110
144 113
144 115
144 117
144 118
144 119
144 120
144 121
144 123
144 124
144 125
144 150
144 164
144 212
145 146
145 147
145 148
145 149
145 101
145 102
145 103
145 104
145 106
145 107
145 108
145 109
145 110
145 111
145 112
145 113
145 115
145 117
145 118
145 119
145 120
145 121
145 122
145 123
145 124
145 125
145 126
145 162
145 182
145 187
145 188
145 192
145 205
145 223
145 240
146 148
146 149
146 101
146 102
146 103
146 104
146 106
146 108
146 109
146 110
146 111
146 113
146 114
146 117
146 118
146 119
146 121
146 124
146 125
146 126
146 150
146 152
146 218
146 249
147 148
147 149
147 100
147 102
147 103
147 105
147 106
147 109
147 110
147 112
147 113
147 114
147 115
147 117
147 119
147 120
147 121
147 124
147 127
147 169
147 170
147 173
147 208
147 209
147 212
147 215
148 149
148 100
148 102
148 103
148 104
148 106
148 107
148 108
148 109
148 112
148 114
148 119
148 120
148 124
148 126
148 127
148 153
148 197
148 200
148 202
149 100
149 101
149 103
149 106
149 107
149 108
149 109
149 111
149 113
149 114
149 115
149 116
149 117
149 118
149 119
149 120
149 123
149 127
149 199
149 228
100 101
100 102
100 103
100 105
100 107
100 109
100 111
100 114
100 115
100 116
100 123
100 125
100 126
100 127
100 181
100 219
100 224
100 238
100 240
101 103
101 107
101 108
101 110
101 113
101 116
101 117
101 119
101 120
101 123
101 124
101 126
101 127
101 162
101 206
101 210
101 217
101 230
101 245
102 105
102 106
102 109
102 110
102 112
102 113
102 114
102 115
102 116
102 119
102 120
102 121
102 122
102 123
102 124
102 126
102 187
102 201
102 242
102 246
103 105
103 106
103 108
103 110
103 113
103 114
103 116
103 119
103 120
103 123
103 126
103 155
103 181
103 183
103 227
103 238
104 105
104 108
104 112
104 113
104 116
104 117
104 120
104 122
104 123
104 124
104 125
104 127
104 157
104 170
104 178
104 226
104 229
104 248
105 106
105 107
105 108
105 112
105 113
105 114
105 117
105 119
105 120
105 121
105 122
105 123
105 125
105 126
105 127
105 216
105 228
105 242
106 107
106 108
106 109
106 111
106 112
106 116
106 117
106 118
106 120
106 121
106 122
106 123
106 124
106 125
106 126
106 127
106 155
106 160
106 203
106 212
107 108
107 109
107 110
107 111
107 113
107 114
107 116
107 117
107 119
107 120
107 121
107 122
107 123
107 126
107 166
107 167
107 174
107 196
107 227
107 248
108 109
108 110
108 111
108 113
108 114
108 115
108 116
108 117
108 118
108 119
108 121
108 122
108 123
108 125
108 126
108 150
108 180
108 191
108 239
109 111
109 112
109 115
109 116
109 119
109 121
109 124
109 126
109 127
109 150
109 185
109 247
110 111
110 113
110 116
110 117
110 118
110 119
110 121
110 122
110 123
110 125
110 126
110 127
110 150
110 198
111 112
111 113
111 114
111 115
111 116
111 117
111 118
111 120
111 123
111 124
111 126
111 127
111 179
111 183
111 191
111 225
112 113
112 115
112 117
112 118
112 119
112 120
112 121
112 122
112 123
112 124
112 125
112 126
112 171
112 175
112 219
113 114
113 115
113 116
113 117
113 119
113 120
113 124
113 155
113 170
113 188
113 200
113 238
113 240
114 115
114 118
114 120
114 126
114 127
114 153
114 169
114 184
114 203
114 210
114 249
115 120
115 122
115 124
115 126
115 127
115 173
115 204
115 215
115 216
115 229
115 247
116 117
116 119
116 122
116 123
116 125
116 126
116 127
116 169
116 174
116 180
116 201
116 202
116 221
116 226
117 118
117 119
117 121
117 124
117 125
117 126
117 169
117 190
117 217
117 221
117 228
118 119
118 120
118 121
118 122
118 123
118 124
118 127
118 164
118 205
118 235
119 121
119 124
119 127
119 153
119 187
120 123
120 126
120 127
120 156
120 167
120 181
121 122
121 123
121 125
121 126
121 153
121 161
121 180
121 209
121 238
121 248
122 123
122 124
122 125
122 127
122 154
122 173
122 241
123 124
123 125
123 152
123 153
123 154
123 161
123 193
123 233
124 125
124 126
124 127
124 158
124 167
124 172
124 206
124 227
125 193
125 203
126 157
126 170
126 183
127 159
127 170
127 191
127 248
150 151
150 152
150 153
150 156
150 158
150 160
150 162
150 163
150 165
150 166
150 167
150 168
150 169
150 170
150 173
150 177
150 178
150 179
150 180
150 181
150 183
150 184
150 185
150 186
150 187
150 188
150 190
150 191
150 192
150 193
150 194
150 196
150 197
150 198
150 249
151 152
151 156
151 158
151 160
151 162
151 163
151 164
151 166
151 167
151 168
151 169
151 170
151 171
151 172
151 173
151 176
151 177
151 178
151 179
151 181
151 182
151 184
151 185
151 186
151 187
151 188
151 190
151 194
151 197
151 199
151 210
151 221
151 235
151 241
152 153
152 155
152 157
152 159
152 160
152 161
152 162
152 163
152 165
152 166
152 167
152 168
152 169
152 171
152 172
152 174
152 178
152 180
152 185
152 186
152 188
152 194
152 195
152 211
152 224
153 154
153 155
153 157
153 158
153 162
153 163
153 165
153 166
153 168
153 170
153 171
153 172
153 175
153 176
153 177
153 179
153 181
153 182
153 183
153 185
153 188
153 191
153 193
153 194
153 195
153 196
153 198
153 221
154 156
154 157
154 159
154 160
154 161
154 162
154 163
154 164
154 165
154 166
154 168
154 169
154 172
154 173
154 174
154 179
154 180
154 182
154 183
154 184
154 185
154 186
154 188
154 190
154 191
154 192
154 193
154 197
154 221
154 237
154 243
154 244
155 156
155 157
155 158
155 159
155 160
155 162
155 163
155 164
155 165
155 168
155 169
155 171
155 176
155 177
155 178
155 181
155 182
155 183
155 184
155 186
155 187
155 188
155 190
155 191
155 192
155 194
155 196
155 198
155 199
155 234
156 158
156 159
156 161
156 163
156 165
156 166
156 167
156 168
156 169
156 170
156 172
156 174
156 176
156 177
156 180
156 182
156 184
156 185
156 187
156 188
156 189
156 191
156 193
156 194
156 199
156 202
156 216
156 245
156 247
157 160
157 161
157 162
157 163
157 166
157 167
157 168
157 169
157 170
157 171
157 173
157 174
157 179
157 182
157 183
157 184
157 186
157 189
157 190
157 191
157 193
157 194
157 196
157 198
157 203
157 242
158 159
158 160
158 163
158 164
158 166
158 167
158 170
158 171
158 172
158 173
158 175
158 176
158 180
158 181
158 182
158 184
158 186
158 187
158 188
158 189
158 190
158 191
158 192
158 193
158 195
158 197
158 198
158 201
158 235
159 162
159 165
159 166
159 168
159 170
159 171
159 172
159 173
159 175
159 176
159 177
159 180
159 182
159 184
159 186
159 187
159 189
159 190
159 191
159 192
159 193
159 194
159 196
159 197
159 198
159 211
160 164
160 166
160 168
160 170
160 172
160 177
160 178
160 182
160 185
160 186
160 189
160 190
160 191
160 193
160 194
160 197
160 198
160 199
161 162
161 163
161 164
161 166
161 167
161 168
161 170
161 174
161 175
161 176
161 177
161 178
161 179
161 180
161 181
161 182
161 184
161 185
161 188
161 193
161 195
161 226
161 227
161 228
162 163
162 168
162 169
162 170
162 171
162 173
162 175
162 176
162 178
162 180
162 182
162 183
162 184
162 188
162 190
162 194
162 195
162 196
162 197
162 198
162 239
163 164
163 166
163 168
163 169
163 170
163 171
163 172
163 174
163 176
163 180
163 183
163 184
163 185
163 187
163 188
163 190
163 191
163 192
163 194
163 195
163 197
163 198
163 199
163 206
163 216
163 237
164 165
164 166
164 168
164 169
164 172
164 173
164 176
164 177
164 178
164 179
164 180
164 183
164 185
164 189
164 190
164 193
164 194
164 195
164 196
164 197
164 199
164 211
164 215
164 223
164 236
165 166
165 167
165 168
165 175
165 176
165 177
165 178
165 179
165 182
165 183
165 184
165 185
165 186
165 187
165 189
165 190
165 191
165 192
165 193
165 194
165 195
165 198
165 199
165 223
165 230
166 167
166 169
166 171
166 173
166 176
166 180
166 181
166 186
166 187
166 188
166 192
166 195
166 198
167 169
167 172
167 173
167 175
167 177
167 179
167 180
167 181
167 182
167 183
167 184
167 186
167 188
167 189
167 192
167 194
167 195
167 196
167 197
167 198
167 203
167 213
167 214
168 169
168 170
168 172
168 174
168 175
168 178
168 179
168 181
168 182
168 183
168 184
168 185
168 187
168 190
168 191
168 193
168 195
168 196
168 197
168 199
168 209
168 218
169 170
169 171
169 172
169 174
169 178
169 179
169 180
169 181
169 182
169 184
169 185
169 188
169 189
169 190
169 191
169 194
169 196
169 198
169 229
170 172
170 173
170 174
170 175
170 176
170 177
170 178
170 179
170 180
170 183
170 184
170 186
170 187
170 189
170 190
170 192
170 193
170 196
170 197
170 198
170 199
170 222
171 172
171 176
171 177
171 178
171 181
171 183
171 184
171 185
171 186
171 190
171 191
171 192
171 193
171 194
171 195
171 197
171 199
171 208
171 212
172 173
172 175
172 176
172 179
172 180
172 183
172 184
172 185
172 187
172 188
172 190
172 194
172 195
172 196
172 198
172 199
172 238
173 174
173 175
173 179
173 180
173 182
173 183
173 185
173 186
173 187
173 188
173 189
173 191
173 192
173 193
173 194
173 195
173 196
173 197
173 198
173 199
174 175
174 176
174 177
174 178
174 179
174 181
174 182
174 183
174 184
174 185
174 186
174 187
174 189
174 190
174 194
174 195
174 198
174 199
174 205
174 215
174 246
175 179
175 181
175 183
175 185
175 187
175 188
175 194
175 196
175 197
175 199
175 203
175 208
175 215
175 239
176 178
176 179
176 180
176 181
176 184
176 186
176 188
176 190
176 192
176 193
176 195
176 197
176 198
176 199
176 215
177 179
177 182
177 183
177 188
177 189
177 191
177 192
177 193
177 195
177 196
177 197
177 198
177 199
177 227
178 179
178 180
178 181
178 183
178 184
178 187
178 190
178 191
178 192
178 193
178 194
178 195
178 196
178 198
178 225
178 226
179 180
179 183
179 187
179 188
179 189
179 191
179 193
179 199
179 201
179 215
180 182
180 183
180 184
180 185
180 186
180 187
180 190
180 193
180 194
180 196
180 199
180 213
181 182
181 183
181 184
181 185
181 187
181 188
181 189
181 190
181 191
181 192
181 196
181 198
181 199
181 214
181 223
181 243
182 185
182 186
182 190
182 191
182 192
182 194
182 195
182 199
182 218
182 231
183 184
183 186
183 189
183 190
183 191
183 192
183 193
183 194
183 195
183 197
183 198
183 199
183 216
183 220
183 228
184 185
184 186
184 190
184 191
184 192
184 193
184 197
184 198
184 199
184 212
184 218
184 236
184 237
184 246
185 186
185 187
185 189
185 190
185 191
185 192
185 194
185 195
185 197
185 199
185 220
186 188
186 190
186 192
186 195
186 196
186 198
186 201
186 213
186 215
187 189
187 190
187 191
187 192
187 194
187 195
187 197
187 198
187 205
187 244
188 189
188 190
188 192
188 195
188 197
188 199
188 222
188 230
189 190
189 192
189 193
189 195
189 196
189 197
189 241
190 191
190 194
190 195
190 196
190 197
190 198
190 199
190 203
190 242
190 249
191 194
191 196
191 198
191 246
191 248
192 193
192 194
192 195
192 196
192 198
192 199
192 214
192 235
193 194
193 195
193 197
193 198
193 201
193 213
193 219
193 224
193 233
194 195
194 197
194 199
194 215
194 233
195 196
195 198
195 199
195 206
196 198
196 199
196 216
196 219
196 224
197 226
197 240
197 242
198 199
198 206
198 212
198 214
198 235
199 203
199 209
199 243
200 201
200 203
200 204
200 205
200 206
200 207
200 210
200 211
200 212
200 216
200 219
200 222
200 223
200 224
200 225
200 227
200 228
200 229
200 233
200 236
200 237
200 238
200 239
200 240
200 241
200 243
200 244
200 246
200 248
200 249
201 204
201 205
201 207
201 209
201 212
201 213
201 214
201 215
201 218
201 220
201 222
201 223
201 225
201 226
201 228
201 229
201 231
201 232
201 233
201 234
201 236
201 237
201 239
201 240
201 241
201 242
201 243
201 244
201 246
201 247
201 249
202 204
202 205
202 206
202 207
202 208
202 209
202 212
202 213
202 214
202 215
202 216
202 218
202 219
202 220
202 221
202 225
202 226
202 227
202 230
202 233
202 234
202 237
202 242
202 243
202 245
202 247
202 249
203 204
203 206
203 207
203 209
203 211
203 213
203 214
203 216
203 219
203 220
203 222
203 227
203 229
203 230
203 231
203 232
203 237
203 238
203 240
203 241
203 242
203 243
203 245
203 247
203 248
203 249
204 206
204 208
204 211
204 212
204 213
204 214
204 215
204 216
204 217
204 220
204 221
204 222
204 224
204 228
204 231
204 235
204 238
204 239
204 242
204 243
204 246
204 247
204 248
205 206
205 207
205 208
205 211
205 212
205 214
205 216
205 217
205 218
205 222
205 223
205 224
205 225
205 227
205 228
205 229
205 231
205 232
205 233
205 234
205 237
205 238
205 239
205 241
205 242
205 244
205 245
205 246
205 247
205 248
205 249
206 207
206 210
206 213
206 214
206 215
206 216
206 218
206 220
206 221
206 222
206 223
206 224
206 225
206 227
206 229
206 230
206 231
206 232
206 233
206 234
206 236
206 237
206 238
206 239
206 242
206 244
206 245
206 246
206 247
206 249
207 209
207 210
207 211
207 212
207 213
207 214
207 215
207 218
207 219
207 221
207 224
207 225
207 226
207 227
207 229
207 231
207 233
207 236
207 239
207 240
207 241
207 246
207 247
207 249
208 209
208 211
208 212
208 214
208 216
208 218
208 220
208 221
208 223
208 229
208 230
208 231
208 232
208 234
208 235
208 236
208 237
208 238
208 239
208 241
208 242
208 243
208 244
208 245
208 247
208 248
209 212
209 219
209 220
209 221
209 223
209 225
209 226
209 229
209 230
209 235
209 236
209 238
209 239
209 241
209 242
209 243
209 245
209 246
209 249
210 211
210 212
210 213
210 215
210 216
210 218
210 219
210 220
210 221
210 223
210 224
210 225
210 228
210 229
210 230
210 231
210 232
210 233
210 235
210 237
210 238
210 240
210 242
210 244
210 245
210 247
210 249
211 213
211 214
211 215
211 217
211 219
211 220
211 222
211 223
211 224
211 225
211 226
211 227
211 229
211 230
211 231
211 233
211 235
211 236
211 237
211 239
211 242
211 244
211 245
211 246
212 213
212 214
212 216
212 218
212 219
212 222
212 224
212 225
212 227
212 228
212 229
212 230
212 231
212 232
212 233
212 234
212 236
212 237
212 238
212 239
212 241
212 242
212 243
212 244
212 245
212 247
212 249
213 214
213 216
213 217
213 220
213 221
213 222
213 223
213 226
213 227
213 228
213 229
213 230
213 234
213 235
213 238
213 240
213 242
213 244
213 245
213 247
213 248
213 249
214 215
214 216
214 219
214 222
214 223
214 225
214 226
214 227
214 231
214 234
214 236
214 237
214 238
214 241
214 242
214 243
214 244
214 245
214 248
214 249
215 217
215 218
215 219
215 221
215 222
215 223
215 225
215 226
215 227
215 228
215 230
215 231
215 234
215 237
215 238
215 239
215 243
215 245
215 247
216 218
216 220
216 221
216 224
216 225
216 226
216 227
216 228
216 232
216 233
216 234
216 236
216 238
216 239
216 241
216 242
216 243
216 245
216 248
216 249
217 218
217 221
217 222
217 223
217 225
217 226
217 228
217 230
217 231
217 232
217 235
217 236
217 237
217 239
217 243
217 244
217 249
218 221
218 224
218 225
218 226
218 227
218 228
218 229
218 233
218 234
218 235
218 236
218 237
218 239
218 240
218 241
218 242
218 244
218 246
218 247
218 249
219 221
219 222
219 224
219 225
219 226
219 229
219 231
219 234
219 235
219 236
219 237
219 238
219 240
219 241
219 245
219 246
220 221
220 222
220 225
220 226
220 229
220 230
220 232
220 233
220 234
220 235
220 236
220 238
220 239
220 242
220 243
220 245
220 246
220 247
220 248
221 222
221 223
221 224
221 225
221 227
221 228
221 231
221 232
221 233
221 234
221 235
221 236
221 238
221 239
221 241
221 243
221 245
221 246
221 247
221 248
222 224
222 225
222 226
222 228
222 229
222 230
222 232
222 233
222 234
222 235
222 236
222 237
222 239
222 242
222 243
222 244
222 246
222 247
222 249
223 224
223 225
223 226
223 227
223 229
223 230
223 232
223 234
223 236
223 238
223 239
223 240
223 241
223 243
223 244
223 248
224 226
224 227
224 228
224 229
224 235
224 236
224 237
224 240
224 242
224 243
224 244
224 245
224 246
224 249
225 226
225 227
225 228
225 229
225 232
225 233
225 234
225 235
225 237
225 238
225 239
225 241
225 242
225 247
225 248
225 249
226 229
226 230
226 231
226 232
226 235
226 236
226 237
226 239
226 240
226 241
226 242
226 243
226 244
226 246
226 247
226 248
226 249
227 230
227 231
227 233
227 234
227 237
227 238
227 239
227 240
227 242
227 243
227 244
227 246
227 247
227 249
228 229
228 230
228 231
228 232
228 234
228 235
228 236
228 238
228 240
228 242
228 245
228 246
228 247
228 248
228 249
229 230
229 231
229 232
229 234
229 235
229 237
229 238
229 239
229 240
229 241
229 243
229 244
229 245
229 246
229 249
230 233
230 238
230 239
230 240
230 243
230 244
230 245
230 247
230 248
230 249
231 232
231 233
231 234
231 235
231 236
231 240
231 241
231 243
231 244
231 245
231 246
231 247
231 249
232 233
232 234
232 235
232 236
232 237
232 238
232 239
232 240
232 242
232 243
232 244
232 245
232 246
232 247
232 249
233 235
233 237
233 239
233 240
233 241
233 243
233 244
233 245
233 246
234 235
234 236
234 243
234 244
234 245
234 247
234 249
235 238
235 243
235 244
235 245
235 246
235 247
235 249
236 237
236 238
236 240
236 241
236 245
236 246
236 248
237 242
237 245
237 246
237 247
237 248
237 249
238 239
238 241
238 243
238 244
238 245
238 246
238 247
238 248
238 249
239 240
239 241
239 243
239 244
239 245
239 247
239 248
239 249
240 244
240 245
240 246
240 248
240 249
241 242
241 243
241 246
241 247
242 243
242 244
242 245
242 247
242 248
242 249
243 244
243 245
243 247
243 249
244 245
244 246
244 248
244 249
245 247
245 248
245 249
246 249
247 248
247 249
248 249
