0 1
0 3
0 5
0 7
0 9
0 11
0 12
0 13
0 16
0 17
0 19
0 20
0 21
0 23
0 24
0 25
0 26
0 27
0 28
0 30
0 32
0 34
0 35
0 36
0 37
0 39
0 40
0 41
0 42
0 43
0 46
0 48
0 49
0 57
0 66
0 67
0 72
0 83
0 85
0 93
0 96
0 128
0 129
0 137
0 140
0 149
0 102
0 109
0 115
0 119
0 127
0 153
0 156
0 157
0 177
0 184
0 188
0 198
0 201
0 202
0 205
0 207
0 208
0 213
0 216
0 218
0 219
0 224
0 226
0 227
0 234
1 2
1 3
1 5
1 6
1 8
1 9
1 10
1 11
1 13
1 14
1 15
1 16
1 17
1 18
1 20
1 25
1 27
1 31
1 32
1 33
1 34
1 35
1 37
1 39
1 40
1 41
1 42
1 43
1 44
1 46
1 47
1 49
1 61
1 65
1 66
1 68
1 72
1 83
1 84
1 88
1 95
1 128
1 130
1 132
1 134
1 107
1 109
1 169
1 180
1 185
1 194
1 204
1 207
1 209
1 210
1 223
1 227
1 228
1 230
1 236
1 239
1 242
1 247
2 3
2 4
2 5
2 6
2 7
2 8
2 9
2 10
2 11
2 12
2 13
2 14
2 15
2 16
2 17
2 18
2 20
2 21
2 22
2 25
2 26
2 27
2 28
2 29
2 30
2 32
2 33
2 34
2 35
2 39
2 40
2 41
2 43
2 44
2 45
2 46
2 47
2 48
2 49
2 52
2 59
2 72
2 73
2 76
2 84
2 132
2 138
2 144
2 146
2 147
2 125
2 166
2 177
2 191
2 193
2 195
2 205
2 216
2 233
3 5
3 7
3 8
3 10
3 12
3 15
3 16
3 18
3 19
3 20
3 21
3 22
3 23
3 24
3 25
3 26
3 29
3 30
3 31
3 33
3 34
3 35
3 37
3 38
3 39
3 40
3 41
3 44
3 45
3 48
3 49
3 53
3 63
3 75
3 79
3 82
3 90
3 93
3 130
3 140
3 101
3 103
3 107
3 108
3 109
3 112
3 124
3 154
3 162
3 169
3 175
3 190
3 193
3 194
3 198
3 199
3 203
3 223
3 225
3 228
3 231
3 236
4 5
4 7
4 8
4 9
4 10
4 12
4 13
4 14
4 16
4 17
4 19
4 21
4 22
4 23
4 24
4 25
4 26
4 27
4 29
4 30
4 31
4 32
4 33
4 34
4 35
4 36
4 37
4 38
4 39
4 42
4 43
4 44
4 45
4 46
4 47
4 48
4 51
4 55
4 60
4 70
4 72
4 73
4 84
4 86
4 136
4 138
4 144
4 145
4 146
4 149
4 101
4 115
4 119
4 120
4 126
4 150
4 163
4 172
4 176
4 180
4 190
4 191
4 192
4 199
4 207
4 215
4 224
4 227
4 231
4 233
4 242
5 7
5 9
5 10
5 11
5 13
5 15
5 16
5 17
5 18
5 19
5 20
5 21
5 22
5 23
5 25
5 26
5 27
5 28
5 29
5 30
5 31
5 34
5 35
5 36
5 37
5 41
5 42
5 43
5 44
5 46
5 48
5 49
5 63
5 66
5 71
5 73
5 78
5 129
5 141
5 113
5 121
5 125
5 127
5 159
5 160
5 163
5 167
5 172
5 175
5 182
5 190
5 195
5 196
5 215
5 245
6 7
6 9
6 10
6 11
6 12
6 13
6 15
6 16
6 17
6 18
6 19
6 20
6 21
6 23
6 27
6 28
6 30
6 31
6 32
6 33
6 35
6 38
6 39
6 40
6 43
6 46
6 47
6 56
6 58
6 69
6 83
6 90
6 130
6 136
6 141
6 149
6 114
6 119
6 122
6 156
6 157
6 159
6 162
6 168
6 170
6 176
6 177
6 190
6 191
6 201
6 210
6 211
6 219
6 222
6 223
6 233
6 237
6 240
6 248
6 249
7 9
7 13
7 14
7 15
7 17
7 18
7 20
7 21
7 22
7 23
7 24
7 25
7 27
7 28
7 30
7 31
7 32
7 33
7 34
7 35
7 36
7 37
7 38
7 39
7 40
7 42
7 43
7 45
7 46
7 47
7 48
7 49
7 50
7 60
7 78
7 79
7 80
7 83
7 86
7 99
7 129
7 130
7 138
7 147
7 148
7 110
7 116
7 118
7 120
7 123
7 160
7 167
7 171
7 183
7 185
7 192
7 194
7 210
7 213
7 218
7 221
7 224
7 238
7 239
7 240
8 9
8 10
8 11
8 12
8 14
8 16
8 18
8 19
8 20
8 25
8 26
8 27
8 29
8 30
8 33
8 34
8 36
8 37
8 38
8 39
8 40
8 41
8 42
8 43
8 44
8 45
8 47
8 48
8 53
8 59
8 63
8 65
8 89
8 134
8 145
8 146
8 104
8 105
8 109
8 111
8 113
8 117
8 119
8 127
8 155
8 158
8 167
8 169
8 197
8 199
8 217
8 221
8 222
8 223
8 228
8 244
8 247
8 248
9 10
9 13
9 14
9 15
9 16
9 17
9 18
9 23
9 24
9 25
9 26
9 29
9 30
9 33
9 35
9 36
9 37
9 38
9 39
9 41
9 42
9 43
9 47
9 52
9 55
9 59
9 65
9 69
9 72
9 142
9 145
9 100
9 107
9 111
9 118
9 126
9 150
9 152
9 158
9 159
9 172
9 173
9 184
9 186
9 189
9 192
9 194
9 195
9 197
9 200
9 204
9 208
9 216
9 222
9 227
9 230
9 231
9 237
9 239
9 242
9 243
9 245
9 248
10 11
10 12
10 14
10 16
10 17
10 18
10 19
10 20
10 21
10 23
10 24
10 25
10 26
10 27
10 28
10 30
10 31
10 32
10 35
10 36
10 37
10 38
10 39
10 40
10 42
10 43
10 44
10 45
10 46
10 47
10 49
10 57
10 63
10 68
10 86
10 90
10 92
10 97
10 131
10 139
10 103
10 107
10 108
10 112
10 116
10 117
10 121
10 125
10 160
10 163
10 170
10 171
10 183
10 197
10 202
10 203
10 204
10 208
10 212
10 218
10 233
10 238
10 246
11 13
11 15
11 16
11 18
11 19
11 20
11 23
11 24
11 25
11 28
11 32
11 33
11 35
11 36
11 38
11 39
11 40
11 41
11 42
11 43
11 44
11 45
11 46
11 48
11 59
11 64
11 69
11 70
11 84
11 85
11 87
11 88
11 94
11 137
11 107
11 118
11 122
11 123
11 152
11 154
11 157
11 158
11 160
11 167
11 172
11 173
11 174
11 181
11 194
11 196
11 205
11 213
11 223
11 227
11 243
11 247
12 14
12 18
12 21
12 22
12 24
12 26
12 27
12 28
12 29
12 30
12 33
12 34
12 35
12 38
12 39
12 40
12 41
12 47
12 48
12 49
12 52
12 62
12 70
12 75
12 85
12 92
12 93
12 98
12 131
12 134
12 135
12 137
12 149
12 110
12 125
12 126
12 150
12 161
12 181
12 189
12 192
12 197
12 201
12 204
12 221
12 226
12 249
13 14
13 15
13 16
13 17
13 18
13 19
13 20
13 22
13 23
13 24
13 25
13 26
13 27
13 32
13 33
13 34
13 35
13 37
13 38
13 40
13 41
13 43
13 44
13 45
13 46
13 48
13 50
13 57
13 62
13 63
13 67
13 71
13 74
13 75
13 82
13 87
13 88
13 92
13 93
13 94
13 133
13 142
13 143
13 144
13 103
13 105
13 114
13 115
13 156
13 164
13 170
13 184
13 188
13 195
13 204
13 214
13 222
13 225
13 238
13 240
13 243
13 249
14 15
14 16
14 18
14 19
14 20
14 21
14 22
14 25
14 27
14 30
14 31
14 32
14 33
14 34
14 35
14 36
14 37
14 38
14 39
14 40
14 41
14 42
14 44
14 46
14 47
14 48
14 49
14 50
14 52
14 61
14 64
14 70
14 73
14 75
14 80
14 82
14 139
14 140
14 141
14 100
14 113
14 117
14 123
14 124
14 127
14 153
14 165
14 180
14 188
14 192
14 193
14 199
14 201
14 204
14 207
14 232
14 233
14 242
14 243
14 247
15 17
15 18
15 19
15 20
15 21
15 22
15 23
15 24
15 25
15 26
15 27
15 29
15 30
15 31
15 32
15 34
15 35
15 36
15 37
15 41
15 42
15 43
15 44
15 45
15 46
15 47
15 48
15 50
15 51
15 65
15 70
15 97
15 98
15 128
15 129
15 137
15 104
15 110
15 113
15 121
15 125
15 163
15 172
15 176
15 187
15 193
15 200
15 201
15 202
15 210
15 211
15 212
15 226
15 249
16 17
16 18
16 19
16 21
16 25
16 26
16 27
16 28
16 29
16 31
16 32
16 33
16 35
16 36
16 37
16 40
16 41
16 42
16 43
16 45
16 47
16 48
16 63
16 67
16 77
16 89
16 97
16 98
16 136
16 148
16 101
16 114
16 119
16 122
16 160
16 165
16 172
16 183
16 185
16 193
16 201
16 208
16 227
16 235
16 240
17 18
17 19
17 20
17 26
17 27
17 29
17 30
17 31
17 32
17 33
17 34
17 36
17 38
17 39
17 40
17 42
17 43
17 44
17 45
17 46
17 47
17 48
17 55
17 58
17 63
17 68
17 72
17 73
17 74
17 76
17 84
17 85
17 86
17 93
17 99
17 133
17 142
17 143
17 145
17 112
17 123
17 126
17 154
17 158
17 164
17 168
17 190
17 193
17 196
17 197
17 199
17 200
17 206
17 213
17 218
17 219
17 223
17 227
17 232
17 241
17 248
18 19
18 21
18 22
18 23
18 24
18 25
18 26
18 27
18 29
18 32
18 33
18 36
18 37
18 38
18 39
18 41
18 42
18 47
18 48
18 49
18 53
18 68
18 76
18 91
18 136
18 138
18 140
18 104
18 116
18 126
18 150
18 153
18 169
18 170
18 199
18 203
18 209
18 233
19 24
19 25
19 26
19 27
19 29
19 30
19 32
19 33
19 34
19 36
19 38
19 40
19 41
19 43
19 45
19 46
19 47
19 49
19 58
19 62
19 67
19 71
19 75
19 82
19 95
19 99
19 131
19 132
19 141
19 143
19 146
19 148
19 103
19 112
19 115
19 119
19 122
19 126
19 127
19 150
19 161
19 162
19 183
19 185
19 186
19 187
19 193
19 204
19 209
19 221
19 230
19 235
19 244
20 21
20 22
20 23
20 24
20 26
20 27
20 28
20 29
20 30
20 31
20 32
20 33
20 34
20 37
20 39
20 40
20 42
20 43
20 44
20 46
20 48
20 53
20 59
20 80
20 84
20 90
20 94
20 136
20 138
20 145
20 112
20 118
20 126
20 166
20 168
20 170
20 172
20 178
20 180
20 188
20 201
20 210
20 213
20 217
20 218
20 228
20 235
21 22
21 23
21 25
21 26
21 27
21 28
21 30
21 31
21 32
21 33
21 34
21 35
21 36
21 37
21 39
21 40
21 43
21 46
21 48
21 49
21 50
21 55
21 61
21 69
21 71
21 82
21 87
21 88
21 96
21 138
21 146
21 149
21 101
21 105
21 112
21 113
21 114
21 118
21 153
21 168
21 170
21 172
21 180
21 181
21 184
21 195
21 212
21 213
21 214
21 220
21 226
21 228
21 232
22 24
22 25
22 26
22 27
22 28
22 29
22 31
22 34
22 35
22 37
22 38
22 39
22 40
22 42
22 43
22 44
22 45
22 46
22 47
22 48
22 49
22 54
22 55
22 59
22 80
22 92
22 128
22 129
22 137
22 147
22 149
22 100
22 113
22 153
22 154
22 176
22 181
22 191
22 193
22 194
22 198
22 222
22 228
22 235
22 236
22 238
22 239
22 241
22 244
23 26
23 29
23 31
23 33
23 34
23 35
23 36
23 38
23 39
23 40
23 41
23 43
23 44
23 45
23 46
23 47
23 49
23 51
23 57
23 68
23 81
23 84
23 87
23 88
23 129
23 138
23 143
23 145
23 102
23 113
23 150
23 151
23 153
23 157
23 170
23 176
23 186
23 194
23 196
23 208
23 210
23 211
23 228
23 234
23 239
23 245
23 249
24 25
24 26
24 27
24 28
24 29
24 30
24 31
24 35
24 36
24 37
24 40
24 41
24 42
24 44
24 46
24 47
24 49
24 50
24 51
24 76
24 77
24 78
24 129
24 130
24 132
24 110
24 112
24 116
24 120
24 123
24 124
24 153
24 161
24 165
24 166
24 178
24 181
24 192
24 202
24 204
24 205
24 209
24 217
24 220
24 223
24 227
24 230
24 239
24 249
25 27
25 28
25 29
25 30
25 31
25 32
25 33
25 34
25 35
25 36
25 38
25 39
25 40
25 41
25 43
25 47
25 49
25 69
25 70
25 80
25 91
25 93
25 96
25 132
25 141
25 145
25 146
25 149
25 102
25 109
25 111
25 117
25 123
25 151
25 153
25 156
25 158
25 165
25 181
25 182
25 189
25 201
25 204
25 209
25 229
25 232
25 234
25 243
26 27
26 28
26 29
26 30
26 31
26 33
26 35
26 36
26 37
26 38
26 39
26 40
26 41
26 42
26 45
26 47
26 61
26 70
26 74
26 76
26 85
26 97
26 98
26 136
26 107
26 114
26 115
26 120
26 124
26 151
26 158
26 161
26 175
26 179
26 188
26 189
26 195
26 196
26 197
26 201
26 233
26 234
26 236
26 245
27 28
27 29
27 30
27 31
27 32
27 33
27 34
27 36
27 37
27 38
27 40
27 41
27 42
27 43
27 46
27 47
27 48
27 49
27 55
27 62
27 63
27 72
27 80
27 82
27 92
27 93
27 98
27 130
27 134
27 137
27 142
27 143
27 146
27 107
27 116
27 117
27 118
27 123
27 164
27 178
27 180
27 184
27 192
27 195
27 196
27 211
27 216
27 240
27 243
28 29
28 32
28 36
28 37
28 39
28 43
28 44
28 45
28 47
28 48
28 55
28 59
28 65
28 86
28 130
28 140
28 144
28 145
28 100
28 103
28 107
28 109
28 114
28 115
28 124
28 155
28 173
28 178
28 184
28 185
28 186
28 189
28 191
28 230
28 237
28 244
29 32
29 33
29 34
29 36
29 37
29 40
29 41
29 42
29 43
29 44
29 47
29 48
29 49
29 54
29 55
29 58
29 75
29 76
29 79
29 82
29 134
29 143
29 100
29 123
29 151
29 156
29 160
29 162
29 176
29 177
29 178
29 180
29 184
29 187
29 192
29 199
29 206
29 208
29 215
29 221
29 229
29 231
29 233
29 237
29 246
30 31
30 33
30 34
30 35
30 36
30 37
30 38
30 39
30 40
30 42
30 44
30 47
30 48
30 49
30 52
30 57
30 59
30 64
30 67
30 73
30 88
30 89
30 92
30 95
30 99
30 128
30 134
30 136
30 147
30 108
30 110
30 111
30 122
30 156
30 158
30 173
30 178
30 182
30 186
30 187
30 188
30 189
30 212
30 222
30 231
30 239
31 32
31 33
31 36
31 37
31 38
31 42
31 43
31 44
31 46
31 47
31 48
31 59
31 74
31 77
31 80
31 81
31 90
31 93
31 131
31 100
31 101
31 116
31 156
31 163
31 170
31 181
31 204
31 224
31 229
31 230
31 240
32 33
32 35
32 38
32 39
32 40
32 41
32 42
32 43
32 44
32 45
32 46
32 47
32 48
32 49
32 56
32 58
32 60
32 73
32 74
32 77
32 82
32 88
32 131
32 140
32 146
32 102
32 122
32 151
32 159
32 162
32 164
32 169
32 176
32 185
32 189
32 192
32 194
32 195
32 198
32 218
32 233
32 236
33 35
33 36
33 37
33 38
33 41
33 42
33 45
33 46
33 47
33 49
33 57
33 59
33 63
33 64
33 67
33 80
33 82
33 85
33 96
33 138
33 142
33 148
33 149
33 107
33 121
33 125
33 126
33 157
33 158
33 160
33 164
33 174
33 177
33 179
33 188
33 192
33 195
33 199
33 201
33 210
33 213
33 217
33 232
33 244
33 247
34 38
34 39
34 40
34 41
34 42
34 44
34 46
34 47
34 48
34 53
34 60
34 64
34 66
34 77
34 78
34 85
34 86
34 89
34 94
34 130
34 137
34 145
34 110
34 115
34 118
34 120
34 125
34 158
34 159
34 163
34 168
34 178
34 205
34 217
34 218
34 238
34 242
35 36
35 37
35 39
35 40
35 41
35 44
35 45
35 46
35 47
35 48
35 63
35 66
35 86
35 90
35 91
35 92
35 96
35 129
35 131
35 132
35 144
35 148
35 110
35 112
35 118
35 125
35 157
35 165
35 185
35 194
35 195
35 199
35 200
35 208
35 216
35 231
36 37
36 39
36 40
36 43
36 44
36 45
36 48
36 49
36 55
36 59
36 72
36 75
36 76
36 79
36 84
36 85
36 87
36 131
36 139
36 122
36 125
36 155
36 157
36 163
36 168
36 176
36 183
36 191
36 194
36 200
36 201
36 203
36 209
36 211
36 216
36 218
36 226
36 240
36 241
36 248
37 43
37 44
37 46
37 49
37 87
37 91
37 97
37 99
37 134
37 140
37 141
37 145
37 113
37 114
37 116
37 121
37 122
37 123
37 127
37 150
37 152
37 177
37 183
37 188
37 190
37 193
37 201
37 205
37 208
37 212
37 213
37 214
37 217
37 223
37 229
37 230
37 234
37 245
38 39
38 41
38 42
38 43
38 46
38 47
38 49
38 52
38 55
38 56
38 58
38 67
38 72
38 74
38 85
38 91
38 93
38 95
38 96
38 131
38 134
38 138
38 106
38 107
38 117
38 125
38 154
38 169
38 172
38 184
38 186
38 187
38 202
38 209
38 210
38 222
38 226
38 241
38 242
39 40
39 41
39 42
39 43
39 44
39 45
39 46
39 49
39 50
39 57
39 60
39 79
39 92
39 134
39 145
39 146
39 148
39 116
39 153
39 155
39 167
39 174
39 178
39 180
39 196
39 199
39 201
39 210
39 212
39 242
39 247
40 41
40 42
40 43
40 44
40 47
40 48
40 49
40 55
40 58
40 59
40 62
40 73
40 75
40 83
40 130
40 143
40 109
40 112
40 113
40 115
40 118
40 124
40 156
40 180
40 181
40 182
40 185
40 186
40 189
40 193
40 197
40 207
40 208
40 211
40 215
40 217
40 220
40 224
40 228
40 238
40 244
41 42
41 43
41 45
41 46
41 47
41 48
41 49
41 63
41 73
41 74
41 90
41 92
41 95
41 98
41 130
41 131
41 132
41 107
41 122
41 151
41 161
41 162
41 164
41 176
41 180
41 185
41 190
41 211
41 227
41 228
41 231
41 241
41 243
41 244
42 43
42 45
42 46
42 47
42 48
42 52
42 53
42 58
42 69
42 76
42 77
42 87
42 133
42 102
42 121
42 157
42 158
42 163
42 165
42 167
42 169
42 182
42 189
42 190
42 193
42 208
42 210
42 211
42 245
42 246
42 247
43 46
43 47
43 53
43 57
43 59
43 67
43 69
43 75
43 78
43 130
43 135
43 139
43 140
43 101
43 103
43 105
43 107
43 113
43 116
43 119
43 127
43 167
43 180
43 184
43 186
43 190
43 191
43 196
43 211
43 226
43 236
43 246
44 45
44 47
44 48
44 49
44 53
44 56
44 59
44 65
44 72
44 91
44 92
44 95
44 135
44 136
44 140
44 145
44 148
44 149
44 100
44 102
44 112
44 121
44 153
44 155
44 174
44 177
44 182
44 202
44 206
44 217
44 230
44 231
44 232
44 236
45 46
45 47
45 48
45 49
45 50
45 62
45 75
45 79
45 80
45 88
45 98
45 133
45 145
45 100
45 105
45 109
45 110
45 124
45 153
45 159
45 179
45 182
45 183
45 194
45 198
45 201
45 202
45 211
45 215
45 231
45 234
45 244
46 49
46 53
46 67
46 82
46 133
46 136
46 139
46 101
46 102
46 114
46 120
46 151
46 155
46 161
46 170
46 175
46 180
46 186
46 190
46 193
46 196
46 200
46 208
46 209
46 220
46 223
46 226
46 240
46 243
46 244
46 246
47 48
47 51
47 53
47 66
47 85
47 87
47 131
47 134
47 136
47 137
47 143
47 108
47 109
47 115
47 122
47 123
47 151
47 163
47 168
47 169
47 180
47 182
47 194
47 199
47 203
47 210
47 216
47 220
47 223
47 233
47 236
47 237
47 248
48 49
48 54
48 66
48 67
48 68
48 71
48 74
48 91
48 98
48 99
48 128
48 129
48 135
48 137
48 147
48 149
48 106
48 112
48 150
48 153
48 164
48 170
48 174
48 186
48 193
48 204
48 206
48 222
49 51
49 69
49 80
49 83
49 85
49 94
49 129
49 130
49 148
49 117
49 127
49 151
49 152
49 166
49 170
49 181
49 197
49 213
49 222
49 225
49 231
49 234
49 240
49 243
49 244
50 51
50 56
50 57
50 58
50 59
50 60
50 62
50 63
50 67
50 68
50 69
50 70
50 71
50 72
50 74
50 75
50 76
50 77
50 78
50 80
50 81
50 82
50 83
50 84
50 87
50 88
50 90
50 94
50 95
50 96
50 97
50 98
50 132
50 135
50 143
50 144
50 145
50 149
50 102
50 114
50 120
50 153
50 157
50 161
50 177
50 183
50 185
50 186
50 188
50 198
50 202
50 204
50 212
50 219
50 221
51 53
51 55
51 56
51 57
51 58
51 59
51 60
51 62
51 63
51 64
51 65
51 66
51 67
51 68
51 69
51 70
51 73
51 76
51 77
51 78
51 79
51 81
51 82
51 83
51 85
51 86
51 88
51 89
51 90
51 91
51 92
51 93
51 96
51 97
51 98
51 99
51 147
51 149
51 100
51 101
51 111
51 120
51 127
51 151
51 153
51 156
51 164
51 177
51 180
51 185
51 193
51 198
51 209
51 231
51 235
51 240
51 245
51 247
51 248
51 249
52 53
52 55
52 56
52 57
52 59
52 60
52 62
52 63
52 64
52 65
52 66
52 67
52 68
52 69
52 70
52 73
52 74
52 75
52 76
52 79
52 81
52 82
52 83
52 85
52 86
52 88
52 89
52 90
52 91
52 92
52 94
52 96
52 98
52 99
52 128
52 137
52 146
52 104
52 115
52 151
52 155
52 160
52 164
52 165
52 174
52 176
52 177
52 178
52 182
52 190
52 193
52 205
52 210
52 212
52 215
52 227
52 229
52 230
52 231
52 234
52 241
53 54
53 55
53 56
53 57
53 61
53 62
53 65
53 66
53 68
53 69
53 70
53 71
53 72
53 74
53 76
53 77
53 78
53 79
53 80
53 81
53 82
53 84
53 85
53 87
53 90
53 92
53 93
53 94
53 95
53 96
53 98
53 99
53 128
53 130
53 142
53 143
53 146
53 110
53 168
53 170
53 186
53 200
53 211
53 214
53 219
53 222
53 247
54 56
54 57
54 59
54 61
54 63
54 65
54 68
54 69
54 72
54 73
54 77
54 78
54 79
54 82
54 85
54 87
54 88
54 89
54 90
54 92
54 93
54 94
54 95
54 96
54 97
54 99
54 107
54 112
54 117
54 122
54 126
54 154
54 161
54 167
54 170
54 173
54 174
54 180
54 185
54 193
54 204
54 211
54 225
54 229
54 230
54 233
54 234
54 241
55 57
55 58
55 59
55 60
55 62
55 63
55 64
55 65
55 66
55 67
55 68
55 70
55 71
55 72
55 73
55 74
55 75
55 76
55 77
55 78
55 79
55 80
55 81
55 82
55 84
55 88
55 90
55 91
55 92
55 93
55 94
55 95
55 96
55 97
55 98
55 99
55 130
55 143
55 145
55 124
55 125
55 158
55 180
55 183
55 186
55 203
55 205
55 207
55 212
55 217
55 220
55 222
55 232
55 235
55 237
56 57
56 58
56 59
56 60
56 62
56 63
56 64
56 65
56 68
56 69
56 70
56 71
56 74
56 76
56 77
56 79
56 81
56 82
56 83
56 85
56 87
56 88
56 89
56 90
56 92
56 93
56 94
56 95
56 97
56 98
56 99
56 132
56 134
56 135
56 100
56 101
56 123
56 160
56 176
56 179
56 185
56 190
56 191
56 193
56 205
56 216
56 222
56 234
56 236
56 241
57 59
57 60
57 61
57 62
57 63
57 65
57 69
57 70
57 73
57 74
57 79
57 80
57 81
57 83
57 84
57 85
57 86
57 87
57 88
57 89
57 91
57 94
57 99
57 129
57 142
57 118
57 153
57 166
57 179
57 182
57 195
57 204
57 205
57 211
57 219
57 220
57 222
57 224
57 241
57 246
58 59
58 60
58 62
58 63
58 65
58 66
58 67
58 68
58 73
58 74
58 75
58 77
58 79
58 82
58 83
58 84
58 85
58 86
58 88
58 91
58 92
58 93
58 94
58 98
58 99
58 130
58 139
58 146
58 106
58 108
58 122
58 126
58 151
58 163
58 166
58 167
58 179
58 180
58 183
58 184
58 205
58 220
58 222
58 226
58 233
58 237
58 249
59 61
59 63
59 64
59 65
59 66
59 67
59 69
59 71
59 73
59 74
59 75
59 76
59 77
59 78
59 79
59 80
59 81
59 82
59 83
59 86
59 87
59 90
59 91
59 92
59 93
59 96
59 97
59 98
59 99
59 128
59 130
59 132
59 133
59 136
59 140
59 143
59 148
59 100
59 106
59 120
59 154
59 174
59 178
59 183
59 185
59 187
59 188
59 190
59 196
59 205
59 209
59 224
59 228
59 237
59 246
60 61
60 62
60 63
60 64
60 67
60 68
60 71
60 72
60 74
60 75
60 76
60 78
60 79
60 80
60 81
60 82
60 84
60 85
60 86
60 88
60 89
60 90
60 91
60 92
60 93
60 96
60 97
60 98
60 99
60 135
60 102
60 106
60 111
60 115
60 116
60 122
60 123
60 152
60 157
60 160
60 169
60 192
60 201
60 202
60 213
60 214
60 215
60 227
60 228
60 232
60 237
61 62
61 63
61 64
61 65
61 66
61 67
61 68
61 69
61 70
61 71
61 72
61 73
61 74
61 75
61 76
61 77
61 80
61 82
61 84
61 85
61 86
61 88
61 89
61 90
61 92
61 93
61 94
61 95
61 96
61 98
61 99
61 132
61 139
61 141
61 102
61 107
61 114
61 117
61 118
61 119
61 121
61 125
61 126
61 158
61 162
61 171
61 178
61 189
61 195
61 196
61 197
61 202
61 208
61 225
61 234
61 235
61 247
62 63
62 64
62 66
62 68
62 70
62 71
62 72
62 73
62 74
62 76
62 78
62 79
62 80
62 81
62 82
62 83
62 84
62 85
62 87
62 89
62 90
62 92
62 93
62 94
62 95
62 96
62 99
62 128
62 130
62 131
62 134
62 140
62 143
62 144
62 146
62 147
62 148
62 101
62 102
62 105
62 111
62 113
62 152
62 154
62 166
62 168
62 169
62 170
62 177
62 178
62 185
62 186
62 187
62 193
62 195
62 197
62 213
62 214
62 216
62 220
62 230
62 246
62 247
63 64
63 65
63 66
63 67
63 68
63 69
63 70
63 71
63 72
63 73
63 74
63 75
63 76
63 77
63 78
63 79
63 80
63 81
63 82
63 83
63 85
63 86
63 87
63 88
63 89
63 93
63 94
63 95
63 96
63 97
63 98
63 99
63 134
63 145
63 110
63 154
63 157
63 160
63 164
63 175
63 176
63 177
63 180
63 189
63 192
63 195
63 197
63 204
63 207
63 210
63 218
63 221
63 242
63 246
64 65
64 66
64 67
64 68
64 69
64 70
64 72
64 73
64 76
64 78
64 81
64 82
64 83
64 84
64 85
64 86
64 87
64 88
64 89
64 90
64 92
64 93
64 94
64 97
64 98
64 99
64 132
64 134
64 138
64 139
64 140
64 142
64 143
64 147
64 104
64 109
64 117
64 155
64 158
64 160
64 161
64 163
64 164
64 168
64 173
64 175
64 177
64 181
64 187
64 202
64 212
64 213
64 225
64 246
65 66
65 67
65 68
65 70
65 71
65 72
65 73
65 75
65 78
65 79
65 80
65 81
65 82
65 84
65 85
65 88
65 91
65 92
65 93
65 94
65 95
65 96
65 98
65 99
65 130
65 131
65 140
65 142
65 147
65 149
65 156
65 161
65 163
65 165
65 172
65 177
65 191
65 206
65 220
65 221
65 225
65 226
65 229
65 232
65 245
66 67
66 68
66 71
66 72
66 75
66 76
66 77
66 78
66 80
66 81
66 83
66 85
66 86
66 87
66 88
66 91
66 92
66 94
66 95
66 97
66 98
66 99
66 131
66 146
66 149
66 103
66 107
66 112
66 118
66 124
66 151
66 169
66 175
66 181
66 185
66 187
66 208
66 224
66 230
66 235
66 238
66 248
67 68
67 70
67 71
67 72
67 75
67 78
67 82
67 83
67 85
67 86
67 88
67 89
67 90
67 91
67 92
67 96
67 97
67 98
67 129
67 131
67 100
67 106
67 115
67 116
67 120
67 124
67 151
67 152
67 155
67 161
67 166
67 208
67 211
67 214
67 226
67 227
67 236
67 237
67 240
67 243
67 246
68 69
68 70
68 74
68 75
68 76
68 77
68 78
68 79
68 80
68 81
68 82
68 83
68 84
68 85
68 86
68 89
68 91
68 92
68 93
68 94
68 95
68 98
68 99
68 135
68 140
68 147
68 104
68 105
68 114
68 117
68 120
68 121
68 122
68 123
68 153
68 157
68 165
68 172
68 177
68 189
68 190
68 209
68 212
68 215
68 220
68 222
69 70
69 71
69 72
69 74
69 75
69 76
69 77
69 78
69 79
69 82
69 83
69 84
69 85
69 88
69 92
69 94
69 96
69 130
69 134
69 101
69 151
69 160
69 187
69 188
69 196
69 197
69 199
69 202
69 219
69 232
69 243
70 71
70 72
70 73
70 75
70 76
70 77
70 79
70 80
70 81
70 82
70 83
70 84
70 85
70 89
70 90
70 91
70 93
70 95
70 97
70 98
70 128
70 136
70 147
70 104
70 109
70 112
70 122
70 151
70 162
70 172
70 183
70 194
70 196
70 197
70 209
70 213
70 214
70 215
70 217
70 224
70 230
70 237
70 238
70 241
70 242
70 243
70 248
70 249
71 72
71 74
71 76
71 77
71 78
71 79
71 81
71 83
71 84
71 85
71 89
71 90
71 92
71 95
71 96
71 97
71 98
71 130
71 137
71 138
71 104
71 109
71 157
71 159
71 170
71 183
71 185
71 187
71 192
71 201
71 208
71 213
71 215
71 230
71 247
71 249
72 75
72 77
72 78
72 80
72 81
72 82
72 83
72 85
72 86
72 87
72 88
72 89
72 90
72 91
72 92
72 93
72 95
72 96
72 98
72 129
72 133
72 141
72 142
72 146
72 104
72 120
72 121
72 127
72 155
72 157
72 159
72 164
72 166
72 170
72 171
72 175
72 180
72 183
72 185
72 188
72 197
72 198
72 204
72 210
72 228
72 229
72 232
72 236
73 74
73 75
73 76
73 79
73 82
73 83
73 84
73 85
73 86
73 87
73 88
73 89
73 90
73 91
73 92
73 93
73 94
73 95
73 96
73 98
73 99
73 129
73 130
73 139
73 143
73 146
73 147
73 100
73 103
73 106
73 112
73 113
73 122
73 123
73 150
73 160
73 161
73 167
73 169
73 172
73 173
73 174
73 178
73 183
73 184
73 186
73 188
73 192
73 199
73 203
73 211
73 219
73 222
73 236
73 240
73 242
73 248
74 75
74 76
74 77
74 78
74 80
74 81
74 82
74 83
74 84
74 85
74 88
74 89
74 90
74 91
74 92
74 93
74 94
74 96
74 97
74 99
74 132
74 100
74 108
74 115
74 121
74 126
74 150
74 153
74 159
74 169
74 171
74 201
74 202
74 205
74 209
74 210
74 214
74 241
74 243
75 76
75 78
75 79
75 80
75 82
75 83
75 84
75 85
75 89
75 90
75 91
75 92
75 94
75 95
75 98
75 132
75 133
75 139
75 121
75 166
75 167
75 170
75 171
75 177
75 182
75 189
75 196
75 200
75 201
75 213
75 222
75 227
75 234
75 243
75 245
75 248
75 249
76 78
76 79
76 80
76 82
76 83
76 84
76 86
76 87
76 88
76 89
76 91
76 94
76 95
76 96
76 97
76 98
76 99
76 139
76 103
76 110
76 126
76 127
76 150
76 156
76 162
76 168
76 172
76 173
76 179
76 188
76 192
76 194
76 195
76 203
76 204
76 212
76 222
76 236
76 238
76 240
76 242
76 248
77 78
77 79
77 80
77 81
77 82
77 83
77 86
77 89
77 90
77 91
77 93
77 94
77 95
77 96
77 97
77 99
77 129
77 134
77 142
77 144
77 148
77 103
77 107
77 112
77 115
77 117
77 181
77 210
77 213
77 215
77 243
78 79
78 80
78 81
78 82
78 83
78 84
78 85
78 86
78 87
78 93
78 97
78 99
78 138
78 139
78 144
78 148
78 112
78 115
78 151
78 152
78 155
78 157
78 160
78 162
78 166
78 167
78 172
78 175
78 179
78 189
78 198
78 199
78 200
78 206
78 217
78 222
78 224
78 234
78 241
78 247
79 81
79 83
79 85
79 86
79 87
79 90
79 91
79 96
79 99
79 131
79 137
79 147
79 103
79 106
79 108
79 112
79 122
79 151
79 184
79 190
79 195
79 196
79 210
79 216
79 226
79 242
80 82
80 83
80 86
80 87
80 88
80 89
80 90
80 91
80 92
80 93
80 95
80 96
80 99
80 133
80 142
80 145
80 148
80 100
80 111
80 119
80 122
80 151
80 153
80 155
80 164
80 166
80 175
80 176
80 187
80 200
80 204
80 208
80 211
80 214
80 223
80 234
80 236
80 240
80 241
81 86
81 87
81 89
81 91
81 93
81 94
81 95
81 97
81 98
81 130
81 137
81 143
81 146
81 103
81 105
81 107
81 113
81 118
81 119
81 150
81 157
81 159
81 160
81 161
81 162
81 166
81 169
81 173
81 176
81 192
81 207
81 216
81 217
81 246
81 248
82 83
82 85
82 86
82 87
82 88
82 90
82 91
82 92
82 93
82 94
82 95
82 96
82 97
82 98
82 99
82 128
82 131
82 146
82 147
82 103
82 110
82 112
82 122
82 124
82 126
82 165
82 172
82 181
82 182
82 183
82 198
82 214
82 225
82 231
82 238
82 243
82 248
83 84
83 85
83 87
83 88
83 89
83 91
83 93
83 94
83 95
83 96
83 97
83 140
83 142
83 143
83 148
83 100
83 103
83 104
83 105
83 109
83 112
83 120
83 123
83 151
83 175
83 177
83 181
83 182
83 189
83 194
83 210
83 215
83 225
83 238
83 243
84 85
84 88
84 89
84 92
84 93
84 94
84 96
84 98
84 99
84 134
84 100
84 103
84 117
84 127
84 150
84 154
84 157
84 159
84 164
84 168
84 169
84 179
84 193
84 202
84 210
84 211
84 220
84 224
84 229
84 231
84 244
84 247
84 249
85 86
85 87
85 88
85 89
85 90
85 91
85 92
85 93
85 95
85 96
85 97
85 136
85 146
85 103
85 106
85 117
85 118
85 121
85 155
85 157
85 164
85 173
85 174
85 179
85 186
85 198
85 203
85 210
85 223
85 224
85 225
85 242
86 87
86 89
86 91
86 92
86 94
86 95
86 96
86 97
86 98
86 128
86 102
86 106
86 107
86 114
86 121
86 123
86 125
86 151
86 157
86 166
86 173
86 178
86 182
86 189
86 194
86 209
86 231
86 232
86 233
86 237
87 88
87 89
87 90
87 91
87 92
87 93
87 94
87 96
87 98
87 99
87 137
87 148
87 100
87 109
87 115
87 121
87 154
87 155
87 159
87 168
87 170
87 187
87 196
87 209
87 218
87 220
87 222
87 223
87 224
87 234
87 236
87 244
87 246
88 89
88 91
88 93
88 94
88 133
88 134
88 136
88 138
88 140
88 145
88 103
88 105
88 110
88 121
88 122
88 127
88 154
88 175
88 187
88 192
88 200
88 207
88 209
88 217
88 221
88 228
88 229
88 236
88 246
89 91
89 92
89 93
89 94
89 95
89 98
89 99
89 136
89 139
89 144
89 149
89 106
89 118
89 121
89 124
89 125
89 161
89 162
89 177
89 189
89 204
89 206
89 210
89 221
89 230
89 231
89 235
89 240
89 242
90 91
90 92
90 94
90 95
90 96
90 97
90 98
90 130
90 148
90 101
90 112
90 118
90 121
90 122
90 158
90 159
90 169
90 173
90 174
90 191
90 192
90 194
90 213
90 217
90 224
90 225
90 236
91 92
91 95
91 96
91 98
91 99
91 128
91 138
91 139
91 144
91 145
91 148
91 104
91 105
91 112
91 124
91 155
91 158
91 168
91 176
91 179
91 180
91 190
91 202
91 209
91 212
91 221
91 222
91 225
91 241
91 243
92 94
92 95
92 96
92 98
92 99
92 132
92 137
92 145
92 114
92 123
92 124
92 127
92 159
92 163
92 164
92 172
92 182
92 187
92 191
92 194
92 225
92 229
92 230
92 231
92 237
92 239
93 94
93 95
93 98
93 99
93 130
93 139
93 142
93 109
93 111
93 119
93 122
93 177
93 178
93 195
93 204
93 221
93 225
93 226
93 235
93 242
94 95
94 129
94 132
94 136
94 140
94 109
94 111
94 122
94 150
94 156
94 164
94 172
94 178
94 192
94 200
94 204
94 210
94 211
94 219
94 222
94 223
94 230
94 232
94 236
94 248
95 96
95 97
95 98
95 99
95 133
95 143
95 147
95 149
95 110
95 121
95 122
95 125
95 150
95 155
95 161
95 165
95 181
95 188
95 193
95 196
95 197
95 198
95 204
95 207
95 210
95 211
95 212
95 223
95 230
95 235
95 242
95 245
96 97
96 99
96 139
96 146
96 106
96 108
96 126
96 165
96 190
96 211
96 217
96 230
96 236
96 238
96 242
96 243
97 98
97 130
97 142
97 149
97 118
97 123
97 124
97 159
97 160
97 163
97 165
97 166
97 170
97 173
97 178
97 181
97 183
97 187
97 192
97 194
97 199
97 209
97 211
97 229
97 234
97 235
97 241
97 249
98 99
98 130
98 141
98 123
98 158
98 171
98 172
98 174
98 175
98 183
98 215
98 217
98 221
98 222
98 232
98 239
98 248
99 134
99 139
99 141
99 142
99 102
99 114
99 164
99 169
99 171
99 172
99 173
99 175
99 180
99 194
99 201
99 210
99 218
99 219
99 223
99 227
99 230
99 231
99 232
99 237
99 242
128 129
128 132
128 133
128 136
128 137
128 138
128 141
128 143
128 144
128 146
128 147
128 148
128 149
128 101
128 102
128 103
128 105
128 106
128 107
128 109
128 111
128 112
128 113
128 114
128 116
128 117
128 119
128 121
128 122
128 123
128 124
128 126
128 127
128 161
128 168
128 178
128 180
128 186
128 193
128 206
128 210
128 215
128 216
128 219
128 220
128 221
128 222
128 224
128 236
128 237
129 130
129 131
129 132
129 133
129 134
129 135
129 136
129 137
129 138
129 140
129 142
129 147
129 100
129 101
129 103
129 104
129 105
129 106
129 108
129 109
129 110
129 112
129 113
129 114
129 115
129 116
129 117
129 118
129 119
129 120
129 125
129 126
129 127
129 164
129 171
129 173
129 175
129 191
129 192
129 200
129 201
129 204
129 209
129 219
129 220
129 241
129 242
130 131
130 133
130 134
130 135
130 137
130 141
130 143
130 144
130 146
130 148
130 101
130 103
130 104
130 105
130 106
130 108
130 110
130 113
130 115
130 116
130 117
130 118
130 120
130 121
130 122
130 123
130 124
130 125
130 126
130 127
130 155
130 156
130 157
130 161
130 172
130 181
130 182
130 188
130 192
130 194
130 199
130 208
130 220
130 221
130 222
130 224
130 237
130 246
130 247
131 133
131 135
131 137
131 139
131 140
131 141
131 143
131 145
131 146
131 148
131 100
131 102
131 103
131 105
131 106
131 107
131 110
131 111
131 113
131 114
131 115
131 117
131 118
131 119
131 120
131 121
131 122
131 125
131 155
131 164
131 165
131 175
131 176
131 178
131 211
131 215
131 230
131 236
131 241
131 247
132 134
132 135
132 137
132 139
132 141
132 142
132 143
132 144
132 145
132 147
132 148
132 100
132 101
132 103
132 104
132 105
132 106
132 107
132 112
132 113
132 114
132 115
132 116
132 117
132 118
132 122
132 124
132 127
132 153
132 155
132 167
132 170
132 172
132 187
132 191
132 210
132 213
132 216
132 218
132 223
132 229
132 230
132 235
132 237
132 242
132 244
133 134
133 135
133 137
133 139
133 141
133 142
133 143
133 144
133 146
133 147
133 148
133 149
133 101
133 102
133 103
133 104
133 105
133 107
133 109
133 110
133 115
133 116
133 118
133 119
133 120
133 121
133 122
133 124
133 125
133 127
133 160
133 169
133 172
133 176
133 182
133 199
133 208
133 209
133 211
133 214
133 219
133 221
133 222
133 231
133 232
133 238
133 244
133 245
134 135
134 138
134 139
134 140
134 141
134 145
134 146
134 148
134 100
134 101
134 102
134 104
134 107
134 109
134 110
134 111
134 112
134 114
134 116
134 117
134 118
134 121
134 122
134 123
134 124
134 125
134 127
134 152
134 164
134 176
134 183
134 185
134 187
134 191
134 194
134 199
134 208
134 212
134 215
134 216
134 231
134 239
134 241
134 242
134 249
135 137
135 138
135 139
135 140
135 141
135 142
135 143
135 144
135 146
135 147
135 148
135 149
135 100
135 101
135 105
135 106
135 108
135 111
135 112
135 115
135 116
135 117
135 118
135 119
135 120
135 123
135 124
135 125
135 127
135 150
135 163
135 164
135 181
135 183
135 199
135 203
135 214
135 216
135 217
135 220
135 222
135 226
135 230
135 239
135 242
135 243
135 247
136 137
136 138
136 139
136 144
136 145
136 146
136 147
136 148
136 149
136 100
136 101
136 103
136 104
136 105
136 107
136 108
136 109
136 110
136 111
136 112
136 115
136 116
136 117
136 122
136 123
136 124
136 126
136 127
136 154
136 155
136 160
136 164
136 168
136 172
136 179
136 186
136 192
136 202
136 209
136 213
136 228
136 233
136 241
136 244
137 139
137 140
137 141
137 143
137 144
137 145
137 101
137 102
137 104
137 105
137 107
137 109
137 110
137 112
137 113
137 114
137 115
137 116
137 117
137 119
137 120
137 122
137 123
137 125
137 126
137 127
137 151
137 160
137 161
137 164
137 167
137 171
137 174
137 175
137 185
137 199
137 205
137 214
137 220
137 225
137 237
138 140
138 141
138 142
138 143
138 144
138 146
138 147
138 148
138 101
138 102
138 103
138 104
138 105
138 107
138 108
138 109
138 110
138 111
138 112
138 113
138 114
138 116
138 117
138 119
138 120
138 121
138 122
138 123
138 124
138 126
138 127
138 157
138 158
138 164
138 167
138 169
138 170
138 179
138 181
138 183
138 188
138 189
138 210
138 211
138 217
138 221
138 240
139 141
139 142
139 143
139 144
139 145
139 147
139 148
139 149
139 100
139 101
139 102
139 103
139 104
139 106
139 108
139 109
139 110
139 112
139 114
139 115
139 116
139 117
139 118
139 120
139 121
139 122
139 123
139 124
139 125
139 126
139 127
139 151
139 155
139 176
139 179
139 191
139 220
139 229
139 237
139 243
140 141
140 145
140 146
140 147
140 148
140 149
140 100
140 101
140 102
140 103
140 107
140 108
140 109
140 110
140 112
140 114
140 115
140 116
140 117
140 122
140 125
140 126
140 127
140 150
140 154
140 155
140 172
140 192
140 194
140 195
140 219
140 221
140 226
140 233
140 244
141 142
141 143
141 145
141 149
141 102
141 103
141 104
141 105
141 108
141 110
141 111
141 113
141 117
141 119
141 122
141 123
141 125
141 126
141 127
141 151
141 155
141 160
141 161
141 179
141 195
141 217
141 218
141 219
141 223
142 143
142 144
142 145
142 146
142 147
142 149
142 100
142 101
142 102
142 103
142 104
142 105
142 107
142 108
142 109
142 110
142 111
142 112
142 113
142 114
142 116
142 117
142 118
142 119
142 120
142 121
142 122
142 123
142 124
142 125
142 127
142 159
142 168
142 182
142 183
142 197
142 202
142 204
142 205
142 213
142 215
142 235
142 243
143 144
143 145
143 146
143 147
143 148
143 149
143 100
143 101
143 102
143 104
143 105
143 108
143 109
143 110
143 112
143 113
143 115
143 116
143 117
143 118
143 119
143 121
143 122
143 124
143 125
143 126
143 154
143 171
143 172
143 192
143 201
143 207
143 229
143 237
143 241
143 249
144 147
144 148
144 149
144 100
144 101
144 102
144 104
144 105
144 106
144 108
144 110
144 111
144 112
144 115
144 116
144 117
144 118
144 119
144 120
144 121
144 122
144 124
144 125
144 126
144 150
144 152
144 159
144 162
144 164
144 173
144 178
144 186
144 211
144 212
144 232
144 236
144 241
144 243
145 147
145 148
145 100
145 101
145 102
145 104
145 105
145 107
145 109
145 110
145 111
145 112
145 113
145 116
145 117
145 118
145 119
145 120
145 121
145 125
145 126
145 127
145 156
145 172
145 179
145 182
145 192
145 193
145 194
145 203
145 205
145 207
145 210
145 212
145 216
145 223
145 227
145 230
145 245
146 148
146 100
146 102
146 103
146 104
146 107
146 108
146 109
146 112
146 114
146 118
146 119
146 121
146 124
146 125
146 126
146 150
146 156
146 161
146 169
146 171
146 184
146 191
146 200
146 214
146 217
146 221
146 236
146 242
146 246
146 249
147 148
147 149
147 100
147 101
147 103
147 104
147 105
147 107
147 109
147 110
147 111
147 112
147 113
147 114
147 116
147 117
147 118
147 119
147 120
147 121
147 122
147 123
147 125
147 126
147 127
147 161
147 163
147 169
147 174
147 175
147 176
147 177
147 183
147 194
147 198
147 200
147 203
147 205
147 219
147 238
147 247
147 248
148 149
148 101
148 103
148 104
148 105
148 108
148 109
148 110
148 111
148 112
148 113
148 115
148 117
148 119
148 122
148 123
148 124
148 125
148 126
148 127
148 151
148 152
148 156
148 170
148 172
148 174
148 194
148 195
148 198
148 206
148 208
148 212
148 223
148 224
148 225
148 227
148 235
148 243
149 100
149 101
149 105
149 106
149 108
149 109
149 110
149 111
149 113
149 115
149 116
149 117
149 119
149 120
149 121
149 122
149 123
149 124
149 125
149 126
149 127
149 151
149 153
149 159
149 163
149 170
149 177
149 184
149 191
149 214
149 215
149 223
149 227
149 237
149 239
149 247
100 101
100 102
100 103
100 104
100 105
100 109
100 110
100 111
100 112
100 113
100 114
100 117
100 118
100 121
100 124
100 125
100 126
100 127
100 160
100 171
100 174
100 177
100 190
100 198
100 201
100 205
100 211
100 217
100 222
100 224
100 227
100 235
101 103
101 104
101 105
101 106
101 107
101 109
101 110
101 112
101 114
101 116
101 117
101 118
101 119
101 121
101 122
101 123
101 124
101 126
101 152
101 153
101 159
101 170
101 175
101 181
101 185
101 190
101 191
101 207
101 213
101 233
101 237
101 240
102 104
102 106
102 108
102 109
102 110
102 111
102 112
102 113
102 117
102 119
102 121
102 122
102 123
102 124
102 126
102 127
102 151
102 152
102 156
102 171
102 183
102 196
102 197
102 198
102 200
102 203
102 204
102 210
102 219
102 221
103 104
103 105
103 109
103 110
103 111
103 114
103 118
103 119
103 121
103 122
103 123
103 124
103 125
103 126
103 127
103 163
103 178
103 182
103 186
103 189
103 192
103 195
103 196
103 207
103 213
103 214
103 217
103 230
103 232
103 245
103 247
104 105
104 107
104 108
104 109
104 110
104 111
104 112
104 113
104 114
104 115
104 118
104 119
104 121
104 124
104 125
104 126
104 127
104 160
104 164
104 174
104 184
104 188
104 194
104 198
104 214
104 222
104 223
104 242
104 249
105 106
105 107
105 108
105 109
105 110
105 111
105 112
105 114
105 115
105 116
105 118
105 121
105 122
105 123
105 124
105 126
105 127
105 157
105 158
105 166
105 174
105 178
105 182
105 184
105 185
105 191
105 195
105 209
105 214
105 216
105 222
105 232
105 243
105 248
105 249
106 107
106 109
106 110
106 111
106 112
106 115
106 116
106 119
106 120
106 123
106 124
106 125
106 126
106 127
106 156
106 158
106 162
106 167
106 180
106 183
106 187
106 210
106 222
106 223
106 225
106 226
106 231
106 232
106 245
106 248
107 109
107 110
107 113
107 114
107 115
107 116
107 122
107 124
107 125
107 126
107 127
107 152
107 157
107 164
107 165
107 170
107 171
107 177
107 202
107 213
107 215
107 234
107 243
107 249
108 109
108 110
108 111
108 112
108 113
108 114
108 115
108 116
108 117
108 122
108 123
108 124
108 125
108 127
108 151
108 159
108 179
108 186
108 203
108 205
108 207
108 208
108 217
108 224
108 225
108 227
108 235
108 239
108 247
108 249
109 110
109 111
109 112
109 116
109 119
109 120
109 121
109 122
109 123
109 125
109 126
109 127
109 155
109 159
109 182
109 191
109 195
109 198
109 199
109 208
109 215
109 229
109 233
109 241
109 246
110 111
110 112
110 113
110 114
110 115
110 116
110 120
110 122
110 124
110 126
110 152
110 158
110 179
110 186
110 189
110 193
110 202
110 214
110 216
110 222
110 223
110 238
110 240
110 242
111 112
111 113
111 114
111 115
111 116
111 117
111 118
111 121
111 122
111 123
111 126
111 127
111 151
111 154
111 156
111 165
111 167
111 171
111 173
111 177
111 191
111 193
111 196
111 198
111 205
111 212
111 214
111 215
111 221
111 224
111 227
111 243
111 249
112 113
112 114
112 115
112 116
112 117
112 118
112 119
112 121
112 123
112 124
112 125
112 126
112 152
112 156
112 158
112 159
112 169
112 199
112 200
112 205
112 209
112 216
112 217
112 219
112 226
112 229
112 245
112 249
113 115
113 116
113 118
113 119
113 124
113 125
113 126
113 178
113 180
113 188
113 206
113 215
113 216
113 218
113 222
113 223
113 226
113 232
113 239
113 241
113 242
114 115
114 118
114 119
114 120
114 121
114 122
114 123
114 125
114 126
114 127
114 151
114 157
114 158
114 159
114 166
114 167
114 169
114 176
114 185
114 188
114 189
114 195
114 196
114 197
114 199
114 200
114 210
114 212
114 214
114 228
114 229
114 232
114 234
114 235
114 244
115 116
115 117
115 119
115 122
115 125
115 126
115 156
115 159
115 174
115 177
115 193
115 194
115 204
115 206
115 215
115 222
115 223
116 117
116 118
116 119
116 120
116 121
116 122
116 123
116 124
116 125
116 126
116 127
116 150
116 151
116 157
116 161
116 162
116 169
116 176
116 179
116 190
116 195
116 208
116 209
116 212
116 221
116 229
116 231
116 235
116 239
117 119
117 120
117 121
117 122
117 125
117 126
117 127
117 150
117 162
117 166
117 179
117 191
117 193
117 199
117 200
117 202
117 216
117 225
117 233
117 235
117 237
117 241
118 119
118 120
118 121
118 124
118 125
118 126
118 127
118 164
118 166
118 172
118 176
118 198
118 199
118 201
118 213
118 221
118 228
118 232
118 237
118 240
118 244
119 120
119 124
119 156
119 157
119 159
119 167
119 177
119 178
119 180
119 184
119 190
119 195
119 202
119 208
119 216
119 219
119 220
119 231
119 232
119 235
119 236
119 239
119 241
119 243
119 245
120 122
120 124
120 125
120 126
120 127
120 150
120 152
120 155
120 158
120 162
120 167
120 179
120 200
120 202
120 210
120 216
120 220
120 222
120 223
120 228
120 231
120 234
120 238
120 240
120 242
120 243
121 122
121 123
121 125
121 126
121 127
121 153
121 155
121 166
121 169
121 184
121 191
121 199
121 200
121 206
121 208
121 214
121 222
121 228
121 229
121 238
121 241
121 246
122 123
122 124
122 125
122 126
122 127
122 159
122 169
122 172
122 180
122 182
122 187
122 210
122 216
122 232
122 235
122 242
122 246
123 124
123 125
123 126
123 127
123 162
123 193
123 225
123 229
123 233
123 236
123 246
123 248
124 126
124 152
124 155
124 157
124 158
124 163
124 172
124 177
124 180
124 192
124 208
124 215
124 223
124 225
125 127
125 159
125 160
125 161
125 166
125 167
125 168
125 178
125 184
125 185
125 192
125 195
125 205
125 206
125 212
125 213
125 215
125 217
125 230
125 232
125 235
125 244
126 152
126 156
126 160
126 170
126 174
126 179
126 187
126 198
126 202
126 207
126 212
126 222
126 230
126 238
126 245
127 160
127 163
127 168
127 178
127 187
127 198
127 202
127 205
127 211
127 214
127 217
127 233
127 236
127 241
127 246
127 248
150 152
150 154
150 155
150 156
150 158
150 160
150 162
150 164
150 165
150 169
150 170
150 171
150 174
150 175
150 176
150 177
150 180
150 181
150 182
150 183
150 184
150 185
150 186
150 187
150 190
150 191
150 192
150 194
150 196
150 197
150 198
150 199
150 204
150 216
150 219
150 221
150 226
150 228
150 229
150 231
150 239
150 241
150 244
150 247
151 152
151 153
151 154
151 155
151 156
151 161
151 162
151 163
151 164
151 165
151 166
151 167
151 168
151 171
151 172
151 174
151 175
151 177
151 178
151 179
151 180
151 182
151 183
151 187
151 188
151 189
151 190
151 191
151 192
151 193
151 196
151 199
151 209
151 223
151 225
151 243
151 247
152 153
152 154
152 155
152 157
152 158
152 159
152 160
152 161
152 162
152 163
152 164
152 165
152 168
152 169
152 170
152 171
152 172
152 173
152 174
152 177
152 178
152 179
152 180
152 181
152 182
152 186
152 189
152 190
152 191
152 194
152 195
152 196
152 198
152 199
152 209
152 211
152 227
152 228
152 235
152 242
152 243
152 247
153 154
153 155
153 156
153 157
153 161
153 164
153 165
153 166
153 167
153 169
153 172
153 173
153 175
153 176
153 177
153 179
153 180
153 182
153 183
153 184
153 186
153 188
153 189
153 190
153 192
153 193
153 194
153 196
153 197
153 199
153 210
153 231
153 233
153 235
154 155
154 157
154 159
154 161
154 162
154 164
154 166
154 168
154 170
154 172
154 173
154 174
154 175
154 176
154 177
154 178
154 179
154 181
154 182
154 183
154 185
154 186
154 188
154 189
154 190
154 191
154 192
154 193
154 194
154 195
154 197
154 199
154 200
154 209
154 218
154 248
155 156
155 157
155 158
155 160
155 161
155 162
155 165
155 167
155 168
155 169
155 170
155 172
155 173
155 174
155 175
155 176
155 178
155 179
155 180
155 181
155 182
155 183
155 191
155 192
155 194
155 196
155 198
155 202
155 207
155 213
155 218
155 221
155 223
155 226
155 241
155 247
156 158
156 160
156 161
156 162
156 163
156 165
156 166
156 167
156 168
156 171
156 172
156 173
156 174
156 176
156 177
156 178
156 179
156 180
156 181
156 182
156 185
156 186
156 187
156 188
156 189
156 190
156 191
156 192
156 193
156 194
156 195
156 196
156 197
156 198
156 204
156 209
156 226
156 231
157 158
157 160
157 162
157 164
157 165
157 167
157 170
157 171
157 173
157 174
157 177
157 179
157 181
157 182
157 184
157 185
157 188
157 190
157 192
157 193
157 194
157 197
157 200
157 202
157 211
157 221
157 231
157 236
157 237
157 246
157 249
158 159
158 160
158 161
158 162
158 163
158 164
158 165
158 166
158 167
158 169
158 170
158 171
158 172
158 176
158 177
158 178
158 179
158 180
158 181
158 182
158 183
158 184
158 186
158 187
158 189
158 190
158 191
158 194
158 195
158 197
158 198
158 199
158 210
158 211
158 212
158 216
158 220
158 222
158 227
158 232
158 236
158 244
159 162
159 163
159 164
159 165
159 166
159 167
159 168
159 169
159 172
159 173
159 175
159 176
159 180
159 182
159 183
159 184
159 185
159 186
159 187
159 188
159 189
159 190
159 193
159 194
159 195
159 197
159 198
159 199
159 201
159 205
159 207
159 213
159 215
159 221
159 240
159 244
159 245
160 161
160 163
160 165
160 167
160 172
160 173
160 174
160 175
160 176
160 178
160 179
160 181
160 182
160 183
160 184
160 187
160 188
160 189
160 191
160 193
160 194
160 195
160 196
160 197
160 198
160 199
160 200
160 202
160 203
160 213
160 217
160 224
160 226
160 229
160 240
160 246
161 164
161 168
161 169
161 172
161 173
161 174
161 175
161 176
161 177
161 178
161 180
161 182
161 184
161 186
161 187
161 188
161 189
161 190
161 191
161 192
161 193
161 194
161 195
161 196
161 197
161 198
161 199
161 204
161 207
161 225
161 233
161 235
161 243
161 246
162 163
162 164
162 165
162 166
162 167
162 171
162 172
162 176
162 177
162 179
162 180
162 182
162 183
162 184
162 185
162 186
162 188
162 190
162 191
162 192
162 193
162 194
162 195
162 196
162 198
162 199
162 213
162 214
162 216
162 230
162 238
162 242
162 244
162 245
162 249
163 164
163 165
163 166
163 167
163 169
163 171
163 173
163 176
163 177
163 178
163 179
163 180
163 181
163 182
163 183
163 185
163 189
163 190
163 192
163 193
163 194
163 195
163 196
163 197
163 199
163 200
163 203
163 205
163 225
163 227
163 229
163 245
163 249
164 166
164 167
164 168
164 170
164 173
164 174
164 177
164 178
164 179
164 180
164 181
164 182
164 183
164 185
164 186
164 190
164 191
164 192
164 193
164 195
164 198
164 211
164 212
164 216
164 221
164 225
164 239
164 240
165 166
165 173
165 174
165 175
165 176
165 177
165 178
165 179
165 180
165 181
165 182
165 183
165 184
165 186
165 187
165 188
165 189
165 190
165 192
165 193
165 194
165 195
165 196
165 197
165 198
165 199
165 200
165 202
165 211
165 216
165 219
165 225
165 226
165 240
165 247
166 167
166 169
166 170
166 172
166 173
166 174
166 175
166 176
166 177
166 180
166 181
166 182
166 183
166 184
166 185
166 186
166 188
166 189
166 191
166 192
166 195
166 196
166 197
166 198
166 199
166 203
166 206
166 211
166 215
166 231
166 233
166 235
166 240
166 247
167 169
167 170
167 171
167 172
167 173
167 174
167 175
167 177
167 181
167 183
167 184
167 185
167 188
167 189
167 191
167 194
167 199
167 200
167 202
167 211
167 229
167 236
167 243
167 249
168 169
168 170
168 171
168 172
168 173
168 174
168 175
168 176
168 178
168 179
168 180
168 181
168 183
168 185
168 186
168 187
168 189
168 191
168 192
168 193
168 194
168 197
168 198
168 199
168 211
168 224
168 230
168 232
168 239
168 240
168 247
169 170
169 171
169 172
169 173
169 174
169 175
169 177
169 178
169 180
169 181
169 182
169 183
169 184
169 186
169 187
169 188
169 191
169 192
169 193
169 194
169 195
169 196
169 197
169 198
169 200
169 210
169 223
169 225
169 231
169 234
169 236
169 239
169 249
170 171
170 172
170 177
170 178
170 179
170 180
170 181
170 183
170 184
170 185
170 187
170 188
170 189
170 191
170 192
170 193
170 194
170 195
170 196
170 197
170 198
170 209
170 216
170 217
170 226
170 229
170 231
170 237
170 239
170 244
171 172
171 173
171 175
171 176
171 177
171 181
171 183
171 185
171 186
171 190
171 192
171 193
171 194
171 195
171 196
171 197
171 198
171 205
171 207
171 208
171 210
171 219
171 227
171 238
171 245
172 173
172 175
172 177
172 178
172 179
172 180
172 182
172 183
172 185
172 186
172 187
172 188
172 190
172 192
172 194
172 195
172 196
172 197
172 198
172 209
172 227
172 239
172 241
173 175
173 176
173 177
173 180
173 182
173 183
173 187
173 188
173 190
173 191
173 195
173 196
173 197
173 200
173 207
173 208
173 211
173 213
173 232
173 233
173 238
174 175
174 176
174 177
174 180
174 181
174 182
174 183
174 184
174 186
174 188
174 189
174 195
174 196
174 202
174 216
174 219
174 220
174 233
174 239
174 240
175 176
175 178
175 181
175 182
175 183
175 184
175 185
175 186
175 187
175 188
175 189
175 191
175 192
175 193
175 194
175 195
175 197
175 198
175 199
175 203
175 207
175 211
175 220
175 227
175 232
175 236
175 241
175 248
176 178
176 179
176 181
176 183
176 184
176 185
176 186
176 188
176 189
176 191
176 192
176 193
176 197
176 198
176 202
176 204
176 214
176 217
176 232
176 241
176 245
176 249
177 178
177 179
177 181
177 183
177 184
177 186
177 187
177 189
177 190
177 191
177 192
177 193
177 194
177 195
177 196
177 197
177 198
177 201
177 211
177 215
177 216
177 226
177 234
177 238
177 239
177 241
177 247
177 249
178 181
178 182
178 184
178 185
178 186
178 187
178 188
178 189
178 191
178 192
178 193
178 196
178 197
178 203
178 215
178 216
178 224
178 226
178 229
178 231
178 237
178 238
179 180
179 181
179 182
179 183
179 184
179 187
179 188
179 189
179 190
179 191
179 192
179 193
179 196
179 197
179 198
179 218
179 221
179 228
179 233
179 240
180 181
180 184
180 186
180 187
180 188
180 189
180 191
180 192
180 193
180 195
180 196
180 197
180 198
180 199
180 214
180 215
180 227
180 231
180 233
180 234
181 182
181 183
181 184
181 185
181 186
181 187
181 188
181 189
181 190
181 192
181 193
181 194
181 195
181 199
181 200
181 206
181 212
181 221
181 230
181 235
181 238
182 183
182 185
182 186
182 187
182 188
182 189
182 190
182 191
182 192
182 193
182 195
182 196
182 197
182 198
182 199
182 214
182 217
182 225
182 240
182 242
183 184
183 186
183 187
183 188
183 189
183 191
183 192
183 193
183 195
183 196
183 197
183 199
183 209
183 217
183 218
183 228
183 236
183 241
183 245
184 186
184 187
184 189
184 190
184 191
184 192
184 193
184 195
184 196
184 197
184 198
184 207
184 221
184 227
184 229
184 230
184 238
184 246
184 249
185 186
185 187
185 188
185 189
185 190
185 191
185 192
185 193
185 194
185 195
185 196
185 197
185 198
185 199
185 204
185 222
185 238
185 244
186 187
186 188
186 189
186 190
186 191
186 193
186 196
186 197
186 199
186 202
186 208
186 211
186 239
186 242
186 244
186 246
187 188
187 190
187 191
187 192
187 193
187 194
187 196
187 197
187 198
187 199
187 207
187 209
187 210
187 219
187 226
187 228
187 241
187 242
187 247
188 189
188 191
188 193
188 195
188 196
188 198
188 199
188 202
188 204
188 205
188 208
188 214
188 218
188 233
188 243
189 191
189 193
189 194
189 196
189 217
189 233
189 242
190 194
190 195
190 197
190 199
190 201
190 203
190 204
190 210
190 225
190 232
190 234
190 237
190 243
190 244
190 247
191 192
191 193
191 195
191 196
191 197
191 198
191 211
191 216
191 220
191 221
191 225
191 228
191 240
191 241
192 193
192 194
192 195
192 196
192 199
192 202
192 203
192 206
192 207
192 210
192 216
192 225
192 239
193 194
193 196
193 198
193 199
193 200
193 210
193 216
193 230
193 249
194 195
194 197
194 201
194 211
194 215
194 217
194 219
194 236
194 245
194 246
195 196
195 197
195 198
195 199
195 201
195 208
195 209
195 213
195 218
195 219
195 221
195 224
195 227
195 235
195 242
196 197
196 198
196 199
196 201
196 202
196 204
196 210
196 217
196 221
196 240
197 198
197 199
197 203
197 219
197 224
197 228
197 234
197 242
198 200
198 202
198 203
198 213
198 215
198 216
198 222
198 230
198 239
198 249
199 212
199 213
199 216
199 218
199 220
199 227
199 228
199 229
199 234
199 236
199 244
199 247
200 201
200 202
200 203
200 204
200 205
200 206
200 207
200 208
200 209
200 210
200 212
200 214
200 219
200 220
200 222
200 223
200 224
200 225
200 226
200 227
200 228
200 229
200 230
200 232
200 235
200 236
200 238
200 239
200 240
200 241
200 242
200 244
200 245
200 246
200 249
201 202
201 203
201 204
201 206
201 207
201 209
201 210
201 212
201 213
201 214
201 215
201 216
201 217
201 218
201 220
201 221
201 223
201 224
201 225
201 226
201 227
201 228
201 229
201 230
201 231
201 233
201 234
201 235
201 236
201 238
201 239
201 241
201 242
201 243
201 245
201 246
201 249
202 203
202 204
202 205
202 208
202 209
202 211
202 213
202 215
202 216
202 217
202 218
202 219
202 220
202 221
202 224
202 225
202 226
202 231
202 232
202 233
202 234
202 238
202 241
202 242
202 244
202 245
202 246
202 247
202 248
202 249
203 204
203 206
203 207
203 210
203 213
203 214
203 215
203 216
203 218
203 219
203 220
203 221
203 222
203 225
203 226
203 227
203 229
203 230
203 232
203 233
203 234
203 235
203 237
203 238
203 240
203 241
203 242
203 243
203 244
203 245
203 247
204 205
204 208
204 210
204 211
204 213
204 215
204 216
204 217
204 218
204 222
204 223
204 224
204 225
204 226
204 229
204 230
204 231
204 233
204 234
204 235
204 236
204 237
204 238
204 240
204 241
204 244
204 246
204 247
204 248
204 249
205 206
205 207
205 208
205 209
205 210
205 211
205 212
205 214
205 215
205 218
205 219
205 222
205 223
205 224
205 226
205 227
205 228
205 229
205 231
205 232
205 233
205 234
205 235
205 236
205 238
205 239
205 240
205 241
205 242
205 243
205 244
205 245
205 246
205 247
205 249
206 207
206 209
206 210
206 211
206 213
206 215
206 216
206 217
206 218
206 219
206 220
206 221
206 222
206 224
206 225
206 226
206 227
206 228
206 229
206 230
206 232
206 233
206 234
206 235
206 236
206 237
206 238
206 239
206 241
206 242
206 243
206 244
206 245
206 247
206 248
206 249
207 209
207 210
207 211
207 212
207 215
207 216
207 218
207 219
207 222
207 224
207 226
207 227
207 228
207 229
207 230
207 232
207 233
207 234
207 235
207 237
207 238
207 240
207 241
207 242
207 244
207 245
207 248
208 211
208 214
208 215
208 217
208 220
208 222
208 223
208 225
208 226
208 228
208 230
208 231
208 234
208 236
208 237
208 238
208 241
208 242
208 243
208 244
208 245
208 247
209 210
209 211
209 212
209 213
209 214
209 215
209 216
209 217
209 219
209 220
209 222
209 224
209 225
209 226
209 227
209 231
209 233
209 234
209 236
209 238
209 241
209 242
209 243
209 245
209 246
209 247
209 248
209 249
210 214
210 217
210 218
210 221
210 223
210 224
210 226
210 227
210 228
210 229
210 230
210 231
210 233
210 237
210 239
210 240
210 241
210 243
210 244
210 245
210 247
210 249
211 213
211 214
211 215
211 217
211 220
211 222
211 223
211 224
211 227
211 228
211 229
211 230
211 232
211 233
211 234
211 235
211 236
211 237
211 238
211 240
211 241
211 243
211 244
211 245
211 246
211 247
211 248
212 213
212 216
212 217
212 218
212 219
212 220
212 221
212 222
212 223
212 225
212 226
212 227
212 228
212 230
212 231
212 232
212 233
212 235
212 237
212 238
212 240
212 244
212 245
212 246
212 248
212 249
213 214
213 216
213 218
213 219
213 221
213 222
213 223
213 224
213 225
213 226
213 229
213 230
213 232
213 234
213 235
213 236
213 237
213 239
213 240
213 242
213 243
213 244
213 249
214 216
214 217
214 219
214 222
214 223
214 224
214 225
214 227
214 228
214 229
214 230
214 231
214 232
214 233
214 235
214 238
214 239
214 240
214 242
214 243
214 245
214 246
214 247
214 249
215 216
215 219
215 220
215 221
215 222
215 224
215 225
215 230
215 231
215 233
215 234
215 238
215 239
215 242
215 243
215 244
215 245
215 247
215 248
215 249
216 217
216 218
216 219
216 220
216 222
216 223
216 224
216 226
216 229
216 230
216 231
216 232
216 233
216 235
216 236
216 237
216 239
216 241
216 242
216 244
216 245
216 247
217 218
217 219
217 220
217 221
217 224
217 226
217 227
217 228
217 230
217 232
217 233
217 236
217 239
217 241
217 242
217 243
217 245
217 246
217 247
217 248
217 249
218 219
218 220
218 221
218 222
218 225
218 226
218 227
218 228
218 229
218 230
218 232
218 234
218 235
218 237
218 238
218 239
218 240
218 241
218 244
218 245
218 246
218 247
218 248
219 221
219 224
219 225
219 226
219 227
219 228
219 229
219 231
219 232
219 237
219 238
219 240
219 243
219 245
219 246
219 248
219 249
220 221
220 222
220 223
220 224
220 226
220 227
220 228
220 229
220 233
220 234
220 235
220 236
220 237
220 238
220 239
220 240
220 241
220 243
220 245
220 246
220 247
220 249
221 223
221 224
221 226
221 230
221 231
221 232
221 234
221 235
221 236
221 237
221 238
221 239
221 241
221 244
221 245
221 247
221 248
221 249
222 224
222 227
222 228
222 229
222 230
222 231
222 232
222 233
222 234
222 235
222 236
222 237
222 239
222 240
222 242
222 244
222 245
222 247
222 248
222 249
223 225
223 229
223 230
223 231
223 232
223 233
223 234
223 235
223 236
223 237
223 239
223 241
223 243
223 244
223 245
223 246
223 247
223 248
223 249
224 225
224 226
224 227
224 228
224 229
224 230
224 231
224 232
224 233
224 234
224 237
224 238
224 239
224 241
224 243
224 244
224 245
224 247
224 248
224 249
225 226
225 227
225 229
225 230
225 231
225 232
225 233
225 234
225 236
225 237
225 239
225 240
225 241
225 242
225 243
225 245
225 248
225 249
226 228
226 229
226 230
226 231
226 232
226 233
226 234
226 235
226 236
226 237
226 238
226 239
226 241
226 242
226 243
226 244
226 245
226 246
226 249
227 228
227 230
227 231
227 232
227 234
227 235
227 237
227 238
227 240
227 241
227 242
227 243
227 244
227 245
227 248
227 249
228 229
228 230
228 232
228 233
228 234
228 235
228 236
228 237
228 239
228 243
228 244
228 245
228 246
228 247
228 248
228 249
229 231
229 232
229 233
229 234
229 235
229 236
229 237
229 239
229 241
229 242
229 243
229 245
229 246
229 247
229 248
229 249
230 231
230 232
230 233
230 235
230 236
230 238
230 240
230 242
230 243
230 244
230 245
230 248
230 249
231 232
231 235
231 240
231 241
231 242
231 243
231 244
231 245
231 246
231 247
231 248
231 249
232 233
232 236
232 237
232 241
232 243
232 244
232 246
232 247
232 248
232 249
233 234
233 236
233 237
233 238
233 239
233 240
233 241
233 242
233 243
233 244
233 248
233 249
234 236
234 237
234 238
234 243
234 244
234 246
234 248
235 237
235 238
235 239
235 240
235 241
235 242
235 243
235 245
235 247
235 248
236 237
236 239
236 242
236 243
236 244
236 245
236 247
236 249
237 238
237 239
237 240
237 241
237 243
237 245
237 248
238 239
238 241
238 242
238 245
238 246
238 248
238 249
239 241
239 243
239 245
239 246
239 247
239 248
239 249
240 242
240 245
240 246
240 247
240 249
241 242
241 245
241 247
242 244
242 246
242 248
242 249
243 244
243 245
243 249
244 245
244 246
244 247
245 246
245 247
245 248
245 249
246 248
247 248
247 249
