0 2
0 3
0 6
0 7
0 8
0 9
0 10
0 12
0 13
0 15
0 16
0 17
0 18
0 20
0 21
0 22
0 23
0 24
0 25
0 26
0 28
0 31
0 32
0 34
0 35
0 37
0 38
0 39
0 40
0 41
0 42
0 44
0 45
0 46
0 48
0 49
0 58
0 62
0 63
0 65
0 83
0 95
0 133
0 135
0 144
0 126
0 154
0 174
0 175
0 188
0 190
0 194
0 200
0 201
0 214
0 223
1 3
1 4
1 5
1 7
1 8
1 9
1 10
1 11
1 14
1 15
1 16
1 17
1 19
1 20
1 21
1 26
1 27
1 29
1 30
1 31
1 33
1 34
1 35
1 36
1 40
1 41
1 43
1 44
1 46
1 48
1 49
1 51
1 76
1 86
1 96
1 133
1 144
1 147
1 112
1 121
1 150
1 153
1 157
1 192
1 196
1 202
1 209
1 214
1 234
1 240
2 3
2 4
2 5
2 6
2 7
2 8
2 9
2 10
2 12
2 15
2 16
2 17
2 20
2 21
2 23
2 26
2 27
2 28
2 29
2 33
2 35
2 37
2 38
2 39
2 40
2 41
2 42
2 43
2 47
2 48
2 49
2 55
2 60
2 65
2 68
2 88
2 93
2 144
2 146
2 101
2 105
2 115
2 121
2 125
2 153
2 154
2 166
2 167
2 168
2 191
2 193
2 209
3 5
3 6
3 7
3 8
3 9
3 10
3 12
3 15
3 16
3 17
3 18
3 19
3 21
3 23
3 24
3 25
3 26
3 28
3 29
3 30
3 34
3 36
3 39
3 41
3 42
3 43
3 44
3 45
3 46
3 47
3 48
3 54
3 67
3 76
3 85
3 95
3 97
3 130
3 131
3 133
3 145
3 111
3 113
3 120
3 126
3 154
3 198
3 206
3 207
3 208
3 224
3 229
3 247
4 5
4 7
4 8
4 12
4 13
4 15
4 16
4 18
4 19
4 20
4 21
4 25
4 26
4 28
4 31
4 33
4 34
4 35
4 36
4 37
4 38
4 39
4 42
4 43
4 45
4 46
4 47
4 50
4 54
4 56
4 61
4 71
4 92
4 141
4 100
4 106
4 119
4 127
4 151
4 154
4 155
4 157
4 168
4 171
4 174
4 193
4 203
4 213
4 223
5 6
5 8
5 10
5 11
5 12
5 13
5 14
5 15
5 16
5 18
5 19
5 20
5 21
5 23
5 24
5 25
5 26
5 27
5 30
5 31
5 32
5 33
5 36
5 37
5 39
5 40
5 41
5 42
5 43
5 45
5 48
5 49
5 53
5 67
5 81
5 82
5 83
5 85
5 97
5 129
5 145
5 100
5 106
5 108
5 125
5 170
5 180
5 182
5 191
5 204
5 215
5 228
5 242
5 246
6 11
6 12
6 14
6 15
6 17
6 18
6 19
6 21
6 22
6 24
6 25
6 26
6 27
6 28
6 31
6 32
6 33
6 34
6 36
6 37
6 39
6 42
6 43
6 44
6 45
6 48
6 49
6 63
6 65
6 69
6 87
6 89
6 92
6 99
6 132
6 134
6 142
6 108
6 109
6 116
6 118
6 125
6 152
6 155
6 157
6 191
6 213
6 220
6 224
6 234
6 249
7 8
7 9
7 10
7 11
7 12
7 14
7 15
7 16
7 17
7 18
7 19
7 21
7 22
7 25
7 26
7 27
7 31
7 33
7 35
7 36
7 37
7 39
7 40
7 42
7 43
7 45
7 46
7 47
7 49
7 56
7 58
7 62
7 67
7 70
7 74
7 82
7 87
7 88
7 146
7 147
7 100
7 105
7 111
7 112
7 116
7 151
7 152
7 158
7 159
7 168
7 182
7 186
7 195
7 221
7 235
7 245
8 9
8 11
8 13
8 14
8 15
8 17
8 18
8 19
8 21
8 22
8 24
8 25
8 26
8 28
8 29
8 30
8 31
8 32
8 34
8 37
8 38
8 39
8 40
8 41
8 43
8 44
8 45
8 46
8 47
8 49
8 66
8 83
8 98
8 129
8 130
8 135
8 136
8 138
8 139
8 147
8 106
8 112
8 124
8 125
8 150
8 158
8 172
8 176
8 185
8 187
8 189
8 205
8 213
8 221
8 226
8 240
9 10
9 11
9 12
9 13
9 15
9 16
9 17
9 19
9 20
9 22
9 23
9 25
9 26
9 29
9 30
9 32
9 34
9 36
9 37
9 38
9 39
9 41
9 42
9 43
9 44
9 45
9 46
9 48
9 49
9 72
9 76
9 85
9 91
9 94
9 97
9 129
9 138
9 141
9 106
9 109
9 111
9 114
9 151
9 159
9 162
9 166
9 173
9 174
9 194
9 196
9 200
9 208
9 221
9 222
9 231
9 232
9 238
9 248
10 11
10 13
10 14
10 15
10 17
10 19
10 20
10 21
10 22
10 24
10 25
10 26
10 27
10 28
10 29
10 31
10 35
10 36
10 37
10 39
10 40
10 41
10 42
10 43
10 45
10 46
10 47
10 49
10 50
10 52
10 55
10 89
10 130
10 104
10 170
10 183
10 201
10 215
10 224
10 229
10 235
10 240
10 247
11 14
11 15
11 18
11 19
11 20
11 21
11 22
11 23
11 24
11 25
11 26
11 27
11 29
11 30
11 31
11 32
11 33
11 36
11 38
11 40
11 41
11 42
11 43
11 44
11 45
11 46
11 47
11 49
11 56
11 58
11 63
11 64
11 69
11 72
11 78
11 79
11 149
11 105
11 108
11 112
11 113
11 124
11 165
11 180
11 186
11 187
11 192
11 227
11 235
11 239
11 248
12 13
12 15
12 16
12 17
12 18
12 19
12 20
12 21
12 22
12 24
12 25
12 28
12 29
12 31
12 32
12 35
12 36
12 37
12 39
12 41
12 42
12 43
12 44
12 45
12 46
12 48
12 50
12 54
12 58
12 60
12 62
12 66
12 82
12 85
12 87
12 90
12 132
12 136
12 138
12 100
12 102
12 108
12 118
12 119
12 122
12 125
12 176
12 186
12 211
12 236
12 244
12 246
13 14
13 16
13 17
13 19
13 24
13 25
13 26
13 27
13 28
13 29
13 31
13 32
13 33
13 34
13 35
13 36
13 37
13 38
13 40
13 41
13 42
13 43
13 44
13 45
13 46
13 47
13 48
13 49
13 65
13 79
13 99
13 105
13 115
13 118
13 151
13 164
13 171
13 186
13 189
13 190
13 196
13 212
13 242
14 15
14 16
14 18
14 19
14 20
14 21
14 22
14 23
14 24
14 26
14 27
14 28
14 29
14 30
14 32
14 33
14 34
14 35
14 36
14 37
14 38
14 39
14 40
14 42
14 43
14 44
14 47
14 49
14 50
14 60
14 68
14 92
14 140
14 109
14 125
14 160
14 166
14 170
14 174
14 175
14 181
14 186
14 190
14 192
14 207
14 226
14 232
14 236
14 242
15 18
15 19
15 21
15 22
15 23
15 24
15 25
15 27
15 30
15 32
15 34
15 37
15 38
15 41
15 43
15 45
15 46
15 47
15 48
15 49
15 55
15 79
15 94
15 129
15 131
15 133
15 139
15 142
15 143
15 146
15 101
15 127
15 154
15 168
15 172
15 174
15 179
15 207
15 210
15 211
15 235
16 17
16 19
16 25
16 26
16 27
16 28
16 29
16 30
16 31
16 32
16 35
16 36
16 37
16 38
16 39
16 40
16 41
16 42
16 46
16 47
16 48
16 49
16 54
16 58
16 59
16 65
16 91
16 93
16 98
16 138
16 145
16 158
16 176
16 194
16 222
16 228
16 240
17 19
17 20
17 21
17 22
17 23
17 25
17 27
17 28
17 30
17 32
17 34
17 35
17 39
17 40
17 41
17 42
17 43
17 44
17 45
17 46
17 47
17 48
17 49
17 59
17 65
17 74
17 89
17 91
17 145
17 147
17 115
17 152
17 153
17 155
17 177
17 184
17 199
17 212
17 215
17 225
17 230
17 236
17 242
18 19
18 20
18 21
18 23
18 24
18 25
18 26
18 27
18 28
18 31
18 33
18 34
18 35
18 36
18 37
18 38
18 39
18 40
18 41
18 43
18 44
18 45
18 46
18 47
18 48
18 49
18 51
18 58
18 69
18 89
18 141
18 103
18 152
18 163
18 166
18 169
18 207
18 217
18 221
18 232
18 233
18 236
19 20
19 21
19 22
19 23
19 24
19 25
19 26
19 27
19 28
19 29
19 30
19 31
19 32
19 33
19 34
19 35
19 37
19 38
19 39
19 40
19 41
19 42
19 43
19 44
19 47
19 60
19 63
19 68
19 76
19 95
19 96
19 129
19 130
19 140
19 100
19 101
19 123
19 154
19 162
19 164
19 168
19 177
19 180
19 181
19 183
19 202
19 220
19 223
19 237
19 238
19 241
19 249
20 21
20 22
20 25
20 26
20 27
20 29
20 31
20 32
20 34
20 35
20 36
20 38
20 39
20 41
20 43
20 44
20 45
20 46
20 49
20 55
20 62
20 67
20 73
20 92
20 96
20 138
20 139
20 149
20 167
20 184
20 200
20 213
20 223
20 240
20 247
21 22
21 23
21 24
21 26
21 27
21 28
21 29
21 30
21 33
21 34
21 35
21 36
21 37
21 39
21 41
21 42
21 43
21 48
21 49
21 56
21 57
21 58
21 68
21 86
21 128
21 144
21 106
21 116
21 126
21 150
21 152
21 155
21 164
21 170
21 173
21 199
21 217
21 236
22 24
22 27
22 28
22 29
22 30
22 32
22 34
22 35
22 36
22 38
22 39
22 42
22 43
22 44
22 46
22 48
22 49
22 87
22 90
22 98
22 135
22 115
22 162
22 169
22 175
22 176
22 209
22 211
22 212
22 215
22 229
22 231
22 235
22 247
23 24
23 25
23 27
23 28
23 29
23 30
23 31
23 33
23 34
23 35
23 37
23 39
23 40
23 41
23 46
23 47
23 48
23 49
23 73
23 77
23 83
23 85
23 97
23 98
23 99
23 131
23 132
23 133
23 143
23 104
23 107
23 115
23 117
23 119
23 154
23 156
23 162
23 165
23 166
23 189
23 194
23 209
23 235
23 238
23 248
24 25
24 26
24 27
24 28
24 29
24 30
24 33
24 34
24 35
24 36
24 37
24 38
24 40
24 41
24 42
24 44
24 45
24 46
24 57
24 58
24 78
24 84
24 90
24 138
24 144
24 100
24 105
24 117
24 126
24 181
24 188
24 195
24 197
24 199
24 201
24 205
24 207
24 212
24 229
24 245
24 249
25 26
25 28
25 31
25 32
25 33
25 35
25 36
25 37
25 38
25 39
25 40
25 41
25 43
25 44
25 45
25 47
25 48
25 49
25 71
25 87
25 89
25 95
25 99
25 144
25 122
25 123
25 152
25 174
25 188
25 196
25 201
25 208
25 221
25 225
25 230
25 234
25 247
26 27
26 28
26 30
26 31
26 32
26 33
26 34
26 35
26 36
26 37
26 39
26 40
26 42
26 43
26 45
26 46
26 47
26 48
26 49
26 74
26 93
26 94
26 128
26 132
26 134
26 142
26 146
26 113
26 116
26 121
26 122
26 150
26 156
26 170
26 179
26 219
26 221
26 224
26 232
26 236
27 29
27 30
27 31
27 32
27 33
27 34
27 35
27 37
27 38
27 39
27 40
27 42
27 44
27 45
27 46
27 47
27 48
27 49
27 93
27 99
27 128
27 143
27 145
27 120
27 123
27 124
27 158
27 165
27 166
27 169
27 173
27 188
27 192
27 193
27 206
27 216
27 217
27 221
27 224
27 228
27 234
27 243
28 30
28 32
28 33
28 34
28 35
28 36
28 37
28 38
28 39
28 40
28 41
28 45
28 47
28 48
28 49
28 57
28 59
28 62
28 65
28 70
28 78
28 79
28 80
28 98
28 132
28 143
28 111
28 118
28 120
28 125
28 150
28 162
28 173
28 182
28 197
28 204
28 206
28 212
28 233
28 235
28 239
28 240
28 246
29 30
29 32
29 33
29 34
29 35
29 36
29 38
29 39
29 40
29 41
29 42
29 44
29 45
29 46
29 47
29 48
29 49
29 80
29 94
29 95
29 141
29 144
29 103
29 109
29 114
29 125
29 152
29 156
29 157
29 187
29 199
29 230
29 232
29 237
30 31
30 32
30 34
30 35
30 36
30 38
30 39
30 42
30 43
30 44
30 45
30 47
30 53
30 72
30 77
30 142
30 146
30 112
30 172
30 175
30 178
30 180
30 182
30 186
30 194
30 203
30 225
30 247
31 32
31 35
31 36
31 38
31 39
31 40
31 41
31 42
31 46
31 47
31 49
31 59
31 62
31 63
31 85
31 86
31 94
31 135
31 146
31 103
31 117
31 164
31 170
31 175
31 177
31 227
31 234
31 242
31 245
31 248
32 33
32 34
32 35
32 38
32 39
32 40
32 41
32 42
32 43
32 45
32 47
32 49
32 61
32 69
32 95
32 132
32 144
32 122
32 126
32 150
32 193
32 197
32 202
33 34
33 36
33 38
33 40
33 41
33 43
33 44
33 45
33 46
33 48
33 49
33 60
33 66
33 70
33 73
33 87
33 88
33 90
33 131
33 114
33 151
33 163
33 169
33 170
33 171
33 185
33 199
33 201
33 206
33 224
33 227
33 242
33 248
34 35
34 36
34 37
34 38
34 39
34 41
34 42
34 43
34 44
34 45
34 46
34 47
34 48
34 49
34 58
34 60
34 62
34 79
34 82
34 95
34 138
34 142
34 143
34 104
34 107
34 113
34 121
34 125
34 156
34 157
34 159
34 164
34 168
34 201
34 205
34 210
34 226
34 238
34 246
34 247
34 249
35 37
35 39
35 42
35 43
35 44
35 45
35 46
35 47
35 48
35 49
35 50
35 54
35 57
35 65
35 67
35 71
35 85
35 89
35 92
35 93
35 134
35 135
35 137
35 138
35 100
35 105
35 116
35 172
35 174
35 195
35 205
35 224
35 243
36 40
36 42
36 43
36 45
36 46
36 48
36 49
36 59
36 72
36 92
36 128
36 130
36 132
36 102
36 108
36 121
36 150
36 160
36 173
36 179
36 180
36 216
36 231
37 41
37 43
37 44
37 46
37 47
37 49
37 51
37 59
37 69
37 81
37 85
37 98
37 130
37 142
37 119
37 125
37 127
37 151
37 155
37 162
37 165
37 168
37 170
37 179
37 185
37 191
37 208
37 227
37 228
37 235
37 241
37 242
38 39
38 40
38 43
38 44
38 45
38 46
38 47
38 48
38 49
38 50
38 64
38 69
38 71
38 72
38 79
38 88
38 95
38 129
38 115
38 116
38 124
38 153
38 159
38 162
38 174
38 182
38 188
38 196
38 208
38 241
39 40
39 42
39 44
39 46
39 49
39 58
39 60
39 61
39 98
39 99
39 142
39 111
39 122
39 169
39 176
39 191
39 205
39 239
40 42
40 43
40 44
40 45
40 47
40 49
40 51
40 53
40 72
40 75
40 77
40 90
40 96
40 98
40 102
40 110
40 115
40 155
40 157
40 158
40 164
40 169
40 170
40 172
40 189
40 191
40 195
40 202
40 206
40 213
40 240
41 42
41 44
41 45
41 46
41 47
41 48
41 49
41 98
41 136
41 145
41 154
41 165
41 168
41 176
41 186
41 187
41 191
41 217
41 225
41 228
41 231
41 235
41 236
41 247
42 43
42 44
42 45
42 47
42 66
42 78
42 81
42 89
42 91
42 96
42 133
42 102
42 105
42 118
42 122
42 151
42 166
42 173
42 176
42 184
42 190
42 191
42 194
42 215
42 229
42 231
42 235
42 240
43 44
43 45
43 46
43 47
43 49
43 62
43 81
43 83
43 129
43 136
43 137
43 103
43 150
43 170
43 173
43 179
43 203
43 219
43 222
43 241
44 45
44 46
44 49
44 66
44 72
44 79
44 83
44 85
44 134
44 139
44 144
44 147
44 148
44 106
44 111
44 114
44 152
44 158
44 176
44 179
44 190
44 198
44 209
44 213
44 217
44 218
44 225
44 233
44 236
45 46
45 47
45 48
45 49
45 56
45 66
45 75
45 133
45 147
45 106
45 110
45 113
45 123
45 126
45 165
45 171
45 172
45 179
45 205
45 206
45 212
45 213
45 223
45 225
45 244
46 49
46 71
46 84
46 87
46 90
46 99
46 136
46 104
46 114
46 122
46 150
46 180
46 187
46 188
46 195
46 210
46 213
46 234
46 244
46 246
47 49
47 63
47 66
47 134
47 146
47 147
47 107
47 113
47 116
47 177
47 178
47 179
47 191
47 194
47 201
47 207
47 215
47 223
47 230
47 234
47 238
47 245
47 248
48 63
48 68
48 69
48 71
48 83
48 128
48 146
48 171
48 174
48 194
48 195
48 221
48 237
48 238
48 241
49 51
49 63
49 69
49 89
49 93
49 98
49 144
49 106
49 108
49 154
49 200
49 224
49 226
49 230
49 232
49 247
50 52
50 53
50 54
50 55
50 56
50 59
50 61
50 63
50 64
50 65
50 66
50 67
50 69
50 70
50 71
50 74
50 75
50 76
50 80
50 81
50 82
50 83
50 84
50 85
50 86
50 87
50 90
50 92
50 93
50 94
50 95
50 96
50 97
50 98
50 129
50 113
50 116
50 125
50 126
50 156
50 158
50 180
50 184
50 186
50 187
50 195
50 217
50 220
50 230
50 235
50 237
50 241
50 246
51 53
51 54
51 55
51 57
51 58
51 60
51 61
51 63
51 64
51 66
51 67
51 68
51 72
51 73
51 75
51 76
51 77
51 79
51 80
51 82
51 83
51 84
51 85
51 86
51 87
51 88
51 90
51 91
51 92
51 93
51 94
51 97
51 98
51 99
51 137
51 145
51 146
51 105
51 116
51 165
51 167
51 179
51 182
51 183
51 199
51 214
51 216
51 221
51 228
51 229
51 232
51 234
51 239
51 247
52 53
52 56
52 57
52 58
52 59
52 60
52 61
52 63
52 64
52 65
52 66
52 67
52 69
52 72
52 73
52 75
52 76
52 77
52 81
52 82
52 83
52 84
52 85
52 87
52 89
52 90
52 92
52 96
52 98
52 99
52 147
52 109
52 122
52 123
52 155
52 162
52 168
52 169
52 182
52 185
52 197
52 222
52 224
52 236
52 249
53 54
53 56
53 57
53 58
53 63
53 65
53 66
53 67
53 68
53 69
53 70
53 71
53 72
53 73
53 75
53 76
53 77
53 78
53 80
53 81
53 82
53 83
53 84
53 85
53 87
53 88
53 89
53 90
53 91
53 92
53 93
53 95
53 96
53 97
53 131
53 142
53 149
53 112
53 113
53 122
53 123
53 126
53 175
53 183
53 194
53 202
53 211
53 221
53 223
53 226
53 237
53 249
54 55
54 56
54 57
54 58
54 60
54 61
54 63
54 64
54 65
54 66
54 67
54 68
54 69
54 71
54 72
54 73
54 74
54 75
54 76
54 77
54 79
54 80
54 81
54 82
54 83
54 84
54 86
54 87
54 90
54 95
54 96
54 98
54 99
54 132
54 134
54 141
54 142
54 146
54 147
54 106
54 152
54 171
54 179
54 182
54 202
54 206
54 209
54 225
54 241
55 56
55 58
55 60
55 61
55 62
55 63
55 65
55 68
55 71
55 72
55 73
55 74
55 75
55 76
55 77
55 79
55 81
55 82
55 83
55 84
55 85
55 86
55 88
55 89
55 90
55 91
55 92
55 93
55 94
55 95
55 96
55 97
55 98
55 147
55 112
55 122
55 124
55 156
55 159
55 167
55 171
55 203
55 214
55 216
55 219
55 227
55 229
55 248
56 58
56 59
56 60
56 64
56 65
56 66
56 67
56 69
56 70
56 71
56 72
56 74
56 75
56 77
56 78
56 79
56 80
56 81
56 82
56 83
56 84
56 85
56 86
56 87
56 88
56 89
56 93
56 94
56 96
56 97
56 98
56 99
56 131
56 143
56 107
56 109
56 113
56 125
56 151
56 168
56 170
56 184
56 195
56 199
56 216
56 233
56 235
56 236
57 58
57 59
57 60
57 61
57 62
57 63
57 64
57 65
57 66
57 67
57 69
57 71
57 73
57 74
57 76
57 77
57 78
57 79
57 80
57 81
57 83
57 85
57 86
57 87
57 88
57 91
57 92
57 93
57 94
57 98
57 148
57 103
57 107
57 110
57 119
57 150
57 151
57 157
57 177
57 208
57 211
57 212
57 214
57 218
57 238
58 59
58 60
58 61
58 63
58 65
58 67
58 68
58 69
58 71
58 72
58 73
58 74
58 75
58 77
58 79
58 81
58 82
58 83
58 85
58 86
58 87
58 88
58 89
58 90
58 91
58 92
58 93
58 95
58 96
58 97
58 98
58 99
58 135
58 159
58 171
58 173
58 175
58 179
58 194
58 219
58 220
58 221
59 60
59 61
59 64
59 65
59 68
59 69
59 70
59 71
59 72
59 73
59 75
59 76
59 78
59 79
59 80
59 81
59 83
59 85
59 86
59 87
59 89
59 90
59 91
59 93
59 94
59 95
59 97
59 99
59 108
59 112
59 113
59 165
59 174
59 176
59 177
59 194
59 196
59 216
59 217
59 229
59 247
60 62
60 63
60 64
60 65
60 66
60 69
60 70
60 71
60 72
60 75
60 76
60 77
60 78
60 79
60 80
60 81
60 84
60 85
60 86
60 88
60 89
60 90
60 91
60 92
60 93
60 97
60 98
60 99
60 100
60 112
60 115
60 161
60 164
60 169
60 188
60 210
60 213
60 214
60 221
60 235
60 236
61 62
61 63
61 64
61 66
61 68
61 69
61 70
61 71
61 74
61 75
61 76
61 77
61 78
61 80
61 81
61 82
61 84
61 85
61 89
61 90
61 91
61 92
61 93
61 94
61 95
61 100
61 124
61 191
61 195
61 206
61 215
61 229
61 240
61 242
61 246
62 63
62 64
62 66
62 68
62 69
62 70
62 71
62 72
62 73
62 74
62 75
62 77
62 78
62 79
62 81
62 84
62 86
62 88
62 89
62 90
62 91
62 92
62 93
62 94
62 95
62 98
62 99
62 134
62 140
62 100
62 107
62 109
62 110
62 150
62 154
62 161
62 163
62 166
62 169
62 174
62 176
62 196
62 200
62 203
62 206
62 207
62 231
62 246
63 65
63 66
63 68
63 69
63 70
63 71
63 72
63 73
63 74
63 75
63 76
63 78
63 79
63 80
63 82
63 83
63 85
63 86
63 88
63 89
63 91
63 92
63 94
63 95
63 96
63 97
63 98
63 99
63 147
63 106
63 111
63 124
63 125
63 150
63 174
63 180
63 200
63 206
63 208
63 214
63 219
63 226
63 232
63 234
64 66
64 67
64 68
64 69
64 70
64 71
64 73
64 75
64 77
64 78
64 80
64 81
64 84
64 86
64 88
64 90
64 91
64 92
64 93
64 96
64 97
64 99
64 134
64 139
64 147
64 100
64 110
64 113
64 172
64 191
64 211
64 219
64 227
65 66
65 67
65 70
65 71
65 72
65 73
65 74
65 76
65 79
65 80
65 82
65 83
65 84
65 85
65 87
65 88
65 89
65 90
65 92
65 93
65 94
65 133
65 135
65 100
65 111
65 125
65 178
65 184
65 189
65 210
65 211
65 219
65 221
65 222
65 225
65 227
65 228
65 229
65 239
65 248
66 67
66 68
66 69
66 70
66 72
66 73
66 75
66 76
66 77
66 78
66 79
66 80
66 82
66 83
66 84
66 85
66 86
66 87
66 88
66 89
66 90
66 92
66 93
66 96
66 98
66 144
66 109
66 111
66 112
66 155
66 167
66 182
66 198
66 214
66 220
66 234
66 241
67 68
67 69
67 71
67 73
67 75
67 76
67 78
67 79
67 80
67 81
67 84
67 85
67 90
67 91
67 92
67 95
67 96
67 97
67 98
67 128
67 136
67 104
67 106
67 112
67 155
67 157
67 181
67 185
67 195
67 200
67 206
67 208
67 209
67 219
67 220
68 70
68 71
68 73
68 76
68 77
68 79
68 80
68 81
68 83
68 85
68 86
68 90
68 91
68 92
68 96
68 98
68 128
68 109
68 118
68 119
68 127
68 188
68 191
68 199
68 209
68 234
69 70
69 71
69 72
69 73
69 74
69 75
69 76
69 78
69 80
69 82
69 83
69 84
69 85
69 86
69 87
69 89
69 90
69 91
69 92
69 95
69 97
69 98
69 106
69 111
69 113
69 114
69 126
69 153
69 156
69 163
69 172
69 201
69 213
69 215
69 241
69 247
70 71
70 74
70 76
70 78
70 80
70 82
70 83
70 84
70 85
70 88
70 89
70 91
70 92
70 95
70 96
70 97
70 98
70 132
70 133
70 109
70 164
70 167
70 168
70 178
70 234
70 245
71 73
71 74
71 76
71 78
71 80
71 81
71 82
71 83
71 84
71 85
71 86
71 87
71 88
71 90
71 92
71 93
71 94
71 95
71 96
71 97
71 98
71 137
71 146
71 148
71 101
71 103
71 107
71 115
71 120
71 127
71 154
71 161
71 162
71 168
71 174
71 182
71 216
71 237
71 241
72 73
72 74
72 75
72 78
72 80
72 81
72 82
72 84
72 85
72 86
72 88
72 89
72 90
72 92
72 93
72 96
72 97
72 98
72 99
72 140
72 148
72 104
72 115
72 120
72 162
72 172
72 174
72 176
72 184
72 201
72 225
72 230
73 75
73 77
73 78
73 79
73 80
73 82
73 83
73 84
73 85
73 86
73 88
73 90
73 91
73 92
73 93
73 95
73 96
73 97
73 98
73 99
73 130
73 159
73 165
73 166
73 175
73 176
73 215
73 220
73 227
73 247
74 78
74 81
74 82
74 83
74 84
74 89
74 90
74 91
74 92
74 94
74 95
74 96
74 97
74 98
74 99
74 129
74 134
74 137
74 139
74 114
74 116
74 152
74 170
74 189
74 215
74 223
74 225
75 77
75 80
75 81
75 83
75 85
75 86
75 87
75 88
75 89
75 90
75 91
75 92
75 93
75 95
75 96
75 97
75 98
75 99
75 130
75 131
75 138
75 143
75 148
75 111
75 153
75 160
75 161
75 170
75 180
75 185
75 192
75 202
75 212
75 229
75 235
75 242
76 78
76 79
76 80
76 81
76 82
76 83
76 84
76 89
76 91
76 92
76 93
76 94
76 96
76 97
76 98
76 99
76 131
76 142
76 104
76 105
76 116
76 154
76 225
76 242
76 246
76 249
77 78
77 80
77 84
77 87
77 89
77 90
77 91
77 93
77 94
77 95
77 96
77 97
77 98
77 135
77 138
77 101
77 163
77 168
77 178
77 187
77 205
77 219
77 222
77 234
77 243
78 79
78 80
78 82
78 85
78 86
78 88
78 89
78 91
78 92
78 94
78 97
78 99
78 132
78 134
78 149
78 111
78 164
78 166
78 169
78 170
78 177
78 183
78 190
78 200
78 203
78 209
78 215
78 220
78 229
78 233
78 242
78 243
79 80
79 81
79 82
79 84
79 85
79 86
79 87
79 88
79 90
79 91
79 92
79 94
79 99
79 136
79 140
79 146
79 127
79 173
79 182
79 199
79 204
79 212
79 227
80 81
80 82
80 83
80 85
80 86
80 88
80 89
80 90
80 91
80 94
80 95
80 96
80 97
80 99
80 140
80 112
80 114
80 123
80 124
80 153
80 155
80 162
80 186
80 192
80 194
80 205
80 206
80 213
80 219
80 223
80 226
81 82
81 84
81 85
81 87
81 89
81 90
81 92
81 93
81 94
81 95
81 96
81 97
81 98
81 137
81 149
81 119
81 124
81 161
81 166
81 184
81 205
81 220
81 229
81 230
81 243
82 84
82 85
82 86
82 87
82 89
82 92
82 93
82 94
82 95
82 96
82 99
82 113
82 162
82 165
82 188
82 194
82 195
82 198
82 203
82 214
82 221
82 225
82 226
82 231
82 245
83 84
83 85
83 86
83 87
83 88
83 91
83 92
83 93
83 94
83 95
83 96
83 97
83 98
83 131
83 134
83 121
83 156
83 167
83 172
83 199
83 201
83 210
83 211
83 215
83 234
83 242
84 85
84 86
84 89
84 91
84 92
84 93
84 94
84 95
84 96
84 98
84 134
84 148
84 100
84 120
84 150
84 162
84 186
84 198
84 201
84 223
84 224
84 238
85 87
85 88
85 89
85 90
85 91
85 92
85 94
85 95
85 98
85 99
85 144
85 148
85 110
85 115
85 125
85 150
85 160
85 175
85 178
85 183
85 194
85 202
85 204
85 212
85 218
85 238
85 243
85 246
85 247
86 88
86 89
86 90
86 91
86 92
86 93
86 95
86 96
86 97
86 99
86 109
86 121
86 126
86 168
86 175
86 185
86 188
86 196
86 200
86 210
86 221
86 222
86 227
86 238
87 90
87 94
87 96
87 98
87 99
87 134
87 143
87 110
87 113
87 178
87 182
87 188
87 196
87 204
87 217
87 221
87 236
88 89
88 90
88 91
88 92
88 93
88 94
88 96
88 97
88 98
88 104
88 113
88 124
88 155
88 156
88 157
88 161
88 172
88 214
88 216
88 224
88 228
88 242
88 245
89 90
89 91
89 92
89 93
89 94
89 95
89 97
89 98
89 136
89 147
89 117
89 152
89 164
89 176
89 178
89 186
89 188
89 194
89 201
89 242
90 91
90 93
90 94
90 95
90 97
90 98
90 99
90 129
90 143
90 109
90 112
90 113
90 114
90 118
90 154
90 155
90 161
90 168
90 169
90 192
90 204
90 229
90 231
90 234
90 240
91 94
91 95
91 97
91 98
91 129
91 134
91 147
91 123
91 162
91 163
91 178
91 186
91 200
91 214
91 242
91 247
91 248
92 93
92 95
92 98
92 99
92 132
92 145
92 110
92 114
92 152
92 153
92 159
92 162
92 195
92 199
92 220
92 222
92 226
92 229
92 233
92 234
92 235
93 94
93 95
93 96
93 97
93 99
93 136
93 143
93 101
93 113
93 126
93 174
93 179
93 184
93 194
93 201
93 202
93 210
93 216
93 220
93 222
93 226
93 234
93 248
94 95
94 97
94 98
94 139
94 148
94 149
94 106
94 155
94 162
94 179
94 189
94 201
95 97
95 98
95 141
95 144
95 145
95 147
95 106
95 107
95 116
95 152
95 167
95 175
95 185
95 190
95 192
95 219
95 223
95 227
95 231
96 97
96 98
96 128
96 140
96 109
96 117
96 123
96 150
96 177
96 209
96 231
96 238
97 141
97 102
97 109
97 127
97 165
97 173
97 176
97 180
97 182
97 205
97 218
97 221
97 225
97 238
97 247
98 149
98 190
98 205
98 207
98 234
98 240
98 242
98 244
98 245
98 248
99 131
99 143
99 100
99 104
99 107
99 117
99 153
99 156
99 165
99 166
99 167
99 173
99 179
99 180
99 189
99 196
99 198
99 216
99 228
128 129
128 130
128 131
128 132
128 133
128 135
128 136
128 137
128 138
128 139
128 140
128 141
128 142
128 143
128 144
128 146
128 147
128 148
128 101
128 102
128 104
128 106
128 107
128 108
128 109
128 110
128 111
128 112
128 113
128 114
128 115
128 117
128 118
128 120
128 121
128 123
128 124
128 125
128 127
128 151
128 171
128 190
128 196
128 197
128 227
128 247
129 130
129 131
129 133
129 134
129 135
129 137
129 139
129 140
129 141
129 144
129 147
129 148
129 149
129 100
129 101
129 102
129 104
129 105
129 107
129 108
129 109
129 111
129 114
129 116
129 117
129 119
129 120
129 121
129 122
129 123
129 124
129 125
129 164
129 165
129 186
129 210
129 213
129 227
129 247
129 249
130 131
130 132
130 133
130 134
130 135
130 136
130 137
130 138
130 139
130 140
130 144
130 145
130 148
130 100
130 101
130 102
130 103
130 106
130 107
130 108
130 110
130 111
130 112
130 113
130 117
130 120
130 122
130 124
130 125
130 126
130 127
130 153
130 182
130 192
130 193
130 211
130 217
130 221
130 231
130 239
130 244
130 245
131 132
131 134
131 135
131 136
131 137
131 141
131 142
131 143
131 144
131 146
131 148
131 100
131 101
131 106
131 107
131 108
131 109
131 114
131 116
131 117
131 122
131 123
131 124
131 125
131 126
131 127
131 159
131 169
131 175
131 199
131 221
131 241
131 243
132 133
132 136
132 137
132 140
132 141
132 142
132 143
132 144
132 146
132 148
132 100
132 101
132 102
132 103
132 106
132 108
132 111
132 113
132 114
132 116
132 118
132 119
132 120
132 121
132 122
132 123
132 125
132 126
132 162
132 176
132 191
132 193
132 208
132 211
132 243
133 135
133 138
133 139
133 141
133 142
133 144
133 145
133 148
133 149
133 100
133 101
133 104
133 105
133 106
133 107
133 108
133 110
133 112
133 113
133 115
133 117
133 120
133 122
133 125
133 126
133 127
133 153
133 179
133 182
133 187
133 192
133 200
133 211
133 225
133 233
133 235
134 135
134 137
134 139
134 140
134 141
134 144
134 145
134 146
134 147
134 148
134 100
134 101
134 102
134 103
134 104
134 105
134 106
134 110
134 111
134 113
134 114
134 115
134 117
134 121
134 122
134 124
134 125
134 126
134 154
134 172
134 174
134 181
134 182
134 185
134 191
134 194
134 203
134 205
134 209
134 214
134 216
134 217
134 225
134 231
134 232
134 246
135 138
135 139
135 141
135 142
135 143
135 144
135 145
135 146
135 147
135 148
135 149
135 100
135 101
135 102
135 103
135 105
135 106
135 107
135 109
135 111
135 114
135 115
135 117
135 118
135 119
135 120
135 122
135 124
135 126
135 127
135 156
135 173
135 187
135 188
135 189
135 190
135 191
135 196
135 222
135 232
135 233
135 234
136 142
136 144
136 145
136 146
136 147
136 148
136 149
136 100
136 101
136 103
136 104
136 105
136 106
136 111
136 112
136 113
136 114
136 115
136 116
136 117
136 118
136 120
136 121
136 122
136 126
136 127
136 168
136 186
136 196
136 199
136 201
136 202
136 206
136 229
136 237
137 139
137 141
137 142
137 143
137 145
137 146
137 148
137 149
137 101
137 103
137 104
137 105
137 106
137 107
137 108
137 109
137 111
137 112
137 113
137 115
137 119
137 121
137 123
137 125
137 126
137 127
137 158
137 163
137 179
137 183
137 188
137 189
137 198
137 206
137 209
137 210
137 211
137 227
137 230
137 246
137 247
138 139
138 141
138 142
138 144
138 146
138 147
138 148
138 100
138 101
138 103
138 105
138 106
138 108
138 113
138 114
138 117
138 119
138 120
138 123
138 125
138 126
138 127
138 154
138 157
138 159
138 162
138 165
138 167
138 170
138 172
138 176
138 181
138 196
138 206
138 210
138 238
138 244
138 245
139 140
139 141
139 142
139 144
139 145
139 147
139 148
139 149
139 100
139 103
139 104
139 105
139 106
139 107
139 109
139 111
139 115
139 116
139 117
139 119
139 121
139 122
139 124
139 125
139 126
139 127
139 151
139 224
139 242
140 141
140 142
140 143
140 145
140 146
140 147
140 148
140 102
140 103
140 104
140 106
140 107
140 108
140 111
140 112
140 114
140 115
140 116
140 117
140 119
140 121
140 124
140 152
140 155
140 166
140 177
140 182
140 190
140 192
140 205
140 247
140 249
141 144
141 146
141 147
141 148
141 149
141 100
141 101
141 102
141 103
141 104
141 106
141 108
141 112
141 113
141 114
141 115
141 116
141 117
141 119
141 120
141 122
141 123
141 124
141 125
141 126
141 127
141 170
141 174
141 177
141 178
141 181
141 185
141 208
141 215
141 237
142 143
142 144
142 145
142 146
142 147
142 148
142 149
142 101
142 102
142 103
142 104
142 105
142 107
142 108
142 110
142 112
142 113
142 114
142 115
142 116
142 118
142 120
142 122
142 124
142 125
142 158
142 170
142 173
142 182
142 192
142 193
142 212
142 243
142 248
143 144
143 145
143 146
143 147
143 100
143 102
143 104
143 107
143 108
143 109
143 110
143 112
143 114
143 115
143 116
143 117
143 122
143 123
143 127
143 155
143 165
143 172
143 173
143 191
143 196
143 205
143 224
143 233
143 246
144 146
144 147
144 148
144 149
144 102
144 107
144 108
144 109
144 110
144 112
144 113
144 114
144 115
144 116
144 117
144 118
144 119
144 121
144 122
144 124
144 125
144 126
144 127
144 151
144 163
144 183
144 184
144 196
144 224
144 232
144 245
145 147
145 148
145 100
145 101
145 102
145 103
145 104
145 105
145 106
145 108
145 110
145 112
145 114
145 116
145 117
145 119
145 120
145 123
145 124
145 125
145 127
145 168
145 186
145 187
145 222
145 235
146 147
146 148
146 149
146 101
146 102
146 106
146 107
146 108
146 112
146 113
146 114
146 115
146 116
146 117
146 118
146 119
146 121
146 123
146 125
146 126
146 127
146 161
146 171
146 172
146 190
146 191
146 194
146 203
146 207
146 229
146 245
147 148
147 149
147 100
147 102
147 107
147 108
147 110
147 111
147 112
147 113
147 114
147 115
147 116
147 117
147 118
147 119
147 120
147 121
147 122
147 123
147 124
147 126
147 127
147 160
147 167
147 169
147 196
147 199
147 205
147 222
147 228
147 231
147 243
148 100
148 101
148 102
148 103
148 105
148 107
148 108
148 109
148 113
148 114
148 115
148 119
148 120
148 121
148 123
148 124
148 125
148 126
148 127
148 188
148 191
148 201
148 216
148 219
148 223
148 240
148 244
148 246
149 100
149 102
149 103
149 104
149 105
149 107
149 108
149 109
149 112
149 113
149 114
149 115
149 116
149 118
149 119
149 120
149 122
149 123
149 124
149 125
149 126
149 127
149 156
149 187
149 190
149 201
149 211
149 229
149 230
149 232
149 249
100 101
100 102
100 103
100 106
100 108
100 110
100 112
100 114
100 116
100 117
100 118
100 119
100 120
100 121
100 123
100 126
100 127
100 152
100 163
100 171
100 175
100 196
100 198
100 210
100 213
100 235
100 238
100 245
101 102
101 103
101 105
101 107
101 108
101 110
101 111
101 113
101 114
101 115
101 116
101 119
101 122
101 123
101 124
101 125
101 126
101 127
101 159
101 162
101 175
101 184
101 188
101 190
101 193
101 199
101 203
101 207
101 212
101 217
101 241
101 242
102 104
102 107
102 108
102 109
102 110
102 113
102 118
102 119
102 122
102 123
102 125
102 127
102 154
102 158
102 160
102 164
102 186
102 199
102 202
102 229
102 240
103 104
103 105
103 108
103 109
103 110
103 111
103 113
103 115
103 116
103 117
103 120
103 123
103 124
103 127
103 151
103 171
103 202
103 203
103 215
103 219
103 231
103 237
103 239
103 242
104 105
104 107
104 108
104 109
104 110
104 111
104 112
104 113
104 115
104 116
104 118
104 121
104 123
104 124
104 125
104 126
104 150
104 176
104 195
104 210
104 214
104 217
104 245
104 247
105 106
105 107
105 109
105 110
105 111
105 112
105 113
105 114
105 116
105 117
105 118
105 119
105 120
105 123
105 124
105 125
105 126
105 191
105 202
105 206
105 208
105 228
105 241
106 107
106 108
106 110
106 111
106 112
106 113
106 115
106 116
106 117
106 118
106 119
106 121
106 122
106 123
106 124
106 126
106 160
106 164
106 183
106 187
106 188
106 202
106 204
106 210
106 228
106 236
106 238
106 241
107 109
107 110
107 111
107 112
107 113
107 115
107 118
107 119
107 120
107 121
107 122
107 123
107 124
107 126
107 127
107 182
107 197
107 201
107 204
107 206
107 215
107 216
107 235
107 240
107 246
108 111
108 112
108 113
108 114
108 115
108 117
108 118
108 119
108 120
108 121
108 123
108 124
108 126
108 127
108 178
108 193
108 204
108 207
108 222
108 225
108 226
108 243
109 110
109 112
109 113
109 114
109 116
109 118
109 121
109 123
109 124
109 125
109 126
109 162
109 165
109 175
109 188
109 200
109 212
109 215
109 222
109 226
109 227
109 229
110 111
110 113
110 114
110 115
110 116
110 117
110 118
110 121
110 123
110 124
110 126
110 127
110 163
110 164
110 171
110 176
110 201
111 112
111 113
111 114
111 115
111 116
111 117
111 118
111 119
111 120
111 123
111 124
111 125
111 126
111 127
111 160
111 170
111 174
111 184
111 199
111 205
111 217
111 219
111 228
111 231
111 238
111 249
112 114
112 115
112 116
112 117
112 118
112 119
112 120
112 121
112 123
112 124
112 125
112 126
112 127
112 186
112 205
112 213
112 236
113 115
113 116
113 117
113 119
113 120
113 121
113 122
113 123
113 126
113 127
113 161
113 165
113 187
113 195
113 234
114 115
114 116
114 117
114 118
114 121
114 122
114 126
114 150
114 153
114 193
114 198
114 205
114 227
114 244
115 116
115 117
115 118
115 123
115 124
115 127
115 170
115 174
115 178
115 185
115 190
115 225
115 226
115 237
116 117
116 118
116 119
116 121
116 122
116 123
116 125
116 126
116 127
116 156
116 173
116 181
116 202
116 206
116 207
116 242
117 118
117 119
117 120
117 122
117 123
117 124
117 125
117 127
117 162
117 189
117 191
117 197
117 203
117 204
117 213
117 221
117 229
117 233
117 244
117 248
118 119
118 120
118 121
118 122
118 123
118 125
118 126
118 127
118 152
118 153
118 168
118 170
118 182
118 185
118 216
118 240
119 120
119 121
119 122
119 123
119 126
119 158
119 188
119 192
119 198
119 204
119 207
119 223
119 230
119 248
120 124
120 125
120 126
120 127
120 171
120 215
120 222
120 223
120 232
121 123
121 124
121 125
121 126
121 127
121 157
121 208
121 213
121 217
121 230
121 237
122 123
122 124
122 125
122 126
122 127
122 156
122 163
122 196
122 221
122 224
122 226
122 230
122 241
123 124
123 125
123 126
123 150
123 159
123 180
123 183
123 185
123 194
123 197
123 199
123 201
123 229
123 230
123 233
123 248
124 125
124 127
124 151
124 152
124 153
124 157
124 168
124 170
124 173
124 181
124 194
124 202
124 220
124 222
124 246
125 150
125 156
125 165
125 176
125 191
125 195
125 203
125 211
125 222
125 233
126 127
126 177
126 210
126 235
126 243
126 244
127 159
127 168
127 169
127 194
127 197
127 205
127 213
127 218
127 227
127 234
150 152
150 153
150 155
150 156
150 158
150 159
150 160
150 163
150 166
150 167
150 168
150 169
150 170
150 172
150 173
150 174
150 175
150 176
150 178
150 179
150 180
150 181
150 182
150 183
150 185
150 186
150 187
150 188
150 192
150 193
150 194
150 196
150 197
150 222
150 224
150 228
150 230
151 152
151 153
151 156
151 157
151 158
151 159
151 160
151 161
151 162
151 163
151 164
151 165
151 166
151 167
151 168
151 169
151 170
151 171
151 172
151 176
151 177
151 178
151 179
151 180
151 181
151 183
151 184
151 185
151 186
151 187
151 189
151 190
151 191
151 192
151 193
151 194
151 195
151 196
151 198
151 199
151 208
151 209
151 211
151 231
151 232
151 244
151 246
152 153
152 155
152 156
152 159
152 161
152 165
152 166
152 167
152 170
152 171
152 173
152 176
152 178
152 179
152 180
152 181
152 182
152 183
152 184
152 186
152 187
152 189
152 190
152 191
152 192
152 193
152 194
152 197
152 199
152 216
152 217
152 221
152 232
152 233
152 244
152 247
153 154
153 155
153 157
153 158
153 159
153 160
153 162
153 163
153 166
153 167
153 168
153 169
153 170
153 171
153 172
153 173
153 174
153 177
153 178
153 179
153 181
153 182
153 184
153 185
153 187
153 188
153 192
153 193
153 194
153 195
153 196
153 197
153 203
153 208
153 228
154 156
154 157
154 158
154 159
154 160
154 162
154 165
154 166
154 167
154 170
154 171
154 172
154 173
154 175
154 176
154 177
154 179
154 181
154 184
154 185
154 187
154 188
154 189
154 190
154 193
154 194
154 195
154 196
154 197
154 199
154 201
154 216
154 222
154 238
154 242
154 249
155 156
155 157
155 159
155 160
155 161
155 162
155 163
155 164
155 165
155 166
155 167
155 168
155 169
155 170
155 171
155 173
155 175
155 176
155 177
155 178
155 179
155 180
155 181
155 182
155 183
155 184
155 185
155 191
155 193
155 196
155 197
155 203
155 237
155 244
155 247
156 157
156 158
156 161
156 163
156 164
156 165
156 166
156 167
156 168
156 169
156 170
156 173
156 174
156 176
156 177
156 178
156 179
156 180
156 181
156 182
156 184
156 185
156 187
156 188
156 189
156 191
156 192
156 193
156 194
156 195
156 196
156 197
156 199
156 211
156 214
156 221
156 228
156 234
156 238
156 240
156 246
157 158
157 159
157 161
157 162
157 163
157 164
157 165
157 167
157 168
157 169
157 171
157 173
157 174
157 175
157 176
157 177
157 178
157 179
157 180
157 181
157 182
157 183
157 184
157 185
157 186
157 187
157 190
157 191
157 192
157 193
157 194
157 198
157 199
157 219
157 227
157 236
158 159
158 160
158 162
158 163
158 165
158 166
158 168
158 169
158 170
158 172
158 173
158 174
158 175
158 176
158 177
158 178
158 179
158 180
158 181
158 182
158 185
158 186
158 188
158 189
158 190
158 191
158 192
158 194
158 195
158 196
158 198
158 199
158 206
158 226
158 230
158 235
158 239
158 244
158 249
159 161
159 162
159 165
159 166
159 167
159 168
159 171
159 173
159 174
159 175
159 176
159 177
159 178
159 179
159 180
159 181
159 187
159 190
159 191
159 192
159 193
159 194
159 195
159 196
159 197
159 198
159 199
159 209
159 229
160 161
160 162
160 166
160 167
160 168
160 170
160 171
160 173
160 174
160 175
160 176
160 180
160 182
160 183
160 185
160 186
160 188
160 189
160 192
160 193
160 194
160 197
160 199
160 210
160 211
160 213
160 214
160 217
160 225
160 228
160 229
160 230
160 239
160 242
160 246
161 162
161 164
161 165
161 166
161 167
161 170
161 171
161 173
161 175
161 176
161 178
161 180
161 181
161 182
161 183
161 185
161 187
161 188
161 189
161 191
161 192
161 194
161 195
161 196
161 198
161 199
161 205
161 211
161 238
162 163
162 164
162 165
162 166
162 167
162 169
162 170
162 172
162 175
162 177
162 181
162 182
162 183
162 184
162 186
162 187
162 188
162 189
162 191
162 194
162 195
162 196
162 197
162 198
162 220
162 229
162 237
162 244
162 246
163 164
163 165
163 166
163 167
163 169
163 170
163 172
163 173
163 175
163 177
163 178
163 180
163 181
163 182
163 183
163 185
163 188
163 191
163 193
163 194
163 195
163 197
163 198
163 199
163 212
163 221
163 223
163 247
164 165
164 166
164 167
164 168
164 169
164 170
164 172
164 174
164 175
164 176
164 177
164 178
164 179
164 180
164 181
164 183
164 188
164 189
164 190
164 191
164 192
164 193
164 195
164 197
164 198
164 209
164 235
164 242
165 166
165 167
165 169
165 170
165 171
165 172
165 175
165 176
165 177
165 178
165 179
165 181
165 182
165 184
165 185
165 186
165 188
165 190
165 193
165 194
165 195
165 199
165 202
165 212
165 229
165 233
166 167
166 168
166 170
166 171
166 173
166 175
166 177
166 178
166 179
166 180
166 181
166 182
166 183
166 184
166 187
166 188
166 189
166 190
166 191
166 193
166 194
166 196
166 197
166 198
166 205
166 226
166 244
167 168
167 169
167 170
167 171
167 172
167 173
167 177
167 178
167 180
167 181
167 182
167 184
167 185
167 186
167 187
167 188
167 189
167 190
167 191
167 192
167 195
167 197
167 202
167 207
167 212
167 214
167 219
167 221
167 222
167 223
167 240
168 169
168 171
168 172
168 173
168 174
168 176
168 177
168 178
168 179
168 180
168 181
168 182
168 183
168 184
168 185
168 188
168 189
168 190
168 191
168 192
168 193
168 194
168 195
168 196
168 197
168 198
168 199
168 220
168 228
168 229
168 236
169 170
169 171
169 172
169 173
169 174
169 175
169 176
169 177
169 178
169 179
169 181
169 182
169 184
169 185
169 186
169 187
169 188
169 192
169 194
169 196
169 197
169 198
169 209
169 225
169 249
170 171
170 172
170 173
170 174
170 175
170 179
170 181
170 182
170 183
170 184
170 185
170 187
170 188
170 189
170 190
170 191
170 192
170 193
170 194
170 195
170 199
170 242
170 244
171 174
171 175
171 177
171 178
171 179
171 182
171 183
171 184
171 185
171 188
171 189
171 190
171 191
171 192
171 193
171 195
171 196
171 197
171 198
171 201
171 228
171 230
171 231
171 235
171 236
172 173
172 174
172 175
172 177
172 180
172 181
172 183
172 184
172 187
172 188
172 189
172 190
172 191
172 192
172 194
172 195
172 198
172 213
172 228
172 232
173 174
173 175
173 177
173 178
173 179
173 181
173 182
173 183
173 184
173 185
173 187
173 190
173 191
173 192
173 194
173 195
173 196
173 198
173 199
173 212
173 237
173 249
174 176
174 179
174 181
174 182
174 184
174 186
174 187
174 188
174 190
174 191
174 192
174 193
174 194
174 195
174 196
174 197
174 199
174 203
174 209
174 217
174 219
174 223
174 225
174 238
175 177
175 178
175 179
175 180
175 181
175 182
175 183
175 184
175 185
175 186
175 188
175 189
175 191
175 192
175 193
175 194
175 195
175 196
175 197
175 198
175 199
175 207
175 208
175 217
175 232
175 241
175 247
176 179
176 181
176 182
176 183
176 185
176 188
176 189
176 191
176 193
176 195
176 196
176 197
176 199
176 203
176 209
176 239
176 245
176 247
177 178
177 180
177 181
177 182
177 184
177 185
177 186
177 187
177 188
177 189
177 190
177 191
177 192
177 193
177 194
177 195
177 196
177 197
177 198
177 199
177 212
177 222
177 228
177 237
177 243
177 248
178 179
178 180
178 181
178 183
178 184
178 185
178 188
178 189
178 192
178 193
178 194
178 195
178 198
178 204
178 219
179 180
179 181
179 182
179 183
179 185
179 186
179 187
179 188
179 190
179 192
179 193
179 194
179 196
179 197
179 198
179 199
179 235
179 243
179 249
180 182
180 183
180 185
180 187
180 188
180 189
180 190
180 191
180 192
180 195
180 196
180 197
180 198
180 199
180 213
180 224
180 240
180 245
181 182
181 183
181 184
181 187
181 188
181 189
181 190
181 191
181 193
181 195
181 196
181 197
181 198
181 199
181 212
181 238
181 239
182 183
182 184
182 185
182 186
182 187
182 188
182 189
182 190
182 191
182 192
182 193
182 195
182 196
182 197
182 198
182 199
182 201
182 208
182 209
182 230
182 242
183 184
183 185
183 186
183 187
183 188
183 189
183 190
183 192
183 193
183 194
183 195
183 196
183 197
183 199
183 246
184 185
184 186
184 187
184 189
184 190
184 191
184 192
184 193
184 195
184 196
184 197
184 198
184 207
184 216
184 217
184 244
185 186
185 187
185 189
185 190
185 192
185 193
185 195
185 198
185 199
185 213
185 215
185 219
185 239
185 242
185 245
185 248
186 188
186 189
186 190
186 192
186 193
186 194
186 195
186 196
186 197
186 199
186 230
186 237
186 244
187 188
187 190
187 191
187 192
187 193
187 195
187 196
187 197
187 198
187 199
187 217
188 189
188 190
188 191
188 193
188 194
188 196
188 199
188 200
188 201
188 210
188 211
188 220
188 236
188 238
188 241
189 190
189 191
189 192
189 193
189 195
189 196
189 197
189 198
189 238
190 191
190 193
190 194
190 196
190 199
190 211
190 214
190 225
190 232
190 234
190 245
190 247
191 193
191 194
191 196
191 197
191 198
191 199
191 200
191 211
191 216
191 218
191 222
191 228
191 233
191 238
191 239
191 249
192 193
192 194
192 196
192 197
192 198
192 199
192 204
192 211
192 214
192 219
192 234
192 243
193 195
193 196
193 198
193 199
193 211
193 226
193 229
193 237
194 195
194 199
194 206
194 210
194 217
194 232
194 234
194 241
195 196
195 197
195 198
195 209
195 211
195 216
195 230
195 234
195 238
195 245
195 246
196 197
196 210
196 216
196 219
196 226
196 235
197 201
197 203
197 210
197 215
197 220
197 229
198 199
198 221
198 227
198 240
198 245
199 203
199 210
199 228
199 245
200 205
200 206
200 208
200 209
200 210
200 211
200 212
200 214
200 215
200 216
200 219
200 220
200 221
200 222
200 223
200 224
200 225
200 226
200 227
200 228
200 229
200 231
200 232
200 233
200 235
200 236
200 238
200 239
200 240
200 241
200 242
200 243
200 244
200 245
200 246
200 247
200 249
201 203
201 204
201 205
201 206
201 207
201 208
201 209
201 210
201 211
201 212
201 213
201 216
201 217
201 218
201 219
201 220
201 221
201 222
201 225
201 226
201 227
201 228
201 229
201 231
201 232
201 234
201 235
201 236
201 238
201 239
201 240
201 243
201 244
201 245
201 247
201 249
202 203
202 204
202 206
202 207
202 209
202 210
202 211
202 212
202 213
202 215
202 217
202 219
202 220
202 221
202 223
202 224
202 227
202 230
202 231
202 232
202 233
202 235
202 236
202 241
202 242
202 243
202 245
202 246
202 247
202 248
203 206
203 207
203 210
203 214
203 217
203 218
203 219
203 221
203 222
203 223
203 224
203 225
203 226
203 228
203 230
203 231
203 232
203 234
203 235
203 236
203 237
203 238
203 239
203 240
203 242
203 244
203 249
204 205
204 206
204 207
204 210
204 211
204 213
204 214
204 216
204 217
204 219
204 220
204 221
204 222
204 223
204 226
204 228
204 229
204 231
204 235
204 237
204 238
204 240
204 241
204 242
204 243
204 245
204 246
204 247
204 248
204 249
205 206
205 207
205 208
205 209
205 210
205 211
205 212
205 213
205 214
205 222
205 223
205 224
205 225
205 226
205 228
205 229
205 230
205 231
205 233
205 236
205 239
205 240
205 241
205 243
205 244
205 245
205 248
205 249
206 207
206 208
206 209
206 210
206 211
206 212
206 213
206 215
206 216
206 218
206 219
206 222
206 224
206 225
206 227
206 228
206 230
206 231
206 232
206 234
206 235
206 236
206 238
206 239
206 240
206 241
206 243
206 244
206 245
206 246
206 247
206 248
206 249
207 208
207 209
207 210
207 211
207 212
207 215
207 216
207 219
207 221
207 222
207 223
207 224
207 227
207 228
207 229
207 231
207 232
207 233
207 234
207 235
207 236
207 237
207 238
207 239
207 240
207 241
207 243
207 244
207 245
207 246
207 247
207 248
207 249
208 209
208 210
208 212
208 214
208 215
208 216
208 217
208 218
208 220
208 221
208 222
208 223
208 224
208 227
208 228
208 229
208 230
208 231
208 233
208 234
208 235
208 236
208 238
208 239
208 240
208 241
208 245
208 246
208 247
208 248
208 249
209 210
209 211
209 212
209 213
209 214
209 215
209 217
209 221
209 224
209 225
209 226
209 227
209 231
209 235
209 236
209 238
209 240
209 241
209 242
209 243
209 244
209 245
209 249
210 211
210 212
210 213
210 215
210 216
210 217
210 218
210 219
210 221
210 223
210 224
210 225
210 226
210 227
210 229
210 230
210 232
210 233
210 234
210 235
210 236
210 237
210 239
210 240
210 242
210 243
210 244
210 245
210 248
210 249
211 212
211 213
211 215
211 217
211 218
211 219
211 220
211 222
211 225
211 226
211 227
211 228
211 229
211 231
211 232
211 233
211 234
211 237
211 238
211 240
211 241
211 242
211 243
211 248
212 213
212 214
212 216
212 217
212 218
212 219
212 220
212 221
212 222
212 223
212 224
212 227
212 228
212 235
212 236
212 238
212 239
212 240
212 241
212 243
212 244
212 245
212 246
212 249
213 215
213 216
213 218
213 219
213 220
213 221
213 225
213 226
213 227
213 228
213 230
213 232
213 236
213 237
213 238
213 239
213 240
213 241
213 242
213 243
213 244
213 246
213 247
213 248
214 215
214 216
214 217
214 218
214 219
214 220
214 221
214 222
214 224
214 225
214 226
214 229
214 230
214 231
214 232
214 233
214 234
214 235
214 237
214 238
214 240
214 241
214 242
214 243
214 245
214 246
214 247
214 248
214 249
215 216
215 217
215 220
215 221
215 222
215 226
215 227
215 230
215 231
215 234
215 235
215 240
215 243
215 245
215 246
215 247
216 219
216 220
216 221
216 222
216 223
216 225
216 227
216 229
216 230
216 231
216 232
216 234
216 236
216 237
216 238
216 239
216 241
216 243
216 244
216 245
216 247
216 248
216 249
217 218
217 220
217 221
217 222
217 223
217 224
217 226
217 228
217 229
217 230
217 231
217 232
217 233
217 234
217 236
217 239
217 242
217 244
217 245
217 246
217 247
217 248
217 249
218 221
218 222
218 223
218 224
218 225
218 228
218 230
218 231
218 233
218 234
218 235
218 236
218 238
218 239
218 241
218 243
218 244
218 245
218 246
218 248
218 249
219 220
219 221
219 223
219 224
219 228
219 229
219 230
219 231
219 232
219 233
219 234
219 236
219 237
219 238
219 239
219 240
219 241
219 242
219 243
219 244
219 245
219 248
219 249
220 221
220 222
220 223
220 224
220 228
220 229
220 230
220 231
220 232
220 233
220 235
220 238
220 241
220 242
220 243
220 245
220 249
221 222
221 223
221 224
221 226
221 228
221 230
221 232
221 233
221 234
221 236
221 240
221 241
221 242
221 243
221 244
221 245
221 246
221 247
221 248
221 249
222 223
222 226
222 227
222 228
222 230
222 232
222 233
222 234
222 236
222 238
222 239
222 240
222 241
222 242
222 243
222 244
222 245
222 246
222 247
222 248
223 224
223 225
223 226
223 228
223 229
223 235
223 236
223 237
223 238
223 240
223 241
223 244
223 245
223 247
224 225
224 228
224 229
224 231
224 233
224 234
224 235
224 237
224 238
224 239
224 240
224 241
224 242
224 243
224 246
224 249
225 226
225 227
225 229
225 230
225 232
225 234
225 237
225 238
225 239
225 240
225 242
225 243
225 245
225 246
225 247
225 249
226 227
226 228
226 229
226 230
226 231
226 232
226 235
226 236
226 237
226 238
226 239
226 244
226 245
226 249
227 229
227 231
227 232
227 233
227 234
227 236
227 238
227 239
227 240
227 243
227 244
227 245
227 246
227 247
227 248
228 229
228 231
228 232
228 233
228 234
228 236
228 237
228 238
228 240
228 241
228 242
228 243
228 246
228 247
228 248
229 230
229 231
229 233
229 234
229 235
229 236
229 238
229 239
229 240
229 243
229 244
229 245
229 247
229 248
229 249
230 231
230 235
230 236
230 237
230 238
230 241
230 243
230 245
230 246
230 247
230 248
231 232
231 233
231 234
231 235
231 236
231 240
231 243
231 244
231 245
231 246
231 247
231 248
231 249
232 233
232 234
232 236
232 237
232 238
232 239
232 241
232 242
232 245
232 246
232 247
232 248
232 249
233 234
233 236
233 239
233 240
233 241
233 243
233 244
233 245
233 246
233 247
233 248
233 249
234 235
234 236
234 237
234 238
234 241
234 242
234 243
234 244
234 245
234 246
234 248
235 236
235 237
235 238
235 239
235 240
235 241
235 242
235 243
235 244
235 245
235 246
235 247
235 248
236 237
236 238
236 240
236 243
236 245
236 247
237 238
237 239
237 240
237 241
237 242
237 244
237 245
237 247
237 249
238 239
238 240
238 241
238 244
238 247
238 248
238 249
239 241
239 245
239 246
239 247
239 248
240 243
240 245
240 246
240 247
240 249
241 242
241 243
241 244
241 246
241 249
242 243
242 245
242 246
242 248
243 245
243 247
243 248
243 249
244 247
244 248
244 249
245 246
245 247
245 248
245 249
246 247
246 249
247 248
248 249
