0 1
0 3
0 6
0 7
0 10
0 12
0 13
0 16
0 17
0 18
0 19
0 20
0 23
0 24
0 25
0 26
0 30
0 33
0 34
0 36
0 38
0 39
0 40
0 41
0 42
0 45
0 46
0 48
0 49
1 2
1 3
1 4
1 5
1 7
1 8
1 9
1 12
1 13
1 14
1 15
1 17
1 18
1 20
1 21
1 22
1 23
1 24
1 25
1 26
1 27
1 29
1 30
1 32
1 33
1 35
1 37
1 38
1 39
1 40
1 43
1 44
1 45
1 47
1 49
1 65
1 86
1 177
2 3
2 4
2 6
2 7
2 8
2 9
2 11
2 12
2 14
2 15
2 16
2 17
2 18
2 19
2 23
2 24
2 25
2 26
2 27
2 30
2 31
2 34
2 37
2 38
2 39
2 41
2 43
2 44
2 45
2 48
2 49
2 95
2 126
3 4
3 5
3 6
3 7
3 9
3 11
3 14
3 16
3 18
3 19
3 21
3 22
3 23
3 24
3 26
3 30
3 31
3 34
3 35
3 36
3 38
3 40
3 42
3 44
3 45
3 46
3 47
3 48
3 186
4 5
4 8
4 9
4 10
4 11
4 14
4 15
4 17
4 21
4 22
4 23
4 24
4 27
4 28
4 31
4 32
4 34
4 35
4 37
4 38
4 39
4 40
4 41
4 42
4 43
4 44
4 45
4 46
4 48
5 7
5 8
5 10
5 11
5 12
5 13
5 16
5 17
5 20
5 22
5 23
5 24
5 25
5 28
5 30
5 31
5 32
5 33
5 34
5 35
5 38
5 39
5 40
5 41
5 43
5 45
5 46
5 47
5 48
5 157
6 9
6 10
6 11
6 13
6 14
6 15
6 16
6 17
6 21
6 22
6 23
6 24
6 25
6 26
6 27
6 28
6 29
6 30
6 32
6 33
6 36
6 38
6 42
6 43
6 45
6 46
6 47
6 48
6 49
6 99
6 113
7 8
7 9
7 10
7 11
7 15
7 16
7 18
7 19
7 20
7 21
7 22
7 23
7 24
7 25
7 26
7 27
7 28
7 29
7 31
7 32
7 34
7 35
7 37
7 38
7 39
7 41
7 42
7 44
7 45
7 46
7 48
7 49
7 237
8 9
8 11
8 12
8 14
8 15
8 16
8 17
8 19
8 20
8 21
8 23
8 24
8 26
8 28
8 31
8 32
8 33
8 34
8 35
8 38
8 39
8 44
8 45
8 46
8 47
8 49
8 182
9 11
9 12
9 14
9 15
9 18
9 19
9 21
9 23
9 24
9 25
9 26
9 27
9 29
9 33
9 35
9 36
9 37
9 38
9 40
9 41
9 42
9 43
9 44
9 45
9 48
10 12
10 13
10 14
10 15
10 16
10 18
10 19
10 20
10 21
10 22
10 24
10 25
10 26
10 27
10 30
10 33
10 35
10 36
10 37
10 38
10 39
10 41
10 42
10 43
10 44
10 45
10 46
10 47
10 48
10 74
10 112
10 115
11 14
11 15
11 16
11 18
11 19
11 20
11 21
11 24
11 25
11 27
11 30
11 32
11 37
11 39
11 42
11 45
11 46
11 48
11 49
11 76
11 210
11 214
12 13
12 14
12 15
12 16
12 18
12 19
12 20
12 21
12 22
12 23
12 24
12 25
12 26
12 28
12 29
12 30
12 31
12 32
12 33
12 35
12 36
12 37
12 39
12 40
12 43
12 44
12 46
12 47
12 48
13 14
13 15
13 16
13 17
13 19
13 20
13 21
13 22
13 23
13 24
13 25
13 26
13 28
13 29
13 30
13 31
13 34
13 35
13 36
13 37
13 38
13 39
13 40
13 42
13 43
13 44
13 45
13 46
13 48
13 49
13 110
13 168
14 15
14 16
14 17
14 18
14 19
14 20
14 21
14 22
14 23
14 24
14 25
14 26
14 27
14 28
14 29
14 31
14 34
14 35
14 39
14 41
14 42
14 43
14 44
14 45
14 46
14 47
14 49
14 77
14 147
14 154
14 163
14 224
15 16
15 17
15 18
15 21
15 22
15 23
15 24
15 26
15 27
15 28
15 29
15 30
15 31
15 33
15 35
15 36
15 37
15 39
15 40
15 41
15 42
15 43
15 44
15 45
15 46
15 47
15 48
15 49
15 240
16 17
16 19
16 20
16 21
16 22
16 24
16 25
16 27
16 28
16 29
16 30
16 31
16 32
16 33
16 34
16 35
16 36
16 38
16 39
16 40
16 41
16 42
16 43
16 45
16 47
16 48
16 144
17 18
17 21
17 22
17 23
17 24
17 25
17 26
17 27
17 28
17 30
17 31
17 33
17 34
17 35
17 38
17 40
17 41
17 42
17 43
17 44
17 45
17 47
17 48
17 49
17 52
17 147
17 153
18 19
18 20
18 22
18 23
18 24
18 25
18 27
18 29
18 30
18 31
18 33
18 34
18 35
18 39
18 40
18 41
18 43
18 46
18 47
18 49
18 108
18 125
19 20
19 21
19 22
19 23
19 24
19 25
19 26
19 27
19 28
19 30
19 31
19 32
19 33
19 37
19 38
19 39
19 40
19 41
19 42
19 43
19 45
19 47
19 48
19 94
19 133
20 22
20 23
20 24
20 25
20 26
20 27
20 29
20 30
20 32
20 34
20 35
20 36
20 37
20 39
20 40
20 42
20 43
20 47
20 48
20 49
20 57
20 61
20 90
20 164
20 190
20 242
21 22
21 25
21 26
21 27
21 29
21 32
21 34
21 36
21 38
21 39
21 40
21 41
21 42
21 43
21 44
21 46
21 47
21 49
21 119
22 23
22 24
22 25
22 26
22 29
22 30
22 32
22 34
22 35
22 36
22 37
22 38
22 39
22 40
22 41
22 42
22 43
22 46
22 47
22 48
22 214
23 24
23 25
23 26
23 29
23 30
23 31
23 35
23 36
23 40
23 42
23 43
23 44
23 45
23 46
23 48
23 196
24 27
24 28
24 29
24 30
24 32
24 34
24 35
24 38
24 39
24 41
24 43
24 44
24 45
24 46
24 47
24 198
25 27
25 28
25 31
25 32
25 34
25 35
25 37
25 38
25 40
25 41
25 43
25 45
25 46
25 47
25 48
25 49
25 76
25 173
25 239
26 27
26 30
26 31
26 33
26 36
26 39
26 40
26 41
26 42
26 43
26 44
26 45
26 46
26 49
26 175
27 28
27 31
27 32
27 34
27 35
27 36
27 37
27 38
27 39
27 40
27 41
27 43
27 46
27 47
27 48
27 49
27 197
27 242
28 29
28 32
28 34
28 35
28 38
28 39
28 40
28 41
28 42
28 45
28 46
28 47
28 48
28 114
29 30
29 32
29 33
29 34
29 35
29 36
29 38
29 39
29 40
29 41
29 42
29 43
29 44
29 45
29 46
29 47
29 48
29 49
29 75
29 222
30 32
30 33
30 34
30 35
30 36
30 37
30 42
30 43
30 44
30 45
30 46
30 47
30 48
30 49
30 162
30 229
31 32
31 33
31 34
31 37
31 39
31 40
31 42
31 43
31 44
31 45
31 46
31 49
31 71
31 77
31 106
32 33
32 34
32 35
32 36
32 37
32 39
32 41
32 42
32 43
32 45
32 46
32 47
32 48
32 141
33 34
33 36
33 37
33 40
33 42
33 43
33 44
33 46
33 47
33 48
33 49
33 80
33 107
33 229
34 36
34 37
34 38
34 39
34 40
34 42
34 43
34 44
34 45
34 47
34 48
34 49
34 96
34 143
34 150
34 152
34 201
34 207
35 36
35 37
35 38
35 39
35 40
35 41
35 42
35 43
35 44
35 45
35 46
35 47
35 48
35 49
35 220
35 226
36 37
36 41
36 42
36 43
36 44
36 46
36 47
36 48
36 49
36 103
36 178
36 185
37 38
37 39
37 40
37 42
37 43
37 45
37 47
37 48
37 49
37 50
37 55
37 117
37 214
38 39
38 41
38 42
38 44
38 46
38 47
38 48
38 49
38 180
39 42
39 43
39 44
39 45
39 46
39 48
39 49
39 170
39 235
40 41
40 44
40 45
40 46
40 48
40 49
40 65
40 146
40 110
40 224
41 43
41 45
41 46
41 47
41 48
41 241
42 45
42 46
42 47
42 48
42 49
42 76
42 187
43 45
43 49
43 245
44 45
44 46
44 47
44 48
44 49
44 119
44 215
45 47
45 48
45 49
46 48
46 187
47 48
47 146
47 160
47 192
48 49
48 81
48 96
48 101
48 156
50 51
50 52
50 53
50 55
50 56
50 57
50 60
50 61
50 62
50 63
50 64
50 66
50 67
50 68
50 69
50 72
50 73
50 74
50 76
50 78
50 80
50 81
50 82
50 83
50 86
50 87
50 88
50 89
50 90
50 92
50 93
50 94
50 95
50 96
50 97
50 98
50 161
50 165
50 178
50 227
51 58
51 62
51 63
51 64
51 65
51 66
51 67
51 68
51 69
51 72
51 73
51 75
51 77
51 78
51 80
51 81
51 82
51 83
51 86
51 87
51 88
51 89
51 92
51 95
51 97
51 98
51 99
51 166
51 170
52 53
52 55
52 56
52 58
52 59
52 60
52 62
52 63
52 64
52 66
52 67
52 68
52 70
52 73
52 76
52 77
52 78
52 80
52 82
52 84
52 85
52 86
52 90
52 91
52 92
52 94
52 95
52 97
52 98
52 99
53 54
53 56
53 57
53 59
53 60
53 61
53 62
53 63
53 64
53 65
53 66
53 68
53 69
53 71
53 72
53 74
53 77
53 78
53 80
53 83
53 85
53 86
53 87
53 88
53 89
53 90
53 91
53 92
53 93
53 95
53 96
53 97
53 99
54 56
54 57
54 58
54 59
54 60
54 61
54 62
54 63
54 65
54 66
54 67
54 68
54 69
54 70
54 71
54 73
54 74
54 76
54 77
54 79
54 80
54 81
54 82
54 83
54 84
54 85
54 86
54 87
54 88
54 90
54 91
54 93
54 94
54 95
54 96
54 97
54 99
54 131
54 174
54 195
55 56
55 57
55 58
55 59
55 60
55 63
55 65
55 68
55 69
55 71
55 72
55 74
55 75
55 76
55 77
55 78
55 79
55 80
55 81
55 82
55 85
55 86
55 87
55 91
55 92
55 93
55 94
55 95
55 97
55 98
55 214
55 219
56 57
56 58
56 59
56 60
56 61
56 62
56 64
56 65
56 66
56 67
56 68
56 69
56 70
56 71
56 72
56 73
56 74
56 76
56 78
56 79
56 82
56 83
56 84
56 86
56 87
56 88
56 89
56 91
56 92
56 94
56 95
56 96
56 97
56 98
56 99
57 58
57 60
57 62
57 63
57 64
57 65
57 66
57 68
57 69
57 70
57 71
57 72
57 73
57 74
57 75
57 76
57 77
57 78
57 79
57 80
57 81
57 82
57 83
57 86
57 89
57 90
57 94
57 96
57 97
57 98
57 99
57 172
58 59
58 60
58 62
58 63
58 64
58 66
58 67
58 68
58 69
58 71
58 72
58 74
58 75
58 77
58 78
58 80
58 81
58 82
58 83
58 84
58 85
58 86
58 87
58 89
58 91
58 93
58 94
58 95
58 97
58 142
58 210
58 211
59 60
59 62
59 63
59 64
59 68
59 69
59 70
59 72
59 73
59 74
59 75
59 80
59 81
59 82
59 83
59 84
59 92
59 93
59 95
59 96
59 97
59 98
59 99
60 61
60 62
60 63
60 65
60 66
60 67
60 68
60 69
60 72
60 73
60 74
60 77
60 78
60 79
60 81
60 82
60 83
60 84
60 85
60 87
60 88
60 89
60 90
60 91
60 92
60 93
60 94
60 95
60 96
60 97
60 156
60 184
60 224
61 62
61 64
61 65
61 66
61 67
61 72
61 74
61 76
61 78
61 80
61 82
61 84
61 88
61 89
61 90
61 91
61 93
61 94
61 96
61 97
61 98
61 99
61 141
61 192
62 63
62 65
62 67
62 68
62 69
62 70
62 72
62 76
62 77
62 78
62 79
62 81
62 83
62 85
62 86
62 87
62 89
62 90
62 91
62 93
62 94
62 95
62 96
62 97
62 98
62 99
62 220
63 64
63 65
63 66
63 67
63 69
63 74
63 77
63 79
63 81
63 82
63 83
63 84
63 85
63 88
63 90
63 91
63 92
63 93
63 94
63 95
63 96
63 98
63 99
63 126
63 159
63 200
63 221
64 65
64 66
64 67
64 69
64 70
64 71
64 72
64 74
64 75
64 76
64 77
64 82
64 83
64 84
64 85
64 86
64 87
64 90
64 91
64 94
64 95
64 98
64 99
64 140
64 239
65 66
65 67
65 68
65 70
65 71
65 72
65 73
65 74
65 78
65 79
65 80
65 81
65 82
65 83
65 84
65 85
65 86
65 87
65 89
65 92
65 93
65 94
65 96
65 97
65 106
66 67
66 70
66 71
66 73
66 74
66 75
66 77
66 79
66 81
66 82
66 83
66 84
66 85
66 86
66 87
66 88
66 90
66 91
66 92
66 93
66 96
66 97
66 98
66 99
66 215
67 69
67 73
67 76
67 77
67 80
67 85
67 87
67 90
67 91
67 92
67 93
67 95
67 97
67 98
67 137
68 69
68 71
68 73
68 74
68 75
68 77
68 78
68 79
68 80
68 81
68 82
68 83
68 84
68 85
68 86
68 89
68 90
68 91
68 92
68 93
68 96
68 117
68 122
68 127
68 174
68 237
69 70
69 71
69 72
69 73
69 74
69 75
69 77
69 78
69 80
69 81
69 82
69 83
69 85
69 86
69 88
69 89
69 90
69 91
69 92
69 93
69 94
69 95
69 99
70 71
70 72
70 73
70 74
70 77
70 78
70 79
70 80
70 83
70 84
70 85
70 86
70 88
70 91
70 92
70 93
70 94
71 72
71 74
71 75
71 76
71 77
71 78
71 82
71 83
71 84
71 85
71 86
71 87
71 88
71 89
71 90
71 91
71 93
71 94
71 95
71 96
71 97
71 98
71 99
71 189
72 73
72 74
72 75
72 76
72 77
72 78
72 79
72 80
72 81
72 82
72 83
72 85
72 87
72 89
72 90
72 91
72 92
72 94
72 95
72 96
72 98
72 99
72 205
73 74
73 75
73 76
73 80
73 82
73 83
73 84
73 85
73 88
73 90
73 91
73 92
73 94
73 95
73 96
73 97
73 99
74 75
74 77
74 78
74 79
74 80
74 81
74 82
74 83
74 84
74 86
74 88
74 89
74 91
74 93
74 95
74 96
74 97
74 233
75 76
75 78
75 79
75 80
75 81
75 82
75 83
75 84
75 85
75 86
75 87
75 88
75 89
75 90
75 93
75 94
75 96
75 97
75 98
75 99
76 79
76 80
76 81
76 82
76 83
76 84
76 85
76 87
76 89
76 90
76 91
76 92
76 93
76 94
76 95
76 96
76 97
76 98
76 158
76 200
76 248
77 79
77 80
77 82
77 83
77 85
77 86
77 87
77 89
77 90
77 91
77 92
77 93
77 95
77 97
77 213
77 242
78 79
78 80
78 81
78 82
78 83
78 84
78 85
78 87
78 90
78 91
78 92
78 93
78 94
78 95
78 96
78 97
78 98
78 99
79 80
79 81
79 82
79 83
79 84
79 85
79 86
79 87
79 88
79 89
79 90
79 91
79 93
79 94
79 95
79 96
79 97
79 98
79 99
80 81
80 82
80 83
80 84
80 85
80 86
80 88
80 89
80 90
80 92
80 93
80 95
80 97
80 99
80 186
81 83
81 84
81 85
81 86
81 87
81 89
81 92
81 94
81 95
81 97
81 98
81 131
81 121
81 223
81 235
82 83
82 84
82 85
82 86
82 87
82 89
82 90
82 91
82 92
82 93
82 96
82 98
82 99
82 112
82 171
83 84
83 88
83 90
83 91
83 97
83 98
84 85
84 86
84 87
84 88
84 90
84 91
84 92
84 93
84 96
84 97
84 99
84 133
84 139
85 86
85 88
85 89
85 90
85 91
85 92
85 93
85 94
85 95
85 96
85 98
85 133
85 151
86 88
86 91
86 92
86 93
86 96
86 97
86 98
86 167
86 182
87 89
87 90
87 92
87 93
87 96
87 97
87 98
87 99
88 91
88 93
88 95
88 96
88 97
88 98
88 99
89 91
89 92
89 93
89 94
89 95
89 96
89 98
90 91
90 92
90 93
90 95
90 96
90 97
90 98
91 92
91 93
91 94
91 95
91 96
91 98
91 99
91 164
91 185
92 93
92 94
92 95
92 96
92 98
92 99
93 95
93 96
93 97
93 98
93 100
93 193
94 96
94 98
94 99
95 96
95 97
95 98
95 99
96 97
96 98
96 99
97 98
97 99
97 198
98 99
99 135
99 142
99 111
99 113
128 130
128 132
128 133
128 134
128 135
128 136
128 137
128 139
128 140
128 141
128 143
128 146
128 147
128 100
128 101
128 102
128 103
128 104
128 106
128 108
128 109
128 110
128 111
128 112
128 113
128 114
128 115
128 116
128 117
128 118
128 119
128 125
128 126
128 127
128 154
128 169
128 198
128 226
129 131
129 132
129 134
129 135
129 136
129 137
129 138
129 140
129 141
129 142
129 144
129 145
129 147
129 148
129 149
129 100
129 101
129 102
129 104
129 105
129 106
129 107
129 108
129 111
129 113
129 114
129 115
129 116
129 117
129 119
129 121
129 122
129 123
129 125
129 127
129 176
129 246
130 131
130 132
130 133
130 134
130 136
130 137
130 138
130 139
130 140
130 144
130 145
130 146
130 147
130 148
130 100
130 102
130 103
130 106
130 109
130 110
130 111
130 112
130 114
130 115
130 116
130 117
130 118
130 121
130 123
130 125
130 126
131 132
131 133
131 135
131 136
131 137
131 138
131 139
131 141
131 142
131 143
131 145
131 147
131 101
131 102
131 104
131 105
131 106
131 107
131 109
131 111
131 112
131 113
131 117
131 122
131 123
131 124
131 125
131 126
131 127
131 231
131 242
132 133
132 135
132 137
132 138
132 140
132 141
132 144
132 146
132 147
132 149
132 100
132 101
132 102
132 104
132 105
132 106
132 107
132 108
132 109
132 111
132 112
132 113
132 115
132 118
132 120
132 121
132 122
132 123
132 124
132 125
132 126
132 127
132 151
133 134
133 137
133 138
133 139
133 140
133 141
133 142
133 143
133 146
133 147
133 148
133 149
133 100
133 101
133 102
133 103
133 106
133 108
133 109
133 110
133 111
133 112
133 113
133 114
133 115
133 117
133 118
133 119
133 120
133 122
133 123
133 124
133 125
133 126
133 127
133 177
134 135
134 136
134 137
134 138
134 139
134 142
134 144
134 145
134 146
134 147
134 148
134 149
134 101
134 102
134 103
134 106
134 107
134 108
134 109
134 111
134 113
134 115
134 118
134 120
134 121
134 122
134 123
134 125
134 127
134 234
135 138
135 139
135 142
135 143
135 145
135 146
135 148
135 149
135 101
135 102
135 103
135 105
135 106
135 108
135 109
135 110
135 111
135 113
135 117
135 118
135 119
135 120
135 122
135 124
135 127
135 161
135 246
136 138
136 139
136 140
136 141
136 142
136 143
136 144
136 146
136 147
136 148
136 100
136 101
136 102
136 104
136 105
136 106
136 107
136 109
136 111
136 112
136 113
136 116
136 117
136 119
136 121
136 122
136 124
136 125
136 126
136 127
137 138
137 139
137 142
137 146
137 147
137 148
137 149
137 100
137 104
137 105
137 106
137 107
137 109
137 111
137 115
137 116
137 119
137 120
137 121
137 122
137 124
137 125
137 126
138 139
138 140
138 141
138 142
138 143
138 144
138 146
138 147
138 148
138 149
138 103
138 106
138 107
138 109
138 110
138 111
138 112
138 115
138 116
138 117
138 118
138 119
138 120
138 121
138 123
138 124
138 125
138 126
138 127
139 141
139 143
139 144
139 147
139 148
139 149
139 100
139 101
139 102
139 103
139 104
139 105
139 106
139 107
139 108
139 109
139 110
139 111
139 113
139 114
139 115
139 116
139 117
139 118
139 119
139 121
139 122
139 123
139 124
139 125
139 126
139 127
139 227
140 141
140 142
140 143
140 144
140 145
140 146
140 147
140 149
140 101
140 102
140 103
140 105
140 106
140 109
140 111
140 113
140 114
140 115
140 116
140 118
140 119
140 120
140 121
140 122
140 123
140 124
140 125
140 126
140 249
141 142
141 144
141 146
141 147
141 148
141 149
141 100
141 102
141 103
141 104
141 105
141 106
141 108
141 112
141 113
141 117
141 118
141 119
141 120
141 121
141 122
141 123
141 124
141 125
141 127
142 143
142 144
142 147
142 148
142 149
142 101
142 102
142 104
142 106
142 108
142 109
142 110
142 111
142 112
142 114
142 115
142 116
142 118
142 119
142 121
142 122
142 123
142 125
142 126
142 220
142 236
143 144
143 145
143 147
143 148
143 149
143 100
143 101
143 103
143 104
143 106
143 109
143 110
143 111
143 113
143 116
143 117
143 118
143 119
143 120
143 121
143 122
143 123
143 124
143 127
143 150
143 185
143 236
144 145
144 146
144 147
144 149
144 102
144 106
144 107
144 108
144 109
144 110
144 111
144 113
144 114
144 115
144 116
144 117
144 118
144 120
144 121
144 122
144 123
144 124
144 126
144 127
145 146
145 148
145 149
145 100
145 102
145 103
145 104
145 105
145 106
145 107
145 108
145 109
145 111
145 112
145 113
145 114
145 118
145 119
145 120
145 121
145 122
145 124
145 125
145 126
145 127
145 218
145 236
146 148
146 100
146 101
146 103
146 106
146 109
146 110
146 112
146 113
146 114
146 116
146 117
146 118
146 119
146 120
146 121
146 123
146 125
146 219
146 234
147 148
147 149
147 100
147 101
147 102
147 103
147 104
147 105
147 106
147 108
147 109
147 110
147 111
147 112
147 113
147 115
147 116
147 117
147 118
147 120
147 121
147 122
147 123
147 124
147 127
147 177
147 244
148 149
148 100
148 103
148 104
148 105
148 106
148 107
148 109
148 110
148 111
148 113
148 115
148 116
148 118
148 119
148 120
148 121
148 122
148 123
148 124
148 125
148 126
148 127
149 101
149 102
149 103
149 109
149 110
149 111
149 113
149 114
149 115
149 116
149 117
149 118
149 119
149 122
149 123
149 124
149 125
149 126
149 225
100 102
100 103
100 104
100 105
100 106
100 108
100 109
100 111
100 112
100 113
100 114
100 115
100 116
100 117
100 119
100 122
100 123
100 124
100 125
100 126
100 209
100 219
101 102
101 103
101 104
101 105
101 106
101 108
101 109
101 110
101 111
101 112
101 113
101 115
101 117
101 118
101 120
101 121
101 122
101 123
101 124
101 125
101 126
101 127
101 165
101 166
101 177
101 200
101 215
101 248
102 103
102 105
102 106
102 107
102 108
102 109
102 110
102 111
102 112
102 114
102 115
102 116
102 120
102 121
102 122
102 123
102 125
102 126
102 127
103 104
103 105
103 107
103 108
103 112
103 114
103 115
103 117
103 119
103 121
103 122
103 124
103 126
104 108
104 110
104 113
104 114
104 115
104 116
104 120
104 121
104 122
104 123
104 124
104 126
104 127
104 219
104 220
105 106
105 107
105 108
105 109
105 111
105 112
105 113
105 117
105 118
105 119
105 121
105 125
105 126
105 168
105 181
106 110
106 112
106 113
106 114
106 116
106 117
106 118
106 119
106 120
106 121
106 122
106 123
106 124
106 125
106 126
106 127
107 108
107 110
107 111
107 112
107 113
107 114
107 115
107 117
107 119
107 120
107 122
107 123
107 126
107 127
107 220
107 246
108 109
108 110
108 112
108 113
108 114
108 116
108 117
108 119
108 121
108 122
108 124
108 126
108 127
109 111
109 115
109 116
109 117
109 119
109 120
109 121
109 122
109 123
109 124
109 125
109 126
109 127
109 182
109 184
109 197
109 241
110 111
110 112
110 114
110 116
110 117
110 119
110 120
110 121
110 122
110 123
110 124
110 126
110 127
110 184
110 226
111 112
111 113
111 114
111 115
111 117
111 118
111 119
111 121
111 122
111 123
111 124
111 125
111 216
111 230
111 236
112 113
112 114
112 115
112 117
112 120
112 122
112 123
112 124
112 125
112 126
112 127
112 229
113 115
113 116
113 117
113 119
113 122
113 123
113 124
113 125
113 126
113 127
114 116
114 117
114 118
114 119
114 120
114 122
114 124
114 126
115 116
115 117
115 118
115 119
115 120
115 121
115 122
115 123
115 124
115 125
115 126
115 127
115 159
116 118
116 123
116 125
116 126
117 118
117 121
117 123
117 125
117 126
117 127
118 119
118 120
118 121
118 122
118 123
118 124
118 126
118 127
119 120
119 122
119 124
119 125
119 127
120 121
120 123
120 124
120 125
120 127
120 171
120 207
121 122
121 124
121 125
122 123
122 124
122 125
122 126
122 127
122 239
123 124
123 125
123 126
123 127
123 154
123 192
123 232
123 238
124 125
124 126
124 127
125 126
125 214
125 216
126 127
150 152
150 153
150 154
150 156
150 157
150 158
150 159
150 161
150 162
150 164
150 166
150 167
150 168
150 169
150 170
150 171
150 172
150 173
150 174
150 177
150 178
150 179
150 180
150 183
150 185
150 190
150 192
150 194
150 195
150 197
150 198
150 199
150 225
150 242
151 153
151 155
151 156
151 157
151 158
151 159
151 160
151 161
151 163
151 164
151 168
151 169
151 170
151 172
151 173
151 176
151 178
151 179
151 180
151 181
151 182
151 185
151 186
151 187
151 188
151 190
151 191
151 192
151 195
151 197
151 199
152 154
152 155
152 156
152 157
152 158
152 159
152 160
152 161
152 162
152 163
152 165
152 166
152 167
152 170
152 171
152 172
152 173
152 176
152 177
152 178
152 179
152 180
152 182
152 184
152 185
152 187
152 188
152 189
152 191
152 192
152 193
152 194
152 195
152 196
152 197
152 198
153 154
153 156
153 157
153 159
153 160
153 162
153 164
153 165
153 166
153 167
153 168
153 169
153 170
153 172
153 173
153 174
153 175
153 177
153 179
153 180
153 183
153 184
153 185
153 186
153 188
153 189
153 190
153 193
153 197
153 198
153 227
154 156
154 157
154 158
154 159
154 162
154 163
154 164
154 165
154 167
154 168
154 169
154 170
154 171
154 172
154 173
154 174
154 176
154 179
154 180
154 181
154 182
154 183
154 184
154 185
154 186
154 187
154 190
154 191
154 193
154 195
154 196
154 198
155 157
155 159
155 160
155 161
155 163
155 164
155 166
155 167
155 168
155 169
155 171
155 174
155 176
155 177
155 179
155 181
155 182
155 183
155 185
155 186
155 188
155 190
155 192
155 193
155 196
155 198
155 199
155 207
155 220
156 158
156 160
156 162
156 164
156 165
156 166
156 167
156 170
156 172
156 173
156 174
156 177
156 178
156 179
156 180
156 182
156 183
156 184
156 186
156 189
156 193
156 195
156 196
156 197
156 198
156 199
157 158
157 159
157 160
157 161
157 162
157 163
157 164
157 165
157 168
157 169
157 170
157 171
157 172
157 173
157 174
157 175
157 177
157 179
157 180
157 182
157 184
157 186
157 187
157 189
157 190
157 191
157 192
157 194
157 195
157 196
157 197
157 199
157 229
158 160
158 161
158 162
158 164
158 167
158 168
158 169
158 170
158 173
158 174
158 175
158 177
158 181
158 182
158 183
158 184
158 185
158 186
158 187
158 188
158 189
158 191
158 192
158 193
158 194
158 195
158 196
158 197
158 199
158 240
159 160
159 162
159 166
159 167
159 168
159 169
159 170
159 171
159 173
159 174
159 175
159 176
159 177
159 178
159 179
159 181
159 182
159 183
159 184
159 185
159 186
159 187
159 188
159 189
159 191
159 194
159 195
159 197
159 198
159 227
160 161
160 163
160 165
160 167
160 168
160 169
160 170
160 172
160 174
160 175
160 176
160 178
160 179
160 180
160 182
160 183
160 185
160 186
160 187
160 190
160 191
160 192
160 193
160 194
160 195
160 197
160 198
160 231
161 162
161 164
161 167
161 168
161 169
161 173
161 175
161 178
161 179
161 180
161 185
161 187
161 188
161 193
161 194
161 196
161 197
161 198
161 199
162 163
162 165
162 167
162 169
162 170
162 171
162 175
162 176
162 178
162 180
162 181
162 183
162 184
162 185
162 187
162 188
162 190
162 191
162 192
162 193
162 194
162 195
162 196
162 199
163 165
163 168
163 169
163 170
163 171
163 173
163 174
163 176
163 178
163 180
163 181
163 184
163 185
163 186
163 187
163 189
163 190
163 191
163 192
163 193
163 195
163 197
163 198
163 199
164 165
164 166
164 168
164 170
164 171
164 173
164 175
164 177
164 178
164 179
164 180
164 181
164 182
164 183
164 186
164 188
164 189
164 190
164 193
164 195
164 196
164 199
164 240
165 166
165 167
165 171
165 173
165 174
165 175
165 176
165 177
165 178
165 179
165 180
165 181
165 182
165 183
165 185
165 186
165 189
165 191
165 193
165 194
165 196
166 167
166 168
166 169
166 170
166 171
166 172
166 173
166 176
166 177
166 178
166 180
166 182
166 183
166 184
166 185
166 186
166 187
166 188
166 189
166 190
166 191
166 192
166 193
166 195
166 197
166 209
167 168
167 170
167 172
167 174
167 175
167 176
167 177
167 178
167 179
167 180
167 182
167 183
167 184
167 186
167 187
167 188
167 189
167 190
167 193
167 194
167 195
167 196
167 197
167 199
167 204
167 223
168 169
168 170
168 172
168 175
168 177
168 178
168 179
168 180
168 181
168 182
168 186
168 188
168 189
168 190
168 191
168 192
168 195
168 196
168 197
168 198
168 199
169 170
169 171
169 172
169 173
169 174
169 176
169 177
169 179
169 182
169 184
169 185
169 186
169 188
169 189
169 190
169 191
169 192
169 193
169 194
169 195
169 196
169 197
169 198
170 171
170 172
170 173
170 174
170 175
170 177
170 178
170 182
170 183
170 184
170 185
170 186
170 187
170 188
170 189
170 190
170 191
170 194
170 196
170 197
170 198
170 199
171 172
171 173
171 174
171 175
171 176
171 177
171 178
171 179
171 180
171 182
171 183
171 185
171 186
171 187
171 188
171 189
171 191
171 192
171 193
171 195
171 196
171 197
171 198
171 215
171 237
172 173
172 175
172 179
172 181
172 183
172 184
172 185
172 187
172 188
172 189
172 190
172 191
172 192
172 193
172 194
172 195
172 196
172 197
172 198
172 199
173 175
173 176
173 177
173 178
173 180
173 181
173 182
173 184
173 185
173 186
173 187
173 188
173 190
173 191
173 192
173 193
173 194
173 195
173 196
173 198
174 176
174 177
174 179
174 180
174 181
174 182
174 183
174 184
174 185
174 186
174 188
174 189
174 191
174 192
174 193
174 194
174 195
174 196
174 198
174 199
174 217
175 176
175 178
175 181
175 182
175 184
175 185
175 187
175 188
175 189
175 190
175 191
175 192
175 193
175 194
175 196
175 197
175 198
175 199
175 227
175 237
175 244
176 178
176 180
176 181
176 183
176 184
176 185
176 187
176 189
176 191
176 193
176 194
176 196
176 197
176 198
177 178
177 180
177 181
177 182
177 183
177 184
177 185
177 186
177 187
177 188
177 189
177 190
177 191
177 192
177 193
177 194
177 195
177 197
177 198
177 199
178 179
178 180
178 181
178 182
178 183
178 184
178 186
178 187
178 190
178 192
178 193
178 194
178 195
178 199
179 180
179 182
179 183
179 184
179 185
179 187
179 189
179 190
179 191
179 193
179 194
179 195
179 198
180 182
180 184
180 188
180 189
180 190
180 192
180 193
180 197
180 198
180 199
180 229
181 183
181 185
181 186
181 187
181 188
181 190
181 191
181 192
181 193
181 194
181 197
181 199
181 229
182 183
182 184
182 186
182 187
182 188
182 190
182 191
182 192
182 193
182 195
182 196
182 197
182 198
182 199
182 216
182 225
183 184
183 186
183 188
183 189
183 192
183 193
183 194
183 195
183 197
183 198
183 199
184 185
184 186
184 187
184 188
184 189
184 191
184 194
184 196
184 197
184 198
184 199
184 232
185 186
185 189
185 190
185 191
185 193
185 196
185 198
185 199
186 187
186 189
186 193
186 194
186 195
186 196
186 197
186 198
187 188
187 189
187 190
187 191
187 192
187 193
187 194
187 196
187 198
187 199
188 189
188 193
188 194
188 196
188 197
188 211
188 238
189 190
189 191
189 192
189 194
189 195
189 196
189 197
190 192
190 193
190 195
190 197
190 198
190 199
190 231
191 192
191 193
191 195
191 197
191 204
192 193
192 195
192 196
192 197
192 198
192 199
193 195
193 196
193 197
193 198
193 199
194 195
195 196
195 197
195 198
196 197
196 199
197 198
197 199
197 229
198 235
199 216
199 234
200 201
200 203
200 204
200 205
200 207
200 208
200 209
200 210
200 211
200 212
200 213
200 214
200 216
200 217
200 218
200 220
200 221
200 223
200 224
200 225
200 227
200 229
200 230
200 231
200 232
200 235
200 237
200 238
200 240
200 241
200 242
200 244
200 246
200 247
200 248
201 202
201 203
201 204
201 205
201 206
201 208
201 209
201 210
201 212
201 213
201 215
201 218
201 220
201 222
201 223
201 225
201 226
201 227
201 228
201 229
201 230
201 231
201 233
201 234
201 235
201 237
201 238
201 239
201 240
201 242
201 243
201 244
201 245
201 247
201 248
201 249
202 203
202 204
202 205
202 206
202 207
202 208
202 212
202 213
202 214
202 217
202 218
202 219
202 220
202 222
202 225
202 226
202 227
202 228
202 230
202 231
202 233
202 234
202 235
202 237
202 239
202 240
202 241
202 242
202 243
202 244
202 245
202 246
202 247
202 248
203 204
203 205
203 206
203 207
203 208
203 209
203 210
203 211
203 212
203 213
203 214
203 215
203 217
203 219
203 220
203 221
203 224
203 227
203 228
203 229
203 231
203 232
203 234
203 235
203 237
203 238
203 239
203 240
203 243
203 245
203 246
203 247
203 248
203 249
204 205
204 206
204 207
204 208
204 209
204 210
204 211
204 212
204 214
204 215
204 216
204 217
204 218
204 219
204 220
204 222
204 224
204 225
204 227
204 228
204 229
204 230
204 231
204 232
204 234
204 237
204 238
204 239
204 240
204 241
204 242
204 243
204 245
204 246
204 247
204 248
205 206
205 207
205 209
205 210
205 211
205 212
205 214
205 216
205 217
205 218
205 219
205 221
205 222
205 224
205 226
205 227
205 228
205 230
205 233
205 234
205 235
205 236
205 237
205 238
205 239
205 240
205 241
205 242
205 243
205 244
205 245
205 246
205 247
205 249
206 208
206 209
206 211
206 213
206 214
206 215
206 216
206 217
206 218
206 219
206 220
206 221
206 222
206 223
206 225
206 226
206 227
206 228
206 229
206 230
206 231
206 232
206 234
206 237
206 238
206 239
206 240
206 241
206 243
206 244
206 245
206 246
206 247
206 249
207 208
207 209
207 210
207 211
207 212
207 213
207 214
207 215
207 216
207 217
207 218
207 219
207 220
207 221
207 223
207 224
207 226
207 227
207 228
207 231
207 232
207 234
207 235
207 236
207 238
207 240
207 242
207 243
207 244
207 245
207 246
207 247
207 249
208 210
208 211
208 212
208 215
208 217
208 218
208 219
208 221
208 222
208 223
208 225
208 228
208 229
208 230
208 232
208 233
208 234
208 235
208 236
208 237
208 239
208 241
208 243
208 245
208 246
208 249
209 210
209 211
209 212
209 213
209 216
209 217
209 219
209 220
209 222
209 223
209 225
209 226
209 227
209 228
209 229
209 230
209 231
209 232
209 236
209 237
209 238
209 240
209 242
209 243
209 244
209 246
209 247
209 248
210 211
210 213
210 214
210 215
210 217
210 218
210 219
210 221
210 222
210 223
210 225
210 226
210 227
210 228
210 229
210 230
210 232
210 233
210 234
210 235
210 239
210 241
210 242
210 243
210 244
210 245
210 246
210 247
210 248
210 249
211 212
211 213
211 214
211 218
211 220
211 221
211 223
211 225
211 226
211 228
211 229
211 230
211 232
211 233
211 234
211 237
211 238
211 239
211 240
211 243
211 244
211 245
211 246
211 247
211 248
211 249
212 214
212 216
212 218
212 219
212 221
212 222
212 223
212 224
212 226
212 227
212 228
212 229
212 231
212 232
212 233
212 234
212 235
212 236
212 238
212 239
212 240
212 241
212 242
212 243
212 244
212 246
212 247
213 214
213 215
213 218
213 219
213 221
213 222
213 223
213 224
213 225
213 227
213 229
213 230
213 231
213 232
213 233
213 234
213 236
213 237
213 238
213 239
213 240
213 242
213 243
213 244
213 246
213 247
213 248
214 215
214 216
214 217
214 218
214 219
214 220
214 221
214 222
214 224
214 225
214 226
214 228
214 231
214 233
214 235
214 236
214 237
214 238
214 239
214 241
214 242
214 243
214 244
214 245
214 246
214 248
214 249
215 217
215 218
215 219
215 221
215 222
215 224
215 225
215 226
215 228
215 229
215 231
215 232
215 237
215 240
215 241
215 242
215 243
215 244
215 245
215 246
215 248
215 249
216 217
216 218
216 219
216 221
216 222
216 224
216 225
216 227
216 229
216 230
216 231
216 232
216 233
216 234
216 235
216 236
216 237
216 238
216 240
216 241
216 244
216 245
216 246
216 247
216 248
216 249
217 218
217 219
217 220
217 223
217 224
217 230
217 232
217 234
217 235
217 236
217 237
217 238
217 239
217 240
217 241
217 242
217 243
217 245
217 246
217 247
218 219
218 220
218 221
218 222
218 223
218 224
218 225
218 226
218 227
218 228
218 231
218 233
218 234
218 235
218 236
218 237
218 239
218 240
218 242
218 243
218 245
218 248
218 249
219 220
219 222
219 223
219 225
219 227
219 229
219 230
219 233
219 234
219 235
219 238
219 240
219 241
219 243
219 245
219 247
220 221
220 222
220 223
220 225
220 229
220 230
220 231
220 232
220 233
220 234
220 235
220 236
220 240
220 241
220 242
220 243
220 244
220 245
220 246
220 247
220 248
220 249
221 222
221 223
221 224
221 226
221 227
221 228
221 230
221 232
221 233
221 234
221 236
221 237
221 238
221 241
221 242
221 245
221 246
221 247
221 248
221 249
222 225
222 226
222 227
222 228
222 229
222 230
222 231
222 232
222 233
222 234
222 235
222 236
222 237
222 240
222 241
222 242
222 243
222 244
222 245
222 246
222 247
222 248
222 249
223 224
223 225
223 226
223 227
223 228
223 229
223 230
223 232
223 233
223 234
223 235
223 236
223 237
223 239
223 240
223 241
223 243
223 244
223 246
223 247
223 248
223 249
224 225
224 226
224 228
224 231
224 232
224 233
224 234
224 238
224 241
224 242
224 243
224 244
224 245
224 248
224 249
225 226
225 227
225 228
225 229
225 232
225 233
225 236
225 237
225 239
225 240
225 241
225 242
225 243
225 244
225 245
225 246
225 247
225 249
226 227
226 229
226 231
226 232
226 233
226 234
226 235
226 236
226 237
226 238
226 239
226 240
226 242
226 243
226 244
226 247
226 248
226 249
227 228
227 229
227 230
227 231
227 235
227 236
227 237
227 238
227 240
227 245
227 246
227 247
227 249
228 231
228 233
228 234
228 237
228 238
228 239
228 241
228 242
228 243
228 244
228 245
228 246
228 247
228 248
229 230
229 231
229 234
229 235
229 237
229 241
229 245
229 246
229 248
230 231
230 232
230 234
230 235
230 236
230 237
230 238
230 239
230 240
230 241
230 242
230 244
230 245
230 246
230 247
230 248
230 249
231 232
231 233
231 234
231 235
231 236
231 237
231 238
231 239
231 241
231 243
231 244
231 245
231 246
231 249
232 233
232 234
232 236
232 237
232 240
232 241
232 242
232 243
232 244
232 245
232 248
232 249
233 234
233 236
233 239
233 240
233 242
233 243
233 244
233 245
233 246
233 248
234 235
234 236
234 238
234 239
234 240
234 241
234 242
234 243
234 244
234 245
234 246
234 247
234 248
235 236
235 237
235 238
235 239
235 240
235 242
235 244
235 247
235 248
235 249
236 237
236 238
236 241
236 247
236 249
237 239
237 240
237 241
237 242
237 244
237 245
237 246
237 247
237 249
238 239
238 240
238 241
238 242
238 243
238 244
238 245
238 247
238 249
239 241
239 244
239 245
239 246
239 247
239 248
239 249
240 241
240 242
240 244
240 245
240 246
240 247
240 248
240 249
241 242
241 245
241 246
241 247
241 248
242 243
242 244
242 245
242 246
242 247
242 248
242 249
243 244
243 245
243 246
243 247
243 248
244 245
244 246
244 248
244 249
245 246
245 248
245 249
246 249
247 248
247 249
248 249
