0 1
0 2
0 3
0 4
0 5
0 6
0 8
0 9
0 10
0 11
0 13
0 14
0 16
0 17
0 18
0 19
0 20
0 21
0 23
0 24
0 26
0 27
0 28
0 29
0 32
0 34
0 35
0 37
0 38
0 39
0 43
0 45
0 46
0 48
0 49
0 50
0 61
0 75
0 77
0 78
0 79
0 80
0 81
0 82
0 86
0 88
0 96
0 138
0 146
0 149
0 103
0 115
0 120
0 124
0 126
0 153
0 162
0 167
0 169
0 175
0 179
0 180
0 182
0 184
0 189
0 191
0 195
0 201
0 208
0 209
0 210
0 212
0 213
0 235
0 240
0 243
0 244
0 249
1 4
1 5
1 7
1 8
1 10
1 11
1 12
1 14
1 15
1 16
1 17
1 18
1 20
1 21
1 22
1 23
1 24
1 25
1 26
1 27
1 28
1 29
1 31
1 32
1 34
1 35
1 37
1 41
1 42
1 43
1 45
1 46
1 48
1 49
1 55
1 63
1 65
1 70
1 71
1 73
1 86
1 96
1 128
1 130
1 133
1 103
1 105
1 113
1 117
1 122
1 151
1 153
1 155
1 165
1 168
1 170
1 177
1 192
1 194
1 195
1 198
1 207
1 217
1 220
1 222
1 228
1 236
1 237
1 242
1 246
1 249
2 3
2 4
2 5
2 7
2 8
2 9
2 10
2 11
2 13
2 15
2 16
2 18
2 19
2 21
2 22
2 24
2 26
2 28
2 29
2 30
2 31
2 32
2 33
2 36
2 37
2 38
2 39
2 40
2 42
2 43
2 44
2 45
2 48
2 49
2 52
2 53
2 55
2 56
2 57
2 62
2 74
2 80
2 94
2 96
2 99
2 128
2 137
2 149
2 103
2 107
2 111
2 113
2 114
2 116
2 117
2 123
2 126
2 153
2 155
2 169
2 171
2 178
2 184
2 190
2 192
2 195
2 196
2 197
2 203
2 204
2 205
2 208
2 212
2 213
2 216
2 230
2 234
2 239
2 240
2 243
2 247
3 7
3 9
3 10
3 14
3 15
3 16
3 17
3 18
3 20
3 21
3 22
3 23
3 24
3 25
3 26
3 29
3 31
3 32
3 34
3 35
3 36
3 37
3 40
3 46
3 49
3 52
3 53
3 54
3 55
3 56
3 66
3 68
3 77
3 85
3 87
3 97
3 132
3 135
3 141
3 104
3 116
3 127
3 152
3 155
3 156
3 159
3 170
3 173
3 186
3 192
3 201
3 205
3 208
3 223
3 226
3 227
3 229
3 231
3 233
3 243
3 244
3 245
4 6
4 9
4 10
4 11
4 12
4 13
4 14
4 15
4 16
4 17
4 19
4 20
4 21
4 22
4 24
4 25
4 26
4 28
4 29
4 30
4 31
4 32
4 33
4 34
4 35
4 39
4 43
4 45
4 47
4 48
4 52
4 53
4 58
4 59
4 68
4 73
4 74
4 75
4 83
4 85
4 90
4 139
4 142
4 102
4 106
4 107
4 109
4 112
4 114
4 118
4 120
4 151
4 156
4 157
4 162
4 165
4 166
4 175
4 179
4 181
4 182
4 184
4 196
4 204
4 214
4 217
4 222
4 223
4 231
4 233
4 240
4 242
4 244
5 6
5 7
5 8
5 9
5 10
5 11
5 13
5 14
5 15
5 16
5 20
5 21
5 22
5 25
5 26
5 27
5 30
5 31
5 33
5 34
5 37
5 39
5 41
5 42
5 43
5 44
5 45
5 46
5 47
5 48
5 49
5 50
5 61
5 62
5 75
5 81
5 89
5 95
5 99
5 133
5 112
5 125
5 127
5 154
5 163
5 169
5 171
5 176
5 182
5 184
5 185
5 189
5 193
5 198
5 208
5 214
5 217
5 225
5 231
5 239
5 243
5 248
5 249
6 8
6 9
6 10
6 13
6 16
6 17
6 19
6 20
6 21
6 22
6 23
6 24
6 25
6 26
6 28
6 30
6 31
6 32
6 33
6 34
6 38
6 39
6 40
6 41
6 43
6 44
6 45
6 46
6 47
6 48
6 52
6 60
6 61
6 75
6 92
6 94
6 95
6 128
6 133
6 140
6 144
6 147
6 148
6 149
6 117
6 118
6 120
6 121
6 127
6 152
6 154
6 155
6 157
6 160
6 161
6 177
6 182
6 202
6 204
6 205
6 211
6 213
6 223
6 224
6 233
6 234
6 247
6 249
7 8
7 9
7 12
7 15
7 16
7 17
7 18
7 19
7 20
7 21
7 23
7 24
7 27
7 28
7 29
7 31
7 32
7 33
7 35
7 36
7 37
7 39
7 41
7 42
7 43
7 44
7 46
7 47
7 48
7 49
7 59
7 61
7 62
7 63
7 73
7 78
7 90
7 99
7 137
7 139
7 142
7 143
7 144
7 117
7 119
7 121
7 122
7 126
7 150
7 153
7 159
7 161
7 183
7 190
7 192
7 193
7 194
7 198
7 203
7 205
7 210
7 214
7 223
7 234
7 244
7 246
8 12
8 13
8 14
8 15
8 16
8 17
8 18
8 20
8 25
8 26
8 27
8 29
8 32
8 33
8 35
8 36
8 37
8 38
8 39
8 40
8 41
8 42
8 43
8 44
8 46
8 48
8 67
8 72
8 78
8 89
8 129
8 130
8 131
8 132
8 139
8 144
8 100
8 101
8 109
8 113
8 118
8 150
8 152
8 158
8 159
8 161
8 167
8 182
8 192
8 193
8 196
8 197
8 199
8 200
8 202
8 217
8 220
8 230
8 236
8 241
8 243
9 12
9 14
9 15
9 17
9 19
9 20
9 21
9 22
9 23
9 26
9 28
9 29
9 30
9 32
9 33
9 34
9 35
9 40
9 42
9 43
9 44
9 45
9 46
9 47
9 48
9 51
9 54
9 57
9 60
9 63
9 72
9 78
9 80
9 83
9 90
9 91
9 95
9 98
9 128
9 132
9 135
9 137
9 138
9 139
9 141
9 147
9 102
9 108
9 110
9 115
9 122
9 126
9 154
9 159
9 169
9 172
9 173
9 178
9 186
9 190
9 197
9 198
9 201
9 212
9 217
9 225
9 231
9 232
9 239
10 11
10 12
10 13
10 15
10 18
10 19
10 21
10 22
10 23
10 24
10 26
10 27
10 31
10 32
10 33
10 34
10 35
10 36
10 37
10 38
10 39
10 40
10 41
10 42
10 43
10 44
10 47
10 48
10 49
10 50
10 55
10 61
10 71
10 82
10 86
10 87
10 88
10 92
10 98
10 131
10 136
10 148
10 114
10 117
10 119
10 153
10 155
10 157
10 172
10 177
10 197
10 199
10 210
10 213
10 215
10 216
10 227
10 229
10 238
10 242
10 243
10 244
10 249
11 12
11 13
11 14
11 17
11 18
11 19
11 22
11 23
11 24
11 25
11 26
11 27
11 28
11 30
11 32
11 33
11 35
11 36
11 37
11 39
11 41
11 42
11 43
11 44
11 45
11 46
11 47
11 48
11 49
11 51
11 52
11 54
11 55
11 56
11 59
11 62
11 64
11 67
11 74
11 82
11 92
11 93
11 96
11 98
11 131
11 142
11 143
11 145
11 146
11 147
11 102
11 107
11 110
11 120
11 121
11 124
11 125
11 153
11 154
11 155
11 161
11 165
11 169
11 172
11 176
11 182
11 184
11 190
11 192
11 195
11 196
11 204
11 205
11 206
11 207
11 218
11 225
11 228
11 231
11 232
11 238
11 244
11 246
12 13
12 15
12 16
12 17
12 18
12 20
12 21
12 25
12 26
12 27
12 31
12 32
12 33
12 36
12 37
12 39
12 41
12 43
12 45
12 46
12 47
12 48
12 49
12 59
12 64
12 66
12 70
12 74
12 78
12 79
12 80
12 81
12 86
12 133
12 140
12 147
12 100
12 103
12 105
12 106
12 118
12 125
12 150
12 154
12 164
12 171
12 173
12 206
12 211
12 215
12 230
12 234
12 240
12 241
12 244
12 246
13 14
13 18
13 22
13 24
13 25
13 26
13 27
13 28
13 29
13 30
13 32
13 34
13 35
13 36
13 37
13 38
13 39
13 40
13 43
13 46
13 47
13 48
13 50
13 51
13 57
13 61
13 62
13 63
13 66
13 74
13 87
13 88
13 90
13 135
13 138
13 143
13 149
13 104
13 109
13 110
13 112
13 113
13 114
13 120
13 122
13 125
13 126
13 127
13 153
13 155
13 156
13 176
13 181
13 182
13 192
13 193
13 208
13 211
13 214
13 218
13 227
13 233
13 237
13 238
13 240
13 244
14 16
14 17
14 19
14 21
14 22
14 23
14 25
14 26
14 28
14 30
14 31
14 32
14 33
14 34
14 35
14 39
14 40
14 41
14 44
14 45
14 46
14 48
14 49
14 65
14 68
14 75
14 76
14 83
14 84
14 86
14 93
14 95
14 96
14 130
14 137
14 146
14 148
14 100
14 101
14 109
14 119
14 151
14 153
14 154
14 157
14 158
14 160
14 162
14 170
14 174
14 175
14 178
14 183
14 189
14 198
14 199
14 200
14 211
14 215
14 217
14 225
14 228
14 230
14 237
14 241
14 244
14 249
15 17
15 18
15 20
15 21
15 25
15 27
15 28
15 29
15 31
15 32
15 33
15 34
15 35
15 36
15 39
15 40
15 41
15 42
15 43
15 44
15 46
15 47
15 53
15 67
15 76
15 81
15 82
15 92
15 97
15 98
15 137
15 117
15 125
15 151
15 152
15 160
15 161
15 167
15 169
15 173
15 174
15 178
15 179
15 194
15 196
15 205
15 206
15 210
15 212
15 221
15 223
15 224
15 232
15 234
15 239
15 247
16 19
16 21
16 22
16 25
16 28
16 29
16 31
16 33
16 35
16 36
16 37
16 38
16 39
16 40
16 41
16 42
16 44
16 47
16 48
16 49
16 50
16 71
16 81
16 82
16 83
16 84
16 89
16 94
16 96
16 139
16 144
16 103
16 118
16 126
16 153
16 156
16 158
16 163
16 164
16 171
16 186
16 188
16 200
16 204
16 209
16 211
16 213
16 218
16 228
16 229
16 230
16 235
16 236
16 239
16 240
16 241
16 246
16 249
17 18
17 19
17 20
17 22
17 23
17 24
17 25
17 26
17 27
17 30
17 32
17 33
17 34
17 35
17 36
17 37
17 38
17 40
17 41
17 43
17 45
17 47
17 54
17 68
17 70
17 73
17 78
17 87
17 95
17 99
17 128
17 132
17 149
17 100
17 102
17 106
17 122
17 126
17 170
17 171
17 173
17 192
17 204
17 208
17 212
17 219
17 221
17 223
17 236
17 240
17 241
17 242
17 244
17 247
18 19
18 20
18 22
18 23
18 25
18 26
18 27
18 28
18 29
18 31
18 32
18 33
18 34
18 35
18 36
18 38
18 40
18 42
18 43
18 44
18 45
18 46
18 47
18 48
18 49
18 58
18 68
18 69
18 74
18 77
18 78
18 80
18 83
18 94
18 96
18 99
18 130
18 134
18 136
18 140
18 144
18 145
18 146
18 149
18 103
18 104
18 117
18 120
18 122
18 150
18 152
18 153
18 154
18 165
18 170
18 171
18 180
18 182
18 184
18 189
18 193
18 194
18 206
18 208
18 211
18 213
18 218
18 226
18 234
18 237
18 245
18 247
19 21
19 22
19 23
19 25
19 26
19 28
19 29
19 30
19 33
19 35
19 37
19 38
19 39
19 40
19 41
19 43
19 44
19 45
19 46
19 48
19 49
19 52
19 62
19 64
19 66
19 77
19 78
19 81
19 83
19 85
19 97
19 99
19 129
19 146
19 112
19 121
19 122
19 124
19 151
19 171
19 176
19 178
19 183
19 186
19 190
19 196
19 197
19 202
19 203
19 209
19 222
19 227
19 234
19 237
19 240
19 242
19 249
20 21
20 23
20 24
20 25
20 27
20 28
20 29
20 30
20 31
20 34
20 35
20 36
20 37
20 38
20 39
20 41
20 42
20 44
20 45
20 47
20 48
20 49
20 50
20 60
20 63
20 65
20 80
20 82
20 83
20 88
20 93
20 131
20 143
20 100
20 101
20 102
20 103
20 118
20 151
20 154
20 159
20 163
20 169
20 173
20 179
20 182
20 184
20 187
20 207
20 219
20 221
20 224
20 231
20 234
20 239
21 22
21 23
21 24
21 26
21 27
21 29
21 31
21 32
21 34
21 35
21 36
21 38
21 40
21 41
21 42
21 43
21 44
21 45
21 48
21 49
21 50
21 58
21 66
21 74
21 78
21 82
21 99
21 130
21 134
21 135
21 146
21 102
21 106
21 107
21 117
21 122
21 153
21 160
21 161
21 163
21 168
21 172
21 173
21 175
21 176
21 179
21 185
21 191
21 192
21 197
21 202
21 209
21 223
21 224
21 225
21 226
21 227
21 229
21 235
22 23
22 24
22 25
22 26
22 27
22 28
22 30
22 31
22 33
22 34
22 35
22 36
22 39
22 40
22 42
22 44
22 45
22 47
22 48
22 49
22 55
22 64
22 67
22 69
22 70
22 86
22 93
22 95
22 98
22 129
22 135
22 136
22 147
22 103
22 105
22 106
22 107
22 109
22 110
22 111
22 122
22 152
22 154
22 156
22 161
22 175
22 185
22 190
22 191
22 192
22 195
22 197
22 200
22 201
22 209
22 211
22 212
22 223
22 231
22 233
22 240
22 242
22 249
23 25
23 26
23 27
23 28
23 29
23 30
23 32
23 33
23 35
23 37
23 38
23 39
23 40
23 43
23 45
23 47
23 48
23 49
23 50
23 71
23 78
23 84
23 87
23 90
23 91
23 97
23 98
23 130
23 134
23 142
23 101
23 105
23 116
23 117
23 123
23 127
23 150
23 151
23 153
23 154
23 155
23 159
23 168
23 177
23 180
23 184
23 187
23 188
23 191
23 199
23 200
23 201
23 204
23 209
23 210
23 212
23 215
23 218
23 220
23 229
23 237
23 238
23 242
23 245
24 26
24 27
24 28
24 29
24 30
24 31
24 32
24 33
24 34
24 37
24 38
24 40
24 43
24 44
24 45
24 46
24 47
24 49
24 56
24 61
24 66
24 73
24 80
24 84
24 91
24 97
24 98
24 130
24 133
24 139
24 142
24 147
24 102
24 103
24 104
24 111
24 125
24 127
24 154
24 157
24 158
24 161
24 162
24 165
24 168
24 171
24 172
24 178
24 184
24 189
24 191
24 195
24 200
24 203
24 208
24 210
24 218
24 219
24 221
24 222
24 224
24 232
24 235
24 240
25 26
25 27
25 28
25 29
25 31
25 32
25 33
25 34
25 35
25 36
25 37
25 38
25 39
25 42
25 43
25 47
25 48
25 49
25 57
25 87
25 92
25 94
25 99
25 134
25 135
25 140
25 143
25 147
25 108
25 113
25 117
25 121
25 150
25 152
25 155
25 165
25 166
25 170
25 171
25 176
25 177
25 183
25 193
25 194
25 196
25 197
25 198
25 202
25 203
25 205
25 216
25 225
25 231
25 237
25 245
25 249
26 27
26 28
26 29
26 30
26 31
26 32
26 33
26 35
26 40
26 41
26 42
26 43
26 44
26 45
26 46
26 47
26 48
26 49
26 56
26 57
26 63
26 64
26 69
26 72
26 73
26 76
26 77
26 80
26 86
26 89
26 93
26 128
26 129
26 144
26 146
26 147
26 108
26 111
26 116
26 117
26 122
26 123
26 153
26 162
26 165
26 178
26 185
26 202
26 206
26 207
26 211
26 213
26 216
26 219
26 223
26 234
26 236
26 237
26 243
26 249
27 28
27 29
27 30
27 31
27 32
27 33
27 36
27 39
27 40
27 41
27 42
27 43
27 44
27 50
27 54
27 56
27 68
27 70
27 90
27 93
27 94
27 96
27 128
27 130
27 132
27 139
27 142
27 102
27 104
27 105
27 117
27 124
27 159
27 163
27 166
27 167
27 169
27 170
27 172
27 174
27 182
27 187
27 188
27 190
27 191
27 194
27 196
27 210
27 217
27 218
27 241
28 29
28 30
28 35
28 36
28 37
28 38
28 39
28 40
28 41
28 42
28 43
28 45
28 47
28 48
28 49
28 52
28 63
28 65
28 66
28 79
28 82
28 85
28 86
28 87
28 139
28 141
28 101
28 102
28 112
28 122
28 126
28 152
28 155
28 157
28 162
28 166
28 172
28 174
28 176
28 191
28 194
28 199
28 200
28 206
28 207
28 211
28 215
28 217
28 222
28 233
28 236
28 237
28 238
28 239
28 242
28 243
28 244
28 247
29 30
29 31
29 32
29 33
29 34
29 36
29 37
29 38
29 39
29 40
29 41
29 42
29 43
29 44
29 48
29 49
29 50
29 57
29 62
29 64
29 65
29 67
29 71
29 75
29 82
29 86
29 92
29 95
29 128
29 144
29 104
29 118
29 127
29 159
29 160
29 162
29 173
29 174
29 175
29 183
29 189
29 190
29 199
29 201
29 206
29 209
29 228
29 229
29 240
29 245
29 249
30 31
30 32
30 34
30 35
30 36
30 38
30 39
30 40
30 41
30 42
30 43
30 45
30 46
30 47
30 49
30 52
30 54
30 57
30 64
30 72
30 90
30 96
30 97
30 130
30 133
30 145
30 100
30 102
30 103
30 108
30 110
30 112
30 113
30 122
30 126
30 156
30 158
30 167
30 169
30 172
30 174
30 176
30 182
30 187
30 198
30 203
30 205
30 210
30 222
30 223
30 224
30 227
30 235
30 237
30 247
31 33
31 35
31 37
31 39
31 41
31 42
31 43
31 46
31 47
31 48
31 49
31 53
31 70
31 71
31 73
31 89
31 90
31 132
31 133
31 135
31 136
31 137
31 138
31 140
31 141
31 142
31 146
31 149
31 120
31 123
31 155
31 160
31 164
31 167
31 168
31 173
31 174
31 178
31 182
31 191
31 194
31 195
31 198
31 199
31 200
31 213
31 214
31 216
31 219
31 231
31 236
31 239
31 243
31 249
32 33
32 35
32 36
32 37
32 40
32 42
32 46
32 48
32 51
32 52
32 56
32 62
32 80
32 83
32 85
32 90
32 98
32 99
32 132
32 133
32 134
32 135
32 137
32 149
32 105
32 107
32 108
32 111
32 117
32 118
32 122
32 151
32 157
32 159
32 161
32 162
32 165
32 185
32 187
32 190
32 194
32 200
32 204
32 211
32 213
32 217
32 218
32 224
32 235
32 236
32 243
32 245
32 246
33 35
33 36
33 39
33 41
33 42
33 43
33 44
33 45
33 46
33 47
33 49
33 54
33 57
33 64
33 67
33 69
33 71
33 72
33 92
33 95
33 132
33 133
33 139
33 140
33 143
33 145
33 147
33 100
33 103
33 112
33 116
33 117
33 125
33 151
33 152
33 159
33 162
33 167
33 168
33 171
33 172
33 173
33 181
33 184
33 187
33 193
33 196
33 197
33 201
33 207
33 209
33 210
33 219
33 220
33 222
33 223
33 227
33 233
33 239
34 35
34 36
34 37
34 38
34 39
34 41
34 42
34 44
34 45
34 46
34 48
34 54
34 68
34 69
34 82
34 83
34 87
34 90
34 99
34 128
34 130
34 135
34 140
34 142
34 149
34 100
34 101
34 105
34 109
34 110
34 112
34 116
34 125
34 159
34 162
34 163
34 169
34 170
34 175
34 177
34 182
34 183
34 187
34 188
34 192
34 194
34 195
34 198
34 208
34 211
34 212
34 225
34 231
34 238
34 242
35 36
35 37
35 38
35 41
35 44
35 45
35 46
35 47
35 49
35 51
35 53
35 58
35 67
35 74
35 79
35 86
35 131
35 144
35 147
35 149
35 101
35 102
35 109
35 112
35 114
35 119
35 121
35 127
35 151
35 159
35 171
35 172
35 175
35 178
35 183
35 185
35 186
35 188
35 192
35 193
35 200
35 201
35 202
35 206
35 212
35 216
35 220
35 221
35 230
35 231
35 232
35 234
35 244
35 246
35 249
36 38
36 39
36 40
36 42
36 43
36 45
36 46
36 47
36 48
36 50
36 54
36 60
36 63
36 81
36 85
36 90
36 91
36 94
36 97
36 138
36 103
36 109
36 113
36 116
36 117
36 123
36 125
36 151
36 156
36 157
36 164
36 165
36 166
36 173
36 184
36 194
36 201
36 203
36 204
36 206
36 211
36 214
36 217
36 221
36 222
36 225
36 232
36 239
36 244
37 39
37 40
37 41
37 43
37 47
37 48
37 49
37 52
37 53
37 70
37 71
37 75
37 76
37 78
37 130
37 134
37 147
37 148
37 149
37 103
37 113
37 115
37 116
37 127
37 154
37 157
37 159
37 162
37 165
37 166
37 167
37 170
37 177
37 178
37 180
37 187
37 191
37 195
37 199
37 202
37 205
37 209
37 211
37 215
37 237
37 239
38 39
38 41
38 42
38 43
38 44
38 45
38 46
38 47
38 48
38 49
38 51
38 63
38 67
38 68
38 71
38 79
38 83
38 84
38 89
38 93
38 132
38 147
38 148
38 105
38 106
38 107
38 112
38 116
38 120
38 165
38 167
38 175
38 179
38 182
38 183
38 187
38 198
38 205
38 209
38 211
38 212
38 214
38 216
38 226
38 230
38 235
38 238
38 239
38 241
38 249
39 41
39 42
39 43
39 44
39 45
39 46
39 48
39 49
39 52
39 54
39 63
39 65
39 69
39 77
39 80
39 81
39 87
39 89
39 132
39 136
39 137
39 138
39 141
39 101
39 103
39 111
39 117
39 121
39 153
39 157
39 162
39 167
39 170
39 171
39 175
39 180
39 181
39 183
39 195
39 202
39 219
39 231
40 41
40 44
40 46
40 47
40 48
40 49
40 57
40 66
40 67
40 71
40 72
40 78
40 86
40 89
40 91
40 94
40 97
40 135
40 136
40 137
40 100
40 101
40 102
40 104
40 106
40 108
40 115
40 117
40 120
40 124
40 183
40 184
40 190
40 199
40 209
40 210
40 211
40 213
40 214
40 216
40 219
40 222
40 230
40 248
41 43
41 44
41 49
41 50
41 51
41 72
41 74
41 81
41 83
41 91
41 96
41 130
41 132
41 136
41 146
41 101
41 114
41 116
41 121
41 127
41 153
41 156
41 162
41 169
41 175
41 177
41 185
41 189
41 191
41 193
41 195
41 202
41 205
41 207
41 211
41 213
41 218
41 219
41 220
41 221
41 224
41 225
41 226
41 230
41 235
41 236
41 240
42 43
42 44
42 45
42 47
42 49
42 55
42 59
42 66
42 67
42 72
42 77
42 80
42 85
42 90
42 92
42 93
42 135
42 139
42 101
42 105
42 123
42 150
42 156
42 170
42 172
42 173
42 177
42 180
42 182
42 183
42 184
42 190
42 199
42 208
42 227
42 232
42 241
42 242
42 244
43 44
43 46
43 48
43 49
43 56
43 74
43 79
43 82
43 83
43 84
43 98
43 129
43 130
43 137
43 147
43 101
43 105
43 109
43 122
43 150
43 158
43 163
43 167
43 178
43 183
43 188
43 190
43 191
43 198
43 199
43 201
43 204
43 206
43 210
43 222
43 227
43 231
43 239
43 242
43 243
44 45
44 47
44 48
44 49
44 59
44 60
44 72
44 78
44 80
44 83
44 84
44 86
44 89
44 92
44 95
44 137
44 143
44 148
44 107
44 108
44 114
44 117
44 121
44 124
44 150
44 151
44 153
44 183
44 186
44 190
44 192
44 194
44 203
44 207
44 216
44 219
44 228
44 241
44 243
44 248
45 47
45 48
45 49
45 52
45 57
45 76
45 81
45 84
45 91
45 93
45 94
45 133
45 136
45 138
45 140
45 142
45 143
45 103
45 104
45 106
45 107
45 110
45 160
45 164
45 169
45 179
45 183
45 204
45 208
45 212
45 219
45 227
45 229
45 235
45 236
45 237
45 241
45 244
45 247
45 248
46 48
46 57
46 58
46 65
46 66
46 84
46 130
46 149
46 112
46 115
46 120
46 125
46 154
46 159
46 168
46 171
46 174
46 177
46 179
46 183
46 189
46 201
46 204
46 208
46 209
46 212
46 234
46 241
46 244
46 247
47 48
47 50
47 51
47 60
47 66
47 80
47 81
47 87
47 99
47 130
47 134
47 143
47 147
47 105
47 107
47 108
47 110
47 123
47 150
47 164
47 165
47 172
47 173
47 188
47 198
47 199
47 200
47 209
47 216
47 219
47 221
47 233
47 234
47 236
47 237
47 241
47 249
48 55
48 57
48 79
48 80
48 83
48 91
48 93
48 132
48 133
48 136
48 141
48 145
48 149
48 114
48 117
48 127
48 157
48 158
48 161
48 162
48 165
48 167
48 171
48 174
48 177
48 179
48 183
48 191
48 193
48 203
48 206
48 218
48 221
48 224
48 230
48 232
48 233
48 240
48 246
49 59
49 60
49 75
49 78
49 84
49 88
49 90
49 92
49 93
49 96
49 97
49 132
49 136
49 139
49 100
49 107
49 108
49 110
49 112
49 121
49 124
49 125
49 127
49 150
49 151
49 158
49 164
49 168
49 171
49 172
49 173
49 178
49 189
49 194
49 204
49 215
49 218
49 221
49 225
49 236
49 237
49 245
49 247
50 51
50 52
50 53
50 54
50 57
50 61
50 64
50 65
50 67
50 68
50 70
50 71
50 72
50 73
50 74
50 75
50 76
50 78
50 79
50 80
50 82
50 84
50 88
50 89
50 91
50 92
50 93
50 94
50 96
50 98
50 134
50 145
50 106
50 112
50 113
50 116
50 119
50 121
50 159
50 166
50 167
50 168
50 181
50 182
50 196
50 203
50 205
50 206
50 207
50 212
50 214
50 218
50 225
50 226
50 230
50 232
50 233
50 240
51 53
51 54
51 55
51 56
51 57
51 63
51 64
51 66
51 68
51 69
51 70
51 72
51 73
51 75
51 77
51 79
51 80
51 82
51 83
51 85
51 86
51 87
51 88
51 89
51 90
51 92
51 94
51 95
51 96
51 97
51 99
51 129
51 134
51 136
51 137
51 142
51 145
51 146
51 148
51 100
51 102
51 103
51 108
51 113
51 116
51 119
51 120
51 121
51 151
51 153
51 160
51 188
51 193
51 194
51 205
51 213
51 215
51 219
51 224
51 225
51 230
51 248
51 249
52 54
52 56
52 60
52 61
52 66
52 67
52 69
52 70
52 72
52 74
52 75
52 76
52 79
52 80
52 81
52 82
52 85
52 88
52 89
52 92
52 94
52 95
52 96
52 140
52 147
52 149
52 106
52 110
52 124
52 125
52 126
52 163
52 172
52 174
52 181
52 201
52 213
52 215
52 217
52 225
52 230
52 231
52 238
52 241
52 243
53 55
53 56
53 57
53 58
53 59
53 61
53 62
53 64
53 65
53 67
53 68
53 69
53 71
53 72
53 73
53 75
53 76
53 77
53 78
53 80
53 83
53 84
53 86
53 87
53 89
53 90
53 93
53 95
53 97
53 98
53 130
53 131
53 133
53 138
53 143
53 146
53 149
53 102
53 104
53 107
53 108
53 109
53 110
53 111
53 119
53 126
53 156
53 161
53 164
53 177
53 188
53 189
53 194
53 195
53 203
53 204
53 206
53 207
53 219
53 220
53 224
53 229
53 242
54 57
54 58
54 59
54 60
54 61
54 62
54 64
54 65
54 66
54 67
54 68
54 71
54 73
54 74
54 75
54 77
54 78
54 81
54 82
54 84
54 85
54 86
54 87
54 89
54 90
54 91
54 92
54 93
54 94
54 95
54 96
54 97
54 99
54 128
54 129
54 130
54 134
54 136
54 139
54 140
54 103
54 104
54 158
54 161
54 164
54 169
54 172
54 174
54 183
54 187
54 189
54 199
54 202
54 221
54 224
54 227
54 234
54 236
54 245
55 56
55 58
55 60
55 63
55 64
55 66
55 68
55 69
55 70
55 72
55 74
55 77
55 78
55 80
55 83
55 84
55 85
55 86
55 88
55 89
55 90
55 91
55 92
55 93
55 94
55 95
55 96
55 97
55 98
55 99
55 128
55 106
55 118
55 120
55 122
55 154
55 155
55 158
55 161
55 163
55 165
55 167
55 179
55 184
55 189
55 204
55 209
55 211
55 212
55 216
55 221
55 223
55 226
55 233
55 237
55 240
55 246
55 248
55 249
56 57
56 58
56 60
56 61
56 62
56 63
56 65
56 66
56 67
56 68
56 70
56 71
56 72
56 73
56 74
56 77
56 78
56 79
56 82
56 83
56 84
56 86
56 87
56 89
56 90
56 93
56 96
56 97
56 98
56 99
56 128
56 134
56 135
56 136
56 145
56 147
56 107
56 110
56 115
56 120
56 123
56 163
56 165
56 166
56 167
56 180
56 181
56 194
56 198
56 203
56 209
56 213
56 226
56 239
56 243
56 249
57 58
57 59
57 60
57 61
57 63
57 65
57 66
57 67
57 68
57 69
57 70
57 72
57 73
57 75
57 76
57 78
57 79
57 80
57 81
57 82
57 84
57 86
57 87
57 88
57 89
57 90
57 91
57 92
57 93
57 94
57 95
57 97
57 99
57 137
57 145
57 105
57 107
57 109
57 110
57 123
57 124
57 150
57 155
57 157
57 159
57 160
57 162
57 165
57 170
57 180
57 186
57 188
57 194
57 199
57 208
57 214
57 216
57 220
57 231
57 236
57 237
57 243
57 246
58 59
58 61
58 63
58 64
58 65
58 66
58 69
58 70
58 71
58 72
58 73
58 74
58 75
58 76
58 77
58 78
58 79
58 81
58 82
58 85
58 86
58 88
58 89
58 90
58 91
58 94
58 95
58 96
58 98
58 99
58 129
58 135
58 142
58 143
58 149
58 100
58 108
58 109
58 110
58 113
58 115
58 158
58 170
58 179
58 181
58 183
58 184
58 188
58 193
58 196
58 204
58 209
58 213
58 214
58 216
58 228
58 234
58 240
58 243
58 248
59 61
59 62
59 63
59 65
59 66
59 67
59 68
59 71
59 73
59 74
59 75
59 76
59 78
59 79
59 80
59 81
59 82
59 84
59 86
59 87
59 88
59 89
59 90
59 91
59 92
59 93
59 94
59 95
59 96
59 97
59 98
59 99
59 129
59 130
59 132
59 136
59 140
59 143
59 148
59 100
59 103
59 110
59 111
59 112
59 121
59 122
59 124
59 126
59 156
59 157
59 160
59 165
59 172
59 174
59 176
59 191
59 194
59 212
59 213
59 216
59 228
59 233
59 248
60 61
60 62
60 64
60 66
60 67
60 68
60 69
60 70
60 72
60 73
60 74
60 75
60 76
60 77
60 78
60 79
60 80
60 81
60 82
60 83
60 84
60 85
60 86
60 87
60 88
60 89
60 92
60 93
60 94
60 95
60 97
60 99
60 128
60 131
60 138
60 102
60 106
60 119
60 124
60 153
60 166
60 174
60 178
60 179
60 186
60 191
60 201
60 202
60 211
60 218
60 225
60 226
60 235
60 236
60 240
60 243
60 247
61 62
61 63
61 65
61 66
61 67
61 69
61 70
61 71
61 72
61 73
61 74
61 75
61 76
61 77
61 78
61 79
61 80
61 81
61 82
61 83
61 85
61 86
61 89
61 90
61 93
61 94
61 95
61 97
61 98
61 99
61 131
61 140
61 100
61 102
61 110
61 115
61 125
61 156
61 164
61 167
61 173
61 179
61 185
61 187
61 190
61 192
61 197
61 200
61 211
61 214
61 215
61 216
61 220
61 221
61 229
61 233
61 235
61 241
61 243
61 247
61 248
62 63
62 64
62 65
62 67
62 69
62 70
62 71
62 72
62 73
62 77
62 78
62 79
62 80
62 81
62 82
62 84
62 85
62 87
62 89
62 90
62 92
62 95
62 96
62 98
62 99
62 129
62 131
62 132
62 134
62 142
62 143
62 104
62 108
62 115
62 120
62 122
62 126
62 163
62 164
62 166
62 167
62 171
62 172
62 173
62 190
62 191
62 196
62 200
62 203
62 204
62 207
62 217
62 230
62 233
62 244
62 245
63 64
63 65
63 66
63 67
63 68
63 71
63 73
63 75
63 76
63 77
63 83
63 85
63 87
63 89
63 91
63 92
63 93
63 94
63 95
63 96
63 97
63 99
63 132
63 149
63 103
63 104
63 109
63 121
63 126
63 158
63 163
63 165
63 167
63 171
63 178
63 189
63 191
63 192
63 194
63 197
63 200
63 201
63 209
63 214
63 218
63 220
63 225
63 229
63 233
63 237
63 241
63 246
64 65
64 66
64 67
64 68
64 73
64 74
64 75
64 76
64 78
64 80
64 81
64 83
64 84
64 85
64 86
64 87
64 88
64 89
64 91
64 92
64 93
64 96
64 98
64 99
64 129
64 144
64 149
64 100
64 108
64 111
64 118
64 123
64 126
64 153
64 157
64 161
64 165
64 170
64 172
64 179
64 183
64 184
64 186
64 188
64 190
64 197
64 199
64 200
64 203
64 210
64 211
64 217
64 218
64 223
64 225
64 226
64 227
64 239
64 241
64 243
64 244
64 245
64 247
65 67
65 68
65 69
65 71
65 72
65 73
65 76
65 77
65 79
65 80
65 83
65 86
65 88
65 89
65 90
65 91
65 92
65 94
65 95
65 96
65 98
65 99
65 129
65 100
65 104
65 106
65 121
65 122
65 153
65 155
65 162
65 166
65 168
65 171
65 181
65 184
65 190
65 195
65 196
65 198
65 203
65 222
65 224
65 227
65 233
65 249
66 67
66 72
66 74
66 75
66 77
66 82
66 84
66 86
66 88
66 90
66 92
66 95
66 96
66 98
66 99
66 131
66 132
66 133
66 137
66 146
66 147
66 148
66 105
66 113
66 114
66 121
66 122
66 152
66 157
66 161
66 163
66 167
66 168
66 192
66 194
66 195
66 198
66 199
66 209
66 215
66 216
66 219
66 222
66 225
66 230
66 237
66 241
66 243
67 68
67 69
67 70
67 71
67 72
67 75
67 76
67 80
67 81
67 82
67 83
67 84
67 86
67 87
67 88
67 91
67 93
67 95
67 97
67 129
67 131
67 135
67 136
67 142
67 145
67 146
67 100
67 108
67 120
67 121
67 150
67 153
67 155
67 160
67 164
67 170
67 179
67 185
67 193
67 199
67 208
67 209
67 216
67 220
67 229
67 239
67 241
67 243
67 244
67 245
67 247
68 70
68 71
68 72
68 73
68 75
68 76
68 77
68 78
68 79
68 81
68 82
68 86
68 87
68 88
68 89
68 90
68 91
68 92
68 96
68 98
68 104
68 105
68 112
68 125
68 155
68 157
68 165
68 168
68 173
68 175
68 178
68 192
68 195
68 196
68 200
68 205
68 206
68 212
68 221
68 222
68 223
68 224
68 226
68 234
68 240
68 243
68 246
69 72
69 73
69 74
69 75
69 76
69 77
69 81
69 82
69 83
69 84
69 85
69 87
69 88
69 89
69 90
69 91
69 93
69 94
69 95
69 96
69 99
69 134
69 137
69 141
69 146
69 147
69 100
69 106
69 108
69 109
69 112
69 120
69 127
69 159
69 161
69 165
69 167
69 178
69 184
69 189
69 190
69 196
69 198
69 199
69 221
69 224
69 228
69 233
69 243
69 249
70 71
70 74
70 76
70 78
70 79
70 81
70 85
70 87
70 89
70 90
70 91
70 93
70 94
70 95
70 97
70 98
70 129
70 130
70 139
70 143
70 144
70 102
70 106
70 111
70 113
70 117
70 155
70 156
70 157
70 159
70 160
70 166
70 169
70 182
70 205
70 207
70 213
70 217
70 225
70 241
71 72
71 73
71 75
71 78
71 79
71 80
71 82
71 83
71 84
71 85
71 87
71 88
71 89
71 90
71 91
71 92
71 93
71 94
71 96
71 97
71 99
71 128
71 144
71 100
71 108
71 113
71 118
71 120
71 124
71 125
71 150
71 154
71 169
71 170
71 177
71 179
71 183
71 187
71 188
71 191
71 198
71 211
71 214
71 218
71 220
71 237
71 241
71 247
72 73
72 74
72 75
72 76
72 77
72 78
72 79
72 80
72 82
72 83
72 84
72 85
72 87
72 88
72 89
72 90
72 92
72 93
72 95
72 96
72 130
72 132
72 134
72 135
72 140
72 141
72 145
72 147
72 149
72 103
72 106
72 111
72 123
72 124
72 127
72 151
72 155
72 166
72 177
72 184
72 201
72 213
72 216
72 222
72 224
72 228
72 229
72 230
72 232
72 234
72 235
72 236
72 241
72 244
72 247
72 249
73 74
73 75
73 76
73 77
73 78
73 79
73 80
73 83
73 84
73 85
73 88
73 91
73 93
73 94
73 95
73 96
73 97
73 132
73 134
73 139
73 143
73 100
73 102
73 103
73 111
73 118
73 119
73 120
73 150
73 166
73 173
73 184
73 192
73 197
73 203
73 210
73 216
73 224
73 232
73 233
73 245
73 248
73 249
74 75
74 77
74 78
74 79
74 81
74 82
74 83
74 84
74 87
74 88
74 89
74 91
74 92
74 93
74 96
74 97
74 98
74 99
74 130
74 101
74 115
74 116
74 126
74 156
74 162
74 171
74 172
74 174
74 175
74 177
74 185
74 187
74 191
74 192
74 210
74 212
74 217
74 220
74 241
74 245
75 78
75 81
75 83
75 86
75 87
75 88
75 89
75 91
75 93
75 94
75 95
75 96
75 97
75 98
75 99
75 129
75 132
75 133
75 135
75 140
75 141
75 147
75 100
75 101
75 105
75 108
75 109
75 119
75 127
75 152
75 158
75 160
75 170
75 173
75 188
75 191
75 193
75 199
75 200
75 203
75 206
75 209
75 211
75 218
75 232
75 233
76 79
76 80
76 82
76 83
76 84
76 85
76 86
76 87
76 88
76 90
76 91
76 92
76 93
76 94
76 95
76 96
76 97
76 98
76 99
76 128
76 131
76 135
76 144
76 101
76 102
76 104
76 110
76 112
76 114
76 117
76 118
76 119
76 126
76 156
76 158
76 165
76 167
76 171
76 172
76 175
76 176
76 177
76 178
76 185
76 192
76 193
76 199
76 211
76 212
76 222
76 230
77 80
77 82
77 83
77 85
77 86
77 88
77 89
77 90
77 91
77 92
77 94
77 95
77 96
77 98
77 99
77 129
77 132
77 137
77 146
77 100
77 110
77 116
77 118
77 126
77 127
77 161
77 167
77 169
77 173
77 174
77 175
77 179
77 180
77 184
77 186
77 188
77 189
77 194
77 195
77 199
77 202
77 208
77 211
77 216
77 222
77 225
77 240
77 242
77 243
77 249
78 80
78 81
78 82
78 83
78 84
78 87
78 88
78 89
78 90
78 92
78 93
78 94
78 95
78 98
78 99
78 135
78 138
78 143
78 147
78 101
78 102
78 105
78 108
78 109
78 112
78 116
78 118
78 119
78 154
78 155
78 162
78 166
78 168
78 175
78 177
78 181
78 190
78 191
78 194
78 198
78 202
78 217
78 218
78 222
78 233
78 244
78 245
79 80
79 81
79 83
79 84
79 85
79 86
79 88
79 90
79 91
79 92
79 94
79 97
79 98
79 99
79 134
79 142
79 106
79 110
79 119
79 125
79 153
79 158
79 159
79 163
79 168
79 169
79 177
79 191
79 192
79 195
79 204
79 212
79 222
79 225
79 229
79 232
79 241
80 82
80 83
80 84
80 85
80 86
80 87
80 88
80 91
80 93
80 94
80 95
80 96
80 97
80 99
80 133
80 136
80 147
80 103
80 107
80 108
80 110
80 112
80 115
80 123
80 153
80 155
80 162
80 165
80 166
80 168
80 176
80 186
80 199
80 201
80 204
80 205
80 215
80 216
80 218
80 220
80 221
80 224
80 226
80 228
80 231
80 244
80 246
80 247
81 83
81 84
81 85
81 86
81 88
81 89
81 90
81 91
81 92
81 93
81 94
81 95
81 96
81 131
81 136
81 137
81 141
81 142
81 104
81 115
81 118
81 120
81 150
81 153
81 157
81 158
81 163
81 170
81 177
81 178
81 180
81 188
81 192
81 196
81 203
81 205
81 207
81 210
81 221
81 239
81 243
81 245
81 246
81 247
82 85
82 86
82 87
82 89
82 90
82 91
82 92
82 93
82 94
82 95
82 96
82 97
82 98
82 132
82 135
82 138
82 149
82 102
82 110
82 114
82 121
82 123
82 125
82 161
82 164
82 165
82 166
82 172
82 175
82 186
82 190
82 191
82 197
82 202
82 203
82 205
82 221
82 222
82 223
82 225
82 230
83 84
83 85
83 86
83 87
83 88
83 91
83 92
83 93
83 94
83 96
83 97
83 98
83 129
83 138
83 141
83 148
83 106
83 107
83 109
83 118
83 123
83 152
83 153
83 154
83 157
83 161
83 162
83 167
83 181
83 191
83 194
83 203
83 213
83 217
83 221
83 235
83 239
84 85
84 86
84 89
84 90
84 91
84 93
84 94
84 96
84 97
84 98
84 136
84 139
84 104
84 109
84 110
84 119
84 152
84 158
84 160
84 162
84 163
84 165
84 172
84 174
84 175
84 180
84 181
84 185
84 196
84 199
84 205
84 216
84 217
84 222
84 224
84 239
85 86
85 87
85 90
85 91
85 92
85 93
85 94
85 96
85 98
85 99
85 128
85 131
85 140
85 145
85 101
85 102
85 111
85 158
85 163
85 166
85 167
85 170
85 171
85 172
85 173
85 177
85 183
85 184
85 197
85 210
85 217
85 226
86 87
86 88
86 89
86 90
86 91
86 92
86 94
86 96
86 98
86 129
86 136
86 138
86 104
86 106
86 112
86 113
86 114
86 123
86 152
86 153
86 154
86 155
86 160
86 163
86 165
86 166
86 167
86 170
86 178
86 180
86 182
86 186
86 188
86 195
86 196
86 205
86 208
86 213
86 217
86 220
86 229
86 230
86 231
86 237
86 249
87 88
87 90
87 91
87 93
87 94
87 95
87 96
87 99
87 128
87 140
87 145
87 147
87 148
87 149
87 101
87 108
87 113
87 121
87 127
87 157
87 159
87 171
87 172
87 175
87 181
87 184
87 186
87 193
87 201
87 216
87 222
87 224
87 225
87 230
87 231
87 235
87 236
87 241
87 242
87 245
88 89
88 90
88 93
88 94
88 95
88 96
88 97
88 98
88 99
88 128
88 132
88 140
88 145
88 149
88 105
88 111
88 163
88 167
88 170
88 173
88 178
88 182
88 194
88 200
88 207
88 214
88 217
88 228
88 236
88 243
88 246
88 247
88 249
89 91
89 96
89 98
89 99
89 138
89 144
89 145
89 106
89 110
89 111
89 112
89 114
89 115
89 117
89 150
89 156
89 158
89 163
89 164
89 168
89 179
89 181
89 186
89 188
89 189
89 193
89 200
89 207
89 221
89 223
89 228
89 232
89 233
89 242
90 92
90 93
90 94
90 95
90 96
90 98
90 136
90 140
90 102
90 105
90 108
90 109
90 110
90 112
90 117
90 151
90 160
90 161
90 181
90 182
90 189
90 192
90 199
90 200
90 204
90 207
90 221
90 222
90 225
90 226
90 229
90 232
90 243
90 247
90 248
91 93
91 94
91 96
91 97
91 99
91 129
91 133
91 136
91 137
91 138
91 139
91 146
91 103
91 108
91 110
91 111
91 112
91 115
91 116
91 117
91 126
91 154
91 161
91 163
91 165
91 166
91 171
91 172
91 173
91 185
91 189
91 190
91 193
91 196
91 197
91 198
91 208
91 212
91 213
91 221
91 229
91 234
91 244
91 246
91 247
92 93
92 94
92 95
92 98
92 99
92 130
92 134
92 142
92 105
92 109
92 111
92 117
92 121
92 150
92 152
92 158
92 161
92 164
92 186
92 191
92 195
92 197
92 199
92 202
92 205
92 212
92 218
92 230
92 233
92 236
92 239
92 241
92 248
93 94
93 97
93 98
93 128
93 129
93 134
93 137
93 145
93 146
93 148
93 100
93 112
93 113
93 120
93 121
93 122
93 124
93 126
93 150
93 153
93 154
93 159
93 161
93 183
93 201
93 202
93 207
93 211
93 213
93 219
93 222
93 224
93 240
93 244
93 245
93 247
94 96
94 97
94 98
94 99
94 129
94 139
94 141
94 144
94 147
94 102
94 117
94 121
94 152
94 154
94 156
94 158
94 167
94 169
94 171
94 173
94 175
94 179
94 181
94 184
94 185
94 187
94 191
94 193
94 208
94 214
94 217
94 218
94 219
94 222
94 223
94 226
94 237
94 242
94 243
95 96
95 98
95 134
95 139
95 148
95 103
95 106
95 109
95 110
95 112
95 123
95 166
95 172
95 177
95 178
95 179
95 180
95 181
95 182
95 195
95 199
95 201
95 202
95 211
95 215
95 221
95 223
95 224
95 226
95 229
95 236
95 238
95 243
95 246
96 97
96 98
96 99
96 130
96 137
96 138
96 141
96 144
96 110
96 112
96 154
96 158
96 159
96 160
96 165
96 170
96 171
96 178
96 185
96 189
96 193
96 194
96 198
96 199
96 201
96 206
96 210
96 212
96 218
96 224
96 229
96 235
97 99
97 129
97 135
97 138
97 149
97 103
97 105
97 113
97 116
97 117
97 124
97 127
97 156
97 168
97 174
97 175
97 177
97 179
97 186
97 199
97 206
97 209
97 211
97 214
97 215
97 222
97 232
97 243
97 246
97 248
98 99
98 129
98 133
98 134
98 137
98 140
98 147
98 148
98 112
98 122
98 124
98 150
98 158
98 164
98 171
98 177
98 186
98 190
98 191
98 201
98 213
98 217
98 223
98 226
98 228
98 229
98 234
98 238
98 244
98 247
98 248
99 131
99 132
99 136
99 137
99 139
99 101
99 103
99 108
99 113
99 117
99 118
99 119
99 122
99 124
99 125
99 150
99 163
99 167
99 174
99 177
99 180
99 187
99 190
99 194
99 201
99 202
99 207
99 212
99 214
99 220
99 223
99 229
99 230
99 240
99 248
128 129
128 130
128 132
128 133
128 134
128 136
128 137
128 138
128 139
128 140
128 141
128 144
128 145
128 147
128 148
128 149
128 100
128 101
128 103
128 104
128 105
128 106
128 108
128 109
128 111
128 112
128 113
128 114
128 115
128 116
128 118
128 119
128 120
128 121
128 122
128 126
128 154
128 156
128 157
128 161
128 169
128 170
128 173
128 176
128 178
128 184
128 185
128 190
128 206
128 207
128 211
128 212
128 213
128 226
128 228
128 234
128 237
128 240
128 243
128 246
129 130
129 131
129 133
129 137
129 140
129 141
129 143
129 145
129 146
129 147
129 149
129 100
129 101
129 102
129 103
129 104
129 105
129 106
129 108
129 109
129 110
129 111
129 113
129 114
129 117
129 120
129 123
129 124
129 125
129 126
129 127
129 150
129 152
129 162
129 165
129 166
129 173
129 174
129 181
129 183
129 184
129 188
129 198
129 216
129 219
129 222
129 223
129 226
129 231
129 234
129 239
129 240
129 242
129 246
130 131
130 132
130 133
130 134
130 135
130 136
130 137
130 138
130 139
130 142
130 143
130 144
130 145
130 146
130 148
130 149
130 103
130 104
130 106
130 107
130 108
130 109
130 110
130 113
130 115
130 117
130 118
130 120
130 121
130 122
130 123
130 124
130 125
130 127
130 153
130 165
130 170
130 172
130 181
130 186
130 189
130 196
130 200
130 205
130 210
130 211
130 214
130 216
130 222
130 239
130 243
131 132
131 136
131 137
131 138
131 139
131 140
131 141
131 142
131 144
131 145
131 146
131 100
131 101
131 102
131 103
131 105
131 106
131 107
131 108
131 109
131 114
131 116
131 118
131 119
131 121
131 125
131 127
131 153
131 158
131 160
131 166
131 171
131 174
131 175
131 181
131 184
131 187
131 190
131 204
131 205
131 214
131 217
131 221
131 223
131 226
131 227
131 229
131 231
131 232
131 236
131 245
131 246
132 133
132 134
132 136
132 138
132 139
132 140
132 141
132 142
132 143
132 144
132 145
132 146
132 147
132 148
132 100
132 102
132 103
132 104
132 106
132 107
132 108
132 109
132 110
132 112
132 113
132 114
132 115
132 116
132 119
132 120
132 121
132 122
132 123
132 124
132 125
132 126
132 127
132 154
132 161
132 163
132 168
132 174
132 185
132 186
132 188
132 192
132 193
132 194
132 198
132 200
132 205
132 219
132 228
132 229
132 241
132 246
133 134
133 135
133 136
133 137
133 139
133 141
133 142
133 144
133 145
133 146
133 147
133 148
133 100
133 102
133 103
133 106
133 107
133 108
133 109
133 111
133 113
133 114
133 115
133 116
133 117
133 121
133 123
133 125
133 127
133 154
133 158
133 161
133 162
133 165
133 167
133 172
133 177
133 191
133 200
133 212
133 218
133 220
133 221
133 231
133 235
133 238
133 245
133 248
134 135
134 137
134 138
134 141
134 142
134 143
134 144
134 145
134 147
134 148
134 149
134 100
134 102
134 103
134 104
134 105
134 107
134 108
134 109
134 110
134 111
134 113
134 114
134 122
134 123
134 124
134 125
134 126
134 150
134 151
134 164
134 169
134 171
134 175
134 190
134 194
134 201
134 209
134 220
134 221
134 223
134 228
134 231
134 239
134 241
134 245
135 138
135 139
135 140
135 141
135 142
135 143
135 144
135 145
135 146
135 147
135 148
135 100
135 101
135 102
135 103
135 104
135 106
135 107
135 109
135 110
135 111
135 112
135 113
135 115
135 116
135 117
135 118
135 119
135 120
135 121
135 122
135 123
135 124
135 125
135 160
135 161
135 164
135 166
135 167
135 169
135 172
135 175
135 188
135 191
135 195
135 203
135 205
135 212
135 230
135 239
135 244
136 137
136 139
136 140
136 141
136 142
136 145
136 146
136 147
136 149
136 100
136 101
136 102
136 103
136 104
136 105
136 106
136 109
136 110
136 111
136 112
136 113
136 114
136 116
136 117
136 118
136 120
136 121
136 123
136 125
136 155
136 159
136 168
136 169
136 177
136 184
136 190
136 197
136 213
136 220
136 227
136 231
136 234
136 238
137 138
137 141
137 142
137 143
137 144
137 145
137 146
137 147
137 100
137 104
137 105
137 107
137 108
137 109
137 111
137 112
137 113
137 114
137 117
137 118
137 119
137 120
137 121
137 122
137 123
137 124
137 125
137 126
137 127
137 158
137 162
137 170
137 172
137 174
137 181
137 182
137 186
137 187
137 188
137 195
137 198
137 206
137 210
137 213
137 214
137 220
137 221
137 235
137 249
138 140
138 142
138 143
138 144
138 146
138 147
138 149
138 100
138 102
138 103
138 104
138 105
138 106
138 108
138 109
138 110
138 111
138 112
138 113
138 114
138 115
138 118
138 119
138 121
138 125
138 126
138 127
138 152
138 155
138 156
138 159
138 160
138 163
138 166
138 194
138 202
138 206
138 214
138 218
138 223
138 239
138 243
138 245
138 248
139 140
139 141
139 144
139 145
139 146
139 148
139 100
139 101
139 105
139 106
139 108
139 109
139 110
139 112
139 113
139 114
139 116
139 117
139 118
139 119
139 120
139 121
139 122
139 126
139 127
139 150
139 163
139 164
139 172
139 175
139 179
139 180
139 183
139 189
139 197
139 208
139 215
139 216
139 220
139 224
139 229
139 234
139 236
139 239
139 248
140 141
140 142
140 143
140 144
140 146
140 100
140 101
140 104
140 106
140 107
140 108
140 109
140 110
140 111
140 113
140 114
140 116
140 117
140 118
140 119
140 120
140 121
140 122
140 123
140 124
140 126
140 127
140 155
140 167
140 168
140 170
140 173
140 179
140 185
140 186
140 189
140 192
140 193
140 216
140 221
140 223
140 231
140 233
140 238
140 240
140 248
141 142
141 143
141 144
141 145
141 147
141 148
141 149
141 107
141 109
141 110
141 111
141 112
141 114
141 115
141 116
141 118
141 119
141 120
141 121
141 122
141 123
141 124
141 125
141 126
141 127
141 150
141 164
141 175
141 180
141 188
141 200
141 202
141 204
141 207
141 209
141 210
141 214
141 226
141 230
141 232
141 234
141 241
141 242
141 244
141 248
142 143
142 144
142 145
142 147
142 149
142 100
142 101
142 104
142 105
142 106
142 107
142 108
142 109
142 110
142 111
142 113
142 114
142 115
142 116
142 117
142 118
142 121
142 123
142 124
142 150
142 154
142 167
142 169
142 185
142 187
142 188
142 197
142 200
142 228
142 230
142 235
142 236
142 248
143 145
143 146
143 147
143 148
143 149
143 100
143 101
143 105
143 106
143 107
143 109
143 110
143 111
143 112
143 113
143 114
143 116
143 118
143 119
143 120
143 121
143 122
143 123
143 127
143 162
143 164
143 166
143 173
143 182
143 184
143 190
143 192
143 195
143 197
143 198
143 201
143 203
143 204
143 210
143 214
143 223
143 246
143 248
143 249
144 145
144 146
144 147
144 148
144 149
144 100
144 101
144 102
144 103
144 106
144 107
144 109
144 110
144 111
144 112
144 114
144 115
144 117
144 121
144 123
144 124
144 125
144 126
144 127
144 157
144 166
144 169
144 170
144 176
144 181
144 195
144 202
144 207
144 208
144 209
144 214
144 215
144 226
144 227
144 230
144 236
144 239
144 242
144 245
145 147
145 148
145 100
145 101
145 102
145 103
145 104
145 105
145 106
145 107
145 109
145 110
145 112
145 113
145 114
145 115
145 118
145 120
145 121
145 124
145 125
145 126
145 127
145 152
145 158
145 162
145 166
145 171
145 172
145 179
145 182
145 184
145 185
145 194
145 195
145 198
145 199
145 209
145 214
145 220
145 227
145 233
145 234
145 235
145 237
145 241
145 242
146 147
146 148
146 100
146 102
146 103
146 104
146 105
146 106
146 107
146 108
146 109
146 110
146 111
146 113
146 114
146 115
146 116
146 117
146 120
146 121
146 122
146 123
146 125
146 126
146 127
146 156
146 159
146 164
146 166
146 167
146 180
146 186
146 190
146 192
146 195
146 198
146 200
146 201
146 202
146 203
146 204
146 213
146 214
146 215
146 216
146 220
146 228
146 230
146 231
146 239
146 243
146 244
147 149
147 100
147 101
147 103
147 104
147 105
147 107
147 108
147 109
147 110
147 111
147 112
147 114
147 115
147 116
147 117
147 118
147 121
147 122
147 123
147 124
147 125
147 126
147 127
147 150
147 154
147 162
147 165
147 167
147 175
147 176
147 177
147 179
147 183
147 187
147 191
147 192
147 195
147 205
147 207
147 211
147 215
147 218
147 219
147 222
147 227
147 236
147 242
147 248
148 149
148 101
148 102
148 103
148 104
148 105
148 106
148 107
148 108
148 109
148 112
148 113
148 114
148 115
148 116
148 117
148 118
148 121
148 124
148 127
148 152
148 153
148 155
148 157
148 158
148 160
148 165
148 172
148 174
148 182
148 187
148 191
148 196
148 198
148 201
148 206
148 216
148 218
148 219
148 221
148 227
148 239
148 243
149 101
149 102
149 103
149 104
149 105
149 106
149 107
149 108
149 111
149 114
149 115
149 116
149 117
149 118
149 119
149 120
149 121
149 123
149 125
149 126
149 153
149 154
149 160
149 164
149 167
149 168
149 170
149 173
149 174
149 176
149 179
149 180
149 186
149 194
149 196
149 205
149 206
149 207
149 209
149 210
149 217
149 220
149 221
149 229
149 247
149 249
100 104
100 106
100 107
100 108
100 109
100 110
100 112
100 114
100 115
100 116
100 118
100 119
100 120
100 121
100 122
100 123
100 125
100 126
100 127
100 156
100 173
100 176
100 178
100 179
100 191
100 192
100 193
100 196
100 197
100 198
100 205
100 206
100 211
100 217
100 222
100 233
100 234
100 237
100 246
101 102
101 104
101 106
101 107
101 108
101 109
101 111
101 113
101 114
101 115
101 116
101 118
101 119
101 120
101 121
101 122
101 125
101 126
101 127
101 158
101 167
101 170
101 180
101 185
101 191
101 200
101 204
101 205
101 207
101 219
101 223
101 225
101 227
101 232
101 236
101 248
102 104
102 105
102 107
102 108
102 109
102 110
102 111
102 112
102 113
102 114
102 115
102 116
102 117
102 118
102 119
102 121
102 122
102 123
102 124
102 125
102 127
102 151
102 152
102 155
102 156
102 161
102 162
102 167
102 174
102 192
102 193
102 195
102 198
102 208
102 213
102 219
102 220
102 222
102 224
102 245
103 104
103 107
103 110
103 115
103 116
103 117
103 119
103 120
103 122
103 123
103 124
103 125
103 127
103 163
103 164
103 168
103 170
103 171
103 176
103 177
103 182
103 183
103 187
103 191
103 192
103 201
103 203
103 205
103 206
103 207
103 225
103 228
103 232
103 234
103 237
103 241
103 243
104 106
104 107
104 108
104 113
104 116
104 118
104 119
104 120
104 121
104 122
104 123
104 124
104 127
104 152
104 166
104 174
104 178
104 179
104 184
104 192
104 198
104 208
104 232
104 238
104 249
105 106
105 108
105 109
105 110
105 113
105 114
105 116
105 118
105 119
105 120
105 122
105 123
105 124
105 125
105 126
105 127
105 150
105 158
105 163
105 164
105 166
105 168
105 170
105 174
105 180
105 181
105 191
105 194
105 199
105 206
105 208
105 210
105 214
105 232
105 237
105 246
106 107
106 108
106 109
106 110
106 112
106 113
106 114
106 115
106 117
106 118
106 121
106 122
106 123
106 125
106 126
106 127
106 150
106 157
106 160
106 172
106 174
106 175
106 180
106 184
106 188
106 189
106 192
106 199
106 215
106 233
106 235
106 236
106 237
106 243
106 246
106 249
107 109
107 110
107 111
107 112
107 114
107 115
107 116
107 117
107 118
107 120
107 121
107 122
107 123
107 124
107 125
107 151
107 161
107 162
107 166
107 171
107 178
107 184
107 185
107 192
107 203
107 205
107 208
107 232
107 235
107 240
108 112
108 113
108 114
108 115
108 117
108 120
108 122
108 124
108 126
108 127
108 169
108 170
108 178
108 179
108 184
108 193
108 205
108 206
108 210
108 213
108 214
108 215
108 219
108 226
108 244
108 245
108 246
109 110
109 111
109 112
109 113
109 114
109 115
109 116
109 117
109 118
109 119
109 121
109 122
109 123
109 124
109 125
109 126
109 127
109 150
109 155
109 156
109 161
109 162
109 166
109 169
109 175
109 179
109 186
109 187
109 196
109 197
109 202
109 205
109 209
109 213
109 218
109 225
109 228
109 231
109 238
109 241
110 111
110 112
110 113
110 116
110 119
110 120
110 121
110 123
110 124
110 127
110 157
110 161
110 167
110 170
110 172
110 191
110 207
110 217
110 224
110 227
110 228
110 231
110 232
110 238
110 241
110 246
110 247
111 113
111 115
111 116
111 119
111 120
111 121
111 122
111 123
111 124
111 125
111 127
111 151
111 155
111 157
111 158
111 163
111 164
111 165
111 166
111 167
111 172
111 174
111 176
111 183
111 189
111 192
111 204
111 208
111 212
111 224
111 227
111 229
111 234
111 236
112 114
112 116
112 118
112 119
112 120
112 121
112 122
112 124
112 125
112 126
112 127
112 157
112 158
112 161
112 163
112 165
112 166
112 167
112 168
112 169
112 175
112 179
112 189
112 195
112 203
112 204
112 208
112 210
112 212
112 221
112 227
112 234
112 236
112 241
112 246
112 248
113 114
113 115
113 116
113 117
113 118
113 121
113 122
113 123
113 124
113 126
113 127
113 151
113 155
113 157
113 158
113 162
113 172
113 173
113 179
113 203
113 205
113 207
113 209
113 213
113 214
113 220
113 222
113 229
113 231
113 234
113 240
113 242
113 248
113 249
114 116
114 117
114 118
114 119
114 121
114 122
114 123
114 124
114 126
114 127
114 150
114 160
114 167
114 169
114 171
114 182
114 185
114 193
114 199
114 203
114 205
114 215
114 217
114 224
114 226
114 227
114 231
114 233
114 234
114 236
114 237
114 241
115 116
115 118
115 119
115 121
115 123
115 126
115 127
115 152
115 153
115 154
115 159
115 168
115 172
115 182
115 186
115 202
115 210
115 211
115 220
115 225
115 234
115 235
115 237
115 247
116 117
116 118
116 120
116 121
116 122
116 123
116 124
116 126
116 152
116 153
116 162
116 164
116 166
116 185
116 191
116 195
116 197
116 204
116 207
116 208
116 218
116 232
116 233
116 234
116 242
116 249
117 118
117 119
117 120
117 121
117 122
117 123
117 124
117 125
117 127
117 152
117 159
117 160
117 173
117 175
117 177
117 188
117 192
117 193
117 198
117 203
117 206
117 207
117 211
117 220
117 222
117 226
117 231
117 237
117 240
117 242
117 244
117 246
117 247
117 249
118 119
118 120
118 121
118 122
118 123
118 124
118 125
118 126
118 127
118 151
118 163
118 164
118 176
118 180
118 184
118 194
118 197
118 205
118 209
118 210
118 219
118 224
118 227
118 237
118 238
118 246
118 248
119 121
119 122
119 123
119 124
119 125
119 126
119 150
119 154
119 168
119 171
119 172
119 176
119 177
119 184
119 189
119 194
119 200
119 202
119 212
119 218
119 220
119 226
119 227
120 121
120 122
120 123
120 124
120 126
120 127
120 161
120 163
120 165
120 177
120 180
120 184
120 185
120 194
120 199
120 201
120 209
120 212
120 224
120 232
120 234
120 244
120 247
120 248
121 122
121 123
121 125
121 126
121 127
121 157
121 161
121 164
121 167
121 170
121 172
121 176
121 180
121 194
121 196
121 213
121 224
121 233
121 234
121 235
121 236
121 241
121 244
122 123
122 124
122 125
122 126
122 127
122 158
122 163
122 165
122 167
122 169
122 171
122 174
122 177
122 180
122 181
122 191
122 196
122 198
122 223
122 241
122 247
123 124
123 125
123 126
123 127
123 162
123 163
123 164
123 167
123 173
123 175
123 176
123 187
123 195
123 213
123 225
123 226
123 247
124 125
124 152
124 158
124 161
124 163
124 179
124 182
124 186
124 190
124 196
124 205
124 206
124 209
124 215
124 220
124 223
124 225
124 234
124 235
124 236
124 238
124 245
125 126
125 150
125 151
125 152
125 154
125 155
125 157
125 158
125 163
125 168
125 170
125 172
125 176
125 183
125 184
125 187
125 190
125 201
125 202
125 204
125 210
125 213
125 227
125 236
125 239
126 127
126 155
126 159
126 160
126 175
126 176
126 179
126 183
126 187
126 188
126 194
126 199
126 200
126 201
126 202
126 205
126 207
126 208
126 212
126 214
126 218
126 224
126 227
126 233
126 242
126 243
127 150
127 151
127 156
127 157
127 158
127 163
127 165
127 166
127 178
127 190
127 194
127 202
127 203
127 216
127 222
127 223
127 226
127 228
127 232
127 233
127 237
127 239
127 247
150 151
150 152
150 153
150 155
150 156
150 158
150 159
150 160
150 161
150 162
150 163
150 164
150 165
150 166
150 168
150 169
150 170
150 172
150 173
150 174
150 175
150 176
150 177
150 178
150 181
150 182
150 183
150 184
150 185
150 186
150 188
150 189
150 190
150 191
150 192
150 193
150 194
150 198
150 204
150 205
150 208
150 213
150 220
150 227
150 243
151 152
151 153
151 154
151 155
151 156
151 157
151 158
151 159
151 162
151 163
151 164
151 166
151 168
151 169
151 170
151 171
151 173
151 174
151 175
151 176
151 177
151 180
151 182
151 183
151 184
151 185
151 186
151 187
151 188
151 189
151 193
151 194
151 195
151 197
151 198
151 200
151 201
151 205
151 213
151 215
151 217
151 219
151 225
151 228
151 233
152 153
152 158
152 160
152 161
152 162
152 163
152 167
152 168
152 169
152 170
152 171
152 173
152 174
152 175
152 176
152 177
152 178
152 179
152 180
152 181
152 182
152 183
152 186
152 187
152 188
152 191
152 192
152 193
152 194
152 195
152 196
152 197
152 212
152 213
152 223
152 227
152 235
152 236
152 241
152 246
152 247
153 157
153 158
153 159
153 160
153 162
153 163
153 164
153 165
153 166
153 167
153 168
153 169
153 170
153 171
153 172
153 173
153 174
153 175
153 177
153 178
153 179
153 180
153 181
153 182
153 183
153 184
153 185
153 188
153 189
153 192
153 194
153 198
153 199
153 201
153 205
153 216
153 220
153 222
153 229
153 234
153 241
153 248
153 249
154 158
154 159
154 161
154 162
154 163
154 164
154 165
154 166
154 167
154 168
154 169
154 170
154 174
154 175
154 177
154 179
154 180
154 181
154 182
154 183
154 184
154 185
154 186
154 187
154 188
154 191
154 192
154 193
154 195
154 196
154 197
154 198
154 199
154 222
154 224
154 233
154 242
154 243
155 156
155 157
155 158
155 160
155 161
155 162
155 163
155 165
155 167
155 168
155 171
155 172
155 173
155 177
155 178
155 182
155 184
155 187
155 188
155 189
155 190
155 191
155 192
155 193
155 195
155 197
155 198
155 199
155 201
155 212
155 222
155 223
155 224
155 226
155 229
155 231
155 233
155 238
155 245
155 247
156 158
156 159
156 160
156 161
156 162
156 163
156 164
156 165
156 168
156 169
156 170
156 172
156 173
156 174
156 175
156 176
156 177
156 178
156 181
156 182
156 183
156 184
156 185
156 186
156 187
156 188
156 189
156 190
156 191
156 193
156 195
156 197
156 198
156 203
156 205
156 226
156 231
156 235
156 245
156 247
157 158
157 159
157 160
157 161
157 162
157 166
157 168
157 169
157 170
157 171
157 172
157 173
157 174
157 175
157 176
157 177
157 178
157 179
157 180
157 182
157 183
157 184
157 185
157 188
157 189
157 192
157 193
157 194
157 197
157 198
157 201
157 202
157 206
157 214
157 217
157 224
157 233
157 234
157 235
157 243
157 244
157 249
158 159
158 160
158 162
158 163
158 166
158 168
158 169
158 170
158 171
158 174
158 176
158 178
158 180
158 181
158 183
158 186
158 187
158 188
158 189
158 190
158 191
158 192
158 195
158 196
158 197
158 198
158 199
158 209
158 219
158 220
158 223
158 224
158 233
158 234
158 236
158 237
159 161
159 163
159 167
159 168
159 170
159 171
159 173
159 175
159 176
159 178
159 180
159 181
159 182
159 183
159 186
159 187
159 188
159 190
159 191
159 192
159 193
159 194
159 195
159 198
159 200
159 213
159 218
159 221
159 225
159 232
159 234
159 244
159 247
159 248
160 163
160 166
160 167
160 168
160 169
160 172
160 173
160 174
160 177
160 179
160 180
160 182
160 183
160 185
160 186
160 187
160 188
160 189
160 190
160 191
160 193
160 195
160 205
160 208
160 214
160 217
160 230
160 234
160 235
160 240
160 244
160 247
161 162
161 164
161 165
161 166
161 167
161 169
161 170
161 171
161 172
161 174
161 177
161 179
161 180
161 181
161 182
161 183
161 184
161 185
161 186
161 187
161 188
161 189
161 190
161 192
161 193
161 194
161 197
161 203
161 206
161 209
161 213
161 219
161 230
161 234
161 235
161 242
162 163
162 164
162 165
162 166
162 167
162 169
162 171
162 176
162 178
162 179
162 180
162 182
162 183
162 185
162 186
162 188
162 190
162 191
162 193
162 194
162 195
162 196
162 197
162 198
162 209
162 215
162 217
162 220
162 223
162 229
162 234
162 235
162 236
162 242
162 243
162 249
163 164
163 165
163 167
163 168
163 169
163 170
163 171
163 173
163 175
163 176
163 178
163 179
163 180
163 181
163 182
163 183
163 186
163 188
163 190
163 191
163 192
163 197
163 198
163 199
163 204
163 205
163 210
163 216
163 229
163 237
164 165
164 167
164 168
164 172
164 173
164 176
164 178
164 179
164 180
164 181
164 182
164 183
164 184
164 185
164 187
164 191
164 192
164 193
164 194
164 196
164 197
164 199
164 204
164 217
164 218
164 220
164 222
164 236
164 242
164 246
165 167
165 168
165 169
165 170
165 171
165 172
165 175
165 176
165 177
165 178
165 179
165 181
165 183
165 184
165 185
165 186
165 189
165 192
165 194
165 195
165 197
165 198
165 199
165 201
165 203
165 215
165 218
165 221
165 222
165 228
165 231
165 235
165 245
165 248
165 249
166 167
166 168
166 170
166 171
166 172
166 175
166 176
166 177
166 178
166 180
166 181
166 182
166 184
166 185
166 186
166 187
166 188
166 191
166 192
166 193
166 195
166 196
166 197
166 199
166 200
166 201
166 202
166 214
166 215
166 218
166 220
166 223
166 228
166 231
166 233
166 235
166 239
166 240
166 245
166 247
166 249
167 170
167 171
167 172
167 173
167 174
167 175
167 176
167 177
167 178
167 180
167 181
167 182
167 184
167 187
167 188
167 190
167 192
167 194
167 195
167 199
167 207
167 212
167 214
167 232
167 238
167 243
168 169
168 171
168 172
168 174
168 175
168 177
168 178
168 179
168 180
168 181
168 182
168 185
168 187
168 188
168 190
168 191
168 192
168 193
168 194
168 196
168 197
168 206
168 211
168 218
168 219
168 221
168 224
168 227
168 238
168 241
169 170
169 171
169 173
169 174
169 176
169 177
169 178
169 179
169 181
169 182
169 183
169 184
169 185
169 186
169 187
169 188
169 189
169 190
169 192
169 193
169 194
169 195
169 196
169 197
169 200
169 205
169 231
169 232
169 235
169 241
169 244
169 248
170 171
170 174
170 176
170 177
170 178
170 179
170 180
170 181
170 182
170 183
170 184
170 187
170 188
170 191
170 192
170 193
170 196
170 198
170 201
170 209
170 211
170 216
170 218
170 219
170 232
170 233
170 235
170 239
170 242
170 243
170 248
171 172
171 173
171 177
171 178
171 179
171 181
171 182
171 183
171 184
171 185
171 186
171 188
171 189
171 191
171 192
171 193
171 194
171 195
171 198
171 199
171 200
171 205
171 223
171 228
171 229
171 234
171 235
171 238
171 239
171 241
171 243
171 247
171 248
172 175
172 176
172 177
172 179
172 180
172 181
172 182
172 183
172 184
172 185
172 186
172 188
172 189
172 190
172 195
172 196
172 199
172 202
172 208
172 211
172 225
172 239
172 242
172 246
173 174
173 177
173 178
173 180
173 182
173 183
173 184
173 185
173 186
173 187
173 189
173 190
173 192
173 193
173 194
173 196
173 198
173 199
173 211
173 219
173 229
173 233
173 245
174 175
174 176
174 177
174 179
174 180
174 184
174 186
174 187
174 188
174 190
174 191
174 192
174 193
174 194
174 195
174 196
174 197
174 199
174 200
174 204
174 207
174 208
174 221
174 222
174 223
174 226
174 227
174 231
174 234
174 237
174 240
174 242
174 249
175 176
175 177
175 179
175 180
175 182
175 183
175 187
175 188
175 189
175 190
175 191
175 193
175 194
175 202
175 205
175 209
175 210
175 214
175 218
175 222
175 223
175 228
175 231
175 234
175 239
175 241
175 242
175 249
176 177
176 178
176 179
176 180
176 181
176 182
176 183
176 184
176 185
176 187
176 189
176 190
176 191
176 192
176 193
176 194
176 196
176 197
176 199
176 200
176 201
176 203
176 214
176 228
177 178
177 179
177 180
177 181
177 182
177 184
177 185
177 186
177 188
177 189
177 190
177 192
177 194
177 196
177 197
177 198
177 199
177 200
177 202
177 210
177 214
177 215
177 221
177 228
177 242
177 243
178 179
178 180
178 183
178 185
178 186
178 187
178 188
178 189
178 190
178 191
178 192
178 193
178 195
178 196
178 200
178 211
178 218
178 222
178 224
178 226
178 230
178 231
178 234
178 237
178 240
178 243
178 245
179 180
179 181
179 182
179 183
179 184
179 185
179 186
179 187
179 188
179 189
179 190
179 191
179 192
179 195
179 197
179 198
179 199
179 201
179 209
179 218
179 224
179 240
179 242
179 245
179 249
180 181
180 183
180 185
180 186
180 188
180 193
180 194
180 196
180 197
180 200
180 215
180 216
180 217
180 221
180 225
180 227
180 230
180 232
180 233
180 235
180 236
181 182
181 184
181 187
181 188
181 189
181 192
181 193
181 194
181 195
181 196
181 197
181 198
181 199
181 206
181 210
181 230
181 232
181 238
181 246
182 183
182 184
182 187
182 189
182 191
182 193
182 195
182 196
182 197
182 198
182 199
182 201
182 203
182 205
182 208
182 210
182 211
182 213
182 219
182 224
182 227
182 229
182 230
182 232
182 243
182 244
183 184
183 185
183 186
183 187
183 188
183 189
183 192
183 194
183 195
183 196
183 197
183 198
183 199
183 202
183 208
183 213
183 216
183 222
183 230
183 231
183 232
183 239
183 244
184 186
184 188
184 189
184 190
184 192
184 193
184 194
184 195
184 196
184 198
184 199
184 203
184 204
184 230
184 231
184 233
184 235
184 245
185 186
185 188
185 189
185 191
185 192
185 194
185 195
185 196
185 197
185 198
185 199
185 207
185 208
185 217
185 222
185 230
185 240
185 246
185 249
186 187
186 188
186 189
186 190
186 191
186 193
186 194
186 195
186 196
186 199
186 200
186 203
186 204
186 208
186 219
186 224
186 227
186 231
186 234
186 238
186 243
186 249
187 188
187 189
187 192
187 193
187 196
187 197
187 202
187 203
187 213
187 214
187 215
187 216
187 222
187 225
187 228
187 232
187 237
187 241
188 189
188 190
188 191
188 193
188 194
188 195
188 196
188 197
188 199
188 210
188 214
188 215
188 216
188 223
188 225
188 233
188 234
188 235
188 246
188 249
189 193
189 194
189 195
189 196
189 197
189 198
189 199
189 206
189 208
189 222
189 223
189 228
189 229
189 231
189 232
189 246
190 192
190 193
190 194
190 196
190 197
190 199
190 200
190 202
190 211
190 214
190 215
190 224
190 225
190 229
190 233
190 238
190 242
190 246
191 194
191 195
191 197
191 198
191 202
191 203
191 210
191 211
191 231
191 237
191 240
191 245
191 246
192 193
192 194
192 197
192 198
192 210
192 213
192 217
192 222
192 226
192 232
193 194
193 196
193 197
193 198
193 199
193 204
193 210
193 225
193 229
193 237
193 240
193 243
193 246
193 247
193 248
194 195
194 196
194 197
194 198
194 199
194 202
194 204
194 218
194 222
194 225
194 228
194 229
194 231
194 234
194 239
194 241
194 247
194 248
195 196
195 199
195 200
195 204
195 205
195 215
195 223
195 224
195 225
195 238
195 240
195 243
196 197
196 199
196 226
196 228
196 235
196 244
196 245
197 199
197 203
197 216
197 228
197 233
197 237
197 244
197 246
197 249
198 199
198 209
198 213
198 217
198 218
198 220
198 221
198 233
198 236
198 238
198 246
198 248
199 203
199 206
199 209
199 210
199 213
199 223
199 228
199 233
199 245
200 201
200 204
200 205
200 206
200 208
200 209
200 212
200 213
200 216
200 217
200 218
200 219
200 222
200 224
200 226
200 227
200 228
200 229
200 230
200 231
200 233
200 234
200 235
200 236
200 237
200 238
200 239
200 240
200 241
200 242
200 245
200 246
200 247
200 248
201 202
201 203
201 205
201 206
201 207
201 210
201 212
201 214
201 217
201 219
201 220
201 221
201 225
201 226
201 227
201 228
201 229
201 230
201 231
201 232
201 235
201 236
201 237
201 238
201 239
201 240
201 241
201 242
201 243
201 245
201 248
201 249
202 203
202 205
202 206
202 208
202 209
202 212
202 213
202 215
202 216
202 217
202 218
202 219
202 221
202 222
202 224
202 225
202 226
202 227
202 228
202 230
202 232
202 233
202 236
202 237
202 240
202 242
202 243
202 244
202 245
202 246
202 247
202 248
202 249
203 204
203 208
203 209
203 211
203 212
203 214
203 215
203 216
203 219
203 220
203 221
203 222
203 223
203 224
203 225
203 226
203 227
203 228
203 229
203 230
203 231
203 233
203 234
203 236
203 237
203 239
203 242
203 244
203 245
203 246
203 248
203 249
204 205
204 206
204 207
204 208
204 209
204 210
204 211
204 212
204 213
204 215
204 216
204 217
204 218
204 219
204 220
204 222
204 223
204 224
204 226
204 227
204 228
204 229
204 231
204 232
204 233
204 234
204 236
204 238
204 239
204 240
204 242
204 243
204 244
204 245
204 246
204 247
204 248
204 249
205 206
205 207
205 212
205 215
205 216
205 217
205 218
205 220
205 221
205 223
205 224
205 226
205 227
205 230
205 231
205 233
205 234
205 236
205 237
205 238
205 239
205 245
205 246
205 247
205 249
206 207
206 208
206 209
206 210
206 211
206 212
206 217
206 218
206 220
206 221
206 222
206 223
206 224
206 225
206 226
206 228
206 229
206 230
206 231
206 234
206 235
206 236
206 238
206 239
206 240
206 242
206 244
206 245
206 246
206 247
206 248
206 249
207 208
207 209
207 210
207 211
207 214
207 215
207 216
207 217
207 218
207 219
207 222
207 223
207 224
207 225
207 226
207 227
207 228
207 229
207 230
207 231
207 234
207 235
207 237
207 238
207 240
207 241
207 243
207 245
207 248
207 249
208 210
208 211
208 212
208 213
208 214
208 215
208 217
208 218
208 219
208 220
208 222
208 224
208 225
208 226
208 227
208 229
208 231
208 232
208 234
208 235
208 236
208 237
208 239
208 240
208 241
208 242
208 243
208 244
208 249
209 210
209 213
209 214
209 216
209 220
209 222
209 223
209 224
209 227
209 228
209 229
209 231
209 232
209 233
209 234
209 235
209 237
209 238
209 240
209 241
209 243
209 244
209 246
209 247
209 248
209 249
210 211
210 212
210 213
210 214
210 216
210 218
210 219
210 220
210 222
210 223
210 225
210 228
210 229
210 230
210 231
210 232
210 233
210 235
210 237
210 240
210 241
210 243
210 244
210 245
210 246
210 247
210 248
210 249
211 212
211 213
211 214
211 215
211 217
211 218
211 219
211 220
211 222
211 223
211 224
211 226
211 227
211 228
211 229
211 230
211 231
211 232
211 233
211 236
211 237
211 238
211 239
211 240
211 241
211 242
211 243
211 244
211 246
211 248
211 249
212 214
212 215
212 218
212 219
212 220
212 221
212 223
212 224
212 226
212 227
212 228
212 229
212 231
212 232
212 234
212 236
212 237
212 238
212 239
212 242
212 243
212 244
212 245
212 246
212 247
212 248
212 249
213 214
213 215
213 216
213 217
213 219
213 222
213 226
213 227
213 230
213 231
213 232
213 233
213 234
213 235
213 237
213 238
213 239
213 240
213 241
213 242
213 244
213 245
213 247
213 248
213 249
214 216
214 217
214 218
214 220
214 221
214 224
214 225
214 226
214 228
214 229
214 230
214 231
214 232
214 233
214 234
214 235
214 236
214 243
214 245
214 246
214 247
214 249
215 217
215 219
215 223
215 224
215 226
215 227
215 230
215 231
215 232
215 233
215 234
215 236
215 237
215 238
215 239
215 240
215 241
215 243
215 244
215 245
215 246
215 247
215 248
215 249
216 218
216 219
216 221
216 223
216 226
216 227
216 228
216 229
216 230
216 231
216 232
216 233
216 234
216 236
216 237
216 239
216 241
216 243
216 245
216 246
216 247
216 249
217 219
217 220
217 221
217 224
217 226
217 228
217 229
217 230
217 231
217 232
217 234
217 235
217 238
217 239
217 240
217 241
217 243
217 245
217 246
217 247
217 248
217 249
218 219
218 220
218 224
218 226
218 228
218 229
218 231
218 232
218 233
218 235
218 236
218 237
218 238
218 240
218 245
218 246
218 249
219 221
219 222
219 224
219 225
219 227
219 228
219 229
219 230
219 232
219 235
219 236
219 237
219 238
219 239
219 242
219 244
219 245
219 246
219 247
219 248
219 249
220 221
220 222
220 224
220 225
220 226
220 227
220 228
220 230
220 231
220 234
220 236
220 237
220 238
220 239
220 240
220 241
220 243
220 244
220 245
220 249
221 222
221 223
221 227
221 229
221 230
221 231
221 233
221 234
221 235
221 236
221 237
221 239
221 240
221 241
221 242
221 243
221 244
221 245
221 246
221 247
221 248
222 224
222 225
222 226
222 227
222 228
222 229
222 231
222 235
222 237
222 239
222 240
222 242
222 243
222 246
222 248
222 249
223 226
223 227
223 228
223 230
223 232
223 233
223 235
223 237
223 238
223 239
223 240
223 242
223 245
223 246
224 226
224 228
224 230
224 232
224 234
224 236
224 238
224 241
224 242
224 243
224 244
224 245
224 246
224 248
224 249
225 226
225 227
225 228
225 229
225 230
225 231
225 234
225 235
225 236
225 237
225 238
225 240
225 241
225 242
225 243
225 244
225 245
225 246
225 248
225 249
226 227
226 228
226 230
226 232
226 233
226 236
226 239
226 240
226 241
226 242
226 244
226 246
226 247
227 229
227 230
227 232
227 233
227 234
227 235
227 236
227 237
227 239
227 240
227 242
227 245
227 246
227 247
227 248
227 249
228 229
228 230
228 232
228 233
228 235
228 236
228 237
228 238
228 240
228 241
228 242
228 244
228 245
228 246
228 247
228 249
229 230
229 232
229 234
229 235
229 237
229 239
229 240
229 241
229 243
229 244
229 245
229 246
229 247
229 248
229 249
230 231
230 232
230 233
230 235
230 238
230 240
230 244
230 247
230 248
230 249
231 236
231 237
231 238
231 239
231 240
231 243
231 245
231 246
231 247
231 248
231 249
232 233
232 234
232 235
232 236
232 237
232 238
232 240
232 241
232 243
232 244
232 246
232 248
232 249
233 234
233 235
233 237
233 239
233 241
233 243
233 245
233 246
233 247
233 248
233 249
234 235
234 238
234 241
234 242
234 243
234 246
234 247
234 248
234 249
235 236
235 237
235 238
235 239
235 241
235 242
235 244
235 246
235 248
235 249
236 238
236 239
236 240
236 243
236 244
236 245
236 246
236 247
236 249
237 238
237 241
237 243
237 244
237 245
237 246
237 248
238 241
238 243
238 244
238 246
238 247
238 248
239 240
239 242
239 244
239 245
239 247
239 248
239 249
240 242
240 243
240 245
240 246
240 247
240 248
240 249
241 243
241 244
241 246
241 247
241 248
242 243
242 244
242 246
242 247
242 248
242 249
243 245
243 248
243 249
244 245
244 247
244 248
244 249
245 246
245 247
245 248
246 247
246 248
247 248
247 249
248 249
