0 1
0 2
0 3
0 4
0 5
0 7
0 8
0 9
0 10
0 11
0 12
0 14
0 15
0 18
0 19
0 20
0 22
0 23
0 24
0 27
0 29
0 30
0 31
0 33
0 35
0 36
0 37
0 39
0 40
0 41
0 44
0 46
0 47
0 48
0 49
0 55
0 63
0 64
0 66
0 69
0 73
0 79
0 80
0 87
0 88
0 89
0 94
0 95
0 130
0 133
0 138
0 145
0 149
0 101
0 103
0 104
0 106
0 108
0 115
0 116
0 118
0 119
0 122
0 126
0 151
0 152
0 161
0 167
0 169
0 170
0 179
0 180
0 181
0 186
0 187
0 192
0 193
0 196
0 201
0 204
0 210
0 211
0 212
0 217
0 224
0 225
0 229
0 230
0 236
0 238
0 239
0 240
0 244
1 2
1 3
1 4
1 5
1 6
1 8
1 9
1 11
1 13
1 15
1 17
1 18
1 21
1 22
1 23
1 24
1 25
1 26
1 27
1 29
1 31
1 33
1 36
1 38
1 40
1 41
1 42
1 43
1 47
1 48
1 51
1 58
1 59
1 61
1 65
1 66
1 72
1 74
1 78
1 82
1 85
1 87
1 91
1 95
1 130
1 135
1 148
1 101
1 104
1 105
1 106
1 113
1 121
1 123
1 124
1 151
1 155
1 160
1 162
1 172
1 175
1 177
1 181
1 186
1 190
1 191
1 192
1 194
1 203
1 204
1 207
1 209
1 211
1 214
1 215
1 217
1 220
1 228
1 229
1 230
1 243
1 246
1 249
2 3
2 4
2 5
2 6
2 8
2 10
2 12
2 13
2 15
2 16
2 17
2 18
2 19
2 21
2 22
2 23
2 24
2 25
2 26
2 27
2 29
2 30
2 31
2 32
2 34
2 35
2 36
2 37
2 39
2 40
2 42
2 43
2 44
2 45
2 46
2 48
2 49
2 53
2 56
2 58
2 61
2 65
2 69
2 71
2 72
2 77
2 80
2 83
2 84
2 89
2 97
2 132
2 133
2 135
2 138
2 139
2 140
2 142
2 110
2 112
2 114
2 115
2 123
2 124
2 126
2 150
2 152
2 157
2 160
2 161
2 165
2 166
2 169
2 172
2 173
2 176
2 177
2 181
2 182
2 190
2 193
2 195
2 202
2 205
2 207
2 208
2 209
2 210
2 214
2 215
2 220
2 223
2 224
2 225
2 226
2 230
2 233
2 235
2 236
2 240
3 4
3 5
3 7
3 9
3 10
3 11
3 12
3 13
3 15
3 16
3 17
3 18
3 20
3 21
3 23
3 24
3 25
3 26
3 29
3 31
3 32
3 34
3 35
3 36
3 38
3 39
3 40
3 41
3 43
3 44
3 45
3 46
3 47
3 48
3 49
3 54
3 55
3 57
3 58
3 60
3 64
3 69
3 70
3 71
3 73
3 74
3 76
3 82
3 86
3 88
3 89
3 98
3 130
3 132
3 133
3 135
3 136
3 145
3 101
3 107
3 108
3 110
3 111
3 113
3 118
3 122
3 125
3 153
3 154
3 156
3 157
3 162
3 164
3 169
3 170
3 171
3 177
3 178
3 181
3 183
3 184
3 185
3 188
3 189
3 193
3 198
3 201
3 203
3 205
3 215
3 225
3 232
3 234
3 236
3 247
4 5
4 6
4 7
4 8
4 10
4 11
4 12
4 14
4 16
4 17
4 19
4 21
4 22
4 24
4 25
4 26
4 27
4 30
4 31
4 32
4 33
4 37
4 40
4 41
4 43
4 44
4 45
4 46
4 47
4 48
4 56
4 58
4 70
4 71
4 75
4 78
4 84
4 93
4 94
4 96
4 98
4 99
4 128
4 130
4 133
4 137
4 138
4 140
4 142
4 147
4 148
4 149
4 104
4 105
4 109
4 111
4 123
4 125
4 126
4 150
4 152
4 155
4 156
4 160
4 161
4 164
4 167
4 170
4 175
4 179
4 186
4 187
4 191
4 192
4 198
4 201
4 218
4 225
4 227
4 230
4 244
5 6
5 8
5 9
5 11
5 12
5 13
5 14
5 15
5 16
5 18
5 19
5 20
5 21
5 23
5 24
5 25
5 26
5 27
5 28
5 29
5 31
5 32
5 33
5 34
5 35
5 36
5 38
5 39
5 40
5 41
5 44
5 46
5 49
5 50
5 51
5 56
5 61
5 78
5 79
5 84
5 85
5 86
5 98
5 132
5 133
5 136
5 137
5 138
5 140
5 142
5 144
5 146
5 147
5 148
5 149
5 100
5 105
5 108
5 111
5 113
5 114
5 116
5 118
5 119
5 120
5 121
5 122
5 125
5 126
5 127
5 152
5 153
5 157
5 158
5 170
5 172
5 176
5 178
5 186
5 187
5 189
5 194
5 196
5 198
5 200
5 204
5 205
5 207
5 208
5 212
5 215
5 216
5 217
5 218
5 230
5 235
5 237
5 238
5 239
5 240
5 241
5 244
6 7
6 9
6 10
6 12
6 13
6 14
6 15
6 16
6 17
6 18
6 19
6 22
6 24
6 31
6 32
6 33
6 34
6 37
6 38
6 40
6 41
6 43
6 44
6 45
6 50
6 59
6 62
6 66
6 69
6 76
6 78
6 81
6 82
6 83
6 84
6 85
6 87
6 91
6 93
6 95
6 96
6 128
6 132
6 134
6 135
6 145
6 105
6 109
6 110
6 111
6 113
6 116
6 117
6 120
6 124
6 151
6 153
6 154
6 155
6 158
6 162
6 164
6 168
6 171
6 172
6 178
6 186
6 187
6 188
6 191
6 192
6 193
6 198
6 199
6 203
6 205
6 206
6 208
6 209
6 216
6 221
6 223
6 230
6 235
6 236
6 237
6 240
7 9
7 10
7 11
7 12
7 17
7 18
7 19
7 20
7 21
7 22
7 23
7 25
7 26
7 27
7 28
7 29
7 30
7 31
7 32
7 34
7 35
7 36
7 38
7 39
7 40
7 44
7 46
7 51
7 52
7 55
7 58
7 61
7 63
7 69
7 89
7 90
7 96
7 98
7 129
7 131
7 136
7 143
7 144
7 145
7 146
7 147
7 103
7 105
7 110
7 115
7 118
7 119
7 120
7 154
7 162
7 168
7 170
7 171
7 173
7 175
7 176
7 179
7 189
7 192
7 193
7 194
7 196
7 199
7 202
7 204
7 211
7 212
7 214
7 215
7 216
7 217
7 220
7 221
7 227
7 233
7 235
7 236
7 239
7 241
7 244
7 246
7 249
8 9
8 12
8 13
8 14
8 15
8 16
8 17
8 18
8 19
8 21
8 24
8 27
8 28
8 30
8 31
8 34
8 35
8 36
8 37
8 38
8 40
8 42
8 43
8 44
8 45
8 46
8 47
8 48
8 49
8 51
8 60
8 61
8 65
8 69
8 71
8 72
8 73
8 80
8 82
8 84
8 86
8 91
8 95
8 128
8 129
8 142
8 144
8 145
8 146
8 148
8 149
8 105
8 106
8 107
8 108
8 110
8 114
8 116
8 118
8 119
8 120
8 123
8 125
8 150
8 153
8 157
8 160
8 163
8 164
8 165
8 167
8 171
8 173
8 175
8 177
8 180
8 181
8 182
8 187
8 190
8 191
8 193
8 194
8 198
8 199
8 206
8 207
8 208
8 214
8 217
8 221
8 222
8 223
8 224
8 225
8 229
8 230
8 231
8 233
8 235
8 237
8 240
8 241
8 244
8 247
9 10
9 12
9 13
9 14
9 15
9 16
9 17
9 18
9 19
9 21
9 22
9 23
9 24
9 26
9 27
9 28
9 29
9 30
9 31
9 32
9 33
9 34
9 35
9 36
9 37
9 39
9 40
9 41
9 44
9 45
9 47
9 48
9 49
9 51
9 55
9 58
9 60
9 61
9 67
9 69
9 71
9 75
9 76
9 78
9 83
9 86
9 87
9 89
9 98
9 128
9 130
9 131
9 132
9 133
9 142
9 143
9 145
9 147
9 149
9 102
9 103
9 107
9 111
9 112
9 114
9 124
9 125
9 153
9 154
9 158
9 159
9 167
9 168
9 169
9 170
9 181
9 183
9 184
9 186
9 187
9 190
9 198
9 200
9 203
9 207
9 209
9 215
9 216
9 220
9 221
9 229
9 238
9 239
9 241
9 243
9 245
9 246
10 12
10 13
10 14
10 16
10 17
10 20
10 22
10 23
10 24
10 25
10 26
10 27
10 28
10 29
10 32
10 34
10 35
10 37
10 39
10 40
10 41
10 43
10 45
10 46
10 47
10 48
10 49
10 55
10 59
10 70
10 77
10 82
10 89
10 92
10 96
10 129
10 131
10 136
10 141
10 147
10 101
10 102
10 104
10 106
10 109
10 110
10 113
10 118
10 123
10 124
10 127
10 156
10 157
10 164
10 166
10 167
10 175
10 178
10 184
10 186
10 190
10 192
10 193
10 199
10 201
10 206
10 208
10 209
10 220
10 223
10 227
10 231
10 232
10 246
10 247
10 248
10 249
11 13
11 15
11 16
11 17
11 20
11 22
11 23
11 25
11 27
11 28
11 29
11 30
11 31
11 32
11 33
11 35
11 36
11 38
11 39
11 41
11 42
11 43
11 44
11 45
11 47
11 48
11 50
11 54
11 60
11 63
11 67
11 68
11 70
11 73
11 74
11 75
11 77
11 78
11 81
11 82
11 88
11 91
11 97
11 99
11 129
11 135
11 142
11 148
11 102
11 103
11 104
11 105
11 107
11 110
11 112
11 116
11 119
11 125
11 157
11 158
11 170
11 172
11 175
11 178
11 184
11 190
11 194
11 196
11 198
11 200
11 208
11 211
11 214
11 218
11 219
11 221
11 226
11 227
11 229
11 234
11 237
11 239
11 241
11 244
11 246
12 16
12 19
12 20
12 21
12 22
12 23
12 24
12 25
12 26
12 28
12 31
12 32
12 33
12 34
12 36
12 38
12 39
12 40
12 41
12 42
12 43
12 44
12 46
12 47
12 48
12 49
12 52
12 55
12 61
12 70
12 71
12 72
12 81
12 90
12 93
12 99
12 135
12 138
12 141
12 146
12 147
12 148
12 105
12 108
12 113
12 114
12 115
12 116
12 119
12 120
12 126
12 151
12 152
12 153
12 155
12 163
12 168
12 171
12 173
12 176
12 177
12 180
12 186
12 187
12 191
12 193
12 196
12 199
12 201
12 202
12 211
12 212
12 215
12 220
12 221
12 227
12 231
12 233
12 234
12 236
12 239
12 240
12 245
12 247
12 248
12 249
13 15
13 19
13 22
13 23
13 25
13 26
13 27
13 28
13 29
13 30
13 31
13 32
13 38
13 40
13 41
13 44
13 45
13 48
13 56
13 59
13 61
13 64
13 69
13 70
13 77
13 84
13 86
13 87
13 88
13 93
13 130
13 134
13 136
13 137
13 141
13 142
13 144
13 146
13 148
13 105
13 106
13 107
13 110
13 115
13 116
13 118
13 119
13 122
13 125
13 126
13 127
13 150
13 152
13 155
13 157
13 158
13 161
13 164
13 166
13 172
13 177
13 178
13 184
13 185
13 186
13 187
13 188
13 189
13 194
13 196
13 198
13 199
13 201
13 203
13 204
13 206
13 207
13 208
13 215
13 218
13 220
13 221
13 223
13 224
13 227
13 229
13 235
13 240
13 244
13 245
13 247
13 249
14 16
14 18
14 20
14 21
14 23
14 27
14 28
14 31
14 33
14 34
14 35
14 36
14 37
14 38
14 39
14 40
14 41
14 42
14 45
14 48
14 49
14 50
14 51
14 56
14 59
14 60
14 67
14 68
14 71
14 72
14 74
14 75
14 78
14 85
14 87
14 91
14 129
14 130
14 134
14 142
14 147
14 148
14 101
14 107
14 110
14 111
14 112
14 114
14 116
14 120
14 125
14 127
14 151
14 157
14 159
14 163
14 165
14 167
14 174
14 179
14 191
14 192
14 198
14 199
14 200
14 209
14 211
14 215
14 216
14 217
14 221
14 225
14 231
14 232
14 236
14 237
14 246
15 16
15 17
15 18
15 20
15 22
15 23
15 24
15 25
15 28
15 29
15 30
15 31
15 32
15 33
15 34
15 38
15 39
15 40
15 43
15 45
15 47
15 48
15 49
15 52
15 54
15 63
15 66
15 67
15 69
15 70
15 73
15 74
15 75
15 76
15 77
15 87
15 88
15 89
15 98
15 128
15 134
15 135
15 136
15 144
15 145
15 100
15 104
15 106
15 107
15 108
15 122
15 153
15 155
15 158
15 161
15 164
15 170
15 171
15 172
15 173
15 174
15 180
15 181
15 189
15 190
15 191
15 192
15 197
15 200
15 201
15 204
15 205
15 209
15 219
15 223
15 225
15 226
15 228
15 231
15 233
15 236
15 244
15 245
15 247
16 18
16 21
16 23
16 24
16 25
16 27
16 28
16 29
16 30
16 31
16 33
16 34
16 35
16 36
16 37
16 39
16 40
16 41
16 43
16 46
16 48
16 54
16 59
16 68
16 70
16 71
16 74
16 76
16 77
16 95
16 96
16 132
16 133
16 137
16 141
16 142
16 147
16 148
16 102
16 107
16 109
16 110
16 112
16 114
16 115
16 123
16 124
16 150
16 151
16 152
16 161
16 167
16 168
16 173
16 174
16 178
16 185
16 187
16 193
16 202
16 209
16 210
16 213
16 215
16 219
16 224
16 226
16 232
16 236
16 237
16 240
16 245
16 247
17 19
17 20
17 24
17 25
17 26
17 30
17 31
17 34
17 36
17 38
17 39
17 41
17 42
17 43
17 45
17 46
17 48
17 49
17 53
17 54
17 63
17 64
17 75
17 79
17 80
17 81
17 82
17 84
17 89
17 91
17 96
17 97
17 99
17 128
17 129
17 132
17 133
17 136
17 138
17 141
17 145
17 148
17 102
17 105
17 107
17 111
17 117
17 119
17 121
17 123
17 150
17 151
17 155
17 157
17 158
17 159
17 167
17 170
17 173
17 179
17 184
17 185
17 187
17 190
17 200
17 201
17 202
17 204
17 213
17 218
17 221
17 226
17 227
17 230
17 233
17 236
17 237
17 240
17 245
18 20
18 21
18 23
18 24
18 25
18 26
18 27
18 29
18 30
18 32
18 33
18 34
18 35
18 36
18 37
18 39
18 40
18 42
18 43
18 46
18 48
18 50
18 53
18 55
18 59
18 62
18 63
18 66
18 69
18 71
18 72
18 73
18 77
18 79
18 80
18 82
18 84
18 87
18 89
18 90
18 95
18 97
18 99
18 138
18 101
18 108
18 113
18 125
18 152
18 156
18 157
18 159
18 165
18 166
18 167
18 171
18 173
18 178
18 181
18 185
18 188
18 190
18 192
18 198
18 206
18 207
18 208
18 211
18 216
18 220
18 221
18 223
18 226
18 230
18 242
18 243
18 245
18 247
18 248
19 22
19 23
19 24
19 25
19 26
19 28
19 29
19 30
19 31
19 33
19 35
19 36
19 38
19 40
19 41
19 47
19 48
19 51
19 53
19 60
19 61
19 65
19 68
19 69
19 70
19 74
19 78
19 81
19 85
19 86
19 87
19 88
19 89
19 90
19 92
19 95
19 98
19 99
19 129
19 132
19 142
19 143
19 112
19 115
19 116
19 124
19 127
19 150
19 153
19 160
19 162
19 164
19 166
19 175
19 178
19 181
19 182
19 183
19 189
19 192
19 193
19 195
19 197
19 198
19 203
19 206
19 209
19 210
19 211
19 212
19 213
19 218
19 219
19 227
19 230
19 231
19 237
19 239
19 242
19 249
20 22
20 23
20 24
20 28
20 29
20 32
20 33
20 35
20 36
20 37
20 38
20 39
20 41
20 42
20 43
20 47
20 49
20 53
20 56
20 58
20 59
20 67
20 70
20 76
20 78
20 81
20 82
20 85
20 88
20 90
20 93
20 97
20 98
20 129
20 131
20 133
20 135
20 138
20 141
20 142
20 146
20 147
20 100
20 107
20 110
20 111
20 115
20 117
20 123
20 150
20 151
20 152
20 154
20 158
20 160
20 163
20 164
20 165
20 167
20 169
20 170
20 171
20 177
20 178
20 180
20 184
20 194
20 195
20 196
20 197
20 200
20 205
20 208
20 209
20 212
20 214
20 217
20 226
20 228
20 229
20 232
20 234
20 239
21 22
21 23
21 25
21 26
21 27
21 30
21 31
21 32
21 33
21 34
21 35
21 38
21 39
21 40
21 41
21 45
21 47
21 49
21 54
21 55
21 61
21 63
21 71
21 72
21 74
21 77
21 82
21 85
21 129
21 130
21 133
21 136
21 138
21 141
21 143
21 148
21 100
21 102
21 116
21 118
21 122
21 124
21 126
21 150
21 153
21 155
21 156
21 158
21 170
21 172
21 173
21 175
21 179
21 185
21 187
21 189
21 195
21 199
21 207
21 210
21 214
21 220
21 223
21 224
21 231
21 236
21 239
21 247
22 24
22 25
22 27
22 28
22 29
22 30
22 31
22 32
22 33
22 34
22 35
22 36
22 37
22 39
22 41
22 42
22 43
22 47
22 48
22 49
22 51
22 54
22 59
22 60
22 61
22 63
22 65
22 69
22 71
22 80
22 84
22 86
22 87
22 88
22 92
22 95
22 99
22 128
22 130
22 137
22 141
22 144
22 102
22 103
22 104
22 107
22 115
22 117
22 122
22 123
22 126
22 150
22 151
22 154
22 160
22 164
22 166
22 169
22 170
22 177
22 180
22 181
22 199
22 204
22 205
22 206
22 213
22 217
22 222
22 223
22 225
22 227
22 232
22 233
22 236
22 239
22 240
22 242
22 244
23 24
23 25
23 26
23 27
23 29
23 30
23 31
23 32
23 33
23 34
23 35
23 36
23 39
23 40
23 41
23 42
23 43
23 44
23 45
23 46
23 48
23 50
23 52
23 54
23 56
23 57
23 58
23 60
23 61
23 62
23 66
23 68
23 72
23 74
23 75
23 80
23 83
23 84
23 87
23 88
23 92
23 97
23 98
23 128
23 130
23 131
23 132
23 134
23 142
23 145
23 147
23 101
23 102
23 108
23 111
23 112
23 116
23 118
23 124
23 151
23 152
23 155
23 156
23 165
23 166
23 169
23 170
23 176
23 177
23 181
23 183
23 190
23 191
23 196
23 201
23 209
23 210
23 211
23 214
23 216
23 217
23 222
23 230
23 231
23 235
23 244
23 245
23 247
23 249
24 26
24 27
24 28
24 30
24 31
24 34
24 35
24 36
24 37
24 38
24 39
24 41
24 42
24 43
24 46
24 47
24 49
24 50
24 53
24 57
24 58
24 65
24 68
24 70
24 74
24 75
24 85
24 88
24 89
24 95
24 97
24 128
24 129
24 133
24 134
24 137
24 147
24 106
24 108
24 109
24 119
24 120
24 121
24 123
24 124
24 151
24 161
24 164
24 171
24 173
24 174
24 178
24 187
24 196
24 199
24 205
24 208
24 214
24 216
24 217
24 218
24 223
24 224
24 226
24 228
24 229
24 232
24 236
24 238
24 239
24 244
24 245
25 26
25 27
25 28
25 29
25 30
25 31
25 32
25 33
25 34
25 36
25 37
25 38
25 39
25 40
25 41
25 42
25 43
25 44
25 45
25 47
25 49
25 52
25 54
25 60
25 65
25 70
25 75
25 77
25 78
25 80
25 81
25 83
25 90
25 91
25 96
25 99
25 130
25 131
25 132
25 134
25 145
25 148
25 149
25 106
25 108
25 113
25 114
25 116
25 117
25 119
25 121
25 125
25 126
25 127
25 155
25 158
25 159
25 160
25 161
25 168
25 169
25 170
25 172
25 174
25 176
25 179
25 180
25 182
25 193
25 194
25 196
25 197
25 203
25 204
25 206
25 207
25 209
25 216
25 221
25 222
25 223
25 224
25 226
25 228
25 231
25 232
25 233
25 242
25 244
25 246
25 247
26 27
26 28
26 31
26 34
26 35
26 36
26 38
26 41
26 42
26 43
26 44
26 46
26 47
26 48
26 49
26 52
26 53
26 54
26 68
26 69
26 75
26 76
26 85
26 87
26 90
26 92
26 93
26 94
26 95
26 97
26 128
26 133
26 135
26 143
26 146
26 148
26 101
26 102
26 103
26 105
26 106
26 115
26 124
26 151
26 153
26 154
26 157
26 166
26 170
26 172
26 175
26 176
26 177
26 180
26 182
26 183
26 192
26 193
26 194
26 196
26 202
26 204
26 210
26 215
26 216
26 222
26 223
26 231
26 235
26 238
26 240
26 243
26 246
27 29
27 31
27 32
27 33
27 35
27 39
27 40
27 41
27 42
27 43
27 45
27 46
27 47
27 48
27 49
27 50
27 51
27 52
27 57
27 59
27 65
27 66
27 68
27 72
27 73
27 76
27 80
27 82
27 87
27 92
27 93
27 95
27 99
27 130
27 132
27 135
27 144
27 148
27 149
27 102
27 103
27 109
27 114
27 118
27 119
27 122
27 155
27 164
27 166
27 167
27 168
27 169
27 175
27 181
27 185
27 186
27 187
27 190
27 191
27 192
27 193
27 194
27 201
27 202
27 222
27 223
27 224
27 226
27 227
27 228
27 231
27 232
27 235
27 237
27 239
27 242
28 29
28 32
28 33
28 34
28 37
28 38
28 39
28 40
28 41
28 42
28 43
28 44
28 45
28 46
28 48
28 49
28 50
28 53
28 55
28 56
28 58
28 59
28 64
28 67
28 68
28 69
28 76
28 77
28 79
28 80
28 81
28 83
28 96
28 97
28 135
28 136
28 138
28 141
28 142
28 145
28 148
28 149
28 101
28 103
28 104
28 119
28 125
28 150
28 152
28 155
28 158
28 162
28 163
28 168
28 174
28 179
28 183
28 185
28 192
28 193
28 204
28 205
28 207
28 213
28 216
28 220
28 226
28 227
28 229
28 232
28 233
28 235
28 238
28 245
28 246
28 247
28 249
29 30
29 32
29 33
29 34
29 35
29 36
29 37
29 38
29 40
29 41
29 42
29 43
29 44
29 45
29 46
29 47
29 48
29 50
29 51
29 53
29 60
29 65
29 74
29 76
29 78
29 80
29 85
29 89
29 91
29 99
29 129
29 132
29 133
29 137
29 138
29 140
29 142
29 146
29 148
29 100
29 104
29 106
29 108
29 112
29 113
29 118
29 119
29 120
29 122
29 123
29 126
29 127
29 154
29 156
29 158
29 160
29 165
29 167
29 168
29 169
29 173
29 177
29 181
29 184
29 186
29 187
29 188
29 189
29 199
29 200
29 203
29 205
29 210
29 211
29 215
29 216
29 217
29 218
29 219
29 224
29 231
29 233
29 234
29 235
29 239
29 241
29 242
30 34
30 35
30 36
30 37
30 38
30 39
30 40
30 41
30 43
30 44
30 46
30 48
30 49
30 52
30 53
30 56
30 58
30 59
30 62
30 65
30 66
30 69
30 72
30 73
30 80
30 84
30 98
30 128
30 130
30 133
30 134
30 137
30 138
30 102
30 107
30 115
30 117
30 119
30 121
30 122
30 126
30 154
30 155
30 158
30 159
30 160
30 162
30 164
30 167
30 168
30 169
30 175
30 184
30 188
30 189
30 193
30 196
30 198
30 200
30 201
30 202
30 207
30 208
30 212
30 220
30 223
30 224
30 225
30 230
30 234
30 237
30 242
30 244
30 245
30 249
31 32
31 33
31 36
31 37
31 38
31 41
31 42
31 44
31 45
31 47
31 48
31 49
31 50
31 56
31 57
31 58
31 59
31 60
31 62
31 67
31 72
31 80
31 81
31 88
31 89
31 90
31 94
31 95
31 96
31 135
31 136
31 137
31 143
31 147
31 149
31 103
31 112
31 117
31 119
31 123
31 151
31 155
31 160
31 163
31 165
31 169
31 171
31 172
31 174
31 176
31 177
31 178
31 179
31 185
31 188
31 196
31 201
31 215
31 216
31 217
31 225
31 226
31 227
31 233
31 241
31 243
31 245
31 247
32 35
32 37
32 39
32 40
32 41
32 42
32 44
32 47
32 53
32 56
32 57
32 59
32 62
32 67
32 70
32 78
32 81
32 83
32 84
32 97
32 130
32 142
32 144
32 145
32 148
32 100
32 106
32 111
32 113
32 114
32 117
32 119
32 122
32 123
32 125
32 150
32 151
32 153
32 155
32 159
32 161
32 162
32 171
32 173
32 175
32 180
32 181
32 182
32 186
32 189
32 193
32 206
32 208
32 209
32 216
32 218
32 227
32 228
32 232
32 234
32 236
32 242
32 243
32 245
32 246
32 249
33 34
33 35
33 36
33 37
33 38
33 39
33 41
33 42
33 43
33 44
33 46
33 47
33 48
33 49
33 51
33 52
33 53
33 54
33 57
33 58
33 60
33 68
33 72
33 73
33 74
33 77
33 78
33 81
33 83
33 88
33 89
33 91
33 94
33 96
33 132
33 137
33 140
33 142
33 106
33 108
33 110
33 116
33 119
33 120
33 123
33 126
33 154
33 164
33 169
33 171
33 173
33 176
33 185
33 192
33 195
33 196
33 199
33 200
33 203
33 206
33 210
33 212
33 215
33 216
33 218
33 222
33 223
33 227
33 228
33 232
33 238
33 239
33 246
33 247
34 37
34 38
34 39
34 43
34 44
34 45
34 46
34 47
34 48
34 50
34 52
34 54
34 56
34 57
34 69
34 71
34 74
34 77
34 78
34 80
34 86
34 87
34 89
34 93
34 95
34 99
34 140
34 143
34 144
34 147
34 148
34 149
34 103
34 104
34 105
34 117
34 119
34 120
34 156
34 158
34 159
34 160
34 168
34 170
34 171
34 172
34 174
34 175
34 184
34 185
34 193
34 194
34 200
34 217
34 218
34 220
34 221
34 224
34 227
34 229
34 231
34 243
34 244
35 37
35 38
35 39
35 40
35 41
35 42
35 43
35 44
35 45
35 47
35 48
35 49
35 50
35 56
35 57
35 58
35 60
35 61
35 62
35 64
35 68
35 72
35 74
35 77
35 79
35 80
35 81
35 82
35 84
35 86
35 87
35 91
35 95
35 97
35 98
35 131
35 132
35 140
35 142
35 100
35 101
35 102
35 106
35 111
35 112
35 118
35 120
35 123
35 127
35 152
35 154
35 159
35 160
35 162
35 163
35 165
35 167
35 169
35 172
35 173
35 174
35 175
35 177
35 187
35 191
35 193
35 199
35 200
35 201
35 202
35 204
35 206
35 207
35 210
35 216
35 218
35 225
35 226
35 227
35 234
35 235
35 236
35 239
35 241
35 242
35 243
35 244
35 249
36 37
36 38
36 39
36 40
36 43
36 44
36 45
36 47
36 50
36 52
36 54
36 55
36 57
36 58
36 59
36 65
36 68
36 78
36 79
36 80
36 82
36 83
36 86
36 87
36 88
36 90
36 93
36 95
36 97
36 134
36 138
36 139
36 141
36 148
36 101
36 103
36 107
36 108
36 110
36 111
36 113
36 114
36 118
36 120
36 121
36 122
36 123
36 124
36 125
36 152
36 158
36 159
36 163
36 165
36 166
36 169
36 170
36 174
36 176
36 182
36 183
36 184
36 188
36 191
36 194
36 199
36 202
36 204
36 205
36 210
36 216
36 220
36 226
36 233
36 236
36 245
36 248
37 38
37 39
37 41
37 42
37 43
37 44
37 45
37 46
37 49
37 54
37 56
37 57
37 58
37 64
37 68
37 69
37 70
37 75
37 76
37 80
37 81
37 82
37 86
37 93
37 128
37 130
37 133
37 141
37 144
37 148
37 102
37 105
37 107
37 108
37 112
37 113
37 114
37 121
37 124
37 158
37 161
37 163
37 164
37 167
37 169
37 173
37 178
37 179
37 182
37 184
37 185
37 196
37 197
37 198
37 203
37 204
37 207
37 208
37 219
37 223
37 227
37 238
37 239
37 246
37 247
38 39
38 40
38 44
38 45
38 47
38 48
38 49
38 51
38 59
38 62
38 64
38 65
38 66
38 67
38 68
38 72
38 75
38 82
38 84
38 85
38 94
38 95
38 96
38 97
38 131
38 133
38 135
38 136
38 138
38 140
38 142
38 149
38 101
38 104
38 105
38 107
38 108
38 110
38 112
38 116
38 117
38 119
38 121
38 125
38 150
38 151
38 153
38 155
38 167
38 171
38 174
38 175
38 182
38 185
38 190
38 194
38 196
38 197
38 200
38 201
38 202
38 204
38 210
38 211
38 213
38 214
38 217
38 224
38 230
38 235
38 236
38 239
38 240
38 245
38 248
39 40
39 41
39 42
39 43
39 45
39 46
39 47
39 49
39 50
39 52
39 59
39 61
39 64
39 65
39 67
39 70
39 74
39 76
39 77
39 80
39 82
39 83
39 87
39 91
39 92
39 96
39 97
39 98
39 129
39 130
39 132
39 139
39 141
39 100
39 101
39 102
39 104
39 105
39 110
39 116
39 117
39 121
39 123
39 124
39 126
39 152
39 153
39 155
39 156
39 164
39 165
39 166
39 167
39 168
39 169
39 171
39 172
39 176
39 178
39 180
39 182
39 183
39 186
39 191
39 194
39 204
39 216
39 217
39 221
39 232
39 235
39 236
39 241
39 245
39 248
40 41
40 42
40 43
40 45
40 46
40 47
40 49
40 50
40 54
40 55
40 60
40 61
40 69
40 70
40 77
40 78
40 79
40 80
40 87
40 88
40 89
40 97
40 134
40 136
40 140
40 143
40 101
40 102
40 105
40 106
40 109
40 110
40 118
40 123
40 124
40 156
40 160
40 161
40 166
40 167
40 170
40 172
40 173
40 176
40 177
40 178
40 180
40 188
40 189
40 192
40 196
40 197
40 204
40 205
40 211
40 212
40 215
40 216
40 218
40 219
40 227
40 232
40 233
40 234
40 236
40 237
40 248
40 249
41 42
41 43
41 44
41 45
41 46
41 47
41 51
41 52
41 53
41 66
41 68
41 72
41 77
41 79
41 83
41 86
41 88
41 89
41 91
41 92
41 94
41 97
41 129
41 131
41 132
41 134
41 142
41 147
41 102
41 108
41 110
41 112
41 115
41 116
41 118
41 119
41 125
41 127
41 151
41 156
41 162
41 163
41 165
41 166
41 167
41 169
41 170
41 173
41 176
41 177
41 179
41 180
41 181
41 184
41 185
41 190
41 194
41 195
41 201
41 209
41 210
41 214
41 215
41 216
41 217
41 220
41 221
41 224
41 229
41 233
41 234
41 235
41 237
41 238
42 43
42 44
42 45
42 46
42 49
42 51
42 52
42 55
42 59
42 63
42 68
42 69
42 70
42 72
42 76
42 77
42 81
42 83
42 84
42 86
42 87
42 89
42 91
42 94
42 95
42 97
42 129
42 130
42 135
42 136
42 137
42 139
42 146
42 147
42 149
42 100
42 103
42 105
42 107
42 112
42 113
42 114
42 119
42 121
42 122
42 123
42 126
42 127
42 157
42 160
42 163
42 165
42 167
42 168
42 169
42 172
42 173
42 174
42 175
42 177
42 178
42 180
42 182
42 186
42 190
42 200
42 201
42 203
42 211
42 212
42 221
42 222
42 225
42 226
42 229
42 233
42 234
42 237
42 238
42 247
42 248
43 44
43 45
43 46
43 49
43 52
43 56
43 68
43 74
43 79
43 86
43 87
43 88
43 92
43 95
43 128
43 129
43 131
43 136
43 138
43 139
43 142
43 144
43 146
43 148
43 100
43 111
43 112
43 114
43 115
43 127
43 153
43 154
43 157
43 160
43 168
43 173
43 176
43 177
43 181
43 184
43 185
43 186
43 187
43 192
43 196
43 197
43 201
43 209
43 210
43 211
43 213
43 216
43 217
43 219
43 220
43 222
43 225
43 230
43 234
43 237
43 240
43 245
44 45
44 46
44 47
44 51
44 59
44 67
44 68
44 69
44 71
44 74
44 76
44 84
44 85
44 130
44 131
44 133
44 136
44 140
44 147
44 102
44 104
44 105
44 106
44 107
44 112
44 117
44 121
44 151
44 153
44 155
44 156
44 158
44 169
44 170
44 173
44 174
44 175
44 177
44 181
44 186
44 203
44 204
44 208
44 210
44 212
44 213
44 214
44 217
44 225
44 231
44 233
44 234
44 237
44 243
44 248
45 46
45 47
45 51
45 52
45 53
45 58
45 59
45 61
45 64
45 67
45 68
45 69
45 72
45 74
45 75
45 76
45 77
45 78
45 79
45 81
45 82
45 89
45 95
45 97
45 99
45 128
45 134
45 137
45 145
45 147
45 148
45 101
45 102
45 103
45 106
45 107
45 109
45 113
45 116
45 118
45 124
45 127
45 150
45 151
45 156
45 160
45 167
45 169
45 175
45 176
45 178
45 179
45 183
45 191
45 197
45 201
45 206
45 209
45 215
45 218
45 222
45 223
45 224
45 227
45 228
45 229
45 231
45 234
45 235
45 237
45 239
45 242
45 244
45 245
45 249
46 47
46 48
46 52
46 54
46 55
46 57
46 58
46 64
46 66
46 71
46 76
46 84
46 87
46 90
46 91
46 92
46 93
46 96
46 99
46 133
46 136
46 137
46 143
46 144
46 145
46 147
46 148
46 104
46 105
46 107
46 109
46 111
46 117
46 122
46 124
46 125
46 161
46 164
46 169
46 170
46 175
46 178
46 180
46 181
46 186
46 207
46 209
46 212
46 218
46 220
46 222
46 226
46 228
46 229
46 232
46 238
46 240
46 242
46 243
46 244
46 245
47 48
47 49
47 57
47 59
47 73
47 74
47 79
47 80
47 85
47 86
47 87
47 89
47 91
47 97
47 98
47 99
47 134
47 136
47 143
47 147
47 149
47 106
47 111
47 114
47 120
47 121
47 124
47 125
47 126
47 152
47 154
47 156
47 157
47 158
47 169
47 170
47 172
47 174
47 177
47 180
47 181
47 186
47 190
47 191
47 192
47 193
47 195
47 199
47 200
47 201
47 203
47 207
47 208
47 209
47 215
47 231
47 232
47 233
47 234
47 239
47 240
47 242
47 243
47 245
47 246
47 249
48 49
48 52
48 53
48 60
48 63
48 72
48 73
48 74
48 75
48 76
48 79
48 85
48 86
48 88
48 93
48 94
48 132
48 138
48 149
48 100
48 102
48 118
48 121
48 122
48 123
48 124
48 126
48 151
48 152
48 156
48 158
48 162
48 167
48 170
48 172
48 175
48 176
48 177
48 183
48 186
48 191
48 204
48 208
48 209
48 220
48 221
48 239
48 244
48 248
49 52
49 54
49 57
49 61
49 74
49 75
49 78
49 81
49 86
49 96
49 97
49 134
49 148
49 101
49 104
49 111
49 114
49 119
49 122
49 123
49 150
49 153
49 157
49 161
49 163
49 167
49 173
49 175
49 176
49 179
49 184
49 186
49 188
49 191
49 196
49 197
49 199
49 209
49 217
49 218
49 219
49 229
49 231
49 239
49 243
49 248
49 249
50 52
50 53
50 55
50 56
50 57
50 58
50 59
50 60
50 61
50 62
50 66
50 67
50 69
50 70
50 71
50 72
50 73
50 74
50 76
50 77
50 79
50 80
50 82
50 83
50 84
50 86
50 87
50 88
50 89
50 92
50 93
50 94
50 96
50 97
50 99
50 128
50 133
50 135
50 136
50 137
50 141
50 143
50 144
50 147
50 100
50 101
50 102
50 108
50 112
50 115
50 120
50 155
50 157
50 158
50 163
50 166
50 168
50 172
50 187
50 190
50 192
50 194
50 196
50 198
50 202
50 211
50 218
50 222
50 223
50 225
50 226
50 230
50 234
50 239
50 243
50 245
50 246
50 248
51 52
51 57
51 59
51 62
51 63
51 64
51 66
51 67
51 68
51 70
51 71
51 73
51 74
51 75
51 77
51 78
51 79
51 80
51 83
51 84
51 86
51 87
51 88
51 90
51 91
51 92
51 93
51 94
51 95
51 96
51 99
51 131
51 134
51 136
51 138
51 100
51 107
51 111
51 114
51 115
51 116
51 117
51 126
51 150
51 157
51 158
51 161
51 178
51 181
51 185
51 189
51 194
51 196
51 198
51 202
51 204
51 207
51 209
51 210
51 219
51 221
51 223
51 228
51 230
51 235
51 238
51 240
51 241
51 242
51 247
51 249
52 53
52 55
52 58
52 59
52 61
52 63
52 64
52 65
52 66
52 68
52 69
52 70
52 71
52 73
52 74
52 75
52 77
52 78
52 79
52 80
52 81
52 82
52 83
52 85
52 86
52 87
52 88
52 89
52 91
52 92
52 93
52 94
52 95
52 96
52 99
52 133
52 135
52 137
52 141
52 148
52 103
52 104
52 105
52 106
52 112
52 125
52 157
52 159
52 162
52 163
52 171
52 173
52 176
52 180
52 184
52 191
52 194
52 196
52 197
52 200
52 201
52 209
52 217
52 220
52 224
52 226
52 230
52 238
52 246
53 54
53 55
53 56
53 57
53 58
53 60
53 63
53 64
53 68
53 69
53 70
53 71
53 72
53 76
53 78
53 79
53 80
53 81
53 83
53 84
53 87
53 88
53 89
53 90
53 91
53 92
53 94
53 95
53 96
53 97
53 98
53 99
53 130
53 145
53 149
53 109
53 114
53 115
53 116
53 123
53 150
53 155
53 156
53 157
53 160
53 163
53 164
53 171
53 173
53 174
53 175
53 178
53 180
53 181
53 184
53 186
53 193
53 198
53 199
53 200
53 203
53 205
53 211
53 215
53 217
53 219
53 220
53 230
53 231
53 234
53 238
53 239
53 240
53 242
53 248
54 55
54 56
54 57
54 59
54 61
54 63
54 64
54 65
54 66
54 67
54 68
54 70
54 71
54 72
54 74
54 75
54 77
54 79
54 80
54 81
54 82
54 83
54 84
54 85
54 86
54 87
54 88
54 89
54 90
54 91
54 92
54 93
54 94
54 95
54 96
54 98
54 99
54 128
54 130
54 132
54 134
54 137
54 142
54 147
54 101
54 104
54 108
54 110
54 114
54 116
54 122
54 150
54 151
54 152
54 160
54 165
54 167
54 168
54 170
54 172
54 176
54 180
54 183
54 185
54 186
54 190
54 194
54 197
54 198
54 201
54 205
54 213
54 220
54 223
54 226
54 229
54 231
54 232
54 233
54 239
54 241
54 243
54 244
54 245
54 246
54 247
54 249
55 56
55 57
55 58
55 60
55 61
55 62
55 63
55 64
55 67
55 68
55 70
55 71
55 73
55 75
55 77
55 79
55 80
55 81
55 82
55 83
55 86
55 87
55 88
55 89
55 92
55 93
55 95
55 97
55 98
55 130
55 131
55 135
55 138
55 140
55 101
55 107
55 108
55 109
55 114
55 117
55 118
55 120
55 124
55 153
55 154
55 158
55 164
55 165
55 166
55 167
55 171
55 176
55 178
55 180
55 182
55 185
55 187
55 188
55 193
55 194
55 195
55 197
55 198
55 207
55 208
55 210
55 212
55 214
55 216
55 217
55 220
55 222
55 224
55 230
55 231
55 235
55 238
55 244
55 245
56 57
56 58
56 59
56 61
56 63
56 65
56 66
56 68
56 71
56 73
56 75
56 76
56 77
56 78
56 79
56 82
56 84
56 85
56 86
56 87
56 90
56 91
56 92
56 93
56 94
56 95
56 96
56 97
56 98
56 131
56 134
56 135
56 136
56 137
56 140
56 144
56 147
56 103
56 104
56 105
56 106
56 111
56 114
56 118
56 119
56 123
56 124
56 125
56 151
56 152
56 153
56 156
56 157
56 158
56 159
56 173
56 180
56 183
56 190
56 195
56 196
56 198
56 200
56 201
56 206
56 207
56 208
56 214
56 216
56 226
56 227
56 228
56 229
56 235
56 239
56 241
56 245
56 247
56 248
57 58
57 59
57 60
57 61
57 62
57 64
57 66
57 67
57 68
57 69
57 71
57 72
57 73
57 74
57 76
57 78
57 79
57 80
57 82
57 83
57 84
57 86
57 88
57 89
57 90
57 91
57 92
57 93
57 96
57 97
57 98
57 99
57 128
57 129
57 130
57 132
57 139
57 141
57 145
57 146
57 148
57 102
57 104
57 109
57 111
57 116
57 120
57 124
57 126
57 152
57 153
57 156
57 164
57 175
57 179
57 183
57 184
57 186
57 189
57 190
57 192
57 195
57 198
57 200
57 203
57 205
57 212
57 215
57 216
57 217
57 229
57 231
57 232
57 234
57 242
57 243
57 247
58 60
58 62
58 65
58 66
58 67
58 68
58 69
58 71
58 72
58 73
58 74
58 75
58 77
58 78
58 79
58 80
58 81
58 82
58 85
58 87
58 88
58 89
58 90
58 92
58 93
58 95
58 96
58 97
58 98
58 99
58 128
58 135
58 139
58 140
58 141
58 142
58 144
58 145
58 146
58 147
58 149
58 103
58 104
58 107
58 111
58 114
58 116
58 118
58 120
58 121
58 122
58 152
58 155
58 158
58 160
58 161
58 168
58 169
58 175
58 179
58 183
58 184
58 185
58 188
58 189
58 194
58 196
58 201
58 202
58 203
58 208
58 209
58 210
58 211
58 218
58 221
58 225
58 230
58 231
58 234
58 237
58 238
58 241
58 244
59 61
59 62
59 65
59 67
59 68
59 69
59 70
59 71
59 72
59 73
59 74
59 75
59 76
59 77
59 80
59 83
59 85
59 86
59 87
59 90
59 92
59 93
59 94
59 95
59 96
59 99
59 132
59 133
59 138
59 139
59 140
59 141
59 144
59 146
59 149
59 100
59 103
59 107
59 111
59 116
59 117
59 125
59 126
59 153
59 155
59 156
59 163
59 169
59 170
59 171
59 172
59 181
59 182
59 189
59 196
59 202
59 204
59 207
59 209
59 210
59 216
59 221
59 223
59 231
59 232
59 239
59 247
60 61
60 63
60 64
60 65
60 66
60 67
60 68
60 71
60 72
60 73
60 75
60 76
60 77
60 78
60 79
60 80
60 81
60 82
60 83
60 84
60 85
60 86
60 87
60 88
60 89
60 93
60 94
60 95
60 96
60 97
60 98
60 132
60 134
60 137
60 145
60 146
60 101
60 115
60 125
60 126
60 152
60 154
60 157
60 158
60 160
60 166
60 167
60 171
60 174
60 177
60 179
60 189
60 190
60 191
60 193
60 194
60 198
60 200
60 201
60 203
60 204
60 206
60 207
60 209
60 211
60 213
60 214
60 217
60 218
60 222
60 225
60 233
60 236
60 237
61 62
61 64
61 67
61 68
61 69
61 70
61 72
61 73
61 75
61 77
61 80
61 81
61 84
61 86
61 87
61 90
61 92
61 93
61 97
61 98
61 99
61 130
61 144
61 148
61 149
61 101
61 116
61 118
61 155
61 160
61 163
61 164
61 168
61 172
61 174
61 175
61 184
61 185
61 187
61 188
61 190
61 193
61 207
61 210
61 214
61 217
61 221
61 223
61 224
61 227
61 229
61 234
61 237
61 246
61 248
62 63
62 64
62 65
62 67
62 69
62 70
62 71
62 72
62 73
62 74
62 75
62 77
62 78
62 79
62 80
62 81
62 82
62 84
62 86
62 87
62 89
62 90
62 92
62 93
62 95
62 96
62 97
62 98
62 99
62 131
62 135
62 137
62 141
62 143
62 149
62 102
62 107
62 110
62 112
62 113
62 114
62 119
62 122
62 123
62 125
62 127
62 154
62 157
62 159
62 160
62 165
62 173
62 174
62 175
62 182
62 184
62 185
62 188
62 196
62 199
62 201
62 205
62 211
62 218
62 222
62 223
62 226
62 227
62 232
62 236
62 238
62 248
63 64
63 65
63 68
63 69
63 73
63 75
63 76
63 78
63 81
63 82
63 83
63 86
63 88
63 89
63 90
63 91
63 92
63 94
63 95
63 96
63 97
63 98
63 129
63 131
63 132
63 100
63 101
63 105
63 107
63 114
63 119
63 122
63 123
63 126
63 150
63 152
63 154
63 161
63 162
63 164
63 166
63 168
63 169
63 177
63 182
63 187
63 193
63 195
63 198
63 202
63 203
63 204
63 213
63 214
63 215
63 219
63 222
63 228
63 230
63 233
63 236
63 241
63 243
63 245
63 246
64 67
64 69
64 70
64 72
64 73
64 74
64 76
64 78
64 79
64 80
64 81
64 86
64 88
64 89
64 90
64 91
64 92
64 94
64 95
64 96
64 98
64 129
64 131
64 132
64 133
64 147
64 148
64 102
64 103
64 105
64 110
64 111
64 113
64 117
64 118
64 120
64 125
64 151
64 157
64 158
64 164
64 165
64 178
64 179
64 186
64 189
64 191
64 199
64 202
64 203
64 207
64 211
64 213
64 218
64 223
64 226
64 227
64 234
64 236
64 240
64 242
64 248
65 67
65 69
65 70
65 71
65 75
65 76
65 77
65 78
65 80
65 83
65 84
65 85
65 86
65 87
65 89
65 90
65 91
65 93
65 97
65 98
65 129
65 132
65 133
65 137
65 139
65 141
65 101
65 104
65 109
65 111
65 125
65 126
65 154
65 157
65 161
65 163
65 172
65 177
65 178
65 180
65 188
65 190
65 193
65 195
65 197
65 198
65 204
65 207
65 208
65 209
65 213
65 214
65 217
65 218
65 220
65 221
65 224
65 226
65 227
65 231
65 233
65 236
65 237
65 238
65 239
65 242
65 245
65 246
66 67
66 68
66 71
66 72
66 73
66 74
66 75
66 76
66 77
66 80
66 81
66 82
66 83
66 84
66 86
66 87
66 88
66 89
66 90
66 91
66 92
66 93
66 94
66 96
66 97
66 99
66 131
66 135
66 138
66 142
66 145
66 146
66 147
66 148
66 149
66 100
66 110
66 112
66 113
66 116
66 119
66 123
66 124
66 155
66 161
66 164
66 170
66 171
66 172
66 174
66 176
66 178
66 183
66 184
66 186
66 189
66 194
66 201
66 202
66 203
66 205
66 206
66 208
66 209
66 220
66 222
66 223
66 226
66 231
66 235
66 236
66 239
67 69
67 70
67 73
67 74
67 75
67 76
67 79
67 80
67 82
67 83
67 84
67 85
67 87
67 89
67 90
67 91
67 92
67 93
67 94
67 95
67 98
67 99
67 131
67 137
67 138
67 144
67 146
67 148
67 100
67 102
67 108
67 109
67 113
67 114
67 115
67 120
67 125
67 163
67 174
67 177
67 181
67 184
67 186
67 193
67 200
67 208
67 210
67 214
67 217
67 218
67 222
67 223
67 224
67 226
67 228
67 230
67 231
67 241
67 242
67 243
67 246
68 69
68 70
68 71
68 73
68 74
68 76
68 77
68 78
68 80
68 83
68 84
68 85
68 86
68 87
68 88
68 89
68 90
68 91
68 96
68 97
68 98
68 131
68 135
68 136
68 140
68 146
68 147
68 100
68 109
68 115
68 116
68 122
68 124
68 125
68 127
68 150
68 151
68 155
68 160
68 167
68 168
68 171
68 173
68 178
68 179
68 185
68 188
68 191
68 195
68 197
68 202
68 204
68 206
68 211
68 212
68 217
68 224
68 225
68 228
68 230
68 231
68 236
68 242
68 244
68 245
69 72
69 73
69 74
69 75
69 77
69 79
69 81
69 82
69 83
69 84
69 86
69 90
69 91
69 93
69 94
69 97
69 136
69 140
69 142
69 104
69 105
69 107
69 109
69 111
69 114
69 117
69 122
69 123
69 125
69 150
69 157
69 158
69 159
69 160
69 162
69 173
69 176
69 177
69 184
69 188
69 190
69 196
69 198
69 199
69 200
69 201
69 202
69 204
69 215
69 216
69 219
69 220
69 221
69 223
69 224
69 228
69 238
69 243
69 245
69 247
69 249
70 71
70 72
70 73
70 74
70 75
70 77
70 78
70 79
70 81
70 82
70 83
70 84
70 85
70 86
70 88
70 91
70 92
70 93
70 94
70 95
70 96
70 98
70 99
70 131
70 132
70 133
70 136
70 138
70 145
70 146
70 147
70 149
70 100
70 102
70 104
70 105
70 107
70 108
70 109
70 110
70 113
70 117
70 121
70 126
70 151
70 157
70 159
70 162
70 163
70 164
70 167
70 171
70 172
70 173
70 175
70 180
70 190
70 191
70 192
70 193
70 196
70 197
70 199
70 201
70 204
70 213
70 216
70 218
70 219
70 229
70 234
70 236
70 241
70 242
70 243
70 249
71 72
71 73
71 74
71 75
71 78
71 79
71 80
71 81
71 82
71 83
71 84
71 85
71 87
71 90
71 92
71 95
71 97
71 98
71 99
71 128
71 131
71 136
71 139
71 149
71 101
71 105
71 107
71 108
71 110
71 114
71 117
71 124
71 150
71 156
71 161
71 164
71 165
71 166
71 168
71 169
71 172
71 173
71 174
71 175
71 180
71 182
71 185
71 186
71 201
71 206
71 210
71 212
71 214
71 220
71 225
71 227
71 234
71 235
71 240
71 241
71 248
72 73
72 74
72 75
72 76
72 77
72 78
72 79
72 80
72 81
72 82
72 84
72 87
72 88
72 92
72 94
72 95
72 97
72 98
72 128
72 132
72 134
72 140
72 141
72 142
72 102
72 104
72 107
72 110
72 116
72 126
72 151
72 152
72 155
72 159
72 162
72 169
72 175
72 186
72 187
72 189
72 190
72 192
72 199
72 209
72 210
72 219
72 222
72 227
72 228
72 230
72 233
72 242
72 245
72 246
72 248
73 75
73 76
73 77
73 78
73 79
73 80
73 81
73 82
73 83
73 84
73 86
73 87
73 89
73 90
73 91
73 93
73 94
73 95
73 98
73 99
73 128
73 129
73 130
73 135
73 138
73 139
73 140
73 142
73 144
73 145
73 148
73 149
73 101
73 106
73 111
73 120
73 122
73 123
73 124
73 127
73 152
73 154
73 155
73 156
73 157
73 158
73 161
73 164
73 166
73 167
73 170
73 171
73 175
73 177
73 182
73 191
73 194
73 202
73 206
73 207
73 208
73 209
73 210
73 215
73 218
73 219
73 226
73 228
73 230
73 231
73 233
73 248
73 249
74 75
74 76
74 77
74 78
74 79
74 81
74 82
74 84
74 85
74 86
74 87
74 88
74 89
74 90
74 91
74 93
74 94
74 95
74 96
74 97
74 128
74 129
74 133
74 142
74 147
74 100
74 101
74 104
74 107
74 108
74 111
74 116
74 127
74 156
74 158
74 159
74 161
74 162
74 164
74 168
74 173
74 174
74 180
74 187
74 188
74 191
74 193
74 194
74 196
74 197
74 205
74 209
74 212
74 213
74 221
74 223
74 227
74 232
74 239
74 243
74 246
74 248
75 76
75 77
75 78
75 79
75 80
75 82
75 83
75 84
75 85
75 87
75 88
75 89
75 90
75 91
75 92
75 93
75 95
75 98
75 99
75 132
75 133
75 138
75 143
75 100
75 101
75 104
75 109
75 111
75 113
75 114
75 117
75 126
75 157
75 168
75 169
75 171
75 178
75 184
75 185
75 190
75 194
75 204
75 210
75 213
75 218
75 223
75 224
75 226
75 227
75 229
75 235
75 236
75 237
75 240
75 241
75 246
75 249
76 77
76 78
76 79
76 80
76 81
76 82
76 83
76 84
76 85
76 86
76 87
76 90
76 92
76 93
76 94
76 97
76 99
76 132
76 138
76 148
76 100
76 102
76 108
76 109
76 111
76 113
76 120
76 124
76 126
76 150
76 151
76 160
76 162
76 163
76 170
76 175
76 180
76 181
76 182
76 184
76 187
76 197
76 198
76 206
76 215
76 217
76 220
76 221
76 227
76 228
76 230
76 235
76 240
76 248
77 79
77 80
77 81
77 83
77 84
77 85
77 86
77 88
77 90
77 91
77 94
77 96
77 135
77 142
77 143
77 148
77 149
77 102
77 103
77 105
77 110
77 111
77 113
77 118
77 121
77 150
77 153
77 160
77 162
77 165
77 166
77 170
77 174
77 182
77 184
77 190
77 191
77 192
77 193
77 196
77 203
77 214
77 217
77 218
77 220
77 222
77 225
77 227
77 230
77 236
77 237
77 239
77 240
77 245
77 246
78 79
78 80
78 81
78 82
78 83
78 85
78 86
78 87
78 88
78 89
78 91
78 93
78 95
78 97
78 98
78 99
78 128
78 130
78 133
78 134
78 136
78 137
78 139
78 143
78 144
78 147
78 149
78 102
78 107
78 109
78 110
78 112
78 113
78 119
78 122
78 123
78 150
78 157
78 158
78 165
78 174
78 176
78 177
78 179
78 180
78 183
78 187
78 193
78 194
78 197
78 199
78 200
78 204
78 207
78 210
78 216
78 220
78 221
78 222
78 233
78 235
78 240
78 243
78 244
79 80
79 81
79 82
79 83
79 84
79 85
79 86
79 89
79 90
79 91
79 92
79 93
79 95
79 96
79 97
79 98
79 129
79 130
79 132
79 138
79 139
79 141
79 143
79 145
79 147
79 101
79 102
79 107
79 114
79 118
79 119
79 120
79 121
79 150
79 152
79 154
79 160
79 166
79 167
79 170
79 175
79 176
79 183
79 188
79 190
79 193
79 199
79 203
79 208
79 209
79 211
79 214
79 218
79 219
79 226
79 236
79 238
79 242
79 248
80 81
80 83
80 84
80 85
80 86
80 88
80 90
80 91
80 96
80 97
80 98
80 128
80 130
80 133
80 137
80 141
80 142
80 144
80 146
80 148
80 102
80 107
80 112
80 115
80 120
80 125
80 126
80 127
80 156
80 160
80 162
80 169
80 171
80 174
80 175
80 176
80 177
80 181
80 185
80 187
80 190
80 200
80 201
80 203
80 208
80 212
80 213
80 214
80 220
80 221
80 222
80 224
80 230
80 231
80 240
80 243
80 244
80 246
80 247
81 82
81 83
81 84
81 85
81 86
81 87
81 89
81 90
81 91
81 92
81 93
81 95
81 96
81 97
81 132
81 134
81 136
81 137
81 144
81 102
81 105
81 118
81 119
81 122
81 125
81 151
81 156
81 157
81 166
81 174
81 177
81 178
81 181
81 185
81 189
81 190
81 194
81 196
81 199
81 203
81 206
81 214
81 219
81 220
81 224
81 226
81 228
81 236
81 239
81 243
81 244
82 83
82 84
82 85
82 87
82 88
82 89
82 90
82 93
82 96
82 97
82 98
82 99
82 128
82 131
82 138
82 147
82 103
82 104
82 106
82 108
82 110
82 111
82 116
82 119
82 120
82 124
82 150
82 157
82 163
82 171
82 173
82 175
82 182
82 185
82 189
82 193
82 198
82 203
82 204
82 207
82 211
82 212
82 220
82 221
82 223
82 224
82 231
82 235
82 239
82 240
82 243
83 84
83 85
83 88
83 89
83 93
83 95
83 96
83 97
83 99
83 130
83 135
83 137
83 142
83 143
83 144
83 101
83 102
83 104
83 107
83 110
83 112
83 114
83 115
83 119
83 123
83 125
83 153
83 156
83 166
83 170
83 173
83 190
83 192
83 197
83 198
83 199
83 209
83 210
83 211
83 216
83 219
83 220
83 221
83 222
83 224
83 227
83 233
83 236
83 237
83 238
83 241
83 244
83 245
84 85
84 86
84 88
84 89
84 93
84 94
84 96
84 97
84 129
84 130
84 144
84 145
84 146
84 107
84 108
84 109
84 111
84 114
84 116
84 117
84 119
84 127
84 155
84 157
84 161
84 163
84 166
84 171
84 172
84 173
84 176
84 189
84 194
84 195
84 202
84 207
84 210
84 211
84 214
84 215
84 217
84 220
84 226
84 234
84 235
84 238
84 240
84 242
84 249
85 87
85 88
85 89
85 90
85 91
85 92
85 93
85 94
85 96
85 97
85 98
85 130
85 131
85 134
85 142
85 146
85 100
85 101
85 104
85 106
85 108
85 109
85 110
85 113
85 117
85 122
85 123
85 150
85 159
85 160
85 162
85 170
85 175
85 179
85 185
85 191
85 195
85 197
85 202
85 208
85 209
85 210
85 212
85 215
85 221
85 222
85 226
85 227
85 228
85 235
85 237
85 239
85 242
85 243
85 246
85 247
85 248
86 88
86 89
86 92
86 93
86 94
86 95
86 96
86 97
86 98
86 99
86 128
86 132
86 133
86 134
86 135
86 137
86 142
86 148
86 103
86 107
86 108
86 111
86 121
86 124
86 155
86 158
86 159
86 161
86 162
86 165
86 166
86 168
86 169
86 171
86 172
86 177
86 178
86 179
86 182
86 189
86 198
86 201
86 202
86 203
86 216
86 221
86 222
86 224
86 226
86 227
86 228
86 233
86 234
86 238
86 240
87 88
87 89
87 90
87 91
87 93
87 94
87 95
87 96
87 97
87 98
87 99
87 130
87 134
87 143
87 144
87 146
87 148
87 102
87 104
87 108
87 109
87 111
87 117
87 119
87 126
87 150
87 152
87 153
87 162
87 164
87 168
87 170
87 173
87 177
87 182
87 185
87 186
87 187
87 189
87 193
87 194
87 197
87 199
87 202
87 204
87 208
87 213
87 216
87 219
87 222
87 224
87 227
87 238
87 239
87 241
87 248
88 90
88 91
88 93
88 94
88 95
88 97
88 99
88 130
88 144
88 147
88 100
88 101
88 107
88 111
88 113
88 125
88 127
88 157
88 159
88 161
88 166
88 172
88 177
88 179
88 181
88 182
88 192
88 200
88 202
88 203
88 204
88 205
88 206
88 211
88 213
88 214
88 216
88 223
88 229
88 232
88 239
88 240
88 241
89 90
89 91
89 92
89 93
89 95
89 96
89 97
89 98
89 99
89 130
89 137
89 141
89 142
89 143
89 145
89 146
89 147
89 148
89 102
89 103
89 105
89 119
89 125
89 150
89 151
89 156
89 157
89 159
89 160
89 166
89 170
89 173
89 177
89 183
89 186
89 188
89 191
89 192
89 196
89 199
89 202
89 204
89 210
89 215
89 217
89 221
89 222
89 226
89 237
89 241
89 242
89 243
90 91
90 92
90 93
90 94
90 95
90 96
90 98
90 131
90 143
90 147
90 107
90 108
90 109
90 111
90 112
90 116
90 121
90 123
90 125
90 150
90 153
90 161
90 163
90 172
90 173
90 175
90 176
90 185
90 188
90 190
90 196
90 202
90 211
90 212
90 213
90 215
90 216
90 221
90 222
90 224
90 227
90 234
90 237
90 238
90 240
90 243
90 248
90 249
91 92
91 93
91 94
91 95
91 96
91 97
91 98
91 128
91 129
91 133
91 134
91 136
91 137
91 138
91 140
91 101
91 107
91 108
91 116
91 120
91 123
91 157
91 164
91 167
91 170
91 172
91 177
91 183
91 187
91 189
91 190
91 192
91 196
91 199
91 200
91 208
91 209
91 211
91 215
91 219
91 222
91 226
91 229
91 230
91 231
91 234
91 239
91 246
91 247
92 93
92 94
92 95
92 96
92 99
92 129
92 134
92 135
92 142
92 146
92 148
92 149
92 102
92 111
92 112
92 114
92 117
92 123
92 124
92 126
92 150
92 153
92 154
92 155
92 156
92 157
92 159
92 167
92 169
92 170
92 172
92 187
92 188
92 190
92 192
92 193
92 196
92 197
92 198
92 199
92 202
92 203
92 205
92 210
92 213
92 217
92 218
92 219
92 228
92 231
92 238
92 245
92 247
93 95
93 96
93 99
93 128
93 131
93 132
93 140
93 141
93 142
93 147
93 101
93 104
93 109
93 114
93 118
93 120
93 121
93 127
93 151
93 158
93 166
93 170
93 177
93 181
93 184
93 190
93 191
93 193
93 194
93 195
93 200
93 203
93 207
93 210
93 213
93 214
93 219
93 221
93 224
93 227
93 229
93 232
93 234
93 235
93 240
93 244
93 248
93 249
94 95
94 96
94 98
94 99
94 128
94 130
94 131
94 134
94 136
94 138
94 141
94 142
94 144
94 146
94 148
94 100
94 104
94 105
94 106
94 111
94 114
94 115
94 116
94 118
94 120
94 122
94 123
94 126
94 156
94 159
94 161
94 162
94 165
94 168
94 170
94 171
94 173
94 179
94 184
94 186
94 191
94 193
94 194
94 195
94 196
94 202
94 203
94 204
94 205
94 207
94 211
94 212
94 219
94 223
94 228
94 229
94 232
94 240
94 244
94 245
94 248
95 96
95 97
95 98
95 129
95 137
95 141
95 144
95 145
95 100
95 109
95 113
95 118
95 120
95 152
95 155
95 161
95 163
95 164
95 166
95 170
95 176
95 179
95 181
95 187
95 189
95 192
95 194
95 206
95 207
95 210
95 214
95 215
95 219
95 221
95 226
95 228
95 229
95 230
95 232
95 234
95 235
95 236
95 239
95 242
95 247
96 97
96 98
96 132
96 133
96 139
96 140
96 141
96 144
96 147
96 148
96 104
96 106
96 110
96 113
96 115
96 116
96 119
96 122
96 126
96 152
96 154
96 159
96 162
96 164
96 165
96 166
96 167
96 169
96 171
96 178
96 180
96 182
96 183
96 187
96 188
96 194
96 200
96 201
96 202
96 203
96 205
96 206
96 209
96 212
96 213
96 215
96 216
96 220
96 224
96 228
96 231
96 232
96 234
96 237
96 244
96 245
96 249
97 98
97 99
97 131
97 135
97 136
97 137
97 139
97 101
97 103
97 110
97 115
97 123
97 127
97 151
97 155
97 157
97 158
97 160
97 162
97 163
97 165
97 167
97 169
97 171
97 174
97 187
97 192
97 193
97 199
97 200
97 204
97 207
97 208
97 213
97 224
97 226
97 228
97 233
97 238
97 242
97 246
97 248
98 99
98 130
98 134
98 139
98 142
98 146
98 148
98 101
98 102
98 103
98 109
98 110
98 114
98 121
98 150
98 151
98 152
98 159
98 167
98 170
98 171
98 175
98 190
98 193
98 197
98 201
98 210
98 214
98 218
98 219
98 221
98 222
98 224
98 225
98 229
98 230
98 239
98 243
98 245
99 130
99 134
99 139
99 146
99 147
99 149
99 101
99 105
99 110
99 113
99 115
99 120
99 122
99 123
99 125
99 126
99 153
99 156
99 158
99 161
99 162
99 163
99 164
99 166
99 167
99 170
99 178
99 179
99 180
99 182
99 184
99 185
99 187
99 188
99 189
99 192
99 195
99 196
99 199
99 201
99 204
99 205
99 206
99 207
99 208
99 211
99 214
99 224
99 226
99 227
99 230
99 232
99 234
99 236
99 238
99 240
99 241
99 245
128 129
128 131
128 134
128 135
128 137
128 139
128 140
128 141
128 142
128 143
128 144
128 145
128 146
128 147
128 148
128 149
128 100
128 101
128 102
128 103
128 104
128 105
128 106
128 108
128 109
128 111
128 113
128 116
128 117
128 118
128 119
128 120
128 121
128 122
128 124
128 127
128 152
128 153
128 164
128 165
128 166
128 167
128 170
128 171
128 173
128 176
128 177
128 179
128 180
128 184
128 188
128 190
128 192
128 195
128 200
128 201
128 202
128 203
128 205
128 207
128 211
128 213
128 215
128 218
128 222
128 223
128 224
128 226
128 230
128 231
128 233
128 235
128 236
128 237
128 240
128 241
128 242
128 244
128 247
128 248
129 130
129 131
129 132
129 133
129 137
129 138
129 139
129 140
129 141
129 143
129 148
129 149
129 100
129 102
129 107
129 108
129 109
129 110
129 112
129 113
129 114
129 117
129 118
129 120
129 121
129 122
129 124
129 126
129 151
129 153
129 154
129 156
129 161
129 162
129 163
129 165
129 166
129 168
129 169
129 170
129 174
129 176
129 177
129 184
129 187
129 191
129 194
129 195
129 197
129 207
129 208
129 209
129 210
129 212
129 213
129 215
129 219
129 222
129 226
129 234
129 238
129 240
129 242
129 247
130 131
130 132
130 133
130 135
130 136
130 137
130 138
130 139
130 140
130 141
130 142
130 143
130 144
130 145
130 146
130 147
130 149
130 100
130 104
130 105
130 106
130 107
130 108
130 109
130 110
130 112
130 113
130 114
130 119
130 120
130 121
130 123
130 124
130 125
130 126
130 127
130 150
130 151
130 156
130 162
130 165
130 167
130 169
130 171
130 172
130 174
130 175
130 177
130 180
130 186
130 188
130 190
130 195
130 204
130 207
130 211
130 216
130 218
130 226
130 230
130 232
130 233
130 234
130 239
131 132
131 133
131 134
131 135
131 136
131 139
131 140
131 143
131 144
131 145
131 146
131 148
131 149
131 102
131 104
131 105
131 106
131 107
131 110
131 111
131 112
131 113
131 115
131 117
131 118
131 119
131 120
131 124
131 125
131 126
131 127
131 150
131 153
131 158
131 159
131 163
131 164
131 166
131 169
131 170
131 171
131 173
131 176
131 177
131 181
131 184
131 187
131 188
131 189
131 191
131 196
131 197
131 198
131 200
131 207
131 212
131 213
131 215
131 216
131 219
131 223
131 225
131 226
131 227
131 229
131 230
131 232
131 236
131 238
131 239
131 240
131 246
131 248
132 133
132 134
132 135
132 136
132 137
132 138
132 139
132 140
132 141
132 142
132 143
132 144
132 145
132 147
132 148
132 149
132 100
132 101
132 102
132 104
132 107
132 110
132 111
132 112
132 113
132 115
132 117
132 118
132 120
132 122
132 125
132 126
132 127
132 153
132 156
132 157
132 158
132 162
132 164
132 170
132 173
132 174
132 175
132 179
132 181
132 182
132 183
132 185
132 191
132 192
132 197
132 199
132 205
132 206
132 213
132 222
132 223
132 228
132 230
132 234
132 236
132 238
132 241
132 242
132 243
132 245
133 134
133 135
133 136
133 137
133 139
133 142
133 145
133 147
133 148
133 149
133 101
133 102
133 104
133 105
133 106
133 107
133 108
133 109
133 111
133 112
133 113
133 115
133 116
133 118
133 119
133 121
133 123
133 124
133 126
133 151
133 162
133 164
133 166
133 172
133 173
133 174
133 177
133 178
133 182
133 187
133 188
133 191
133 193
133 194
133 195
133 204
133 208
133 209
133 210
133 212
133 215
133 219
133 223
133 228
133 233
133 235
133 238
133 240
133 243
133 244
133 245
133 247
134 135
134 136
134 137
134 138
134 141
134 143
134 144
134 145
134 148
134 100
134 101
134 102
134 103
134 104
134 105
134 106
134 107
134 108
134 110
134 111
134 114
134 116
134 117
134 118
134 119
134 120
134 122
134 123
134 124
134 125
134 126
134 151
134 154
134 162
134 163
134 165
134 170
134 175
134 177
134 178
134 183
134 187
134 191
134 196
134 200
134 202
134 207
134 212
134 213
134 216
134 219
134 221
134 226
134 228
134 229
134 234
134 235
134 236
134 239
134 243
135 137
135 138
135 139
135 140
135 142
135 143
135 144
135 145
135 146
135 147
135 148
135 100
135 102
135 103
135 104
135 105
135 107
135 108
135 110
135 111
135 112
135 113
135 114
135 115
135 116
135 117
135 119
135 120
135 121
135 123
135 125
135 126
135 153
135 155
135 157
135 161
135 163
135 164
135 165
135 166
135 167
135 170
135 173
135 176
135 177
135 180
135 184
135 195
135 196
135 203
135 204
135 209
135 215
135 216
135 226
135 229
135 233
135 238
135 240
135 241
135 246
135 247
135 248
136 137
136 138
136 139
136 140
136 141
136 142
136 143
136 145
136 146
136 147
136 148
136 149
136 100
136 103
136 104
136 105
136 106
136 107
136 108
136 109
136 112
136 114
136 115
136 117
136 118
136 119
136 120
136 121
136 122
136 124
136 125
136 127
136 151
136 156
136 163
136 164
136 173
136 175
136 177
136 178
136 179
136 181
136 183
136 184
136 186
136 190
136 193
136 195
136 197
136 199
136 202
136 207
136 208
136 214
136 215
136 216
136 223
136 225
136 227
136 228
136 229
136 230
136 232
136 233
136 238
136 243
136 244
136 245
136 248
137 138
137 139
137 141
137 142
137 144
137 145
137 147
137 148
137 149
137 101
137 102
137 104
137 105
137 106
137 107
137 108
137 109
137 110
137 111
137 112
137 113
137 114
137 116
137 117
137 118
137 119
137 120
137 121
137 123
137 124
137 125
137 150
137 152
137 159
137 167
137 168
137 172
137 173
137 175
137 176
137 186
137 189
137 193
137 197
137 199
137 200
137 210
137 214
137 221
137 229
137 232
137 233
137 235
137 236
137 248
138 139
138 140
138 141
138 142
138 143
138 144
138 147
138 100
138 101
138 104
138 105
138 106
138 107
138 108
138 113
138 114
138 115
138 116
138 117
138 119
138 121
138 122
138 123
138 127
138 150
138 151
138 153
138 154
138 155
138 167
138 171
138 172
138 174
138 180
138 183
138 185
138 187
138 188
138 190
138 191
138 195
138 196
138 197
138 198
138 200
138 201
138 210
138 214
138 220
138 221
138 223
138 224
138 225
138 228
138 229
138 243
138 247
139 141
139 142
139 143
139 145
139 147
139 148
139 100
139 101
139 102
139 103
139 104
139 105
139 106
139 108
139 110
139 111
139 112
139 114
139 116
139 117
139 118
139 121
139 122
139 123
139 124
139 126
139 152
139 159
139 163
139 166
139 168
139 171
139 173
139 178
139 187
139 189
139 191
139 195
139 201
139 202
139 204
139 206
139 207
139 209
139 213
139 216
139 218
139 219
139 220
139 222
139 227
139 240
139 242
139 243
140 142
140 143
140 145
140 146
140 148
140 101
140 102
140 103
140 104
140 105
140 106
140 107
140 108
140 109
140 110
140 112
140 113
140 114
140 116
140 118
140 120
140 121
140 123
140 124
140 126
140 127
140 152
140 153
140 154
140 158
140 159
140 163
140 171
140 176
140 178
140 180
140 182
140 184
140 187
140 188
140 196
140 197
140 208
140 211
140 217
140 230
140 236
140 238
140 243
140 245
140 248
140 249
141 142
141 145
141 146
141 147
141 100
141 101
141 103
141 104
141 106
141 107
141 108
141 110
141 111
141 112
141 113
141 115
141 116
141 117
141 120
141 121
141 123
141 124
141 125
141 126
141 127
141 150
141 151
141 156
141 161
141 167
141 169
141 170
141 171
141 177
141 178
141 180
141 181
141 184
141 197
141 205
141 206
141 208
141 209
141 211
141 213
141 214
141 215
141 217
141 218
141 222
141 231
141 232
141 235
141 236
141 241
141 243
141 245
141 247
142 143
142 144
142 145
142 146
142 147
142 148
142 100
142 101
142 102
142 103
142 104
142 105
142 107
142 108
142 109
142 110
142 111
142 114
142 116
142 117
142 119
142 121
142 122
142 125
142 126
142 127
142 155
142 157
142 161
142 164
142 165
142 170
142 172
142 176
142 179
142 182
142 183
142 186
142 193
142 194
142 197
142 198
142 208
142 209
142 212
142 214
142 215
142 220
142 224
142 225
142 229
142 230
142 240
142 243
142 244
142 246
143 144
143 145
143 146
143 148
143 100
143 101
143 103
143 104
143 105
143 106
143 107
143 108
143 113
143 114
143 119
143 122
143 123
143 125
143 152
143 155
143 157
143 158
143 161
143 164
143 165
143 166
143 170
143 171
143 172
143 173
143 176
143 183
143 185
143 198
143 199
143 203
143 214
143 215
143 218
143 221
143 226
143 232
143 234
143 236
143 241
143 242
143 244
143 245
143 246
143 247
144 145
144 147
144 148
144 149
144 100
144 101
144 103
144 105
144 106
144 108
144 109
144 110
144 111
144 112
144 113
144 115
144 118
144 120
144 121
144 122
144 123
144 124
144 126
144 153
144 155
144 158
144 161
144 165
144 182
144 185
144 187
144 194
144 195
144 196
144 199
144 202
144 203
144 206
144 209
144 211
144 212
144 214
144 221
144 224
144 230
144 231
144 232
144 237
144 241
144 242
144 244
144 245
144 248
145 146
145 147
145 149
145 101
145 102
145 103
145 105
145 107
145 108
145 109
145 110
145 113
145 114
145 115
145 119
145 120
145 121
145 122
145 123
145 124
145 125
145 126
145 152
145 158
145 159
145 160
145 163
145 164
145 167
145 170
145 171
145 174
145 176
145 180
145 186
145 188
145 192
145 195
145 197
145 198
145 199
145 200
145 203
145 207
145 208
145 211
145 215
145 216
145 221
145 224
145 227
145 232
145 236
145 239
145 240
145 244
145 247
146 147
146 148
146 100
146 101
146 103
146 106
146 107
146 109
146 111
146 112
146 113
146 114
146 118
146 119
146 121
146 122
146 123
146 124
146 125
146 126
146 127
146 151
146 152
146 155
146 157
146 158
146 159
146 163
146 164
146 166
146 168
146 171
146 175
146 176
146 177
146 179
146 180
146 183
146 184
146 193
146 194
146 195
146 196
146 199
146 205
146 206
146 211
146 213
146 216
146 220
146 221
146 226
146 229
146 231
146 233
146 235
146 238
146 239
146 240
146 241
146 245
146 249
147 148
147 100
147 101
147 105
147 107
147 108
147 109
147 111
147 112
147 115
147 116
147 118
147 119
147 120
147 121
147 122
147 123
147 124
147 125
147 153
147 154
147 155
147 159
147 161
147 162
147 163
147 165
147 173
147 176
147 178
147 181
147 185
147 192
147 194
147 200
147 203
147 213
147 217
147 219
147 224
147 227
147 230
147 238
147 239
147 241
147 242
148 149
148 100
148 101
148 102
148 103
148 105
148 107
148 110
148 111
148 112
148 113
148 116
148 117
148 118
148 119
148 120
148 121
148 122
148 123
148 125
148 127
148 153
148 155
148 158
148 160
148 161
148 162
148 163
148 168
148 170
148 171
148 175
148 180
148 185
148 186
148 187
148 188
148 193
148 195
148 198
148 200
148 202
148 203
148 204
148 205
148 208
148 209
148 217
148 219
148 221
148 224
148 232
148 235
148 242
148 244
148 246
148 248
148 249
149 101
149 103
149 105
149 107
149 108
149 109
149 110
149 111
149 112
149 113
149 115
149 116
149 117
149 120
149 121
149 122
149 123
149 124
149 125
149 126
149 127
149 150
149 152
149 154
149 155
149 162
149 165
149 168
149 170
149 171
149 172
149 177
149 178
149 180
149 185
149 194
149 196
149 198
149 203
149 204
149 206
149 209
149 211
149 215
149 218
149 220
149 223
149 224
149 231
149 233
149 235
149 236
149 237
149 238
149 239
149 240
149 241
149 243
149 248
100 101
100 102
100 103
100 104
100 106
100 107
100 108
100 109
100 110
100 113
100 115
100 117
100 118
100 119
100 120
100 121
100 122
100 123
100 124
100 125
100 127
100 150
100 154
100 164
100 165
100 168
100 175
100 177
100 178
100 180
100 182
100 184
100 187
100 191
100 192
100 199
100 202
100 218
100 219
100 226
100 229
100 230
100 242
100 245
100 249
101 102
101 103
101 104
101 105
101 107
101 108
101 109
101 110
101 111
101 112
101 115
101 116
101 117
101 118
101 120
101 121
101 123
101 125
101 127
101 154
101 163
101 165
101 166
101 167
101 182
101 184
101 186
101 187
101 192
101 194
101 195
101 199
101 201
101 204
101 205
101 206
101 209
101 210
101 212
101 216
101 217
101 219
101 220
101 221
101 222
101 224
101 225
101 226
101 230
101 234
101 236
101 244
102 103
102 104
102 105
102 106
102 111
102 112
102 113
102 114
102 115
102 116
102 117
102 118
102 119
102 120
102 121
102 122
102 123
102 124
102 126
102 127
102 151
102 152
102 155
102 161
102 164
102 168
102 170
102 177
102 187
102 190
102 193
102 199
102 201
102 202
102 208
102 210
102 215
102 216
102 222
102 229
102 235
102 236
102 238
102 242
102 249
103 104
103 105
103 106
103 107
103 110
103 111
103 112
103 115
103 116
103 118
103 120
103 121
103 122
103 123
103 124
103 125
103 126
103 127
103 150
103 151
103 152
103 154
103 155
103 157
103 158
103 160
103 163
103 166
103 171
103 174
103 178
103 179
103 187
103 191
103 192
103 195
103 198
103 202
103 205
103 212
103 213
103 219
103 229
103 230
103 239
104 105
104 106
104 107
104 109
104 110
104 111
104 112
104 115
104 117
104 118
104 119
104 120
104 121
104 122
104 124
104 125
104 126
104 127
104 152
104 154
104 161
104 165
104 167
104 168
104 171
104 173
104 180
104 185
104 191
104 193
104 196
104 202
104 206
104 213
104 215
104 221
104 224
104 230
104 233
104 236
104 237
104 246
104 249
105 106
105 108
105 110
105 111
105 112
105 113
105 114
105 115
105 116
105 117
105 118
105 119
105 120
105 122
105 123
105 124
105 125
105 126
105 127
105 153
105 157
105 158
105 159
105 166
105 167
105 170
105 172
105 176
105 178
105 179
105 182
105 185
105 195
105 198
105 199
105 201
105 209
105 210
105 212
105 213
105 214
105 218
105 219
105 225
105 233
105 234
105 235
105 245
105 248
105 249
106 107
106 108
106 109
106 110
106 111
106 112
106 113
106 114
106 115
106 116
106 117
106 118
106 120
106 121
106 125
106 126
106 127
106 151
106 153
106 154
106 166
106 170
106 174
106 175
106 180
106 181
106 187
106 190
106 191
106 196
106 200
106 203
106 204
106 205
106 209
106 214
106 216
106 217
106 219
106 223
106 230
106 234
106 237
106 239
106 244
106 247
106 248
107 109
107 110
107 111
107 112
107 114
107 116
107 117
107 118
107 119
107 120
107 121
107 122
107 123
107 124
107 125
107 126
107 127
107 151
107 158
107 163
107 165
107 167
107 168
107 173
107 176
107 180
107 181
107 185
107 188
107 189
107 191
107 192
107 199
107 200
107 201
107 208
107 210
107 211
107 216
107 218
107 223
107 224
107 228
107 230
107 234
107 237
107 239
107 242
107 247
107 248
108 109
108 110
108 112
108 114
108 116
108 117
108 118
108 119
108 120
108 121
108 124
108 125
108 154
108 156
108 157
108 164
108 170
108 176
108 186
108 189
108 194
108 195
108 201
108 205
108 206
108 209
108 213
108 222
108 228
108 233
108 239
108 245
108 248
109 110
109 111
109 112
109 113
109 115
109 116
109 117
109 118
109 119
109 121
109 124
109 125
109 127
109 155
109 157
109 163
109 164
109 173
109 176
109 179
109 181
109 184
109 185
109 186
109 194
109 196
109 199
109 204
109 206
109 211
109 214
109 215
109 218
109 221
109 226
109 230
109 236
109 239
109 241
109 243
109 245
110 111
110 112
110 113
110 115
110 116
110 117
110 118
110 120
110 122
110 123
110 124
110 125
110 127
110 150
110 152
110 157
110 159
110 160
110 163
110 167
110 169
110 173
110 178
110 184
110 187
110 195
110 200
110 203
110 207
110 208
110 215
110 217
110 220
110 230
110 233
110 235
110 240
110 241
110 242
110 248
111 113
111 114
111 115
111 116
111 117
111 118
111 120
111 121
111 122
111 123
111 125
111 126
111 127
111 150
111 151
111 152
111 156
111 160
111 165
111 169
111 174
111 175
111 178
111 180
111 181
111 189
111 190
111 195
111 201
111 206
111 207
111 209
111 218
111 219
111 228
111 231
111 232
111 233
111 234
111 240
111 248
112 113
112 114
112 115
112 116
112 117
112 118
112 119
112 120
112 121
112 125
112 126
112 127
112 150
112 154
112 159
112 160
112 161
112 164
112 169
112 170
112 174
112 176
112 177
112 178
112 183
112 184
112 185
112 193
112 195
112 198
112 200
112 203
112 205
112 207
112 210
112 214
112 219
112 221
112 224
112 225
112 229
112 233
112 234
112 235
112 236
112 243
112 247
113 114
113 115
113 116
113 118
113 119
113 121
113 122
113 123
113 124
113 127
113 150
113 154
113 158
113 160
113 163
113 166
113 167
113 170
113 171
113 177
113 179
113 181
113 188
113 190
113 196
113 207
113 208
113 213
113 214
113 216
113 217
113 218
113 219
113 224
113 227
113 229
113 234
113 235
113 243
113 248
114 115
114 116
114 117
114 118
114 119
114 121
114 123
114 126
114 127
114 151
114 155
114 158
114 159
114 160
114 162
114 172
114 173
114 177
114 181
114 185
114 186
114 193
114 194
114 195
114 196
114 200
114 202
114 203
114 208
114 209
114 212
114 218
114 225
114 228
114 231
114 232
114 234
114 237
114 240
114 241
114 244
115 116
115 118
115 120
115 121
115 122
115 123
115 124
115 125
115 127
115 151
115 153
115 157
115 161
115 163
115 164
115 165
115 170
115 172
115 174
115 185
115 188
115 190
115 191
115 193
115 194
115 195
115 199
115 202
115 203
115 204
115 205
115 207
115 208
115 211
115 218
115 222
115 224
115 228
115 229
115 230
115 237
115 247
115 248
115 249
116 117
116 118
116 120
116 121
116 122
116 124
116 125
116 126
116 151
116 152
116 155
116 163
116 164
116 167
116 168
116 169
116 174
116 181
116 183
116 185
116 190
116 191
116 196
116 203
116 208
116 209
116 211
116 217
116 221
116 222
116 223
116 225
116 230
116 235
116 236
116 241
116 242
116 243
117 118
117 121
117 123
117 124
117 125
117 126
117 127
117 162
117 164
117 166
117 169
117 175
117 179
117 180
117 185
117 191
117 195
117 205
117 206
117 208
117 209
117 210
117 219
117 224
117 233
117 236
117 238
117 240
117 242
117 243
117 247
117 249
118 119
118 120
118 121
118 122
118 123
118 124
118 127
118 155
118 162
118 163
118 165
118 171
118 174
118 175
118 177
118 183
118 184
118 186
118 196
118 198
118 200
118 203
118 204
118 209
118 212
118 213
118 214
118 215
118 219
118 236
118 237
118 240
118 242
118 248
118 249
119 120
119 121
119 122
119 124
119 125
119 127
119 153
119 154
119 159
119 161
119 162
119 164
119 167
119 171
119 174
119 180
119 182
119 186
119 187
119 194
119 197
119 199
119 202
119 205
119 208
119 213
119 215
119 218
119 229
119 230
119 232
119 242
119 245
119 247
120 121
120 122
120 123
120 124
120 125
120 126
120 151
120 153
120 156
120 157
120 159
120 161
120 163
120 167
120 170
120 173
120 174
120 177
120 179
120 180
120 181
120 182
120 186
120 194
120 198
120 200
120 203
120 207
120 209
120 220
120 223
120 226
120 228
120 229
120 231
120 232
121 122
121 123
121 126
121 127
121 150
121 160
121 161
121 162
121 175
121 176
121 178
121 184
121 186
121 188
121 190
121 192
121 197
121 201
121 202
121 203
121 205
121 206
121 207
121 220
121 222
121 223
121 228
121 231
121 234
121 237
121 238
121 240
121 242
121 243
121 247
122 124
122 153
122 154
122 155
122 161
122 165
122 169
122 172
122 176
122 180
122 183
122 184
122 187
122 188
122 189
122 192
122 195
122 197
122 205
122 206
122 208
122 211
122 214
122 215
122 219
122 221
122 222
122 232
122 244
122 246
122 247
123 126
123 127
123 150
123 152
123 156
123 157
123 158
123 161
123 162
123 165
123 166
123 170
123 172
123 178
123 180
123 181
123 188
123 192
123 197
123 201
123 206
123 209
123 216
123 220
123 221
123 224
123 226
123 231
123 232
123 234
123 238
123 240
123 244
124 125
124 126
124 152
124 155
124 159
124 164
124 167
124 174
124 176
124 185
124 188
124 191
124 195
124 196
124 197
124 200
124 205
124 209
124 212
124 217
124 220
124 222
124 227
124 229
124 230
124 241
124 242
124 244
124 245
124 246
125 126
125 127
125 150
125 153
125 154
125 160
125 169
125 171
125 172
125 176
125 181
125 187
125 192
125 196
125 197
125 202
125 209
125 210
125 213
125 216
125 217
125 218
125 219
125 220
125 223
125 224
125 225
125 234
125 237
125 245
126 127
126 150
126 151
126 152
126 156
126 167
126 170
126 176
126 178
126 180
126 182
126 189
126 190
126 191
126 195
126 196
126 203
126 204
126 209
126 210
126 211
126 212
126 218
126 221
126 223
126 230
126 233
126 239
126 247
127 151
127 155
127 158
127 164
127 165
127 167
127 170
127 174
127 183
127 187
127 189
127 193
127 197
127 198
127 200
127 201
127 203
127 206
127 210
127 211
127 216
127 218
127 222
127 224
127 236
127 243
127 246
127 247
150 151
150 152
150 153
150 154
150 156
150 157
150 158
150 159
150 161
150 162
150 164
150 166
150 167
150 168
150 169
150 173
150 174
150 175
150 176
150 177
150 178
150 179
150 180
150 181
150 182
150 183
150 184
150 185
150 186
150 188
150 189
150 190
150 191
150 192
150 194
150 195
150 197
150 198
150 199
150 207
150 208
150 210
150 212
150 216
150 224
150 226
150 228
150 230
150 234
150 236
150 237
150 245
150 247
150 248
150 249
151 152
151 153
151 154
151 155
151 156
151 160
151 161
151 162
151 163
151 164
151 165
151 166
151 167
151 168
151 170
151 171
151 174
151 175
151 176
151 177
151 178
151 179
151 180
151 181
151 182
151 183
151 185
151 187
151 188
151 189
151 191
151 192
151 194
151 195
151 196
151 197
151 198
151 199
151 201
151 207
151 209
151 210
151 224
151 225
151 228
151 229
151 231
151 236
151 237
151 238
151 239
151 244
152 156
152 158
152 159
152 161
152 162
152 163
152 164
152 165
152 166
152 168
152 169
152 170
152 171
152 172
152 173
152 174
152 175
152 176
152 178
152 179
152 180
152 181
152 182
152 183
152 184
152 186
152 189
152 190
152 191
152 193
152 194
152 195
152 198
152 200
152 204
152 210
152 211
152 212
152 213
152 214
152 217
152 220
152 222
152 223
152 228
152 230
152 232
152 233
152 245
153 157
153 159
153 160
153 161
153 162
153 163
153 165
153 166
153 168
153 169
153 171
153 173
153 175
153 176
153 177
153 178
153 179
153 180
153 181
153 182
153 185
153 187
153 188
153 190
153 192
153 193
153 195
153 196
153 197
153 198
153 199
153 205
153 207
153 210
153 213
153 227
153 230
153 231
153 242
154 157
154 158
154 159
154 162
154 163
154 165
154 166
154 167
154 168
154 170
154 171
154 172
154 173
154 175
154 177
154 178
154 179
154 181
154 182
154 183
154 188
154 190
154 191
154 192
154 194
154 195
154 196
154 197
154 198
154 200
154 206
154 207
154 212
154 215
154 219
154 220
154 221
154 222
154 223
154 224
154 226
154 227
154 228
154 229
154 233
154 234
154 238
154 239
154 240
154 248
155 157
155 159
155 160
155 162
155 163
155 166
155 167
155 173
155 174
155 178
155 179
155 181
155 182
155 184
155 186
155 187
155 188
155 189
155 190
155 191
155 192
155 193
155 194
155 195
155 196
155 197
155 198
155 201
155 214
155 216
155 217
155 219
155 226
155 243
155 248
156 158
156 160
156 161
156 162
156 163
156 164
156 165
156 166
156 167
156 168
156 170
156 171
156 172
156 173
156 174
156 177
156 179
156 181
156 182
156 184
156 186
156 187
156 188
156 190
156 191
156 193
156 195
156 196
156 197
156 198
156 206
156 211
156 214
156 215
156 216
156 217
156 220
156 222
156 223
156 226
156 228
156 230
156 231
156 232
156 236
156 237
156 238
156 239
156 242
156 243
156 244
156 245
157 159
157 160
157 161
157 163
157 164
157 165
157 166
157 167
157 168
157 169
157 171
157 172
157 173
157 174
157 175
157 178
157 179
157 180
157 181
157 182
157 185
157 186
157 188
157 191
157 192
157 194
157 195
157 196
157 197
157 199
157 200
157 201
157 202
157 203
157 212
157 215
157 217
157 228
157 231
157 234
157 238
157 240
157 244
157 245
158 160
158 161
158 162
158 163
158 164
158 166
158 167
158 168
158 169
158 170
158 171
158 172
158 173
158 175
158 176
158 177
158 180
158 182
158 183
158 184
158 185
158 186
158 187
158 188
158 189
158 192
158 193
158 195
158 196
158 198
158 199
158 201
158 204
158 205
158 215
158 218
158 224
158 229
158 234
158 238
158 240
158 242
159 160
159 161
159 162
159 163
159 165
159 166
159 167
159 168
159 169
159 170
159 171
159 172
159 173
159 174
159 175
159 176
159 180
159 181
159 182
159 183
159 184
159 186
159 187
159 188
159 190
159 191
159 192
159 193
159 194
159 195
159 196
159 197
159 198
159 199
159 205
159 211
159 213
159 217
159 219
159 222
159 227
159 233
159 238
159 239
159 241
159 244
159 245
159 246
159 247
159 248
160 161
160 162
160 163
160 164
160 165
160 167
160 168
160 169
160 171
160 172
160 173
160 174
160 176
160 178
160 180
160 181
160 186
160 187
160 189
160 190
160 192
160 194
160 195
160 196
160 197
160 200
160 201
160 202
160 205
160 206
160 207
160 208
160 211
160 212
160 213
160 217
160 219
160 221
160 228
160 229
160 232
160 235
160 238
160 239
160 242
160 247
160 248
160 249
161 162
161 163
161 164
161 166
161 167
161 168
161 169
161 170
161 171
161 173
161 175
161 176
161 178
161 180
161 181
161 182
161 184
161 186
161 187
161 190
161 191
161 192
161 193
161 194
161 195
161 196
161 198
161 199
161 202
161 206
161 207
161 212
161 214
161 216
161 220
161 225
161 226
161 228
161 233
161 234
161 238
161 239
161 241
161 242
161 246
162 163
162 164
162 165
162 166
162 167
162 170
162 171
162 172
162 173
162 174
162 175
162 178
162 179
162 180
162 181
162 182
162 183
162 184
162 185
162 186
162 188
162 189
162 191
162 192
162 193
162 194
162 195
162 196
162 197
162 198
162 199
162 203
162 205
162 206
162 207
162 210
162 211
162 217
162 218
162 219
162 232
162 243
162 245
163 164
163 165
163 167
163 168
163 169
163 170
163 171
163 172
163 173
163 174
163 176
163 177
163 178
163 179
163 180
163 181
163 183
163 184
163 186
163 187
163 190
163 193
163 194
163 196
163 198
163 200
163 201
163 208
163 210
163 211
163 215
163 217
163 220
163 223
163 226
163 235
163 236
163 238
163 240
163 243
163 244
163 245
163 249
164 165
164 166
164 167
164 171
164 174
164 175
164 176
164 177
164 178
164 180
164 181
164 182
164 184
164 185
164 186
164 188
164 189
164 191
164 192
164 193
164 194
164 195
164 196
164 198
164 199
164 202
164 205
164 208
164 210
164 211
164 215
164 221
164 223
164 235
164 241
164 243
164 244
164 247
164 249
165 166
165 167
165 168
165 169
165 170
165 171
165 172
165 173
165 174
165 175
165 176
165 178
165 179
165 180
165 181
165 183
165 184
165 186
165 187
165 188
165 189
165 190
165 191
165 193
165 194
165 195
165 196
165 197
165 198
165 200
165 203
165 204
165 205
165 207
165 209
165 210
165 211
165 214
165 216
165 222
165 223
165 224
165 226
165 227
165 229
165 240
165 244
165 247
166 167
166 168
166 169
166 170
166 171
166 173
166 176
166 178
166 180
166 182
166 183
166 184
166 185
166 187
166 189
166 191
166 193
166 194
166 195
166 196
166 197
166 202
166 210
166 212
166 214
166 217
166 218
166 219
166 221
166 222
166 225
166 228
166 230
166 232
166 234
166 237
166 238
166 240
166 243
166 245
166 246
166 247
167 169
167 172
167 173
167 175
167 176
167 178
167 179
167 181
167 182
167 184
167 185
167 186
167 187
167 188
167 189
167 192
167 193
167 195
167 196
167 197
167 199
167 200
167 202
167 203
167 205
167 212
167 217
167 224
167 227
167 235
167 236
167 238
167 245
167 249
168 169
168 172
168 173
168 174
168 176
168 177
168 179
168 180
168 181
168 182
168 183
168 184
168 185
168 186
168 188
168 190
168 191
168 193
168 195
168 197
168 198
168 207
168 212
168 214
168 215
168 219
168 222
168 223
168 227
168 232
168 240
168 241
168 242
168 245
169 170
169 171
169 172
169 174
169 176
169 178
169 179
169 180
169 182
169 183
169 185
169 188
169 189
169 191
169 192
169 193
169 194
169 195
169 197
169 198
169 199
169 205
169 209
169 214
169 218
169 220
169 221
169 222
169 223
169 226
169 230
169 232
169 238
169 239
170 172
170 173
170 174
170 176
170 177
170 180
170 181
170 182
170 183
170 184
170 185
170 186
170 187
170 188
170 189
170 190
170 191
170 192
170 193
170 194
170 195
170 196
170 200
170 201
170 202
170 208
170 209
170 212
170 216
170 218
170 221
170 222
170 227
170 230
170 232
170 233
170 236
170 237
170 240
170 242
170 244
170 246
171 173
171 174
171 176
171 177
171 178
171 179
171 180
171 181
171 183
171 184
171 185
171 187
171 188
171 189
171 190
171 191
171 192
171 194
171 195
171 196
171 197
171 199
171 205
171 207
171 208
171 209
171 210
171 214
171 216
171 220
171 223
171 224
171 226
171 228
171 229
171 230
171 232
171 233
171 238
171 239
171 243
171 244
171 246
172 173
172 175
172 176
172 177
172 179
172 180
172 181
172 182
172 183
172 184
172 185
172 187
172 189
172 191
172 192
172 194
172 196
172 198
172 206
172 210
172 212
172 214
172 222
172 229
172 233
172 236
172 238
172 244
172 246
173 175
173 176
173 177
173 179
173 180
173 182
173 183
173 184
173 185
173 186
173 188
173 191
173 192
173 193
173 195
173 197
173 198
173 199
173 200
173 202
173 203
173 205
173 207
173 212
173 218
173 219
173 222
173 225
173 232
173 234
173 235
173 236
173 238
173 239
173 242
173 246
173 247
174 175
174 177
174 178
174 179
174 180
174 181
174 182
174 185
174 186
174 187
174 188
174 189
174 190
174 192
174 193
174 194
174 198
174 205
174 207
174 209
174 210
174 216
174 218
174 226
174 227
174 229
174 230
174 235
174 238
174 240
174 241
174 242
174 245
174 248
175 179
175 180
175 181
175 182
175 183
175 184
175 186
175 187
175 188
175 189
175 191
175 194
175 195
175 196
175 199
175 200
175 208
175 209
175 210
175 213
175 214
175 215
175 216
175 217
175 219
175 229
175 230
175 233
175 235
175 236
175 239
176 177
176 179
176 180
176 182
176 183
176 186
176 188
176 190
176 192
176 195
176 198
176 199
176 202
176 203
176 204
176 208
176 209
176 210
176 216
176 217
176 224
176 235
176 237
176 244
176 245
177 178
177 181
177 182
177 184
177 186
177 187
177 188
177 189
177 190
177 191
177 192
177 193
177 194
177 195
177 197
177 198
177 199
177 201
177 204
177 206
177 209
177 213
177 215
177 216
177 218
177 219
177 223
177 226
177 229
177 235
177 243
177 244
177 249
178 180
178 181
178 182
178 185
178 186
178 187
178 188
178 190
178 193
178 196
178 200
178 201
178 205
178 206
178 209
178 210
178 219
178 222
178 224
178 225
178 229
178 234
178 235
178 236
178 238
178 239
178 246
179 180
179 182
179 183
179 184
179 185
179 186
179 187
179 188
179 190
179 192
179 194
179 196
179 197
179 198
179 202
179 205
179 206
179 207
179 212
179 215
179 216
179 217
179 221
179 224
179 226
179 230
179 231
179 233
179 235
179 236
179 239
179 241
179 242
180 181
180 182
180 183
180 184
180 185
180 187
180 192
180 194
180 195
180 196
180 197
180 198
180 202
180 210
180 216
180 217
180 219
180 229
180 230
180 237
180 240
180 248
181 182
181 183
181 184
181 185
181 186
181 188
181 190
181 191
181 193
181 195
181 196
181 197
181 198
181 199
181 202
181 203
181 213
181 216
181 219
181 223
181 224
181 226
181 227
181 231
181 234
181 235
181 246
181 248
182 183
182 185
182 186
182 187
182 188
182 190
182 191
182 192
182 193
182 194
182 195
182 197
182 198
182 200
182 202
182 203
182 209
182 212
182 214
182 219
182 220
182 221
182 224
182 225
182 229
182 232
182 233
182 235
182 243
182 244
182 245
182 247
183 184
183 185
183 186
183 187
183 188
183 189
183 190
183 191
183 194
183 195
183 196
183 197
183 199
183 203
183 204
183 206
183 215
183 217
183 220
183 223
183 224
183 225
183 232
183 244
183 247
184 185
184 186
184 187
184 188
184 189
184 190
184 192
184 194
184 195
184 196
184 198
184 199
184 203
184 205
184 211
184 213
184 219
184 220
184 227
184 228
184 232
184 233
184 235
184 239
184 240
184 244
184 246
184 249
185 186
185 188
185 190
185 192
185 193
185 194
185 196
185 197
185 198
185 199
185 200
185 202
185 209
185 210
185 212
185 215
185 216
185 217
185 218
185 219
185 220
185 222
185 230
185 236
185 244
185 247
186 190
186 191
186 192
186 193
186 195
186 197
186 198
186 200
186 201
186 202
186 208
186 210
186 211
186 223
186 224
186 228
186 237
186 242
186 248
186 249
187 188
187 189
187 190
187 191
187 192
187 195
187 196
187 197
187 198
187 199
187 205
187 217
187 222
187 225
187 227
187 235
187 237
187 238
187 240
187 241
188 189
188 191
188 192
188 193
188 194
188 195
188 196
188 198
188 199
188 201
188 202
188 207
188 212
188 214
188 216
188 218
188 220
188 230
188 232
188 234
188 236
189 190
189 192
189 194
189 196
189 197
189 198
189 203
189 204
189 212
189 221
189 224
189 227
189 228
189 236
189 241
189 242
189 243
189 244
189 246
189 248
189 249
190 191
190 192
190 193
190 195
190 197
190 198
190 200
190 204
190 208
190 210
190 212
190 215
190 219
190 225
190 226
190 228
190 231
190 232
190 234
190 240
190 244
190 246
190 248
191 192
191 194
191 195
191 196
191 198
191 199
191 202
191 203
191 205
191 206
191 207
191 210
191 211
191 218
191 219
191 220
191 222
191 224
191 226
191 230
191 232
191 235
191 236
191 238
191 241
191 247
191 248
192 193
192 194
192 195
192 196
192 198
192 199
192 204
192 209
192 211
192 214
192 216
192 217
192 218
192 221
192 225
192 228
192 230
192 233
192 237
192 238
192 241
192 242
192 244
192 246
192 248
192 249
193 194
193 196
193 199
193 202
193 212
193 216
193 217
193 218
193 220
193 222
193 223
193 224
193 225
193 226
193 232
193 236
193 237
193 238
193 240
193 243
193 246
193 247
193 248
193 249
194 196
194 197
194 199
194 200
194 204
194 206
194 208
194 211
194 213
194 217
194 218
194 219
194 222
194 224
194 232
194 236
194 243
194 245
194 248
195 196
195 197
195 198
195 199
195 200
195 203
195 204
195 206
195 207
195 212
195 213
195 218
195 221
195 223
195 226
195 229
195 236
195 238
195 240
195 243
195 245
195 248
196 197
196 198
196 199
196 201
196 202
196 203
196 209
196 220
196 223
196 225
196 226
196 227
196 229
196 230
196 233
196 238
196 240
196 242
196 246
196 249
197 198
197 199
197 209
197 211
197 213
197 214
197 222
197 226
197 227
197 229
197 237
197 239
197 243
197 245
197 247
197 249
198 200
198 204
198 215
198 217
198 219
198 221
198 226
198 230
198 231
198 236
198 239
198 243
198 246
198 247
199 200
199 202
199 206
199 207
199 208
199 209
199 210
199 218
199 220
199 221
199 224
199 225
199 230
199 232
199 238
199 240
199 242
199 244
199 245
199 246
199 247
200 201
200 202
200 203
200 204
200 205
200 206
200 207
200 208
200 209
200 210
200 212
200 214
200 215
200 216
200 217
200 218
200 219
200 220
200 221
200 222
200 223
200 226
200 227
200 229
200 232
200 233
200 235
200 237
200 238
200 239
200 240
200 241
200 242
200 243
200 244
200 245
200 246
200 248
200 249
201 202
201 203
201 204
201 205
201 206
201 208
201 211
201 213
201 214
201 216
201 218
201 219
201 221
201 223
201 225
201 226
201 227
201 228
201 229
201 230
201 231
201 233
201 234
201 235
201 236
201 238
201 239
201 241
201 242
201 243
201 244
201 245
201 249
202 206
202 207
202 208
202 209
202 210
202 211
202 214
202 216
202 219
202 220
202 223
202 224
202 225
202 226
202 227
202 228
202 229
202 230
202 231
202 233
202 234
202 235
202 236
202 237
202 238
202 239
202 240
202 242
202 243
202 245
202 246
202 248
203 204
203 205
203 207
203 208
203 209
203 210
203 211
203 213
203 215
203 216
203 217
203 218
203 219
203 220
203 221
203 222
203 223
203 224
203 227
203 228
203 229
203 230
203 231
203 233
203 234
203 235
203 237
203 238
203 239
203 240
203 241
203 242
203 243
203 246
203 247
203 248
203 249
204 205
204 207
204 208
204 210
204 211
204 212
204 213
204 214
204 215
204 216
204 217
204 218
204 219
204 220
204 223
204 224
204 227
204 229
204 230
204 231
204 232
204 234
204 235
204 237
204 238
204 239
204 240
204 242
204 243
204 244
204 246
204 247
204 248
204 249
205 206
205 208
205 210
205 211
205 212
205 214
205 215
205 216
205 217
205 218
205 220
205 221
205 223
205 226
205 227
205 228
205 229
205 230
205 232
205 233
205 236
205 238
205 239
205 241
205 242
205 243
205 245
205 246
205 247
205 248
205 249
206 207
206 208
206 209
206 210
206 211
206 212
206 216
206 218
206 219
206 220
206 221
206 222
206 224
206 226
206 227
206 228
206 229
206 230
206 231
206 233
206 234
206 235
206 236
206 237
206 238
206 240
206 241
206 244
206 245
206 247
207 209
207 212
207 214
207 220
207 221
207 222
207 223
207 224
207 225
207 226
207 227
207 228
207 231
207 232
207 233
207 234
207 235
207 237
207 238
207 239
207 240
207 241
207 242
207 243
207 245
207 246
207 247
207 249
208 209
208 210
208 212
208 213
208 214
208 215
208 216
208 217
208 219
208 221
208 222
208 223
208 225
208 226
208 230
208 231
208 233
208 234
208 236
208 238
208 239
208 240
208 241
208 242
208 245
208 246
208 249
209 210
209 211
209 214
209 215
209 216
209 217
209 218
209 219
209 220
209 221
209 222
209 225
209 227
209 229
209 230
209 231
209 232
209 236
209 238
209 239
209 241
209 242
209 243
209 244
209 245
209 246
209 247
210 212
210 214
210 215
210 216
210 221
210 222
210 224
210 226
210 228
210 229
210 231
210 232
210 233
210 234
210 235
210 236
210 237
210 238
210 240
210 241
210 242
210 243
210 244
210 245
210 247
210 249
211 214
211 215
211 216
211 217
211 218
211 219
211 221
211 222
211 223
211 224
211 225
211 226
211 227
211 229
211 232
211 234
211 235
211 236
211 238
211 239
211 240
211 241
211 242
211 243
211 245
211 247
211 248
211 249
212 213
212 215
212 216
212 218
212 219
212 220
212 223
212 224
212 225
212 227
212 228
212 230
212 232
212 233
212 234
212 235
212 236
212 237
212 238
212 239
212 240
212 241
212 244
212 245
212 246
212 247
212 248
212 249
213 214
213 215
213 216
213 218
213 219
213 220
213 222
213 223
213 224
213 225
213 227
213 228
213 229
213 230
213 233
213 234
213 237
213 238
213 240
213 241
213 244
213 245
213 246
213 247
214 215
214 217
214 218
214 219
214 220
214 221
214 222
214 223
214 224
214 225
214 226
214 228
214 231
214 232
214 233
214 234
214 235
214 236
214 237
214 238
214 239
214 240
214 241
214 242
214 243
214 244
214 245
214 247
214 248
214 249
215 217
215 220
215 222
215 223
215 224
215 225
215 227
215 229
215 230
215 232
215 234
215 235
215 236
215 237
215 238
215 239
215 240
215 241
215 246
215 247
215 248
215 249
216 217
216 219
216 222
216 223
216 224
216 225
216 226
216 228
216 230
216 231
216 232
216 233
216 234
216 235
216 237
216 240
216 241
216 244
216 245
216 248
216 249
217 218
217 220
217 221
217 225
217 228
217 230
217 233
217 234
217 235
217 236
217 237
217 238
217 239
217 240
217 241
217 243
217 244
217 245
217 247
217 248
217 249
218 220
218 221
218 222
218 223
218 224
218 225
218 226
218 227
218 228
218 230
218 233
218 235
218 236
218 237
218 238
218 240
218 241
218 244
218 245
218 246
218 249
219 220
219 223
219 225
219 226
219 227
219 228
219 229
219 230
219 231
219 232
219 234
219 235
219 236
219 237
219 241
219 242
219 243
219 244
219 245
219 247
219 248
219 249
220 221
220 222
220 223
220 224
220 226
220 228
220 229
220 230
220 231
220 232
220 233
220 235
220 236
220 237
220 238
220 240
220 241
220 242
220 243
220 246
220 247
220 248
220 249
221 222
221 223
221 224
221 225
221 226
221 227
221 228
221 229
221 230
221 231
221 232
221 235
221 237
221 239
221 240
221 241
221 243
221 244
221 245
221 246
221 247
222 223
222 224
222 225
222 226
222 227
222 228
222 229
222 230
222 231
222 232
222 233
222 234
222 235
222 236
222 239
222 241
222 242
222 247
223 224
223 225
223 227
223 228
223 229
223 230
223 232
223 234
223 235
223 236
223 237
223 239
223 241
223 242
223 243
223 244
223 245
223 247
223 248
223 249
224 225
224 226
224 227
224 228
224 229
224 230
224 232
224 234
224 235
224 236
224 238
224 240
224 243
224 245
224 246
224 248
225 227
225 228
225 229
225 231
225 232
225 233
225 234
225 235
225 236
225 237
225 238
225 240
225 241
225 242
225 243
225 245
225 246
225 247
225 249
226 228
226 231
226 232
226 234
226 235
226 236
226 237
226 239
226 240
226 241
226 243
226 244
226 245
226 246
226 247
226 248
226 249
227 228
227 230
227 231
227 232
227 233
227 235
227 236
227 237
227 238
227 240
227 243
227 244
227 245
227 246
227 248
228 229
228 230
228 231
228 232
228 233
228 234
228 236
228 237
228 238
228 239
228 241
228 243
228 244
228 245
228 247
229 230
229 231
229 232
229 233
229 234
229 235
229 237
229 238
229 239
229 240
229 241
229 242
229 243
229 245
229 246
229 247
229 249
230 231
230 234
230 236
230 237
230 239
230 240
230 241
230 243
230 244
230 246
230 247
230 248
231 233
231 234
231 235
231 236
231 238
231 239
231 240
231 241
231 242
231 243
231 245
231 246
231 247
231 248
231 249
232 233
232 234
232 235
232 237
232 239
232 240
232 241
232 243
232 244
232 245
232 246
232 247
232 248
233 238
233 240
233 244
233 245
233 246
233 249
234 236
234 237
234 239
234 240
234 241
234 242
234 243
234 244
234 245
234 246
234 248
235 236
235 237
235 239
235 240
235 243
235 245
235 247
235 249
236 237
236 238
236 240
236 241
236 242
236 243
236 246
236 247
236 248
236 249
237 238
237 239
237 240
237 241
237 242
237 243
237 244
237 245
237 248
237 249
238 239
238 241
238 242
238 243
238 244
238 246
238 249
239 240
239 242
239 244
239 246
239 247
239 249
240 243
240 244
240 245
240 246
240 248
240 249
241 246
241 247
241 248
242 243
242 244
242 245
242 246
242 247
243 244
243 246
243 247
243 248
243 249
244 246
244 247
244 248
244 249
245 246
245 247
246 247
246 249
247 248
248 249
