0 1
0 2
0 3
0 4
0 5
0 6
0 7
0 8
0 12
0 13
0 15
0 16
0 17
0 19
0 21
0 22
0 23
0 25
0 26
0 27
0 28
0 29
0 30
0 31
0 32
0 33
0 34
0 35
0 36
0 37
0 39
0 40
0 41
0 42
0 43
0 44
0 45
0 46
0 47
0 48
0 49
0 61
0 69
0 99
0 132
0 136
0 139
0 145
0 107
0 120
0 170
0 224
0 226
0 232
0 242
1 2
1 3
1 4
1 5
1 7
1 8
1 9
1 10
1 11
1 12
1 13
1 15
1 16
1 17
1 18
1 19
1 20
1 22
1 23
1 25
1 27
1 28
1 29
1 34
1 35
1 38
1 39
1 40
1 41
1 43
1 45
1 47
1 48
1 49
1 66
1 67
1 76
1 79
1 80
1 86
1 95
1 131
1 142
1 145
1 114
1 116
1 177
1 178
1 201
1 214
1 243
2 3
2 4
2 5
2 6
2 7
2 9
2 10
2 16
2 17
2 18
2 19
2 20
2 21
2 22
2 23
2 26
2 28
2 30
2 33
2 35
2 36
2 37
2 38
2 39
2 40
2 41
2 42
2 43
2 44
2 45
2 46
2 47
2 48
2 57
2 81
2 91
2 94
2 131
2 147
2 103
2 153
2 179
2 202
3 4
3 5
3 6
3 8
3 10
3 11
3 12
3 13
3 14
3 15
3 16
3 17
3 18
3 20
3 21
3 25
3 26
3 28
3 29
3 30
3 33
3 37
3 38
3 40
3 41
3 42
3 44
3 45
3 46
3 47
3 63
3 79
3 83
3 132
3 137
3 124
3 154
3 164
3 206
3 226
3 230
3 237
4 5
4 8
4 9
4 10
4 11
4 12
4 13
4 14
4 15
4 18
4 19
4 20
4 21
4 22
4 23
4 24
4 26
4 28
4 29
4 30
4 32
4 33
4 34
4 35
4 37
4 38
4 39
4 40
4 41
4 43
4 44
4 45
4 47
4 48
4 49
4 63
4 69
4 93
4 148
4 118
4 175
4 245
5 6
5 8
5 10
5 11
5 12
5 13
5 14
5 15
5 16
5 17
5 19
5 20
5 21
5 23
5 26
5 27
5 28
5 31
5 33
5 34
5 36
5 37
5 38
5 39
5 41
5 43
5 45
5 46
5 48
5 49
5 122
5 150
5 164
5 170
5 175
5 185
5 188
6 7
6 9
6 10
6 11
6 13
6 14
6 16
6 17
6 20
6 21
6 22
6 23
6 24
6 25
6 28
6 32
6 34
6 38
6 40
6 41
6 42
6 43
6 44
6 45
6 46
6 47
6 48
6 58
6 89
6 97
6 130
6 142
6 144
6 105
6 160
6 194
6 220
6 226
7 8
7 11
7 16
7 19
7 21
7 23
7 24
7 25
7 27
7 29
7 31
7 32
7 34
7 35
7 36
7 37
7 38
7 39
7 43
7 45
7 46
7 47
7 48
7 49
7 71
7 138
7 145
7 155
7 158
7 189
7 242
7 247
8 10
8 11
8 12
8 13
8 14
8 15
8 16
8 17
8 18
8 20
8 22
8 23
8 24
8 25
8 26
8 28
8 30
8 31
8 34
8 35
8 36
8 37
8 39
8 42
8 43
8 46
8 47
8 48
8 78
8 93
8 102
8 127
8 165
8 173
8 195
8 219
9 11
9 13
9 15
9 16
9 17
9 18
9 19
9 21
9 23
9 25
9 26
9 27
9 28
9 29
9 30
9 31
9 32
9 33
9 34
9 35
9 36
9 39
9 40
9 41
9 42
9 43
9 44
9 45
9 47
9 49
9 55
9 67
9 91
9 131
9 138
9 112
9 114
9 161
9 172
9 180
9 204
9 249
10 12
10 13
10 14
10 16
10 17
10 18
10 19
10 20
10 21
10 22
10 23
10 24
10 25
10 26
10 27
10 29
10 30
10 32
10 33
10 34
10 35
10 38
10 39
10 41
10 42
10 46
10 49
10 62
10 75
10 129
10 113
10 160
10 174
10 179
10 184
10 185
10 215
10 229
10 237
11 13
11 15
11 16
11 17
11 20
11 21
11 22
11 23
11 27
11 28
11 30
11 31
11 33
11 34
11 36
11 37
11 43
11 45
11 46
11 47
11 48
11 49
11 81
11 84
11 148
11 116
11 125
11 127
11 162
11 165
11 232
12 13
12 17
12 19
12 21
12 22
12 24
12 26
12 27
12 28
12 29
12 30
12 31
12 32
12 34
12 35
12 36
12 37
12 38
12 39
12 40
12 41
12 42
12 44
12 45
12 46
12 47
12 48
12 49
12 59
12 70
12 132
12 100
12 106
12 117
12 152
12 173
12 233
12 236
13 14
13 15
13 16
13 17
13 18
13 20
13 21
13 22
13 23
13 24
13 25
13 26
13 27
13 28
13 30
13 32
13 33
13 35
13 37
13 38
13 39
13 40
13 41
13 42
13 44
13 45
13 46
13 47
13 75
13 86
13 147
13 230
13 235
14 17
14 18
14 19
14 20
14 21
14 22
14 23
14 24
14 25
14 27
14 30
14 31
14 32
14 33
14 34
14 35
14 36
14 37
14 39
14 43
14 45
14 46
14 47
14 142
14 143
14 117
14 120
14 121
14 172
14 185
14 196
14 206
14 229
14 244
15 16
15 18
15 21
15 23
15 24
15 26
15 28
15 29
15 30
15 33
15 34
15 37
15 38
15 39
15 40
15 41
15 42
15 43
15 44
15 45
15 47
15 55
15 57
15 63
15 137
15 104
15 127
15 160
15 186
15 198
15 243
15 246
16 17
16 18
16 19
16 21
16 26
16 27
16 28
16 29
16 30
16 31
16 32
16 34
16 35
16 37
16 39
16 40
16 42
16 43
16 44
16 48
16 49
16 90
16 96
16 98
16 157
16 176
16 187
16 199
16 208
16 214
17 18
17 20
17 22
17 23
17 24
17 25
17 26
17 27
17 28
17 31
17 32
17 34
17 36
17 37
17 38
17 39
17 40
17 42
17 43
17 45
17 47
17 48
17 49
17 93
17 129
17 120
17 154
17 179
17 186
17 197
17 200
18 19
18 21
18 22
18 23
18 24
18 25
18 26
18 27
18 28
18 31
18 32
18 33
18 35
18 36
18 37
18 38
18 40
18 41
18 42
18 43
18 44
18 45
18 46
18 47
18 48
18 97
18 111
18 119
18 125
18 160
18 164
18 179
18 210
18 217
18 219
19 22
19 23
19 24
19 25
19 27
19 28
19 29
19 30
19 32
19 33
19 34
19 35
19 38
19 39
19 42
19 43
19 44
19 45
19 46
19 94
19 154
19 159
19 168
19 199
19 223
19 244
20 21
20 22
20 23
20 24
20 25
20 26
20 28
20 29
20 32
20 33
20 34
20 35
20 36
20 37
20 38
20 39
20 40
20 41
20 42
20 43
20 45
20 46
20 47
20 48
20 49
20 56
20 65
20 131
20 105
20 107
20 160
20 173
20 195
20 205
20 217
20 222
20 244
20 247
21 22
21 23
21 25
21 26
21 27
21 28
21 29
21 30
21 31
21 34
21 35
21 36
21 37
21 39
21 40
21 42
21 44
21 45
21 47
21 48
21 49
21 64
21 80
21 125
21 155
21 157
21 159
21 163
21 203
21 226
21 236
22 23
22 24
22 26
22 27
22 29
22 30
22 31
22 32
22 34
22 35
22 37
22 38
22 42
22 43
22 44
22 46
22 47
22 48
22 77
22 90
22 132
22 205
22 206
22 217
22 229
22 244
23 24
23 25
23 26
23 27
23 28
23 29
23 30
23 31
23 32
23 35
23 36
23 37
23 38
23 40
23 41
23 43
23 45
23 46
23 47
23 48
23 49
23 73
23 87
23 147
23 157
23 173
23 185
23 193
23 223
24 25
24 26
24 28
24 29
24 30
24 31
24 32
24 33
24 34
24 35
24 38
24 39
24 40
24 42
24 43
24 45
24 46
24 48
24 49
24 52
24 93
24 130
24 134
24 135
24 126
24 170
24 198
24 209
24 214
24 243
24 244
24 246
25 26
25 28
25 29
25 30
25 31
25 33
25 34
25 36
25 37
25 39
25 40
25 42
25 43
25 45
25 46
25 47
25 49
25 52
25 61
25 65
25 73
25 79
25 99
25 195
25 202
25 223
25 226
25 227
25 247
26 27
26 28
26 31
26 33
26 35
26 38
26 40
26 41
26 43
26 44
26 45
26 46
26 47
26 48
26 49
26 82
26 86
26 104
26 177
26 204
27 28
27 29
27 30
27 31
27 32
27 33
27 34
27 35
27 36
27 38
27 39
27 40
27 41
27 42
27 43
27 44
27 46
27 48
27 67
27 68
27 73
27 145
27 102
27 152
27 194
27 214
27 216
28 29
28 30
28 33
28 35
28 36
28 37
28 38
28 40
28 42
28 45
28 46
28 47
28 48
28 49
28 99
28 130
28 142
28 147
28 121
28 161
28 205
28 208
28 209
28 231
28 244
29 31
29 32
29 33
29 34
29 35
29 36
29 37
29 38
29 41
29 43
29 44
29 45
29 46
29 47
29 48
29 65
29 129
29 130
29 176
29 197
29 210
29 247
30 32
30 33
30 35
30 36
30 37
30 38
30 40
30 41
30 44
30 46
30 47
30 49
30 63
30 80
30 82
30 93
30 132
30 140
30 105
30 123
30 126
30 150
30 163
30 170
30 190
30 198
30 199
30 209
30 232
31 37
31 39
31 41
31 42
31 43
31 44
31 45
31 46
31 47
31 48
31 49
31 57
31 59
31 90
31 131
31 121
31 154
31 193
31 198
31 200
31 206
31 211
31 223
31 231
31 238
32 33
32 34
32 36
32 37
32 38
32 40
32 41
32 43
32 44
32 45
32 46
32 47
32 49
32 58
32 74
32 84
32 130
32 101
32 117
32 124
32 175
32 183
32 201
33 35
33 37
33 38
33 39
33 40
33 41
33 42
33 43
33 44
33 45
33 47
33 49
33 66
33 68
33 98
33 133
33 112
33 180
33 220
33 248
34 35
34 37
34 38
34 42
34 43
34 44
34 45
34 46
34 47
34 53
34 57
34 76
34 123
34 156
34 160
34 197
34 198
34 248
35 36
35 37
35 38
35 39
35 40
35 41
35 43
35 44
35 48
35 67
35 83
35 94
35 153
35 187
35 234
35 237
36 37
36 38
36 39
36 40
36 42
36 43
36 44
36 47
36 49
36 83
36 95
36 99
36 150
36 197
36 233
36 239
36 240
37 38
37 39
37 40
37 42
37 44
37 45
37 46
37 47
37 48
37 49
37 95
37 107
37 124
37 151
37 166
37 242
38 40
38 41
38 42
38 44
38 46
38 47
38 48
38 49
38 58
38 61
38 62
38 100
38 115
38 155
38 173
38 210
38 211
39 40
39 42
39 43
39 44
39 45
39 46
39 80
39 145
39 100
39 117
39 190
39 214
39 237
40 41
40 42
40 45
40 48
40 49
40 53
40 65
40 71
40 99
40 136
40 109
40 161
40 185
40 214
40 218
41 42
41 46
41 47
41 49
41 71
41 135
41 143
41 102
41 106
41 107
41 171
41 178
41 183
41 209
41 220
41 239
42 43
42 44
42 45
42 46
42 48
42 49
42 71
42 143
42 118
42 196
42 199
42 203
42 206
43 44
43 45
43 46
43 47
43 48
43 49
43 73
43 132
43 135
43 107
43 113
43 154
43 169
43 193
44 45
44 46
44 47
44 48
44 49
44 53
44 61
44 134
44 148
44 103
44 110
44 171
44 172
44 177
44 208
44 229
44 237
44 239
44 240
45 46
45 47
45 48
45 49
45 52
45 53
45 130
45 113
45 159
45 171
45 173
45 195
45 212
45 224
45 234
45 240
46 47
46 48
46 49
46 78
46 88
46 129
46 104
46 110
46 112
46 150
46 179
46 241
47 48
47 53
47 86
47 96
47 133
47 148
47 103
47 164
47 183
47 184
47 196
47 197
47 216
47 225
47 236
48 49
48 59
48 83
48 103
48 106
48 117
48 179
48 197
48 206
48 222
48 236
49 85
49 101
49 102
49 111
49 159
49 165
49 182
49 217
49 230
49 233
50 51
50 52
50 53
50 55
50 56
50 58
50 59
50 60
50 61
50 64
50 65
50 66
50 67
50 68
50 73
50 74
50 75
50 76
50 79
50 80
50 82
50 85
50 86
50 87
50 88
50 90
50 91
50 92
50 93
50 98
50 99
50 134
50 139
50 145
50 100
50 122
50 151
50 175
50 226
51 52
51 53
51 54
51 55
51 56
51 57
51 58
51 59
51 61
51 62
51 63
51 64
51 65
51 67
51 68
51 69
51 70
51 73
51 74
51 75
51 76
51 77
51 78
51 81
51 83
51 84
51 85
51 87
51 88
51 90
51 91
51 92
51 93
51 97
51 134
51 105
51 109
51 115
51 123
51 168
51 176
51 182
51 203
51 204
51 207
51 223
52 53
52 54
52 56
52 58
52 59
52 60
52 62
52 64
52 65
52 66
52 68
52 70
52 71
52 72
52 74
52 75
52 77
52 79
52 80
52 82
52 85
52 86
52 87
52 89
52 90
52 91
52 92
52 94
52 96
52 98
52 99
52 130
52 145
52 100
52 116
52 126
52 169
52 173
52 181
52 230
53 55
53 56
53 57
53 58
53 59
53 60
53 61
53 62
53 63
53 64
53 65
53 66
53 67
53 68
53 69
53 72
53 73
53 74
53 75
53 78
53 81
53 83
53 84
53 85
53 86
53 89
53 90
53 91
53 92
53 93
53 97
53 98
53 106
53 108
53 119
53 157
53 165
53 180
53 182
53 219
53 241
54 55
54 56
54 57
54 58
54 60
54 62
54 65
54 66
54 68
54 69
54 70
54 71
54 72
54 73
54 74
54 75
54 77
54 78
54 79
54 80
54 81
54 82
54 83
54 84
54 86
54 88
54 89
54 90
54 91
54 92
54 94
54 95
54 96
54 97
54 98
54 131
54 142
54 107
54 126
54 168
54 170
54 175
54 189
54 224
54 237
54 245
55 56
55 57
55 58
55 61
55 63
55 65
55 69
55 70
55 72
55 73
55 75
55 76
55 77
55 80
55 81
55 83
55 84
55 86
55 88
55 90
55 91
55 92
55 94
55 96
55 98
55 99
55 142
55 154
55 173
55 185
55 190
55 201
55 249
56 57
56 58
56 59
56 60
56 61
56 63
56 64
56 66
56 67
56 68
56 69
56 70
56 71
56 72
56 73
56 74
56 77
56 82
56 83
56 85
56 87
56 88
56 89
56 91
56 92
56 93
56 94
56 95
56 97
56 98
56 99
56 147
56 149
56 102
56 106
56 112
56 126
56 214
56 219
56 234
56 239
57 58
57 59
57 60
57 61
57 62
57 63
57 64
57 65
57 68
57 70
57 71
57 72
57 73
57 74
57 76
57 77
57 78
57 79
57 80
57 81
57 82
57 83
57 85
57 86
57 89
57 90
57 91
57 92
57 93
57 128
57 133
57 106
57 198
57 211
57 225
57 245
58 59
58 61
58 62
58 63
58 64
58 66
58 68
58 69
58 70
58 72
58 73
58 74
58 75
58 76
58 78
58 79
58 80
58 81
58 83
58 84
58 85
58 87
58 88
58 89
58 92
58 94
58 95
58 96
58 97
58 98
58 99
58 104
58 180
58 185
58 199
58 200
58 217
58 233
59 60
59 61
59 62
59 63
59 65
59 66
59 67
59 70
59 71
59 72
59 73
59 74
59 75
59 76
59 78
59 79
59 83
59 84
59 86
59 87
59 88
59 89
59 90
59 92
59 94
59 95
59 96
59 97
59 145
59 117
59 123
59 158
59 170
59 178
60 63
60 64
60 65
60 66
60 67
60 68
60 69
60 71
60 72
60 73
60 74
60 75
60 76
60 77
60 78
60 79
60 81
60 82
60 84
60 85
60 86
60 87
60 88
60 89
60 91
60 92
60 94
60 95
60 97
60 98
60 99
60 140
60 145
60 111
60 120
60 124
60 127
60 152
60 154
60 170
60 192
60 212
60 225
61 63
61 65
61 66
61 67
61 68
61 69
61 71
61 73
61 74
61 75
61 76
61 78
61 79
61 80
61 81
61 82
61 85
61 86
61 87
61 89
61 90
61 94
61 95
61 97
61 98
61 99
61 119
61 152
61 155
61 180
61 205
61 236
61 241
62 63
62 64
62 65
62 66
62 68
62 70
62 71
62 76
62 77
62 78
62 80
62 81
62 82
62 83
62 84
62 85
62 86
62 87
62 88
62 89
62 90
62 91
62 93
62 96
62 97
62 98
62 137
62 123
62 198
62 204
62 228
63 65
63 67
63 68
63 69
63 70
63 71
63 73
63 75
63 76
63 77
63 78
63 79
63 80
63 82
63 83
63 84
63 85
63 86
63 87
63 88
63 89
63 92
63 94
63 95
63 98
63 99
63 147
63 100
63 162
63 195
63 198
63 199
63 214
63 222
63 242
63 243
64 65
64 66
64 67
64 68
64 69
64 71
64 72
64 73
64 74
64 75
64 76
64 77
64 78
64 79
64 80
64 82
64 83
64 84
64 85
64 88
64 91
64 92
64 93
64 94
64 95
64 96
64 97
64 98
64 99
64 136
64 139
64 104
64 151
64 164
64 210
64 228
64 233
64 236
64 238
65 66
65 67
65 68
65 69
65 70
65 72
65 74
65 75
65 76
65 77
65 78
65 79
65 80
65 81
65 82
65 83
65 84
65 85
65 86
65 87
65 88
65 90
65 91
65 93
65 94
65 95
65 98
65 99
65 145
65 118
65 121
65 211
66 69
66 71
66 72
66 73
66 74
66 78
66 79
66 80
66 81
66 83
66 84
66 85
66 86
66 87
66 88
66 90
66 92
66 94
66 99
66 109
66 114
66 152
66 160
66 187
66 225
66 228
67 68
67 69
67 72
67 73
67 74
67 75
67 77
67 78
67 79
67 80
67 81
67 83
67 84
67 88
67 89
67 90
67 91
67 92
67 93
67 95
67 96
67 98
67 101
67 110
67 117
67 224
67 225
67 240
67 241
68 69
68 70
68 71
68 72
68 73
68 74
68 75
68 76
68 77
68 79
68 80
68 81
68 84
68 86
68 87
68 88
68 89
68 90
68 91
68 93
68 94
68 96
68 128
68 141
68 125
68 173
68 221
68 222
69 70
69 71
69 72
69 73
69 77
69 80
69 82
69 83
69 85
69 87
69 88
69 89
69 91
69 92
69 93
69 94
69 96
69 97
69 98
69 99
69 128
69 140
69 100
69 122
69 169
69 190
69 198
69 210
69 214
69 230
70 71
70 72
70 73
70 74
70 75
70 76
70 77
70 79
70 80
70 81
70 83
70 84
70 85
70 87
70 89
70 92
70 93
70 95
70 96
70 97
70 147
70 109
70 120
70 154
70 176
70 181
70 183
70 184
70 186
70 211
70 215
70 218
70 222
70 225
70 229
71 72
71 73
71 75
71 76
71 78
71 79
71 81
71 82
71 85
71 86
71 89
71 90
71 92
71 93
71 94
71 95
71 96
71 97
71 98
71 99
71 149
71 101
71 151
71 177
71 178
71 185
71 189
72 74
72 75
72 76
72 77
72 78
72 81
72 83
72 84
72 87
72 88
72 89
72 90
72 91
72 92
72 94
72 98
72 99
72 119
72 125
72 164
72 175
72 198
72 216
72 243
72 245
73 75
73 77
73 78
73 79
73 80
73 82
73 83
73 86
73 87
73 88
73 90
73 91
73 92
73 94
73 95
73 97
73 98
73 99
73 140
73 124
73 180
73 185
73 188
73 194
73 230
74 75
74 76
74 77
74 80
74 81
74 82
74 86
74 87
74 88
74 89
74 91
74 92
74 93
74 94
74 95
74 96
74 97
74 158
74 185
74 208
74 212
74 232
74 239
75 76
75 77
75 79
75 80
75 81
75 82
75 83
75 84
75 85
75 86
75 88
75 89
75 93
75 95
75 96
75 97
75 147
75 149
75 109
75 114
75 179
75 186
75 225
75 229
75 233
75 235
75 238
76 77
76 78
76 79
76 81
76 82
76 83
76 85
76 86
76 87
76 88
76 89
76 90
76 91
76 94
76 95
76 96
76 97
76 98
76 99
76 135
76 138
76 141
76 151
76 161
76 226
77 78
77 81
77 82
77 85
77 86
77 87
77 88
77 89
77 91
77 92
77 93
77 94
77 95
77 96
77 98
77 132
77 117
77 156
77 192
77 226
77 232
78 79
78 80
78 82
78 84
78 85
78 86
78 87
78 88
78 89
78 90
78 92
78 94
78 95
78 97
78 98
78 99
78 136
78 142
78 108
78 110
78 122
78 157
78 167
78 172
78 180
78 207
78 238
78 247
79 80
79 81
79 83
79 84
79 86
79 88
79 89
79 90
79 92
79 93
79 95
79 96
79 97
79 99
79 137
79 139
79 156
79 206
79 227
80 81
80 82
80 83
80 84
80 85
80 86
80 87
80 89
80 91
80 92
80 94
80 95
80 96
80 98
80 160
80 182
80 199
80 230
81 82
81 83
81 84
81 86
81 87
81 88
81 90
81 91
81 93
81 94
81 95
81 96
81 97
81 98
81 99
81 130
81 141
81 102
81 155
81 233
82 84
82 85
82 86
82 87
82 88
82 90
82 93
82 94
82 95
82 96
82 97
82 98
82 99
82 101
82 103
82 209
82 215
82 246
83 86
83 87
83 88
83 89
83 93
83 94
83 96
83 97
83 98
83 99
83 129
83 154
83 159
83 160
83 226
84 85
84 86
84 88
84 90
84 92
84 93
84 94
84 95
84 96
84 97
84 99
84 132
84 113
84 160
84 173
84 205
84 209
84 221
85 86
85 87
85 88
85 89
85 91
85 93
85 94
85 97
85 98
85 99
85 142
85 114
85 165
85 211
85 213
85 228
86 88
86 89
86 90
86 93
86 94
86 95
86 96
86 97
86 98
86 99
86 134
86 108
86 113
86 114
86 121
86 157
86 232
87 89
87 91
87 93
87 94
87 95
87 98
87 99
87 162
87 187
87 228
87 242
87 244
87 245
88 89
88 91
88 92
88 93
88 94
88 95
88 97
88 99
88 129
88 130
88 136
88 144
88 102
88 112
88 113
88 154
88 159
88 165
88 173
88 220
88 223
89 90
89 91
89 93
89 95
89 97
89 99
89 130
89 135
89 140
89 109
89 111
89 183
89 201
89 205
89 208
89 216
89 219
89 226
89 237
90 93
90 94
90 95
90 96
90 98
90 99
90 145
90 111
90 119
90 162
90 174
90 211
90 217
90 224
90 225
91 94
91 96
91 97
91 98
91 99
91 132
91 141
91 112
91 188
91 217
92 93
92 94
92 95
92 96
92 97
92 124
92 194
92 217
92 240
93 95
93 96
93 97
93 99
93 144
93 147
93 111
93 119
93 121
93 152
93 170
93 171
93 212
93 214
93 221
93 227
93 237
93 243
93 248
94 95
94 96
94 97
94 110
94 173
94 185
94 243
94 248
95 97
95 98
95 120
95 157
95 171
95 206
95 226
96 98
96 99
96 112
96 114
96 204
96 244
97 99
97 139
97 143
97 146
97 113
97 124
97 125
97 150
97 157
97 183
97 206
97 208
97 219
97 228
98 99
98 109
98 116
98 117
98 199
98 203
98 249
99 117
99 201
99 228
128 130
128 131
128 132
128 136
128 137
128 138
128 139
128 141
128 143
128 145
128 146
128 147
128 100
128 101
128 102
128 103
128 105
128 106
128 109
128 110
128 111
128 112
128 113
128 115
128 116
128 117
128 118
128 120
128 121
128 122
128 123
128 124
128 126
128 127
128 223
128 236
129 131
129 132
129 134
129 135
129 136
129 137
129 141
129 143
129 144
129 147
129 100
129 101
129 102
129 103
129 104
129 105
129 106
129 107
129 108
129 109
129 112
129 114
129 115
129 116
129 118
129 119
129 120
129 121
129 123
129 124
129 125
129 126
129 170
129 184
129 216
129 218
129 245
129 246
130 131
130 132
130 134
130 135
130 139
130 140
130 141
130 142
130 143
130 145
130 146
130 149
130 100
130 101
130 102
130 103
130 105
130 106
130 108
130 109
130 110
130 111
130 112
130 115
130 116
130 117
130 119
130 120
130 124
130 168
130 189
130 193
130 235
130 246
131 132
131 133
131 134
131 138
131 140
131 142
131 143
131 144
131 145
131 146
131 147
131 100
131 101
131 102
131 103
131 104
131 105
131 107
131 109
131 110
131 111
131 112
131 113
131 114
131 115
131 117
131 118
131 119
131 120
131 121
131 123
131 125
131 126
131 127
131 186
131 197
131 202
132 133
132 134
132 135
132 136
132 139
132 141
132 142
132 143
132 144
132 145
132 148
132 100
132 101
132 103
132 104
132 106
132 107
132 108
132 109
132 110
132 112
132 114
132 115
132 116
132 117
132 118
132 120
132 121
132 123
132 125
132 126
132 168
132 187
132 195
132 198
132 203
132 243
133 134
133 135
133 136
133 138
133 139
133 143
133 144
133 145
133 147
133 149
133 100
133 102
133 103
133 104
133 105
133 106
133 109
133 110
133 112
133 113
133 114
133 115
133 116
133 117
133 118
133 120
133 121
133 122
133 123
133 124
133 125
133 126
133 159
133 165
133 168
133 224
133 226
133 245
134 135
134 136
134 137
134 138
134 140
134 142
134 143
134 144
134 145
134 147
134 148
134 149
134 102
134 105
134 106
134 107
134 108
134 109
134 110
134 113
134 114
134 115
134 116
134 117
134 118
134 120
134 122
134 124
134 125
134 127
134 189
134 195
134 204
134 217
134 220
135 136
135 138
135 140
135 141
135 142
135 143
135 144
135 145
135 148
135 149
135 100
135 101
135 102
135 103
135 104
135 105
135 106
135 109
135 110
135 111
135 112
135 113
135 114
135 115
135 118
135 119
135 121
135 123
135 126
135 184
135 190
135 198
135 201
135 203
135 214
135 217
135 228
136 141
136 146
136 147
136 148
136 149
136 100
136 101
136 102
136 104
136 105
136 106
136 107
136 108
136 109
136 110
136 111
136 112
136 113
136 115
136 116
136 117
136 118
136 119
136 120
136 121
136 122
136 124
136 126
136 151
136 170
136 178
136 214
136 230
137 138
137 139
137 140
137 142
137 146
137 147
137 148
137 149
137 100
137 102
137 104
137 105
137 106
137 108
137 110
137 111
137 112
137 113
137 114
137 116
137 117
137 118
137 121
137 122
137 123
137 124
137 126
137 127
137 165
138 139
138 140
138 142
138 143
138 144
138 145
138 146
138 147
138 100
138 101
138 103
138 107
138 108
138 109
138 111
138 112
138 114
138 116
138 118
138 119
138 121
138 123
138 124
138 125
138 126
138 156
138 169
138 204
138 218
138 219
138 222
138 246
138 249
139 140
139 141
139 142
139 143
139 145
139 146
139 147
139 148
139 149
139 100
139 101
139 102
139 103
139 105
139 107
139 108
139 109
139 112
139 113
139 116
139 117
139 118
139 119
139 120
139 121
139 122
139 123
139 124
139 125
139 126
139 154
139 168
139 177
139 203
139 213
139 219
139 243
140 141
140 143
140 144
140 146
140 147
140 148
140 149
140 100
140 102
140 104
140 106
140 107
140 108
140 109
140 110
140 111
140 112
140 113
140 114
140 115
140 116
140 117
140 118
140 120
140 122
140 123
140 124
140 126
140 127
140 161
140 168
140 173
140 182
140 183
140 188
140 193
140 205
140 222
141 142
141 144
141 145
141 146
141 147
141 148
141 101
141 103
141 104
141 105
141 106
141 108
141 109
141 110
141 113
141 114
141 117
141 118
141 119
141 120
141 121
141 123
141 124
141 125
141 126
141 127
141 170
141 175
141 194
141 210
141 216
141 235
142 143
142 146
142 149
142 100
142 101
142 103
142 104
142 106
142 107
142 108
142 109
142 111
142 112
142 113
142 114
142 115
142 116
142 117
142 118
142 119
142 120
142 121
142 122
142 123
142 124
142 125
142 153
142 188
142 191
142 221
143 144
143 146
143 148
143 149
143 100
143 102
143 103
143 104
143 105
143 106
143 107
143 110
143 111
143 112
143 114
143 115
143 116
143 121
143 122
143 123
143 124
143 125
143 126
143 127
143 151
143 152
143 157
143 162
143 197
143 208
144 147
144 148
144 100
144 101
144 103
144 104
144 105
144 106
144 107
144 109
144 110
144 111
144 112
144 113
144 114
144 115
144 116
144 117
144 118
144 121
144 123
144 125
144 126
144 166
144 191
144 193
144 224
145 146
145 147
145 148
145 101
145 102
145 103
145 105
145 106
145 107
145 108
145 109
145 110
145 111
145 112
145 114
145 115
145 117
145 118
145 120
145 121
145 122
145 126
145 162
145 185
145 240
146 147
146 148
146 149
146 100
146 101
146 102
146 104
146 105
146 106
146 107
146 108
146 109
146 110
146 113
146 115
146 116
146 117
146 119
146 120
146 121
146 122
146 123
146 124
146 125
146 126
146 163
146 209
147 149
147 101
147 102
147 104
147 105
147 106
147 108
147 110
147 111
147 113
147 115
147 117
147 119
147 120
147 122
147 123
147 124
147 125
147 126
147 127
147 231
147 234
148 149
148 100
148 102
148 104
148 106
148 107
148 108
148 110
148 116
148 117
148 118
148 119
148 120
148 121
148 122
148 123
148 125
148 126
148 127
148 157
148 161
148 174
148 195
148 225
148 229
148 236
149 101
149 102
149 103
149 104
149 105
149 107
149 108
149 109
149 110
149 111
149 112
149 113
149 114
149 115
149 116
149 117
149 119
149 122
149 123
149 124
149 125
149 162
149 186
149 194
149 210
149 217
100 101
100 102
100 104
100 105
100 106
100 107
100 108
100 109
100 110
100 111
100 112
100 113
100 114
100 116
100 119
100 120
100 121
100 123
100 124
100 125
100 126
100 127
100 157
100 215
101 102
101 103
101 104
101 105
101 106
101 107
101 108
101 109
101 110
101 112
101 113
101 114
101 115
101 116
101 117
101 119
101 121
101 124
101 125
101 126
101 188
101 201
101 237
101 239
102 104
102 105
102 106
102 107
102 108
102 110
102 114
102 115
102 117
102 119
102 121
102 122
102 124
102 125
102 126
102 127
102 181
102 183
102 207
102 211
102 213
102 235
102 237
102 241
103 106
103 107
103 109
103 110
103 112
103 114
103 115
103 116
103 117
103 118
103 119
103 120
103 122
103 123
103 124
103 127
103 215
103 228
103 229
104 106
104 108
104 109
104 110
104 115
104 120
104 121
104 122
104 123
104 126
104 127
104 155
104 158
104 188
104 233
104 245
104 248
105 106
105 108
105 110
105 113
105 114
105 116
105 117
105 118
105 119
105 122
105 123
105 124
105 125
105 127
105 161
105 247
106 109
106 110
106 111
106 112
106 114
106 116
106 117
106 120
106 121
106 122
106 123
106 124
106 152
106 163
106 216
106 222
107 110
107 111
107 113
107 114
107 115
107 117
107 118
107 119
107 121
107 122
107 123
107 125
107 126
107 127
107 163
107 179
107 187
107 190
107 196
107 247
108 109
108 111
108 112
108 113
108 114
108 115
108 119
108 120
108 121
108 122
108 123
108 125
108 126
108 127
108 190
108 220
108 234
109 110
109 112
109 114
109 115
109 116
109 117
109 119
109 121
109 124
109 125
109 126
109 127
109 162
109 163
109 165
109 193
109 240
110 113
110 114
110 115
110 116
110 118
110 119
110 120
110 121
110 124
110 125
110 126
110 127
110 162
110 167
110 168
110 175
110 203
110 242
111 112
111 113
111 114
111 116
111 117
111 118
111 119
111 120
111 121
111 123
111 124
111 125
111 127
111 177
111 195
112 114
112 118
112 119
112 120
112 122
112 123
112 124
112 125
112 127
112 152
112 188
112 197
112 198
112 200
113 114
113 115
113 117
113 119
113 120
113 121
113 122
113 124
113 125
113 126
113 150
113 153
113 177
113 183
113 204
113 214
113 219
114 116
114 117
114 118
114 119
114 120
114 121
114 122
114 123
114 125
114 127
114 182
114 204
114 208
114 209
114 221
114 228
114 232
114 239
114 240
114 249
115 121
115 122
115 123
115 124
115 125
115 126
116 117
116 118
116 119
116 120
116 121
116 123
116 124
116 125
116 126
116 127
116 158
116 163
116 169
116 175
116 176
116 192
116 222
116 226
117 120
117 121
117 122
117 123
117 126
117 127
117 156
117 178
117 187
117 210
117 213
117 234
118 119
118 120
118 122
118 123
118 125
119 121
119 122
119 123
119 125
119 126
119 153
119 191
119 194
119 228
120 123
120 126
120 127
120 160
120 187
120 211
121 122
121 123
121 124
121 125
121 126
121 127
121 158
121 161
121 190
121 197
121 217
121 231
121 234
122 123
122 124
122 125
122 126
122 127
122 153
122 157
122 159
122 160
122 191
122 193
122 195
122 217
122 223
123 126
123 127
123 155
123 172
123 188
123 240
124 126
124 127
124 195
124 202
124 214
124 221
124 232
124 244
125 153
125 212
125 233
125 245
126 127
126 150
126 160
126 189
126 196
126 210
126 233
126 234
127 201
127 205
127 232
127 239
150 151
150 153
150 154
150 155
150 156
150 157
150 158
150 159
150 160
150 163
150 165
150 166
150 169
150 170
150 173
150 174
150 176
150 177
150 178
150 179
150 180
150 183
150 184
150 185
150 186
150 190
150 191
150 192
150 194
150 196
150 197
150 199
150 217
150 233
151 152
151 153
151 155
151 157
151 158
151 159
151 160
151 162
151 163
151 164
151 166
151 167
151 168
151 169
151 172
151 174
151 175
151 176
151 177
151 178
151 179
151 181
151 184
151 185
151 186
151 190
151 191
151 193
151 195
151 196
151 197
151 198
151 209
152 153
152 156
152 157
152 158
152 161
152 163
152 164
152 165
152 166
152 168
152 169
152 171
152 172
152 173
152 176
152 177
152 178
152 179
152 180
152 181
152 182
152 183
152 184
152 185
152 186
152 188
152 189
152 192
152 193
152 194
152 195
152 197
152 198
152 204
152 232
153 154
153 156
153 157
153 158
153 159
153 160
153 161
153 163
153 164
153 166
153 167
153 168
153 170
153 171
153 172
153 173
153 174
153 176
153 178
153 179
153 182
153 183
153 184
153 185
153 186
153 187
153 188
153 189
153 190
153 192
153 193
153 194
153 195
153 196
153 197
153 199
153 212
153 236
154 155
154 156
154 157
154 158
154 160
154 161
154 162
154 163
154 164
154 165
154 166
154 169
154 173
154 174
154 175
154 177
154 178
154 179
154 181
154 182
154 183
154 184
154 185
154 186
154 189
154 190
154 191
154 193
154 194
154 196
154 197
154 199
154 216
154 227
155 156
155 157
155 159
155 160
155 161
155 162
155 163
155 164
155 165
155 167
155 168
155 170
155 171
155 172
155 173
155 175
155 176
155 178
155 179
155 184
155 185
155 186
155 188
155 189
155 190
155 191
155 193
155 194
155 196
155 197
155 198
155 199
155 213
155 237
155 247
156 157
156 159
156 160
156 161
156 162
156 163
156 164
156 165
156 166
156 167
156 168
156 169
156 170
156 171
156 172
156 173
156 174
156 175
156 176
156 179
156 180
156 181
156 182
156 183
156 184
156 186
156 187
156 189
156 190
156 191
156 192
156 193
156 194
156 195
156 197
156 198
156 199
156 224
156 229
156 238
156 239
157 158
157 159
157 160
157 161
157 162
157 164
157 165
157 167
157 168
157 169
157 170
157 171
157 173
157 174
157 175
157 176
157 177
157 178
157 179
157 180
157 182
157 183
157 184
157 186
157 187
157 188
157 189
157 190
157 191
157 192
157 193
157 195
157 196
157 198
157 199
157 213
157 235
157 242
157 243
158 159
158 160
158 161
158 163
158 164
158 167
158 168
158 171
158 173
158 177
158 178
158 179
158 181
158 182
158 186
158 187
158 188
158 189
158 192
158 193
158 194
158 196
158 197
158 205
158 223
158 228
159 160
159 162
159 163
159 164
159 166
159 167
159 168
159 169
159 171
159 172
159 175
159 176
159 177
159 178
159 180
159 181
159 182
159 184
159 185
159 187
159 189
159 190
159 191
159 192
159 193
159 195
159 196
159 198
159 199
159 200
159 236
160 161
160 162
160 164
160 165
160 168
160 169
160 170
160 171
160 172
160 173
160 176
160 177
160 178
160 179
160 181
160 182
160 183
160 185
160 186
160 187
160 189
160 190
160 191
160 192
160 194
160 195
160 196
160 197
160 198
160 199
160 210
160 225
160 234
160 238
160 240
161 164
161 166
161 170
161 172
161 173
161 174
161 176
161 177
161 178
161 179
161 180
161 181
161 182
161 184
161 185
161 186
161 189
161 191
161 192
161 198
161 199
161 226
161 237
162 163
162 164
162 165
162 166
162 167
162 168
162 170
162 172
162 173
162 174
162 175
162 176
162 177
162 181
162 182
162 184
162 185
162 187
162 188
162 189
162 190
162 191
162 192
162 193
162 194
162 195
162 196
162 198
162 199
162 235
162 248
163 164
163 166
163 167
163 168
163 169
163 170
163 173
163 174
163 175
163 177
163 179
163 182
163 184
163 185
163 186
163 187
163 188
163 190
163 191
163 192
163 193
163 194
163 195
163 197
163 198
163 199
163 217
163 225
164 166
164 167
164 168
164 169
164 170
164 171
164 172
164 173
164 175
164 176
164 177
164 178
164 179
164 180
164 181
164 182
164 183
164 184
164 185
164 186
164 188
164 189
164 190
164 192
164 193
164 194
164 196
164 197
164 199
164 214
164 220
164 233
165 167
165 168
165 169
165 170
165 172
165 173
165 174
165 176
165 177
165 179
165 181
165 182
165 183
165 184
165 185
165 189
165 191
165 192
165 193
165 194
165 195
165 196
165 199
165 210
166 168
166 170
166 172
166 173
166 174
166 175
166 176
166 177
166 179
166 181
166 183
166 185
166 187
166 189
166 192
166 193
166 194
166 195
166 197
166 199
166 204
166 238
166 244
167 168
167 169
167 170
167 172
167 173
167 174
167 176
167 177
167 179
167 180
167 181
167 183
167 184
167 186
167 187
167 188
167 191
167 192
167 193
167 194
167 195
167 197
167 199
167 220
168 169
168 170
168 172
168 173
168 174
168 176
168 177
168 178
168 179
168 180
168 181
168 182
168 183
168 184
168 185
168 186
168 188
168 190
168 192
168 193
168 194
168 195
168 197
168 199
168 204
168 248
169 170
169 171
169 173
169 174
169 175
169 178
169 180
169 181
169 182
169 183
169 185
169 188
169 189
169 190
169 191
169 192
169 193
169 194
169 196
169 197
169 198
169 199
169 213
169 215
169 224
169 238
169 239
170 171
170 172
170 173
170 174
170 175
170 176
170 177
170 180
170 181
170 182
170 183
170 185
170 186
170 187
170 188
170 190
170 192
170 193
170 195
170 197
170 198
170 199
170 214
170 232
170 235
170 244
171 173
171 174
171 177
171 179
171 180
171 181
171 183
171 186
171 187
171 188
171 189
171 190
171 191
171 192
171 193
171 194
171 195
171 196
171 197
171 199
171 212
171 214
171 216
171 218
171 230
172 173
172 174
172 175
172 176
172 181
172 182
172 183
172 186
172 189
172 190
172 191
172 192
172 193
172 194
172 196
172 197
172 199
172 207
172 211
172 222
173 174
173 175
173 176
173 177
173 180
173 181
173 183
173 186
173 187
173 188
173 190
173 192
173 193
173 195
173 196
173 199
173 233
173 236
173 240
174 175
174 176
174 177
174 179
174 180
174 182
174 183
174 185
174 187
174 188
174 189
174 190
174 191
174 192
174 193
174 195
174 199
174 201
175 177
175 178
175 180
175 182
175 183
175 184
175 186
175 187
175 188
175 191
175 192
175 193
175 194
175 198
175 199
175 203
175 249
176 178
176 179
176 180
176 182
176 184
176 185
176 187
176 188
176 189
176 190
176 193
176 194
176 196
176 198
176 199
176 203
176 236
176 238
177 178
177 180
177 183
177 184
177 186
177 187
177 188
177 189
177 190
177 191
177 192
177 193
177 195
177 196
177 198
177 199
177 236
177 243
178 179
178 180
178 181
178 183
178 184
178 185
178 186
178 187
178 189
178 191
178 192
178 196
178 198
178 207
178 221
178 249
179 180
179 181
179 184
179 185
179 187
179 188
179 189
179 190
179 191
179 192
179 193
179 194
179 196
179 198
179 199
179 204
179 207
179 245
180 181
180 182
180 184
180 185
180 186
180 187
180 188
180 189
180 190
180 192
180 194
180 195
180 197
180 198
180 213
180 239
180 245
181 183
181 184
181 187
181 188
181 189
181 190
181 191
181 193
181 194
181 197
181 198
181 233
182 183
182 185
182 186
182 187
182 188
182 189
182 190
182 191
182 193
182 194
182 195
182 196
182 198
182 199
183 184
183 185
183 186
183 187
183 188
183 189
183 191
183 193
183 194
183 195
183 196
183 198
183 199
183 205
183 209
183 222
184 185
184 186
184 187
184 190
184 191
184 192
184 193
184 194
184 195
184 196
184 197
184 199
184 206
185 186
185 187
185 188
185 189
185 190
185 191
185 193
185 194
185 195
185 196
185 197
185 198
185 199
185 213
186 187
186 188
186 189
186 190
186 191
186 192
186 193
186 194
186 195
186 196
186 197
186 198
186 231
186 233
187 188
187 189
187 191
187 192
187 194
187 195
187 196
187 197
187 198
187 203
187 231
187 243
188 189
188 193
188 194
188 195
188 196
188 197
188 200
188 230
188 238
189 190
189 191
189 192
189 193
189 194
189 196
189 197
189 198
189 215
190 191
190 192
190 194
190 195
190 196
190 197
190 199
190 236
191 192
191 193
191 196
191 197
191 209
192 193
192 194
192 195
192 196
192 197
192 198
192 199
192 234
192 235
192 236
192 245
193 194
193 195
193 196
193 197
193 199
193 229
193 230
194 195
194 196
194 198
195 196
195 197
195 198
195 199
195 204
195 216
196 197
196 198
196 199
196 228
197 198
197 199
197 219
197 229
198 199
198 219
198 224
198 242
200 201
200 203
200 204
200 206
200 207
200 209
200 210
200 211
200 212
200 213
200 215
200 217
200 219
200 220
200 221
200 224
200 225
200 226
200 227
200 228
200 229
200 230
200 231
200 232
200 236
200 238
200 240
200 243
200 245
200 246
200 247
200 248
200 249
201 202
201 203
201 204
201 206
201 211
201 212
201 213
201 215
201 216
201 217
201 218
201 219
201 220
201 221
201 223
201 225
201 226
201 227
201 229
201 230
201 231
201 234
201 235
201 236
201 237
201 239
201 240
201 241
201 242
201 243
201 244
201 245
201 246
201 247
201 249
202 203
202 204
202 205
202 206
202 208
202 209
202 210
202 212
202 213
202 215
202 216
202 217
202 218
202 219
202 220
202 221
202 222
202 223
202 225
202 227
202 228
202 230
202 232
202 233
202 236
202 237
202 240
202 241
202 242
202 244
202 245
202 246
202 247
202 249
203 204
203 207
203 208
203 210
203 211
203 212
203 214
203 215
203 217
203 219
203 220
203 221
203 222
203 224
203 225
203 226
203 227
203 229
203 230
203 231
203 232
203 233
203 234
203 235
203 236
203 237
203 238
203 239
203 240
203 241
203 248
203 249
204 205
204 206
204 207
204 208
204 209
204 211
204 212
204 214
204 215
204 216
204 217
204 218
204 219
204 220
204 222
204 224
204 226
204 227
204 229
204 230
204 231
204 232
204 233
204 235
204 236
204 238
204 239
204 240
204 241
204 244
204 246
204 247
204 248
204 249
205 206
205 207
205 208
205 209
205 211
205 213
205 214
205 215
205 216
205 219
205 221
205 223
205 224
205 227
205 229
205 230
205 231
205 232
205 233
205 234
205 235
205 236
205 237
205 238
205 239
205 240
205 242
205 244
205 245
205 247
205 248
205 249
206 207
206 208
206 211
206 214
206 215
206 216
206 217
206 218
206 219
206 220
206 221
206 222
206 223
206 225
206 226
206 227
206 228
206 229
206 230
206 231
206 232
206 233
206 234
206 235
206 236
206 237
206 238
206 240
206 241
206 244
206 245
206 246
206 248
206 249
207 208
207 209
207 214
207 215
207 216
207 217
207 218
207 219
207 220
207 222
207 223
207 226
207 227
207 228
207 229
207 230
207 233
207 235
207 237
207 238
207 239
207 241
207 244
207 245
207 247
207 248
207 249
208 210
208 211
208 213
208 214
208 215
208 218
208 219
208 220
208 221
208 223
208 224
208 225
208 226
208 228
208 229
208 230
208 231
208 232
208 233
208 234
208 235
208 237
208 238
208 240
208 241
208 242
208 246
208 247
208 248
209 211
209 213
209 214
209 215
209 216
209 217
209 219
209 220
209 221
209 222
209 223
209 224
209 225
209 226
209 227
209 228
209 229
209 230
209 231
209 232
209 233
209 234
209 237
209 238
209 240
209 244
209 246
210 211
210 212
210 213
210 215
210 217
210 218
210 219
210 220
210 221
210 223
210 224
210 228
210 229
210 234
210 235
210 236
210 237
210 238
210 240
210 241
210 243
210 244
210 246
210 248
210 249
211 212
211 214
211 216
211 217
211 219
211 221
211 222
211 223
211 226
211 230
211 231
211 233
211 234
211 236
211 237
211 238
211 239
211 241
211 243
211 244
211 245
211 246
211 247
211 249
212 216
212 217
212 219
212 220
212 221
212 222
212 224
212 225
212 226
212 227
212 230
212 232
212 233
212 234
212 236
212 237
212 239
212 240
212 243
212 244
212 245
212 247
212 249
213 215
213 216
213 217
213 218
213 219
213 221
213 222
213 223
213 228
213 229
213 230
213 231
213 235
213 238
213 239
213 240
213 241
213 243
213 245
213 246
213 247
213 248
213 249
214 215
214 217
214 219
214 220
214 222
214 223
214 224
214 225
214 226
214 227
214 228
214 230
214 231
214 233
214 235
214 236
214 237
214 238
214 239
214 241
214 242
214 243
214 246
214 248
214 249
215 218
215 220
215 221
215 222
215 224
215 225
215 226
215 227
215 228
215 229
215 230
215 231
215 232
215 233
215 234
215 236
215 238
215 239
215 240
215 241
215 242
215 243
215 244
215 246
215 247
215 248
215 249
216 218
216 219
216 220
216 222
216 223
216 225
216 226
216 227
216 228
216 232
216 233
216 234
216 235
216 237
216 239
216 240
216 242
216 244
216 245
216 246
216 247
216 248
216 249
217 220
217 221
217 224
217 225
217 226
217 227
217 228
217 229
217 230
217 231
217 233
217 235
217 236
217 237
217 238
217 239
217 240
217 241
217 242
217 243
217 245
217 248
218 220
218 221
218 222
218 223
218 224
218 225
218 226
218 228
218 230
218 231
218 232
218 233
218 234
218 235
218 236
218 239
218 240
218 243
218 245
218 246
218 247
218 248
219 220
219 221
219 222
219 223
219 224
219 225
219 227
219 228
219 229
219 230
219 231
219 232
219 233
219 234
219 235
219 236
219 239
219 240
219 241
219 242
219 245
219 247
219 248
220 221
220 223
220 224
220 225
220 226
220 227
220 228
220 229
220 230
220 235
220 236
220 237
220 239
220 240
220 241
220 242
220 245
220 246
220 247
220 248
220 249
221 222
221 224
221 225
221 226
221 227
221 231
221 232
221 233
221 234
221 235
221 236
221 237
221 239
221 240
221 241
221 244
221 247
222 223
222 224
222 225
222 226
222 227
222 228
222 230
222 231
222 232
222 233
222 235
222 236
222 237
222 238
222 239
222 240
222 241
222 242
222 244
222 246
222 247
222 249
223 225
223 226
223 227
223 228
223 229
223 230
223 232
223 234
223 238
223 239
223 242
223 243
223 244
223 245
223 246
223 247
223 249
224 225
224 226
224 227
224 229
224 230
224 231
224 234
224 235
224 236
224 237
224 238
224 239
224 241
224 242
224 243
224 244
224 246
224 247
224 248
224 249
225 226
225 228
225 229
225 230
225 231
225 232
225 233
225 234
225 235
225 237
225 239
225 242
225 243
225 244
225 245
225 246
225 249
226 227
226 228
226 230
226 231
226 234
226 235
226 237
226 238
226 239
226 240
226 241
226 243
226 244
226 245
226 246
226 247
226 248
226 249
227 230
227 231
227 232
227 234
227 236
227 238
227 239
227 240
227 241
227 242
227 243
227 245
227 246
227 248
227 249
228 231
228 232
228 235
228 236
228 238
228 239
228 241
228 242
228 243
228 247
228 248
228 249
229 230
229 231
229 233
229 234
229 235
229 236
229 237
229 238
229 239
229 240
229 242
229 244
229 246
229 247
230 231
230 232
230 234
230 235
230 236
230 237
230 238
230 239
230 241
230 242
230 243
230 244
230 245
230 246
230 247
231 232
231 233
231 234
231 235
231 238
231 239
231 241
231 242
231 243
231 244
231 245
231 247
231 248
231 249
232 233
232 234
232 235
232 237
232 240
232 241
232 242
232 244
232 247
232 248
232 249
233 234
233 237
233 238
233 245
233 246
233 247
233 249
234 236
234 237
234 238
234 239
234 240
234 241
234 243
234 245
234 246
235 236
235 238
235 239
235 240
235 241
235 243
235 244
235 247
235 249
236 238
236 239
236 241
236 242
236 243
236 247
237 239
237 240
237 241
237 242
237 243
237 244
237 245
237 247
237 248
237 249
238 240
238 241
238 242
238 243
238 244
238 245
238 246
238 247
238 248
238 249
239 241
239 245
239 246
239 247
239 248
239 249
240 241
240 242
240 243
240 245
240 246
240 247
240 249
241 242
241 243
241 245
241 246
241 247
241 249
242 243
242 244
242 246
242 247
242 248
243 244
243 245
243 248
244 245
244 246
244 247
244 249
245 246
245 248
245 249
246 247
246 248
246 249
247 248
247 249
248 249
