0 1
0 2
0 3
0 4
0 6
0 8
0 10
0 11
0 12
0 15
0 16
0 18
0 19
0 20
0 21
0 22
0 23
0 24
0 25
0 26
0 27
0 28
0 31
0 32
0 33
0 35
0 36
0 37
0 39
0 40
0 41
0 42
0 43
0 44
0 45
0 46
0 47
0 48
0 49
0 57
0 60
0 70
0 76
0 85
0 88
0 99
0 140
0 141
0 110
0 121
0 126
0 151
0 153
0 157
0 172
0 179
0 182
0 196
0 199
0 214
0 228
0 233
0 234
0 248
1 2
1 3
1 6
1 9
1 11
1 13
1 14
1 15
1 16
1 17
1 18
1 19
1 20
1 21
1 22
1 23
1 24
1 25
1 26
1 29
1 30
1 31
1 32
1 33
1 34
1 35
1 36
1 39
1 41
1 42
1 44
1 45
1 46
1 48
1 49
1 50
1 53
1 64
1 86
1 93
1 94
1 131
1 143
1 144
1 109
1 121
1 122
1 123
1 150
1 152
1 179
1 184
1 194
1 196
1 208
1 216
1 223
1 230
1 244
2 3
2 4
2 5
2 6
2 7
2 8
2 9
2 10
2 11
2 12
2 13
2 15
2 17
2 18
2 19
2 21
2 22
2 23
2 24
2 25
2 27
2 28
2 30
2 31
2 32
2 33
2 34
2 35
2 36
2 37
2 38
2 39
2 41
2 42
2 43
2 44
2 46
2 47
2 48
2 65
2 70
2 71
2 87
2 91
2 134
2 135
2 138
2 145
2 148
2 102
2 114
2 119
2 152
2 153
2 163
2 165
2 167
2 170
2 172
2 192
2 195
2 197
2 201
2 208
2 220
2 223
2 226
2 227
2 228
2 235
2 240
2 245
2 246
3 4
3 5
3 6
3 7
3 8
3 9
3 10
3 14
3 15
3 16
3 17
3 18
3 20
3 21
3 22
3 23
3 24
3 25
3 26
3 27
3 28
3 29
3 30
3 31
3 32
3 33
3 34
3 35
3 36
3 37
3 38
3 39
3 40
3 42
3 43
3 44
3 45
3 46
3 49
3 52
3 64
3 67
3 78
3 81
3 96
3 147
3 102
3 111
3 115
3 120
3 126
3 151
3 152
3 154
3 161
3 165
3 171
3 173
3 182
3 190
3 196
3 200
3 201
3 213
3 216
3 221
3 224
3 227
3 229
3 242
3 243
3 244
3 248
4 5
4 7
4 8
4 9
4 10
4 11
4 12
4 13
4 14
4 15
4 18
4 19
4 21
4 22
4 23
4 26
4 27
4 28
4 29
4 30
4 31
4 33
4 34
4 37
4 38
4 39
4 40
4 42
4 43
4 44
4 45
4 46
4 47
4 48
4 49
4 60
4 64
4 65
4 77
4 82
4 91
4 92
4 135
4 137
4 139
4 140
4 107
4 117
4 121
4 124
4 125
4 126
4 150
4 159
4 168
4 169
4 170
4 173
4 177
4 181
4 182
4 183
4 191
4 199
4 214
4 219
4 221
4 222
4 223
4 226
4 228
4 230
4 236
4 239
5 6
5 8
5 9
5 10
5 14
5 15
5 17
5 18
5 19
5 20
5 22
5 23
5 24
5 25
5 27
5 28
5 30
5 31
5 35
5 36
5 37
5 38
5 39
5 40
5 42
5 44
5 46
5 47
5 48
5 49
5 52
5 55
5 59
5 75
5 76
5 88
5 89
5 96
5 98
5 133
5 140
5 145
5 104
5 107
5 111
5 127
5 154
5 174
5 180
5 184
5 185
5 188
5 192
5 209
5 212
5 221
5 222
5 237
6 7
6 8
6 10
6 11
6 12
6 13
6 14
6 15
6 16
6 17
6 21
6 22
6 23
6 24
6 25
6 26
6 27
6 28
6 30
6 31
6 35
6 36
6 41
6 43
6 44
6 46
6 47
6 48
6 49
6 68
6 69
6 74
6 77
6 78
6 81
6 93
6 133
6 145
6 149
6 106
6 109
6 110
6 118
6 119
6 124
6 127
6 150
6 154
6 156
6 162
6 175
6 176
6 194
6 204
6 205
6 212
6 218
6 219
6 227
6 233
6 240
6 245
7 9
7 10
7 12
7 13
7 15
7 17
7 18
7 19
7 20
7 21
7 22
7 23
7 24
7 25
7 26
7 28
7 29
7 31
7 32
7 33
7 34
7 35
7 36
7 37
7 40
7 41
7 42
7 43
7 44
7 45
7 47
7 48
7 50
7 53
7 59
7 63
7 65
7 69
7 77
7 79
7 82
7 84
7 92
7 96
7 128
7 130
7 137
7 106
7 114
7 126
7 171
7 173
7 175
7 189
7 193
7 195
7 197
7 199
7 200
7 201
7 209
7 248
7 249
8 9
8 10
8 11
8 13
8 14
8 15
8 16
8 17
8 19
8 20
8 21
8 22
8 23
8 25
8 26
8 27
8 28
8 29
8 30
8 31
8 32
8 34
8 36
8 37
8 38
8 39
8 41
8 42
8 44
8 45
8 46
8 47
8 48
8 49
8 57
8 63
8 69
8 82
8 86
8 91
8 98
8 133
8 102
8 104
8 108
8 111
8 113
8 125
8 152
8 153
8 154
8 164
8 169
8 170
8 172
8 178
8 182
8 191
8 194
8 199
8 210
8 211
8 223
8 227
8 229
8 231
9 10
9 11
9 12
9 13
9 14
9 16
9 19
9 20
9 21
9 23
9 24
9 25
9 27
9 28
9 29
9 31
9 32
9 33
9 34
9 35
9 36
9 37
9 38
9 39
9 40
9 42
9 43
9 44
9 45
9 46
9 47
9 48
9 49
9 55
9 57
9 60
9 64
9 66
9 71
9 80
9 91
9 99
9 131
9 136
9 144
9 145
9 116
9 118
9 124
9 127
9 150
9 156
9 157
9 158
9 159
9 177
9 190
9 202
9 203
9 208
9 213
9 220
9 223
9 225
9 235
9 238
9 243
9 245
10 11
10 13
10 14
10 15
10 17
10 19
10 21
10 23
10 24
10 25
10 26
10 27
10 28
10 29
10 32
10 33
10 34
10 35
10 36
10 37
10 38
10 39
10 41
10 43
10 45
10 46
10 47
10 48
10 49
10 63
10 70
10 72
10 78
10 88
10 89
10 93
10 96
10 132
10 147
10 100
10 105
10 110
10 117
10 120
10 121
10 125
10 155
10 156
10 164
10 182
10 191
10 196
10 201
10 202
10 209
10 217
10 225
10 239
10 241
10 243
10 246
11 13
11 14
11 15
11 16
11 19
11 20
11 21
11 23
11 25
11 27
11 28
11 29
11 30
11 32
11 33
11 35
11 36
11 38
11 40
11 41
11 42
11 43
11 44
11 45
11 47
11 48
11 50
11 53
11 62
11 66
11 71
11 73
11 82
11 88
11 95
11 96
11 130
11 132
11 135
11 144
11 148
11 101
11 106
11 120
11 123
11 153
11 172
11 173
11 179
11 181
11 187
11 200
11 207
11 208
11 225
11 232
11 242
11 245
12 14
12 15
12 17
12 18
12 19
12 20
12 22
12 23
12 24
12 26
12 27
12 28
12 29
12 30
12 31
12 33
12 34
12 35
12 36
12 37
12 39
12 40
12 41
12 42
12 43
12 44
12 46
12 47
12 48
12 59
12 62
12 67
12 78
12 79
12 81
12 94
12 96
12 128
12 134
12 136
12 138
12 142
12 147
12 108
12 114
12 123
12 155
12 162
12 163
12 166
12 182
12 199
12 204
12 215
12 222
12 238
12 239
12 240
12 244
13 14
13 15
13 16
13 17
13 18
13 19
13 20
13 21
13 22
13 23
13 24
13 26
13 28
13 29
13 30
13 31
13 33
13 34
13 36
13 38
13 39
13 40
13 41
13 42
13 43
13 44
13 45
13 46
13 47
13 49
13 55
13 61
13 69
13 85
13 97
13 136
13 108
13 111
13 113
13 115
13 122
13 152
13 153
13 157
13 162
13 164
13 166
13 168
13 175
13 184
13 187
13 189
13 202
13 212
13 226
13 227
13 228
13 241
13 247
13 248
14 15
14 17
14 18
14 19
14 20
14 21
14 22
14 23
14 24
14 25
14 26
14 28
14 29
14 30
14 31
14 32
14 33
14 34
14 36
14 37
14 38
14 39
14 40
14 42
14 43
14 44
14 45
14 46
14 47
14 49
14 56
14 57
14 58
14 62
14 63
14 73
14 80
14 85
14 93
14 98
14 129
14 137
14 140
14 145
14 111
14 114
14 115
14 118
14 121
14 127
14 163
14 166
14 180
14 195
14 197
14 211
14 212
14 214
14 215
14 222
14 223
14 226
14 227
14 228
14 231
14 233
14 236
15 16
15 17
15 19
15 20
15 21
15 22
15 23
15 25
15 26
15 27
15 28
15 30
15 31
15 32
15 34
15 36
15 37
15 38
15 39
15 40
15 41
15 42
15 44
15 45
15 47
15 48
15 49
15 67
15 71
15 75
15 78
15 79
15 90
15 91
15 130
15 136
15 144
15 145
15 110
15 111
15 114
15 117
15 123
15 124
15 156
15 162
15 163
15 165
15 174
15 181
15 185
15 188
15 194
15 199
15 201
15 203
15 204
15 217
15 235
15 241
15 248
16 17
16 18
16 19
16 20
16 21
16 22
16 23
16 25
16 29
16 30
16 31
16 32
16 35
16 36
16 38
16 39
16 40
16 41
16 42
16 43
16 45
16 47
16 48
16 49
16 51
16 56
16 63
16 83
16 89
16 134
16 136
16 100
16 103
16 105
16 153
16 160
16 167
16 172
16 179
16 186
16 203
16 205
16 211
16 214
16 215
16 227
16 232
16 249
17 18
17 19
17 20
17 21
17 22
17 23
17 25
17 26
17 27
17 28
17 29
17 30
17 31
17 32
17 33
17 34
17 35
17 37
17 38
17 39
17 40
17 41
17 43
17 45
17 47
17 48
17 49
17 62
17 68
17 71
17 72
17 74
17 76
17 84
17 86
17 87
17 90
17 92
17 130
17 139
17 142
17 145
17 108
17 150
17 151
17 153
17 161
17 165
17 177
17 185
17 186
17 205
17 210
17 212
17 224
17 225
17 228
17 239
17 244
18 20
18 21
18 22
18 23
18 24
18 25
18 26
18 28
18 29
18 30
18 31
18 32
18 33
18 34
18 36
18 37
18 39
18 40
18 41
18 44
18 45
18 46
18 47
18 48
18 49
18 56
18 57
18 59
18 61
18 68
18 69
18 70
18 71
18 76
18 91
18 97
18 136
18 141
18 145
18 149
18 104
18 105
18 117
18 123
18 155
18 169
18 173
18 175
18 176
18 183
18 184
18 187
18 188
18 190
18 196
18 202
18 204
18 207
18 208
18 210
18 214
18 219
18 224
18 232
18 237
19 20
19 21
19 22
19 23
19 24
19 25
19 27
19 28
19 29
19 30
19 32
19 33
19 34
19 35
19 36
19 37
19 38
19 39
19 41
19 42
19 43
19 44
19 45
19 46
19 47
19 48
19 54
19 57
19 59
19 66
19 70
19 72
19 75
19 82
19 88
19 91
19 97
19 98
19 131
19 132
19 148
19 101
19 126
19 127
19 156
19 157
19 160
19 163
19 164
19 174
19 176
19 179
19 184
19 188
19 190
19 191
19 196
19 199
19 203
19 214
19 220
19 221
19 223
19 224
19 225
19 227
19 244
20 21
20 22
20 23
20 24
20 25
20 26
20 28
20 29
20 30
20 34
20 35
20 37
20 38
20 42
20 43
20 44
20 45
20 46
20 47
20 48
20 49
20 53
20 56
20 58
20 75
20 81
20 82
20 85
20 89
20 94
20 96
20 135
20 136
20 139
20 148
20 149
20 106
20 111
20 122
20 163
20 172
20 180
20 190
20 219
20 221
20 226
20 228
20 241
21 22
21 23
21 24
21 25
21 26
21 27
21 28
21 29
21 30
21 31
21 32
21 33
21 34
21 36
21 38
21 40
21 41
21 42
21 43
21 44
21 45
21 46
21 47
21 48
21 49
21 52
21 57
21 76
21 85
21 86
21 88
21 135
21 138
21 139
21 140
21 141
21 143
21 145
21 110
21 123
21 126
21 151
21 157
21 158
21 162
21 168
21 176
21 181
21 184
21 192
21 196
21 203
21 207
21 220
21 221
21 229
21 235
22 23
22 24
22 26
22 27
22 28
22 29
22 30
22 31
22 32
22 34
22 36
22 37
22 38
22 39
22 41
22 42
22 43
22 44
22 46
22 48
22 49
22 76
22 79
22 81
22 95
22 96
22 133
22 142
22 106
22 108
22 109
22 119
22 123
22 124
22 150
22 161
22 168
22 170
22 171
22 176
22 190
22 191
22 193
22 195
22 200
22 202
22 204
22 210
22 218
22 226
22 229
22 232
22 237
22 244
22 247
23 24
23 25
23 26
23 27
23 29
23 30
23 31
23 32
23 33
23 34
23 35
23 36
23 37
23 38
23 40
23 41
23 42
23 43
23 44
23 46
23 48
23 51
23 53
23 69
23 73
23 90
23 96
23 97
23 98
23 131
23 139
23 109
23 115
23 123
23 126
23 155
23 157
23 162
23 163
23 171
23 175
23 179
23 184
23 186
23 191
23 193
23 203
23 217
23 219
23 221
23 232
23 233
23 237
23 238
23 240
24 26
24 27
24 28
24 29
24 30
24 31
24 32
24 33
24 34
24 35
24 36
24 38
24 40
24 41
24 42
24 43
24 45
24 46
24 48
24 49
24 57
24 61
24 62
24 79
24 80
24 91
24 94
24 98
24 129
24 135
24 138
24 146
24 102
24 107
24 150
24 161
24 179
24 196
24 198
24 202
24 212
24 216
24 217
24 222
24 223
24 228
24 230
24 233
24 245
24 246
25 26
25 27
25 28
25 30
25 31
25 32
25 34
25 36
25 37
25 38
25 39
25 40
25 41
25 43
25 44
25 45
25 46
25 48
25 49
25 70
25 74
25 75
25 85
25 86
25 97
25 128
25 129
25 135
25 141
25 104
25 105
25 115
25 121
25 151
25 167
25 184
25 185
25 188
25 197
25 200
25 204
25 205
25 210
25 222
25 227
26 27
26 29
26 30
26 31
26 32
26 33
26 34
26 35
26 36
26 37
26 38
26 39
26 40
26 41
26 42
26 43
26 44
26 45
26 46
26 47
26 48
26 49
26 54
26 64
26 67
26 80
26 87
26 93
26 132
26 138
26 140
26 145
26 149
26 102
26 104
26 109
26 115
26 116
26 122
26 152
26 155
26 170
26 175
26 188
26 192
26 210
26 211
26 224
26 235
26 249
27 28
27 30
27 31
27 32
27 34
27 35
27 36
27 37
27 38
27 39
27 40
27 41
27 42
27 43
27 45
27 46
27 47
27 48
27 49
27 51
27 54
27 55
27 60
27 65
27 72
27 79
27 83
27 86
27 93
27 149
27 103
27 120
27 126
27 155
27 156
27 174
27 178
27 179
27 198
27 199
27 205
27 206
27 208
27 210
27 219
27 222
27 225
27 240
28 29
28 30
28 32
28 33
28 34
28 35
28 37
28 38
28 39
28 41
28 43
28 44
28 47
28 49
28 56
28 61
28 67
28 76
28 77
28 87
28 98
28 136
28 141
28 148
28 107
28 111
28 117
28 155
28 163
28 164
28 166
28 170
28 186
28 189
28 210
28 212
28 233
29 30
29 32
29 33
29 34
29 35
29 36
29 37
29 38
29 39
29 43
29 45
29 46
29 47
29 48
29 79
29 81
29 85
29 89
29 99
29 130
29 134
29 145
29 107
29 115
29 125
29 127
29 151
29 154
29 156
29 175
29 180
29 183
29 186
29 187
29 200
29 203
29 210
29 223
29 225
29 227
29 236
29 237
29 242
29 246
30 31
30 32
30 34
30 35
30 37
30 38
30 39
30 40
30 41
30 42
30 44
30 45
30 48
30 54
30 56
30 65
30 69
30 77
30 94
30 130
30 135
30 138
30 141
30 142
30 101
30 104
30 107
30 114
30 120
30 152
30 158
30 160
30 168
30 169
30 170
30 176
30 201
30 210
30 213
30 239
30 249
31 35
31 37
31 38
31 39
31 40
31 41
31 42
31 43
31 44
31 46
31 47
31 48
31 49
31 51
31 62
31 65
31 69
31 81
31 90
31 97
31 132
31 134
31 143
31 147
31 149
31 103
31 111
31 113
31 118
31 124
31 126
31 164
31 165
31 170
31 174
31 179
31 183
31 191
31 201
31 226
31 233
31 235
31 246
32 33
32 35
32 36
32 37
32 38
32 39
32 40
32 41
32 42
32 43
32 44
32 45
32 46
32 47
32 48
32 49
32 50
32 60
32 63
32 65
32 72
32 80
32 84
32 131
32 135
32 147
32 149
32 101
32 103
32 108
32 113
32 126
32 127
32 165
32 167
32 174
32 178
32 179
32 180
32 181
32 185
32 191
32 202
32 204
32 210
32 224
32 229
32 234
32 237
32 242
32 246
33 34
33 36
33 37
33 38
33 39
33 40
33 42
33 43
33 44
33 45
33 46
33 47
33 48
33 61
33 68
33 69
33 79
33 86
33 95
33 97
33 98
33 99
33 128
33 146
33 102
33 106
33 110
33 160
33 171
33 179
33 182
33 196
33 199
33 203
33 204
33 206
33 213
33 215
33 216
33 218
33 221
33 224
33 232
33 237
33 238
33 242
33 249
34 35
34 37
34 38
34 39
34 40
34 42
34 43
34 46
34 50
34 61
34 77
34 90
34 97
34 99
34 130
34 131
34 143
34 102
34 105
34 109
34 111
34 123
34 152
34 153
34 159
34 162
34 168
34 170
34 187
34 190
34 194
34 201
34 203
34 208
34 213
34 223
34 231
34 233
34 239
34 246
35 36
35 38
35 39
35 41
35 42
35 43
35 44
35 45
35 46
35 47
35 48
35 51
35 53
35 54
35 57
35 59
35 66
35 72
35 76
35 77
35 129
35 135
35 105
35 111
35 118
35 120
35 159
35 161
35 170
35 174
35 177
35 191
35 192
35 205
35 208
35 213
35 217
35 226
35 228
35 233
35 235
35 247
36 37
36 38
36 39
36 41
36 42
36 43
36 44
36 45
36 47
36 48
36 49
36 63
36 67
36 69
36 72
36 75
36 76
36 77
36 79
36 80
36 86
36 137
36 139
36 146
36 103
36 105
36 107
36 110
36 112
36 154
36 156
36 166
36 169
36 191
36 195
36 200
36 212
36 218
36 223
36 226
36 227
36 234
36 247
37 38
37 39
37 40
37 41
37 42
37 43
37 44
37 45
37 46
37 47
37 48
37 49
37 64
37 71
37 77
37 79
37 81
37 83
37 87
37 92
37 129
37 130
37 139
37 144
37 147
37 110
37 118
37 119
37 120
37 150
37 164
37 169
37 170
37 171
37 176
37 177
37 189
37 197
37 207
37 218
37 223
37 227
37 238
37 244
38 39
38 40
38 42
38 43
38 46
38 47
38 48
38 49
38 63
38 64
38 67
38 74
38 77
38 79
38 129
38 137
38 148
38 105
38 113
38 118
38 119
38 151
38 161
38 168
38 174
38 176
38 186
38 192
38 196
38 211
38 221
38 223
38 228
39 40
39 41
39 42
39 43
39 44
39 45
39 47
39 48
39 49
39 58
39 61
39 69
39 75
39 78
39 82
39 86
39 87
39 91
39 97
39 99
39 140
39 142
39 143
39 144
39 145
39 148
39 149
39 103
39 110
39 118
39 150
39 153
39 159
39 161
39 163
39 182
39 189
39 193
39 216
39 217
39 240
39 248
39 249
40 41
40 42
40 43
40 44
40 45
40 46
40 47
40 48
40 49
40 51
40 55
40 70
40 73
40 77
40 128
40 134
40 135
40 137
40 138
40 144
40 100
40 107
40 151
40 174
40 182
40 213
40 214
40 216
40 218
40 226
40 231
40 237
40 240
40 247
41 42
41 43
41 44
41 45
41 46
41 47
41 48
41 49
41 50
41 52
41 55
41 57
41 58
41 61
41 63
41 65
41 69
41 70
41 71
41 76
41 78
41 91
41 135
41 143
41 101
41 103
41 105
41 112
41 120
41 160
41 166
41 168
41 173
41 179
41 197
41 220
41 229
41 236
42 43
42 45
42 46
42 47
42 48
42 49
42 50
42 59
42 69
42 70
42 72
42 73
42 76
42 83
42 85
42 92
42 99
42 128
42 103
42 125
42 151
42 159
42 165
42 168
42 171
42 176
42 177
42 184
42 197
42 219
42 225
42 230
42 239
42 240
43 44
43 45
43 46
43 47
43 48
43 49
43 61
43 96
43 97
43 99
43 133
43 134
43 139
43 141
43 142
43 108
43 110
43 114
43 171
43 181
43 183
43 184
43 192
43 194
43 200
43 208
43 215
43 226
43 229
43 233
43 245
43 249
44 45
44 47
44 48
44 54
44 56
44 57
44 66
44 69
44 74
44 75
44 87
44 128
44 134
44 137
44 148
44 106
44 122
44 155
44 157
44 158
44 174
44 177
44 195
44 203
44 205
44 206
44 230
44 232
45 46
45 47
45 48
45 49
45 71
45 73
45 74
45 75
45 81
45 86
45 96
45 97
45 136
45 143
45 103
45 110
45 117
45 150
45 157
45 159
45 161
45 168
45 169
45 170
45 171
45 182
45 188
45 198
45 202
45 203
45 204
45 219
45 221
45 224
45 231
45 232
46 47
46 48
46 49
46 59
46 64
46 77
46 80
46 88
46 90
46 93
46 94
46 132
46 139
46 140
46 146
46 102
46 112
46 113
46 118
46 125
46 152
46 153
46 159
46 167
46 174
46 179
46 182
46 190
46 192
46 195
46 206
46 208
46 211
46 220
46 234
46 242
46 248
47 48
47 49
47 89
47 99
47 130
47 147
47 103
47 107
47 109
47 112
47 115
47 120
47 151
47 154
47 164
47 168
47 173
47 176
47 177
47 181
47 194
47 198
47 202
47 204
47 206
47 215
47 220
47 227
47 239
47 247
48 49
48 57
48 76
48 80
48 86
48 87
48 91
48 98
48 131
48 133
48 140
48 145
48 101
48 125
48 157
48 160
48 165
48 169
48 179
48 201
48 204
48 211
48 215
48 218
48 224
48 229
48 243
49 59
49 69
49 86
49 95
49 128
49 130
49 132
49 141
49 105
49 106
49 108
49 122
49 123
49 154
49 160
49 165
49 174
49 175
49 184
49 186
49 189
49 190
49 192
49 198
49 200
49 201
49 202
49 232
49 234
49 235
49 246
49 249
50 51
50 52
50 55
50 56
50 57
50 58
50 59
50 60
50 61
50 62
50 63
50 64
50 66
50 67
50 70
50 71
50 72
50 73
50 74
50 75
50 76
50 77
50 78
50 81
50 82
50 83
50 84
50 85
50 86
50 87
50 88
50 89
50 90
50 91
50 92
50 93
50 94
50 95
50 96
50 97
50 98
50 99
50 128
50 136
50 140
50 143
50 149
50 108
50 114
50 125
50 151
50 159
50 169
50 172
50 182
50 205
50 207
50 235
50 241
51 52
51 53
51 54
51 55
51 56
51 57
51 58
51 59
51 61
51 63
51 64
51 66
51 67
51 68
51 69
51 70
51 71
51 72
51 73
51 74
51 75
51 76
51 77
51 78
51 79
51 80
51 81
51 82
51 83
51 84
51 85
51 86
51 87
51 88
51 89
51 90
51 91
51 92
51 94
51 95
51 96
51 97
51 98
51 99
51 137
51 144
51 149
51 104
51 107
51 108
51 109
51 112
51 113
51 122
51 124
51 153
51 156
51 159
51 165
51 171
51 176
51 179
51 182
51 193
51 195
51 197
51 206
51 232
51 245
51 246
52 53
52 54
52 56
52 57
52 58
52 59
52 60
52 61
52 63
52 64
52 65
52 67
52 68
52 71
52 72
52 74
52 75
52 76
52 77
52 79
52 80
52 82
52 83
52 84
52 85
52 86
52 88
52 89
52 90
52 93
52 95
52 97
52 98
52 99
52 131
52 102
52 105
52 107
52 114
52 116
52 123
52 151
52 152
52 163
52 169
52 174
52 178
52 179
52 193
52 198
52 202
52 204
52 211
52 213
52 218
52 223
52 225
52 239
52 243
53 54
53 56
53 57
53 58
53 59
53 60
53 61
53 62
53 64
53 65
53 66
53 67
53 68
53 69
53 70
53 71
53 72
53 73
53 76
53 77
53 78
53 79
53 80
53 81
53 83
53 84
53 85
53 86
53 87
53 90
53 91
53 92
53 94
53 95
53 96
53 97
53 98
53 99
53 131
53 142
53 143
53 147
53 100
53 104
53 106
53 119
53 120
53 124
53 158
53 181
53 186
53 187
53 197
53 207
53 217
53 221
53 232
53 238
53 241
53 243
54 57
54 58
54 59
54 61
54 62
54 63
54 64
54 65
54 68
54 69
54 70
54 72
54 73
54 74
54 75
54 76
54 77
54 78
54 79
54 80
54 81
54 82
54 83
54 84
54 85
54 86
54 87
54 88
54 90
54 91
54 92
54 93
54 94
54 95
54 96
54 97
54 98
54 129
54 138
54 139
54 149
54 122
54 124
54 125
54 155
54 158
54 175
54 183
54 186
54 196
54 203
54 205
54 228
54 235
54 238
54 248
55 57
55 58
55 59
55 60
55 61
55 62
55 63
55 64
55 65
55 66
55 67
55 68
55 69
55 70
55 71
55 72
55 73
55 74
55 75
55 76
55 78
55 80
55 81
55 82
55 83
55 85
55 86
55 87
55 88
55 89
55 90
55 91
55 92
55 93
55 94
55 95
55 96
55 97
55 98
55 99
55 132
55 134
55 145
55 102
55 119
55 156
55 160
55 162
55 165
55 176
55 179
55 180
55 182
55 191
55 192
55 197
55 199
55 214
55 229
55 233
55 235
55 236
55 243
56 57
56 58
56 59
56 60
56 62
56 63
56 64
56 65
56 66
56 67
56 68
56 69
56 72
56 73
56 74
56 75
56 77
56 79
56 80
56 82
56 83
56 84
56 85
56 86
56 88
56 89
56 90
56 92
56 93
56 94
56 96
56 97
56 98
56 99
56 128
56 142
56 147
56 149
56 100
56 105
56 106
56 117
56 118
56 154
56 163
56 166
56 167
56 169
56 178
56 179
56 182
56 189
56 198
56 213
56 215
56 237
56 239
56 241
57 58
57 59
57 61
57 62
57 63
57 65
57 66
57 68
57 69
57 70
57 71
57 73
57 74
57 75
57 76
57 77
57 78
57 79
57 80
57 81
57 82
57 84
57 86
57 89
57 90
57 91
57 92
57 93
57 94
57 97
57 98
57 140
57 144
57 147
57 100
57 105
57 112
57 117
57 122
57 124
57 155
57 161
57 165
57 178
57 186
57 190
57 199
57 205
57 228
57 238
57 249
58 59
58 60
58 61
58 62
58 63
58 65
58 66
58 67
58 68
58 69
58 70
58 72
58 73
58 74
58 75
58 76
58 77
58 78
58 79
58 80
58 81
58 82
58 85
58 86
58 87
58 89
58 90
58 91
58 93
58 94
58 95
58 97
58 98
58 99
58 138
58 140
58 146
58 107
58 108
58 120
58 159
58 167
58 170
58 173
58 176
58 179
58 183
58 191
58 194
58 206
58 208
58 215
58 216
58 218
58 237
58 247
58 249
59 60
59 61
59 62
59 63
59 65
59 66
59 67
59 68
59 69
59 70
59 71
59 72
59 73
59 74
59 75
59 76
59 78
59 79
59 80
59 82
59 83
59 84
59 85
59 86
59 87
59 88
59 90
59 91
59 93
59 94
59 95
59 97
59 98
59 99
59 130
59 131
59 135
59 138
59 147
59 112
59 120
59 155
59 174
59 188
59 189
59 192
59 202
59 216
59 224
59 228
59 234
59 241
60 61
60 62
60 63
60 64
60 65
60 66
60 67
60 69
60 70
60 71
60 73
60 74
60 75
60 76
60 77
60 78
60 79
60 80
60 81
60 82
60 83
60 84
60 85
60 86
60 87
60 88
60 90
60 91
60 92
60 93
60 94
60 95
60 96
60 98
60 99
60 137
60 140
60 145
60 148
60 103
60 107
60 108
60 112
60 120
60 158
60 162
60 165
60 167
60 169
60 170
60 184
60 197
60 198
60 199
60 203
60 206
60 215
60 216
60 234
60 236
60 242
60 243
60 247
61 62
61 63
61 64
61 65
61 66
61 67
61 69
61 70
61 72
61 73
61 74
61 75
61 78
61 79
61 80
61 81
61 82
61 83
61 84
61 85
61 86
61 87
61 88
61 89
61 91
61 92
61 93
61 94
61 95
61 96
61 98
61 129
61 137
61 146
61 103
61 120
61 156
61 160
61 167
61 168
61 170
61 171
61 172
61 187
61 195
61 196
61 197
61 198
61 211
61 214
61 215
61 217
61 221
61 236
61 247
61 249
62 63
62 66
62 67
62 68
62 69
62 70
62 73
62 74
62 75
62 76
62 77
62 80
62 81
62 82
62 83
62 84
62 87
62 88
62 89
62 92
62 93
62 94
62 97
62 98
62 99
62 129
62 134
62 136
62 140
62 143
62 103
62 104
62 107
62 115
62 154
62 160
62 171
62 174
62 187
62 190
62 193
62 207
62 225
62 228
62 236
62 237
62 238
62 249
63 65
63 66
63 68
63 70
63 71
63 73
63 74
63 75
63 76
63 77
63 80
63 81
63 82
63 83
63 84
63 85
63 87
63 88
63 89
63 90
63 93
63 94
63 96
63 97
63 98
63 130
63 132
63 103
63 105
63 126
63 157
63 158
63 166
63 167
63 170
63 173
63 174
63 184
63 191
63 195
63 198
63 209
63 210
63 220
63 222
63 223
63 224
63 235
63 237
63 240
64 65
64 67
64 68
64 69
64 70
64 71
64 72
64 73
64 74
64 75
64 76
64 77
64 78
64 79
64 80
64 81
64 82
64 83
64 84
64 86
64 87
64 88
64 89
64 90
64 91
64 92
64 93
64 94
64 95
64 96
64 97
64 98
64 131
64 143
64 145
64 149
64 103
64 107
64 114
64 154
64 159
64 168
64 172
64 176
64 181
64 185
64 193
64 194
64 200
64 203
64 214
64 218
64 220
64 221
64 230
65 66
65 68
65 69
65 70
65 71
65 72
65 73
65 74
65 77
65 78
65 80
65 82
65 83
65 85
65 86
65 88
65 89
65 90
65 91
65 92
65 93
65 94
65 95
65 96
65 97
65 99
65 130
65 135
65 138
65 141
65 146
65 148
65 104
65 116
65 158
65 168
65 172
65 173
65 177
65 197
65 201
65 203
65 204
65 215
65 220
65 226
65 235
65 239
65 243
66 67
66 70
66 71
66 72
66 73
66 74
66 75
66 76
66 77
66 78
66 81
66 82
66 84
66 85
66 86
66 87
66 88
66 90
66 91
66 92
66 93
66 94
66 95
66 96
66 97
66 98
66 99
66 137
66 138
66 140
66 144
66 100
66 101
66 109
66 124
66 151
66 157
66 158
66 160
66 179
66 182
66 184
66 187
66 196
66 198
66 201
66 203
66 210
66 212
66 218
66 224
66 236
66 239
66 246
67 69
67 70
67 72
67 73
67 75
67 76
67 77
67 78
67 80
67 81
67 82
67 83
67 84
67 85
67 86
67 87
67 88
67 89
67 90
67 91
67 92
67 93
67 94
67 96
67 97
67 98
67 99
67 130
67 132
67 140
67 103
67 104
67 112
67 116
67 153
67 158
67 170
67 176
67 177
67 187
67 190
67 193
67 197
67 198
67 225
67 226
67 228
67 236
67 242
67 243
67 246
67 247
67 248
68 69
68 72
68 74
68 75
68 76
68 78
68 79
68 80
68 81
68 83
68 84
68 85
68 86
68 87
68 88
68 90
68 92
68 93
68 95
68 96
68 97
68 98
68 99
68 129
68 130
68 135
68 139
68 145
68 108
68 115
68 117
68 121
68 125
68 154
68 161
68 164
68 168
68 173
68 183
68 184
68 185
68 190
68 191
68 192
68 197
68 220
68 229
68 238
68 242
68 247
68 249
69 70
69 71
69 72
69 73
69 75
69 76
69 77
69 78
69 79
69 80
69 82
69 83
69 84
69 86
69 88
69 89
69 91
69 92
69 93
69 94
69 95
69 96
69 97
69 98
69 99
69 129
69 131
69 142
69 149
69 109
69 114
69 116
69 120
69 150
69 151
69 156
69 176
69 183
69 191
69 202
69 203
69 210
69 216
69 219
69 228
69 232
70 71
70 72
70 73
70 74
70 75
70 76
70 78
70 79
70 82
70 83
70 84
70 85
70 86
70 88
70 89
70 90
70 91
70 92
70 93
70 94
70 95
70 96
70 97
70 98
70 135
70 138
70 140
70 147
70 148
70 103
70 108
70 114
70 120
70 152
70 163
70 167
70 192
70 204
70 205
70 226
70 235
70 245
71 72
71 73
71 74
71 75
71 76
71 77
71 78
71 79
71 80
71 81
71 82
71 83
71 86
71 87
71 88
71 89
71 90
71 91
71 92
71 93
71 94
71 96
71 98
71 99
71 129
71 130
71 133
71 137
71 148
71 110
71 113
71 121
71 122
71 125
71 126
71 161
71 176
71 190
71 196
71 202
71 203
71 219
71 243
71 244
71 247
71 248
72 73
72 75
72 76
72 77
72 78
72 79
72 81
72 82
72 83
72 84
72 85
72 87
72 88
72 89
72 90
72 91
72 93
72 94
72 95
72 96
72 130
72 106
72 111
72 117
72 125
72 152
72 154
72 157
72 159
72 162
72 175
72 176
72 178
72 179
72 183
72 193
72 211
72 224
72 229
72 235
72 236
73 74
73 75
73 76
73 77
73 78
73 80
73 81
73 82
73 83
73 84
73 86
73 87
73 88
73 89
73 90
73 91
73 92
73 93
73 95
73 98
73 99
73 135
73 139
73 149
73 103
73 110
73 113
73 114
73 120
73 124
73 125
73 127
73 153
73 157
73 166
73 191
73 197
73 199
73 204
73 219
73 230
73 235
73 236
73 242
73 249
74 75
74 76
74 77
74 78
74 79
74 80
74 81
74 82
74 83
74 84
74 85
74 86
74 88
74 89
74 90
74 91
74 92
74 93
74 94
74 95
74 96
74 97
74 98
74 99
74 134
74 143
74 104
74 105
74 108
74 111
74 114
74 119
74 150
74 154
74 159
74 168
74 186
74 190
74 194
74 200
74 207
74 219
74 228
74 240
74 248
75 76
75 78
75 79
75 82
75 83
75 84
75 86
75 87
75 88
75 89
75 90
75 91
75 92
75 93
75 94
75 95
75 97
75 100
75 106
75 107
75 113
75 119
75 122
75 159
75 162
75 170
75 173
75 175
75 210
75 224
75 235
75 245
76 77
76 78
76 79
76 80
76 81
76 82
76 83
76 84
76 85
76 87
76 90
76 92
76 93
76 94
76 95
76 97
76 98
76 99
76 128
76 133
76 138
76 147
76 100
76 103
76 108
76 109
76 111
76 112
76 114
76 122
76 126
76 152
76 157
76 168
76 179
76 188
76 199
76 204
76 221
76 225
76 230
76 233
76 237
76 244
76 247
76 249
77 78
77 79
77 80
77 81
77 82
77 84
77 85
77 86
77 87
77 88
77 89
77 90
77 92
77 93
77 94
77 96
77 99
77 131
77 135
77 139
77 141
77 144
77 145
77 147
77 105
77 111
77 113
77 121
77 124
77 126
77 158
77 162
77 169
77 177
77 184
77 195
77 196
77 198
77 199
77 205
77 209
77 222
77 226
77 235
77 237
77 245
77 249
78 79
78 81
78 82
78 83
78 84
78 85
78 86
78 89
78 92
78 93
78 94
78 95
78 96
78 97
78 98
78 128
78 139
78 118
78 119
78 127
78 152
78 155
78 160
78 162
78 172
78 181
78 182
78 186
78 187
78 189
78 203
78 211
78 218
78 221
78 226
78 239
78 241
79 80
79 82
79 83
79 84
79 85
79 87
79 89
79 90
79 91
79 92
79 93
79 94
79 95
79 98
79 99
79 133
79 134
79 137
79 139
79 101
79 112
79 116
79 125
79 156
79 176
79 186
79 187
79 188
79 192
79 199
79 203
79 204
79 205
79 224
80 81
80 82
80 83
80 84
80 87
80 88
80 89
80 90
80 91
80 92
80 93
80 94
80 95
80 96
80 97
80 98
80 99
80 128
80 131
80 141
80 108
80 112
80 124
80 152
80 162
80 176
80 194
80 197
80 204
80 206
80 209
80 213
80 218
80 219
80 220
80 244
81 82
81 83
81 84
81 86
81 88
81 90
81 91
81 92
81 93
81 94
81 95
81 96
81 98
81 132
81 133
81 134
81 141
81 110
81 112
81 114
81 123
81 124
81 125
81 150
81 151
81 167
81 168
81 172
81 173
81 176
81 178
81 184
81 188
81 199
81 202
81 207
81 208
81 218
81 222
81 242
81 248
82 83
82 84
82 86
82 87
82 89
82 90
82 91
82 92
82 93
82 94
82 95
82 96
82 98
82 99
82 128
82 133
82 135
82 137
82 140
82 105
82 107
82 109
82 120
82 122
82 150
82 151
82 155
82 170
82 175
82 184
82 186
82 207
82 212
82 222
82 225
83 84
83 85
83 87
83 88
83 90
83 91
83 92
83 94
83 96
83 97
83 98
83 129
83 146
83 148
83 158
83 160
83 162
83 167
83 169
83 171
83 181
83 184
83 189
83 193
83 194
83 196
83 201
83 202
83 204
83 217
83 219
83 220
83 223
83 230
83 238
83 240
84 85
84 87
84 88
84 89
84 90
84 92
84 94
84 95
84 96
84 97
84 98
84 99
84 143
84 147
84 101
84 102
84 105
84 125
84 151
84 156
84 172
84 179
84 187
84 189
84 204
84 213
84 216
84 219
84 237
84 243
85 86
85 87
85 89
85 90
85 91
85 92
85 93
85 94
85 95
85 96
85 99
85 138
85 140
85 106
85 109
85 116
85 120
85 152
85 163
85 166
85 168
85 175
85 176
85 177
85 187
85 196
85 201
85 202
85 207
85 215
85 222
85 225
85 236
85 245
86 87
86 88
86 89
86 90
86 91
86 92
86 94
86 95
86 96
86 98
86 99
86 106
86 116
86 150
86 153
86 154
86 161
86 172
86 179
86 181
86 184
86 190
86 192
86 199
86 207
86 208
86 209
86 218
86 220
86 225
86 231
86 232
86 248
87 89
87 90
87 92
87 93
87 94
87 95
87 96
87 97
87 98
87 99
87 129
87 138
87 144
87 149
87 100
87 116
87 118
87 127
87 152
87 158
87 172
87 195
87 199
87 209
87 212
87 217
87 220
87 223
87 226
87 229
87 233
87 239
87 241
87 242
88 89
88 90
88 91
88 93
88 94
88 96
88 97
88 98
88 99
88 140
88 111
88 115
88 116
88 117
88 118
88 120
88 123
88 124
88 165
88 169
88 172
88 176
88 177
88 179
88 184
88 186
88 193
88 204
88 208
88 213
88 216
88 220
88 221
88 230
88 234
88 243
88 244
89 90
89 92
89 94
89 95
89 96
89 97
89 98
89 99
89 135
89 138
89 147
89 149
89 105
89 110
89 115
89 116
89 124
89 154
89 155
89 164
89 173
89 183
89 188
89 200
89 215
89 221
89 234
89 239
89 245
89 247
89 248
90 92
90 94
90 95
90 96
90 97
90 98
90 99
90 128
90 135
90 139
90 142
90 100
90 101
90 102
90 106
90 108
90 109
90 112
90 117
90 121
90 122
90 153
90 163
90 176
90 178
90 179
90 187
90 201
90 207
90 217
90 230
90 232
90 238
90 241
90 243
90 244
90 245
90 246
90 249
91 92
91 93
91 94
91 95
91 98
91 130
91 132
91 137
91 144
91 145
91 148
91 114
91 122
91 126
91 150
91 161
91 164
91 166
91 170
91 171
91 173
91 176
91 177
91 193
91 213
91 215
91 218
91 221
91 224
91 226
91 227
91 232
91 233
91 238
91 239
91 240
92 93
92 94
92 95
92 96
92 97
92 98
92 99
92 131
92 134
92 138
92 145
92 104
92 118
92 154
92 181
92 183
92 189
92 209
92 212
92 216
92 220
92 221
92 223
92 234
92 238
92 246
92 249
93 94
93 95
93 96
93 97
93 98
93 99
93 130
93 134
93 136
93 137
93 145
93 103
93 111
93 115
93 116
93 150
93 158
93 165
93 169
93 171
93 178
93 181
93 184
93 186
93 209
93 219
93 223
93 225
93 226
93 229
93 232
93 236
93 246
94 96
94 97
94 98
94 131
94 134
94 103
94 156
94 157
94 167
94 168
94 169
94 175
94 199
94 200
94 205
94 208
94 217
94 232
95 96
95 98
95 99
95 132
95 136
95 137
95 112
95 115
95 125
95 166
95 181
95 183
95 184
95 185
95 189
95 195
95 198
95 219
95 222
95 227
95 228
95 233
95 239
95 240
95 242
95 246
96 97
96 98
96 99
96 136
96 145
96 147
96 148
96 149
96 105
96 107
96 116
96 117
96 118
96 124
96 127
96 150
96 152
96 161
96 162
96 167
96 170
96 172
96 181
96 206
96 211
96 216
96 218
96 219
96 220
96 234
96 244
96 245
97 98
97 99
97 128
97 130
97 131
97 137
97 142
97 146
97 148
97 149
97 106
97 108
97 111
97 117
97 122
97 123
97 126
97 127
97 151
97 154
97 171
97 174
97 179
97 180
97 182
97 186
97 188
97 196
97 205
97 206
97 208
97 218
97 220
97 222
97 244
97 248
98 99
98 143
98 144
98 145
98 103
98 115
98 152
98 164
98 181
98 189
98 197
98 208
98 215
98 231
98 241
98 248
99 132
99 148
99 100
99 106
99 107
99 113
99 114
99 117
99 152
99 156
99 158
99 159
99 166
99 170
99 171
99 175
99 178
99 185
99 190
99 194
99 204
99 208
99 216
99 220
99 229
99 238
99 242
99 248
128 130
128 131
128 132
128 134
128 135
128 136
128 138
128 139
128 140
128 142
128 143
128 144
128 145
128 146
128 147
128 148
128 149
128 100
128 102
128 104
128 105
128 106
128 107
128 108
128 110
128 111
128 112
128 113
128 114
128 115
128 116
128 117
128 118
128 119
128 120
128 121
128 122
128 123
128 126
128 127
128 152
128 155
128 158
128 160
128 176
128 187
128 198
128 201
128 210
128 216
128 225
128 232
128 234
128 236
128 241
128 245
129 130
129 131
129 133
129 134
129 135
129 137
129 138
129 139
129 141
129 143
129 145
129 146
129 147
129 148
129 149
129 100
129 102
129 103
129 104
129 105
129 106
129 107
129 108
129 111
129 113
129 114
129 115
129 116
129 117
129 118
129 120
129 121
129 123
129 124
129 125
129 126
129 127
129 151
129 153
129 173
129 176
129 178
129 185
129 197
129 198
129 210
129 211
129 213
129 217
129 219
129 220
129 226
129 231
129 237
129 240
129 241
130 131
130 132
130 135
130 136
130 137
130 138
130 139
130 140
130 141
130 142
130 143
130 144
130 145
130 146
130 148
130 149
130 100
130 101
130 102
130 103
130 104
130 105
130 106
130 107
130 108
130 109
130 110
130 111
130 112
130 113
130 114
130 115
130 116
130 117
130 118
130 119
130 120
130 122
130 123
130 125
130 126
130 127
130 150
130 154
130 169
130 177
130 183
130 191
130 212
130 213
130 215
130 221
130 224
130 227
130 228
130 232
130 233
130 235
130 240
131 132
131 133
131 134
131 135
131 137
131 138
131 139
131 140
131 141
131 142
131 143
131 144
131 146
131 148
131 149
131 100
131 102
131 103
131 104
131 105
131 106
131 107
131 109
131 111
131 112
131 113
131 114
131 115
131 116
131 117
131 118
131 120
131 121
131 122
131 123
131 124
131 125
131 126
131 127
131 156
131 158
131 161
131 177
131 178
131 180
131 183
131 188
131 190
131 198
131 212
131 226
131 228
131 230
131 235
132 133
132 135
132 138
132 139
132 141
132 142
132 143
132 144
132 145
132 146
132 147
132 148
132 149
132 100
132 101
132 103
132 105
132 107
132 108
132 109
132 110
132 111
132 112
132 113
132 114
132 116
132 117
132 118
132 121
132 122
132 123
132 124
132 126
132 127
132 152
132 156
132 163
132 180
132 181
132 182
132 185
132 187
132 194
132 200
132 206
132 223
132 225
132 238
133 134
133 135
133 136
133 137
133 138
133 139
133 141
133 142
133 143
133 144
133 146
133 147
133 148
133 149
133 100
133 102
133 103
133 104
133 105
133 106
133 107
133 108
133 110
133 113
133 115
133 116
133 117
133 118
133 119
133 120
133 121
133 122
133 123
133 124
133 125
133 126
133 127
133 150
133 152
133 156
133 157
133 159
133 166
133 171
133 172
133 173
133 179
133 195
133 200
133 212
133 215
133 228
134 135
134 136
134 137
134 138
134 139
134 141
134 142
134 143
134 144
134 145
134 146
134 147
134 148
134 149
134 100
134 101
134 102
134 103
134 105
134 106
134 107
134 108
134 109
134 110
134 111
134 112
134 113
134 115
134 116
134 117
134 118
134 120
134 121
134 123
134 124
134 125
134 126
134 150
134 153
134 166
134 169
134 177
134 183
134 195
134 202
134 210
134 228
134 232
134 235
134 240
135 137
135 141
135 143
135 144
135 146
135 148
135 149
135 100
135 101
135 102
135 103
135 104
135 105
135 106
135 108
135 109
135 110
135 111
135 112
135 113
135 114
135 115
135 116
135 117
135 118
135 119
135 120
135 121
135 122
135 123
135 124
135 125
135 126
135 127
135 158
135 160
135 163
135 165
135 170
135 180
135 195
135 212
135 213
135 227
135 235
135 238
135 243
135 247
136 137
136 140
136 141
136 142
136 143
136 144
136 145
136 146
136 147
136 148
136 149
136 100
136 102
136 103
136 104
136 105
136 106
136 107
136 108
136 110
136 111
136 115
136 116
136 117
136 119
136 121
136 122
136 123
136 126
136 127
136 156
136 163
136 164
136 165
136 167
136 170
136 186
136 200
136 203
136 206
136 209
136 218
136 237
136 239
136 242
136 247
136 249
137 138
137 139
137 140
137 141
137 142
137 144
137 145
137 147
137 148
137 149
137 100
137 101
137 105
137 106
137 107
137 108
137 110
137 111
137 112
137 113
137 114
137 116
137 118
137 119
137 120
137 122
137 123
137 124
137 125
137 127
137 161
137 163
137 178
137 196
137 219
137 220
137 228
137 229
137 236
137 239
137 246
137 248
138 141
138 143
138 144
138 146
138 147
138 148
138 100
138 101
138 102
138 103
138 104
138 105
138 106
138 107
138 109
138 110
138 111
138 113
138 114
138 115
138 116
138 117
138 118
138 119
138 120
138 122
138 123
138 125
138 126
138 127
138 155
138 156
138 164
138 167
138 198
138 206
138 219
138 221
138 229
138 231
138 236
138 245
138 247
139 140
139 144
139 145
139 146
139 147
139 148
139 149
139 100
139 101
139 102
139 103
139 104
139 105
139 106
139 107
139 109
139 110
139 112
139 113
139 116
139 119
139 120
139 122
139 123
139 124
139 125
139 126
139 163
139 177
139 178
139 192
139 214
139 224
139 228
139 229
139 238
139 246
139 249
140 141
140 145
140 146
140 147
140 148
140 149
140 100
140 101
140 102
140 103
140 104
140 106
140 107
140 110
140 111
140 112
140 113
140 114
140 115
140 116
140 117
140 119
140 120
140 121
140 123
140 124
140 125
140 126
140 127
140 161
140 167
140 174
140 175
140 192
140 199
140 202
140 213
140 215
140 216
140 220
140 222
140 225
140 227
140 234
140 248
141 142
141 143
141 144
141 146
141 147
141 148
141 149
141 100
141 103
141 104
141 106
141 108
141 109
141 110
141 111
141 112
141 113
141 115
141 116
141 117
141 118
141 119
141 121
141 122
141 123
141 124
141 126
141 127
141 156
141 157
141 159
141 160
141 164
141 173
141 190
141 193
141 194
141 196
141 197
141 199
141 205
141 208
141 209
141 213
141 219
141 236
141 237
141 247
142 143
142 144
142 145
142 146
142 147
142 148
142 149
142 100
142 101
142 102
142 103
142 104
142 105
142 106
142 107
142 110
142 111
142 112
142 114
142 115
142 116
142 118
142 121
142 123
142 124
142 125
142 126
142 127
142 150
142 152
142 157
142 166
142 176
142 189
142 217
142 220
142 221
142 222
142 223
142 229
142 231
142 235
142 238
143 145
143 146
143 147
143 148
143 149
143 100
143 101
143 102
143 103
143 105
143 106
143 107
143 108
143 109
143 115
143 116
143 117
143 118
143 119
143 120
143 121
143 122
143 123
143 124
143 125
143 126
143 127
143 160
143 162
143 169
143 181
143 192
143 196
143 198
143 205
143 215
143 227
143 229
143 231
144 145
144 146
144 147
144 148
144 100
144 101
144 103
144 104
144 105
144 106
144 108
144 109
144 110
144 111
144 112
144 113
144 114
144 115
144 116
144 117
144 118
144 119
144 120
144 121
144 122
144 123
144 125
144 126
144 127
144 150
144 151
144 155
144 165
144 167
144 175
144 177
144 179
144 191
144 196
144 208
144 225
144 227
144 228
144 234
144 235
144 240
144 241
144 242
145 146
145 147
145 148
145 149
145 101
145 102
145 103
145 104
145 105
145 107
145 108
145 109
145 111
145 112
145 113
145 114
145 116
145 117
145 118
145 119
145 121
145 122
145 123
145 124
145 127
145 159
145 167
145 168
145 171
145 195
145 206
145 242
145 245
146 147
146 148
146 100
146 101
146 102
146 103
146 104
146 105
146 106
146 107
146 108
146 109
146 111
146 112
146 113
146 114
146 115
146 116
146 117
146 118
146 119
146 120
146 121
146 122
146 123
146 124
146 125
146 126
146 127
146 153
146 170
146 172
146 178
146 180
146 205
146 214
146 216
146 217
146 232
146 235
146 236
146 242
146 247
147 101
147 102
147 103
147 104
147 106
147 107
147 109
147 110
147 111
147 112
147 113
147 114
147 115
147 116
147 117
147 118
147 119
147 120
147 121
147 122
147 123
147 124
147 127
147 152
147 164
147 165
147 172
147 175
147 177
147 183
147 189
147 204
147 208
147 213
147 219
147 229
147 233
148 149
148 100
148 101
148 103
148 104
148 105
148 106
148 107
148 108
148 110
148 111
148 112
148 113
148 114
148 115
148 116
148 117
148 118
148 119
148 120
148 122
148 123
148 124
148 125
148 127
148 152
148 157
148 163
148 167
148 172
148 173
148 179
148 180
148 191
148 192
148 195
148 199
148 208
148 209
148 232
148 243
149 102
149 103
149 104
149 105
149 106
149 107
149 108
149 109
149 111
149 112
149 114
149 115
149 116
149 117
149 119
149 120
149 121
149 122
149 124
149 125
149 126
149 150
149 157
149 163
149 165
149 168
149 170
149 183
149 184
149 193
149 198
149 201
149 206
149 209
149 218
149 221
149 224
149 225
149 229
149 239
149 244
149 249
100 101
100 102
100 103
100 104
100 105
100 106
100 107
100 109
100 110
100 114
100 115
100 116
100 117
100 118
100 119
100 120
100 121
100 122
100 123
100 124
100 125
100 126
100 127
100 151
100 168
100 178
100 180
100 184
100 196
100 199
100 203
100 217
100 220
100 222
100 238
100 248
101 102
101 103
101 104
101 105
101 106
101 107
101 109
101 110
101 113
101 114
101 115
101 116
101 117
101 118
101 120
101 121
101 123
101 124
101 126
101 153
101 156
101 162
101 166
101 167
101 170
101 176
101 177
101 192
101 194
101 198
101 199
101 205
101 210
101 222
101 224
101 229
101 234
101 238
101 248
102 103
102 104
102 105
102 106
102 107
102 108
102 109
102 110
102 111
102 112
102 113
102 114
102 115
102 116
102 118
102 119
102 120
102 121
102 122
102 123
102 125
102 127
102 153
102 159
102 173
102 186
102 193
102 203
102 207
102 218
102 236
102 237
102 238
102 245
102 247
103 104
103 105
103 106
103 107
103 110
103 111
103 112
103 113
103 114
103 115
103 116
103 117
103 118
103 120
103 121
103 122
103 124
103 125
103 127
103 150
103 166
103 173
103 207
103 238
103 240
103 242
103 245
104 105
104 106
104 107
104 108
104 110
104 111
104 112
104 113
104 114
104 115
104 116
104 117
104 118
104 120
104 121
104 122
104 123
104 124
104 125
104 126
104 160
104 165
104 175
104 176
104 180
104 196
104 197
104 198
104 211
104 229
104 236
105 106
105 107
105 108
105 109
105 111
105 112
105 113
105 114
105 115
105 116
105 117
105 119
105 120
105 122
105 123
105 124
105 125
105 126
105 127
105 153
105 159
105 164
105 190
105 196
105 199
105 201
105 202
105 225
105 226
105 245
105 248
106 107
106 109
106 111
106 112
106 113
106 114
106 115
106 116
106 117
106 119
106 120
106 121
106 122
106 123
106 124
106 125
106 126
106 127
106 150
106 153
106 159
106 163
106 171
106 179
106 181
106 182
106 186
106 190
106 201
106 202
106 207
106 209
106 211
106 214
106 223
106 243
107 108
107 111
107 112
107 113
107 114
107 115
107 116
107 117
107 119
107 120
107 121
107 122
107 123
107 124
107 125
107 126
107 127
107 153
107 157
107 179
107 185
107 190
107 195
107 197
107 199
107 201
107 206
107 213
107 221
107 225
107 234
107 243
107 245
108 109
108 110
108 112
108 113
108 115
108 116
108 117
108 118
108 119
108 125
108 127
108 150
108 152
108 155
108 177
108 187
108 194
108 236
109 110
109 111
109 112
109 113
109 114
109 115
109 116
109 117
109 118
109 119
109 120
109 121
109 122
109 123
109 124
109 125
109 126
109 127
109 150
109 154
109 156
109 160
109 162
109 175
109 184
109 195
109 197
109 211
109 215
109 225
109 232
109 237
109 240
109 243
110 112
110 113
110 114
110 115
110 116
110 118
110 120
110 121
110 122
110 123
110 124
110 125
110 126
110 153
110 155
110 158
110 160
110 177
110 181
110 187
110 192
110 199
110 201
110 202
110 203
110 207
110 211
110 213
110 215
110 216
110 221
110 229
110 232
111 112
111 113
111 114
111 116
111 117
111 118
111 119
111 120
111 121
111 122
111 124
111 125
111 126
111 127
111 153
111 162
111 175
111 185
111 197
111 199
111 201
111 202
111 215
111 217
111 227
111 244
111 247
112 113
112 114
112 115
112 116
112 117
112 119
112 121
112 123
112 124
112 125
112 126
112 153
112 161
112 163
112 169
112 171
112 177
112 179
112 183
112 194
112 195
112 198
112 208
112 218
112 221
112 228
112 229
112 233
112 237
112 241
112 245
113 114
113 115
113 117
113 118
113 119
113 120
113 121
113 122
113 123
113 124
113 125
113 126
113 127
113 152
113 154
113 155
113 163
113 201
113 203
113 206
113 211
113 212
113 224
113 246
114 115
114 116
114 117
114 118
114 119
114 120
114 121
114 123
114 124
114 125
114 126
114 127
114 162
114 184
114 186
114 196
114 197
114 200
114 202
114 205
114 207
114 211
114 213
114 217
114 235
114 240
114 244
114 246
115 116
115 117
115 118
115 119
115 120
115 121
115 122
115 123
115 124
115 126
115 156
115 162
115 163
115 165
115 166
115 177
115 181
115 197
115 198
115 221
115 222
115 224
115 226
115 227
115 230
115 233
115 237
115 239
115 246
116 117
116 118
116 119
116 121
116 123
116 126
116 127
116 156
116 158
116 163
116 176
116 179
116 181
116 193
116 209
116 211
116 213
116 215
116 228
116 231
117 118
117 120
117 121
117 122
117 123
117 124
117 155
117 157
117 165
117 167
117 168
117 172
117 182
117 185
117 187
117 190
117 199
117 203
117 222
117 225
117 229
117 232
117 235
117 238
117 241
117 246
118 120
118 121
118 122
118 124
118 125
118 126
118 127
118 151
118 153
118 175
118 182
118 184
118 189
118 192
118 210
118 225
118 240
118 241
118 242
118 244
118 245
119 122
119 124
119 125
119 127
119 151
119 155
119 156
119 159
119 164
119 172
119 181
119 197
119 202
119 203
119 204
119 222
119 230
119 231
119 243
119 245
120 121
120 123
120 124
120 125
120 126
120 127
120 158
120 165
120 167
120 169
120 172
120 173
120 197
120 200
120 208
120 209
120 210
120 216
120 221
120 226
120 243
121 122
121 123
121 124
121 125
121 127
121 151
121 154
121 161
121 162
121 166
121 167
121 171
121 193
121 196
121 197
121 198
121 205
121 215
121 226
121 228
121 229
121 243
122 124
122 126
122 127
122 167
122 168
122 169
122 178
122 180
122 197
122 204
122 205
122 206
122 217
122 234
122 236
122 241
122 246
122 249
123 124
123 126
123 127
123 150
123 153
123 170
123 171
123 184
123 190
123 191
123 204
123 211
123 222
123 229
123 230
123 235
123 239
123 243
124 127
124 151
124 153
124 155
124 160
124 183
124 188
124 189
124 194
124 205
124 212
124 213
124 214
124 215
124 216
124 217
124 225
124 228
124 233
124 247
124 249
125 126
125 127
125 153
125 156
125 163
125 164
125 175
125 179
125 194
125 196
125 199
125 219
125 221
125 231
125 234
125 235
125 242
125 243
125 249
126 155
126 157
126 186
126 195
126 196
126 202
126 210
126 220
126 223
126 243
126 245
127 154
127 165
127 171
127 198
127 204
127 225
127 236
127 242
150 151
150 152
150 153
150 156
150 157
150 158
150 159
150 160
150 161
150 162
150 163
150 165
150 166
150 168
150 169
150 170
150 171
150 172
150 173
150 176
150 178
150 181
150 182
150 183
150 184
150 185
150 187
150 189
150 190
150 191
150 194
150 195
150 196
150 197
150 198
150 199
150 206
150 211
150 218
150 234
150 247
151 152
151 154
151 155
151 156
151 157
151 158
151 162
151 163
151 164
151 165
151 166
151 167
151 169
151 170
151 171
151 172
151 173
151 174
151 175
151 176
151 177
151 178
151 179
151 180
151 181
151 182
151 183
151 184
151 185
151 186
151 187
151 188
151 189
151 190
151 191
151 192
151 193
151 195
151 196
151 197
151 199
151 202
151 218
151 219
151 224
152 153
152 154
152 155
152 156
152 157
152 158
152 159
152 160
152 161
152 163
152 164
152 165
152 166
152 167
152 169
152 170
152 171
152 173
152 174
152 177
152 178
152 179
152 181
152 182
152 183
152 184
152 185
152 187
152 189
152 190
152 191
152 192
152 193
152 195
152 196
152 198
152 199
152 214
152 221
152 222
152 227
152 233
152 235
152 237
152 247
152 249
153 154
153 155
153 156
153 157
153 159
153 160
153 162
153 163
153 164
153 166
153 167
153 170
153 171
153 172
153 173
153 175
153 176
153 177
153 178
153 179
153 180
153 181
153 184
153 187
153 188
153 189
153 190
153 191
153 193
153 194
153 195
153 197
153 210
153 217
153 225
153 229
154 155
154 156
154 157
154 158
154 159
154 160
154 161
154 163
154 164
154 165
154 166
154 167
154 169
154 170
154 171
154 172
154 173
154 175
154 176
154 177
154 178
154 179
154 180
154 181
154 182
154 183
154 184
154 186
154 188
154 189
154 190
154 191
154 192
154 194
154 195
154 196
154 198
154 199
154 200
154 214
154 226
154 229
154 236
154 240
155 157
155 158
155 159
155 160
155 161
155 162
155 167
155 168
155 169
155 170
155 171
155 172
155 173
155 174
155 177
155 178
155 180
155 182
155 183
155 184
155 185
155 186
155 187
155 188
155 189
155 191
155 192
155 193
155 195
155 196
155 197
155 198
155 199
155 200
155 218
155 233
155 241
155 246
156 157
156 158
156 159
156 160
156 161
156 163
156 164
156 165
156 166
156 167
156 169
156 171
156 172
156 173
156 174
156 176
156 177
156 178
156 179
156 180
156 182
156 183
156 184
156 186
156 187
156 188
156 190
156 191
156 192
156 194
156 195
156 197
156 198
156 199
156 201
156 207
156 226
156 230
156 234
156 245
157 158
157 160
157 161
157 162
157 163
157 165
157 167
157 168
157 169
157 170
157 171
157 173
157 174
157 175
157 176
157 177
157 178
157 179
157 180
157 181
157 182
157 184
157 185
157 186
157 188
157 189
157 190
157 191
157 192
157 193
157 194
157 195
157 196
157 198
157 200
157 203
157 222
157 225
157 229
157 235
157 240
157 244
157 248
158 159
158 160
158 161
158 162
158 164
158 165
158 166
158 167
158 168
158 170
158 171
158 172
158 173
158 175
158 176
158 177
158 178
158 180
158 181
158 182
158 183
158 184
158 185
158 186
158 187
158 188
158 189
158 190
158 191
158 192
158 193
158 195
158 196
158 197
158 198
158 199
158 204
158 205
158 207
158 224
158 239
159 160
159 161
159 162
159 164
159 165
159 166
159 167
159 168
159 170
159 174
159 175
159 177
159 178
159 180
159 181
159 182
159 183
159 184
159 185
159 186
159 187
159 188
159 189
159 190
159 191
159 192
159 193
159 194
159 196
159 197
159 199
159 207
159 220
159 224
159 229
159 233
159 239
159 247
160 162
160 163
160 164
160 165
160 166
160 167
160 168
160 169
160 170
160 171
160 172
160 174
160 176
160 178
160 179
160 180
160 182
160 184
160 185
160 186
160 187
160 188
160 189
160 190
160 191
160 192
160 194
160 195
160 196
160 197
160 198
160 199
160 207
160 208
160 210
160 217
160 221
160 232
160 237
160 242
160 244
161 163
161 164
161 165
161 167
161 169
161 170
161 171
161 173
161 176
161 177
161 178
161 179
161 180
161 181
161 182
161 183
161 184
161 185
161 186
161 187
161 189
161 190
161 191
161 192
161 193
161 194
161 195
161 196
161 197
161 199
161 217
161 227
161 246
162 163
162 164
162 165
162 166
162 169
162 170
162 171
162 172
162 174
162 175
162 176
162 177
162 179
162 180
162 181
162 182
162 183
162 184
162 186
162 187
162 188
162 189
162 190
162 193
162 194
162 195
162 196
162 197
162 198
162 199
162 237
162 240
162 244
162 246
162 247
162 248
162 249
163 164
163 167
163 168
163 170
163 171
163 172
163 173
163 175
163 176
163 177
163 178
163 180
163 181
163 182
163 183
163 184
163 185
163 186
163 187
163 188
163 189
163 190
163 191
163 192
163 193
163 194
163 196
163 197
163 198
163 199
163 201
163 209
163 210
163 228
163 232
163 233
163 236
164 166
164 167
164 168
164 170
164 171
164 172
164 173
164 174
164 176
164 177
164 178
164 179
164 181
164 182
164 183
164 184
164 185
164 186
164 187
164 188
164 189
164 190
164 193
164 194
164 195
164 196
164 197
164 198
164 199
164 208
164 209
164 213
164 216
164 222
164 224
164 226
164 234
164 238
164 245
165 166
165 167
165 168
165 169
165 170
165 171
165 173
165 174
165 175
165 176
165 177
165 178
165 179
165 180
165 181
165 182
165 183
165 184
165 186
165 187
165 188
165 189
165 190
165 191
165 192
165 193
165 195
165 196
165 197
165 198
165 199
165 202
165 217
165 223
165 238
165 249
166 167
166 168
166 169
166 170
166 171
166 172
166 173
166 174
166 175
166 176
166 177
166 178
166 179
166 180
166 181
166 183
166 184
166 185
166 186
166 187
166 190
166 191
166 192
166 194
166 196
166 197
166 198
166 199
166 201
166 208
166 229
166 238
166 243
166 247
167 168
167 169
167 170
167 171
167 172
167 174
167 175
167 177
167 178
167 179
167 181
167 183
167 185
167 186
167 187
167 188
167 189
167 190
167 191
167 192
167 193
167 195
167 196
167 198
167 199
167 200
167 201
167 216
167 224
167 227
167 246
167 247
168 169
168 170
168 171
168 172
168 174
168 175
168 176
168 177
168 179
168 180
168 181
168 182
168 183
168 185
168 186
168 188
168 190
168 191
168 192
168 193
168 194
168 195
168 196
168 197
168 198
168 199
168 200
168 211
168 216
168 241
168 242
169 170
169 172
169 173
169 174
169 175
169 176
169 177
169 178
169 179
169 181
169 182
169 184
169 185
169 186
169 187
169 188
169 189
169 190
169 191
169 192
169 193
169 194
169 195
169 196
169 197
169 198
169 199
169 208
169 209
169 213
169 217
169 229
169 235
169 242
170 171
170 172
170 173
170 174
170 175
170 176
170 177
170 178
170 179
170 180
170 181
170 182
170 183
170 184
170 185
170 188
170 189
170 190
170 191
170 192
170 193
170 194
170 195
170 199
170 207
170 208
170 219
170 221
170 222
170 224
170 238
170 242
171 172
171 173
171 174
171 176
171 177
171 178
171 181
171 182
171 183
171 184
171 185
171 186
171 188
171 189
171 190
171 191
171 192
171 193
171 194
171 195
171 196
171 197
171 198
171 208
171 221
171 222
171 235
171 248
171 249
172 173
172 174
172 175
172 178
172 179
172 180
172 181
172 182
172 184
172 185
172 189
172 191
172 193
172 194
172 195
172 196
172 199
172 202
172 206
172 210
172 226
172 242
172 244
173 176
173 178
173 179
173 180
173 181
173 183
173 184
173 186
173 188
173 189
173 190
173 191
173 193
173 194
173 195
173 197
173 198
173 199
173 207
173 212
173 218
173 222
174 175
174 177
174 178
174 179
174 180
174 181
174 182
174 183
174 184
174 185
174 186
174 187
174 188
174 189
174 190
174 192
174 193
174 194
174 195
174 197
174 198
174 199
174 202
174 209
174 214
174 217
174 238
174 239
174 243
174 248
175 176
175 177
175 178
175 179
175 180
175 181
175 183
175 184
175 185
175 187
175 188
175 189
175 190
175 193
175 194
175 195
175 196
175 197
175 198
175 205
175 217
175 222
175 225
175 231
175 235
175 238
175 247
176 178
176 179
176 180
176 181
176 182
176 184
176 185
176 186
176 189
176 190
176 191
176 193
176 194
176 195
176 196
176 197
176 198
176 199
176 200
176 201
176 206
176 210
176 215
176 216
176 217
176 218
176 223
176 225
176 227
176 229
176 248
177 178
177 179
177 181
177 182
177 183
177 184
177 185
177 186
177 187
177 188
177 189
177 190
177 191
177 192
177 193
177 194
177 195
177 196
177 197
177 198
177 199
177 201
177 202
177 208
177 211
177 212
177 213
177 217
177 228
177 230
177 235
177 247
178 179
178 180
178 181
178 182
178 183
178 184
178 186
178 187
178 188
178 189
178 190
178 191
178 192
178 194
178 195
178 196
178 197
178 198
178 199
178 200
178 208
178 224
178 228
178 240
178 245
178 246
178 249
179 182
179 183
179 184
179 185
179 186
179 188
179 190
179 191
179 192
179 193
179 194
179 195
179 196
179 197
179 198
179 199
179 200
179 203
179 209
179 210
179 211
179 217
179 220
179 242
180 182
180 183
180 184
180 185
180 186
180 187
180 188
180 189
180 190
180 191
180 192
180 195
180 196
180 197
180 198
180 199
180 201
180 209
180 217
180 236
180 240
180 241
180 242
180 244
180 246
181 182
181 183
181 184
181 185
181 186
181 187
181 188
181 189
181 190
181 191
181 192
181 193
181 194
181 195
181 196
181 197
181 198
181 199
181 206
181 211
181 218
181 222
181 233
181 235
182 185
182 188
182 189
182 190
182 191
182 192
182 193
182 194
182 195
182 196
182 197
182 198
182 199
182 200
182 202
182 204
182 210
182 215
182 218
182 219
182 225
182 226
182 229
182 230
182 244
182 248
183 185
183 186
183 188
183 189
183 190
183 191
183 192
183 194
183 195
183 196
183 198
183 199
183 206
183 211
183 212
183 220
183 223
183 227
183 232
183 241
184 185
184 187
184 188
184 190
184 192
184 193
184 194
184 195
184 196
184 197
184 198
184 199
184 218
184 229
184 235
184 240
184 241
184 245
185 186
185 187
185 188
185 189
185 191
185 192
185 194
185 195
185 196
185 197
185 198
185 199
185 209
185 211
185 216
185 226
185 235
185 242
185 244
186 187
186 188
186 190
186 192
186 193
186 194
186 195
186 197
186 198
186 199
186 202
186 207
186 213
186 215
186 217
186 219
186 227
186 232
187 188
187 189
187 190
187 191
187 194
187 195
187 197
187 198
187 199
187 207
187 209
187 213
187 214
187 217
187 227
187 231
187 246
188 189
188 190
188 191
188 192
188 193
188 194
188 195
188 196
188 198
188 203
188 204
188 223
188 225
188 240
188 245
189 190
189 191
189 192
189 193
189 194
189 195
189 196
189 197
189 198
189 199
189 205
189 208
189 212
189 214
189 216
189 218
189 220
189 225
189 230
189 232
189 241
189 248
190 191
190 194
190 195
190 196
190 197
190 199
190 202
190 208
190 214
190 227
190 229
190 235
190 239
191 193
191 194
191 195
191 196
191 198
191 199
191 203
191 204
191 207
191 208
191 233
191 236
191 240
191 243
191 245
192 193
192 195
192 196
192 197
192 199
192 201
192 208
192 212
192 213
192 224
192 235
192 242
193 194
193 195
193 196
193 197
193 198
193 199
193 202
193 209
193 219
193 221
193 235
193 236
193 248
194 195
194 196
194 199
194 209
194 210
194 219
194 225
194 230
194 243
194 246
195 196
195 197
195 198
195 199
195 214
195 219
195 234
195 241
195 249
196 198
196 199
196 201
196 202
196 205
196 213
196 216
196 233
196 239
196 241
196 246
196 248
197 198
197 199
197 205
197 226
197 231
197 238
197 245
198 199
198 206
198 207
198 212
198 213
198 218
198 221
199 210
199 217
199 219
199 233
199 248
200 201
200 202
200 203
200 204
200 205
200 206
200 207
200 208
200 209
200 212
200 213
200 214
200 215
200 219
200 220
200 221
200 222
200 223
200 224
200 225
200 226
200 227
200 228
200 229
200 230
200 231
200 233
200 234
200 235
200 236
200 237
200 239
200 240
200 241
200 242
200 244
200 245
200 246
200 247
200 248
200 249
201 202
201 203
201 204
201 206
201 207
201 208
201 209
201 210
201 212
201 213
201 214
201 215
201 216
201 217
201 218
201 219
201 221
201 223
201 224
201 227
201 228
201 229
201 230
201 231
201 232
201 233
201 234
201 235
201 236
201 237
201 238
201 240
201 242
201 243
201 244
201 245
201 246
201 247
201 248
202 203
202 204
202 205
202 206
202 208
202 210
202 211
202 212
202 213
202 216
202 217
202 220
202 221
202 222
202 224
202 225
202 227
202 228
202 229
202 230
202 232
202 234
202 235
202 236
202 237
202 238
202 239
202 240
202 241
202 242
202 244
202 245
202 246
202 247
202 248
202 249
203 204
203 205
203 206
203 207
203 208
203 209
203 210
203 211
203 213
203 217
203 219
203 220
203 222
203 224
203 225
203 226
203 227
203 228
203 229
203 231
203 232
203 234
203 235
203 236
203 237
203 238
203 240
203 242
203 243
203 244
203 245
203 246
203 247
203 248
203 249
204 205
204 206
204 207
204 208
204 210
204 211
204 212
204 213
204 215
204 216
204 218
204 219
204 220
204 221
204 222
204 223
204 225
204 226
204 227
204 228
204 230
204 231
204 232
204 233
204 235
204 236
204 237
204 238
204 241
204 244
204 245
204 246
204 247
204 248
204 249
205 207
205 208
205 210
205 213
205 215
205 216
205 217
205 218
205 219
205 220
205 221
205 222
205 223
205 224
205 226
205 227
205 228
205 229
205 230
205 231
205 234
205 235
205 236
205 237
205 238
205 239
205 240
205 241
205 242
205 244
205 245
205 246
205 247
205 248
205 249
206 207
206 208
206 210
206 211
206 212
206 213
206 214
206 215
206 217
206 218
206 219
206 220
206 221
206 223
206 224
206 225
206 226
206 227
206 228
206 230
206 231
206 233
206 234
206 236
206 237
206 239
206 240
206 241
206 242
206 243
206 244
206 245
206 246
206 247
206 248
206 249
207 208
207 209
207 210
207 211
207 212
207 213
207 214
207 215
207 216
207 218
207 219
207 220
207 221
207 223
207 224
207 225
207 226
207 227
207 228
207 229
207 230
207 231
207 232
207 233
207 234
207 235
207 236
207 237
207 239
207 240
207 241
207 242
207 243
207 244
207 245
207 247
207 249
208 209
208 210
208 211
208 212
208 213
208 214
208 215
208 216
208 217
208 218
208 219
208 220
208 221
208 222
208 223
208 225
208 226
208 229
208 233
208 234
208 235
208 236
208 239
208 240
208 241
208 242
208 244
208 245
208 246
208 247
208 248
208 249
209 210
209 211
209 213
209 214
209 215
209 217
209 218
209 219
209 220
209 222
209 223
209 224
209 225
209 226
209 227
209 228
209 229
209 230
209 231
209 232
209 233
209 235
209 236
209 237
209 239
209 240
209 242
209 243
209 245
209 246
209 247
209 248
209 249
210 211
210 212
210 213
210 214
210 216
210 217
210 218
210 219
210 221
210 222
210 223
210 224
210 225
210 226
210 227
210 228
210 229
210 230
210 231
210 232
210 233
210 235
210 236
210 237
210 238
210 240
210 241
210 242
210 244
210 245
210 246
210 247
210 248
210 249
211 212
211 214
211 217
211 218
211 221
211 222
211 223
211 224
211 225
211 226
211 227
211 228
211 229
211 231
211 233
211 234
211 235
211 236
211 237
211 238
211 239
211 240
211 241
211 242
211 244
211 245
211 247
211 248
211 249
212 213
212 214
212 215
212 216
212 217
212 218
212 219
212 220
212 221
212 222
212 224
212 225
212 226
212 227
212 228
212 229
212 230
212 231
212 232
212 233
212 234
212 235
212 237
212 239
212 240
212 241
212 242
212 243
212 244
212 246
212 247
212 248
212 249
213 214
213 215
213 217
213 218
213 220
213 221
213 222
213 223
213 225
213 226
213 227
213 228
213 229
213 231
213 232
213 234
213 235
213 236
213 237
213 238
213 240
213 242
213 243
213 244
213 245
213 246
213 247
214 215
214 216
214 217
214 219
214 220
214 221
214 222
214 223
214 224
214 225
214 226
214 227
214 228
214 229
214 231
214 232
214 236
214 237
214 238
214 239
214 240
214 241
214 242
214 243
214 245
214 246
214 247
214 248
214 249
215 217
215 218
215 219
215 221
215 222
215 223
215 224
215 225
215 226
215 227
215 228
215 229
215 230
215 231
215 235
215 236
215 237
215 238
215 239
215 240
215 241
215 242
215 243
215 244
215 246
215 247
215 248
215 249
216 217
216 218
216 219
216 220
216 221
216 222
216 223
216 224
216 226
216 227
216 228
216 229
216 230
216 231
216 233
216 234
216 235
216 237
216 238
216 239
216 240
216 241
216 242
216 243
216 244
216 245
216 246
216 247
216 248
216 249
217 219
217 221
217 222
217 223
217 224
217 225
217 226
217 227
217 229
217 231
217 233
217 234
217 235
217 236
217 237
217 238
217 240
217 241
217 242
217 243
217 245
217 246
217 247
217 248
217 249
218 220
218 225
218 226
218 228
218 229
218 230
218 231
218 233
218 235
218 236
218 237
218 238
218 241
218 242
218 243
218 244
218 245
218 246
218 247
218 248
218 249
219 220
219 221
219 222
219 223
219 224
219 225
219 226
219 227
219 229
219 230
219 232
219 233
219 235
219 236
219 237
219 238
219 240
219 241
219 242
219 243
219 244
219 245
219 248
219 249
220 223
220 224
220 225
220 227
220 228
220 229
220 230
220 231
220 232
220 233
220 234
220 237
220 238
220 239
220 241
220 242
220 243
220 245
220 246
220 247
220 248
220 249
221 222
221 223
221 224
221 225
221 226
221 227
221 228
221 229
221 231
221 232
221 234
221 235
221 236
221 238
221 239
221 240
221 241
221 242
221 244
221 245
221 246
221 248
221 249
222 223
222 224
222 225
222 226
222 228
222 229
222 233
222 234
222 236
222 239
222 240
222 241
222 242
222 243
222 244
222 245
222 246
222 247
222 248
222 249
223 224
223 225
223 226
223 227
223 228
223 229
223 230
223 231
223 232
223 233
223 234
223 236
223 237
223 241
223 242
223 244
223 245
223 249
224 226
224 227
224 228
224 230
224 231
224 233
224 234
224 235
224 236
224 237
224 238
224 239
224 240
224 242
224 243
224 244
224 246
224 247
224 248
225 226
225 228
225 229
225 230
225 231
225 232
225 233
225 234
225 235
225 236
225 237
225 239
225 240
225 241
225 242
225 243
225 244
225 245
225 246
225 247
225 248
225 249
226 228
226 230
226 231
226 232
226 233
226 235
226 236
226 238
226 239
226 240
226 241
226 242
226 243
226 244
226 245
226 246
226 247
226 249
227 228
227 229
227 230
227 231
227 232
227 233
227 235
227 236
227 237
227 238
227 239
227 241
227 242
227 243
227 244
227 245
227 246
227 247
227 248
227 249
228 229
228 230
228 231
228 232
228 233
228 235
228 236
228 237
228 238
228 239
228 240
228 241
228 242
228 243
228 244
228 245
228 246
228 247
228 248
229 231
229 232
229 233
229 234
229 235
229 237
229 238
229 240
229 241
229 242
229 243
229 244
229 245
229 246
230 231
230 232
230 233
230 234
230 235
230 236
230 237
230 238
230 239
230 240
230 241
230 242
230 243
230 244
230 245
230 246
230 247
230 248
231 232
231 234
231 235
231 236
231 238
231 239
231 240
231 241
231 242
231 243
231 244
231 245
231 246
231 247
231 248
231 249
232 233
232 234
232 235
232 237
232 239
232 240
232 241
232 242
232 243
232 244
232 245
232 246
232 247
232 249
233 234
233 235
233 236
233 237
233 239
233 240
233 243
233 244
233 245
233 246
233 247
233 248
233 249
234 235
234 236
234 237
234 238
234 240
234 241
234 242
234 243
234 244
234 245
234 246
234 248
235 236
235 237
235 238
235 239
235 240
235 241
235 242
235 244
235 247
235 248
235 249
236 237
236 239
236 240
236 241
236 242
236 244
236 245
236 246
236 247
236 248
236 249
237 238
237 239
237 240
237 241
237 243
237 244
237 245
237 246
237 247
237 249
238 239
238 240
238 241
238 242
238 244
238 245
238 246
238 248
238 249
239 240
239 241
239 242
239 243
239 244
239 245
239 246
239 247
239 248
239 249
240 241
240 242
240 243
240 244
240 245
240 246
240 247
240 249
241 242
241 243
241 244
241 245
241 246
241 247
241 249
242 243
242 244
242 245
242 246
242 248
242 249
243 244
243 245
243 246
243 247
243 248
243 249
244 245
244 247
244 248
244 249
245 246
245 247
245 248
245 249
246 247
246 248
246 249
247 249
248 249
