0 1
0 2
0 3
0 4
0 5
0 6
0 7
0 8
0 9
0 10
0 11
0 12
0 13
0 14
0 16
0 17
0 18
0 19
0 20
0 21
0 22
0 23
0 24
0 25
0 28
0 29
0 30
0 31
0 32
0 33
0 34
0 36
0 37
0 38
0 39
0 40
0 41
0 43
0 46
0 49
0 59
0 67
0 68
0 72
0 90
0 91
0 143
0 100
0 109
0 111
0 118
0 124
0 166
0 172
0 173
0 175
0 180
0 182
0 184
0 195
0 200
0 210
0 212
0 216
0 228
0 231
0 236
0 241
1 2
1 4
1 5
1 6
1 9
1 11
1 12
1 13
1 15
1 18
1 19
1 20
1 21
1 23
1 24
1 26
1 27
1 28
1 29
1 31
1 32
1 33
1 34
1 35
1 36
1 37
1 38
1 39
1 40
1 41
1 42
1 43
1 44
1 46
1 47
1 48
1 49
1 51
1 71
1 77
1 82
1 91
1 93
1 96
1 128
1 140
1 149
1 119
1 124
1 126
1 160
1 161
1 172
1 175
1 178
1 185
1 206
1 209
1 213
1 215
1 221
1 226
1 234
1 239
1 242
1 244
2 3
2 4
2 5
2 6
2 7
2 8
2 9
2 10
2 13
2 14
2 16
2 17
2 18
2 19
2 20
2 21
2 22
2 24
2 25
2 26
2 28
2 29
2 30
2 31
2 32
2 33
2 34
2 35
2 36
2 37
2 38
2 39
2 40
2 41
2 42
2 43
2 45
2 46
2 47
2 48
2 49
2 63
2 76
2 99
2 132
2 133
2 138
2 119
2 164
2 172
2 174
2 186
2 192
2 194
2 209
2 235
2 243
3 4
3 5
3 6
3 9
3 10
3 11
3 12
3 14
3 16
3 17
3 18
3 19
3 20
3 22
3 23
3 24
3 25
3 26
3 27
3 29
3 30
3 31
3 32
3 33
3 34
3 35
3 37
3 38
3 39
3 40
3 42
3 43
3 44
3 45
3 46
3 48
3 49
3 132
3 143
3 146
3 147
3 148
3 103
3 150
3 152
3 156
3 159
3 165
3 172
3 174
3 187
3 198
3 203
3 226
3 227
3 242
4 5
4 6
4 7
4 8
4 9
4 10
4 12
4 13
4 14
4 16
4 17
4 18
4 19
4 21
4 22
4 23
4 24
4 25
4 26
4 27
4 29
4 30
4 31
4 32
4 34
4 35
4 36
4 37
4 38
4 39
4 40
4 41
4 42
4 43
4 44
4 46
4 47
4 49
4 53
4 57
4 64
4 71
4 78
4 81
4 85
4 142
4 145
4 110
4 116
4 123
4 158
4 173
4 180
4 184
4 194
4 195
4 197
4 198
4 203
4 206
4 245
5 6
5 7
5 8
5 9
5 11
5 13
5 15
5 17
5 18
5 20
5 21
5 22
5 23
5 24
5 25
5 26
5 27
5 30
5 31
5 32
5 33
5 34
5 35
5 36
5 37
5 38
5 41
5 42
5 43
5 44
5 45
5 46
5 47
5 48
5 49
5 56
5 61
5 62
5 65
5 71
5 83
5 88
5 134
5 100
5 111
5 112
5 115
5 116
5 124
5 153
5 172
5 185
5 189
5 202
5 207
5 215
5 221
5 232
5 238
5 244
5 245
6 7
6 8
6 10
6 11
6 12
6 13
6 14
6 15
6 16
6 17
6 18
6 20
6 21
6 22
6 23
6 26
6 27
6 28
6 29
6 30
6 31
6 32
6 33
6 35
6 36
6 37
6 39
6 40
6 43
6 45
6 46
6 47
6 48
6 49
6 52
6 53
6 67
6 80
6 96
6 98
6 135
6 145
6 146
6 113
6 117
6 118
6 150
6 152
6 157
6 170
6 173
6 191
6 199
6 200
6 201
6 208
6 218
6 228
6 241
6 242
7 9
7 10
7 11
7 12
7 13
7 14
7 15
7 17
7 18
7 20
7 21
7 22
7 24
7 25
7 26
7 27
7 30
7 31
7 32
7 34
7 36
7 37
7 38
7 39
7 40
7 41
7 43
7 44
7 45
7 46
7 48
7 49
7 52
7 64
7 66
7 67
7 71
7 74
7 81
7 94
7 139
7 143
7 108
7 109
7 118
7 125
7 151
7 174
7 191
7 193
7 195
7 197
7 198
7 216
7 225
7 240
7 244
8 10
8 12
8 14
8 15
8 16
8 18
8 20
8 21
8 23
8 24
8 25
8 26
8 27
8 31
8 32
8 33
8 35
8 36
8 38
8 39
8 42
8 43
8 44
8 45
8 46
8 48
8 49
8 56
8 59
8 62
8 65
8 70
8 75
8 84
8 89
8 91
8 96
8 129
8 138
8 148
8 149
8 108
8 110
8 114
8 123
8 165
8 179
8 183
8 195
8 205
8 210
8 236
8 237
8 238
9 10
9 12
9 13
9 16
9 17
9 18
9 19
9 20
9 21
9 22
9 23
9 24
9 25
9 26
9 27
9 28
9 29
9 30
9 32
9 34
9 35
9 36
9 38
9 39
9 40
9 42
9 44
9 46
9 47
9 48
9 49
9 50
9 60
9 63
9 64
9 72
9 76
9 139
9 143
9 112
9 151
9 152
9 157
9 172
9 176
9 181
9 195
9 204
9 212
9 215
9 216
9 226
9 231
9 232
9 237
10 11
10 12
10 13
10 16
10 17
10 19
10 21
10 22
10 24
10 25
10 26
10 27
10 28
10 30
10 31
10 32
10 33
10 34
10 35
10 36
10 37
10 38
10 40
10 41
10 42
10 44
10 45
10 46
10 47
10 49
10 54
10 58
10 59
10 62
10 98
10 131
10 142
10 145
10 149
10 104
10 109
10 118
10 188
10 196
10 209
10 214
10 215
10 224
10 241
10 244
11 14
11 15
11 16
11 17
11 18
11 19
11 21
11 22
11 23
11 24
11 25
11 26
11 27
11 28
11 30
11 31
11 33
11 34
11 35
11 36
11 38
11 39
11 40
11 41
11 42
11 43
11 44
11 45
11 46
11 47
11 49
11 51
11 53
11 56
11 68
11 82
11 95
11 97
11 139
11 140
11 146
11 113
11 156
11 159
11 176
11 177
11 183
11 197
11 202
11 214
11 218
11 236
11 244
12 13
12 14
12 16
12 17
12 18
12 19
12 20
12 21
12 22
12 23
12 24
12 25
12 26
12 27
12 29
12 30
12 31
12 32
12 33
12 34
12 35
12 37
12 38
12 39
12 40
12 41
12 42
12 43
12 44
12 45
12 46
12 48
12 49
12 64
12 72
12 80
12 83
12 99
12 135
12 139
12 102
12 112
12 120
12 163
12 181
12 183
12 219
12 237
12 241
12 247
13 15
13 16
13 18
13 20
13 24
13 26
13 27
13 28
13 29
13 30
13 31
13 33
13 34
13 35
13 36
13 37
13 38
13 39
13 40
13 41
13 42
13 43
13 44
13 47
13 48
13 49
13 50
13 59
13 70
13 76
13 81
13 99
13 128
13 137
13 101
13 115
13 118
13 121
13 127
13 152
13 159
13 168
13 171
13 186
13 189
13 192
13 195
13 203
13 211
13 214
13 220
13 223
13 232
13 239
13 244
13 246
14 16
14 17
14 19
14 21
14 22
14 23
14 24
14 25
14 26
14 27
14 30
14 31
14 32
14 33
14 34
14 35
14 37
14 38
14 39
14 40
14 41
14 42
14 43
14 44
14 45
14 46
14 47
14 48
14 49
14 53
14 56
14 63
14 67
14 69
14 78
14 92
14 95
14 134
14 122
14 153
14 155
14 157
14 163
14 165
14 175
14 183
14 186
14 196
14 204
14 213
14 222
14 238
14 240
15 16
15 17
15 19
15 20
15 22
15 23
15 24
15 25
15 26
15 27
15 28
15 29
15 30
15 31
15 32
15 33
15 34
15 35
15 36
15 38
15 41
15 42
15 44
15 45
15 46
15 47
15 49
15 78
15 131
15 153
15 154
15 162
15 181
15 184
15 185
15 187
15 190
15 199
15 216
15 235
15 241
15 248
16 17
16 20
16 21
16 22
16 23
16 24
16 25
16 26
16 27
16 28
16 29
16 31
16 32
16 33
16 34
16 36
16 37
16 38
16 39
16 42
16 43
16 45
16 46
16 47
16 48
16 62
16 83
16 84
16 128
16 140
16 142
16 145
16 101
16 104
16 107
16 120
16 121
16 125
16 155
16 169
16 186
16 197
16 220
16 223
16 228
16 232
17 18
17 20
17 22
17 23
17 24
17 25
17 26
17 27
17 28
17 29
17 30
17 31
17 32
17 33
17 34
17 35
17 36
17 37
17 38
17 39
17 40
17 42
17 43
17 44
17 45
17 47
17 48
17 49
17 50
17 74
17 84
17 88
17 141
17 147
17 106
17 107
17 113
17 115
17 126
17 154
17 172
17 173
17 206
17 207
17 211
17 226
17 227
17 246
18 19
18 20
18 21
18 22
18 24
18 27
18 29
18 30
18 31
18 33
18 34
18 36
18 37
18 38
18 39
18 41
18 42
18 43
18 44
18 45
18 46
18 47
18 48
18 49
18 53
18 54
18 66
18 69
18 70
18 88
18 94
18 146
18 108
18 109
18 110
18 114
18 126
18 150
18 155
18 160
18 165
18 166
18 184
18 193
18 194
18 203
18 206
18 212
18 213
18 221
18 226
18 235
18 242
18 247
19 20
19 21
19 22
19 23
19 25
19 26
19 27
19 28
19 29
19 30
19 31
19 33
19 34
19 35
19 37
19 39
19 40
19 41
19 43
19 44
19 45
19 46
19 47
19 48
19 49
19 59
19 60
19 70
19 71
19 80
19 129
19 132
19 137
19 142
19 112
19 115
19 126
19 167
19 183
19 199
19 206
19 209
19 218
19 225
19 246
20 21
20 23
20 24
20 25
20 26
20 27
20 28
20 29
20 31
20 32
20 34
20 35
20 36
20 37
20 38
20 39
20 41
20 42
20 43
20 45
20 46
20 47
20 48
20 49
20 52
20 58
20 63
20 101
20 103
20 105
20 127
20 172
20 182
20 189
20 191
20 197
20 210
20 213
20 217
20 223
20 227
21 22
21 23
21 24
21 25
21 26
21 27
21 29
21 30
21 31
21 33
21 36
21 37
21 38
21 39
21 40
21 41
21 42
21 43
21 46
21 47
21 48
21 52
21 53
21 65
21 67
21 79
21 128
21 143
21 147
21 148
21 105
21 107
21 110
21 165
21 189
21 190
21 202
21 210
21 223
21 225
21 238
21 249
22 25
22 26
22 30
22 31
22 32
22 33
22 34
22 36
22 37
22 38
22 39
22 41
22 42
22 43
22 44
22 45
22 46
22 47
22 49
22 56
22 66
22 70
22 89
22 90
22 94
22 97
22 132
22 137
22 147
22 102
22 116
22 127
22 152
22 180
22 192
22 197
22 223
22 228
22 230
22 236
22 241
23 24
23 26
23 27
23 29
23 30
23 31
23 32
23 34
23 35
23 37
23 38
23 41
23 42
23 44
23 45
23 46
23 47
23 48
23 49
23 57
23 59
23 63
23 67
23 68
23 89
23 144
23 105
23 127
23 153
23 160
23 161
23 171
23 180
23 183
23 186
23 193
23 217
23 231
23 236
23 237
23 238
24 25
24 26
24 28
24 29
24 32
24 34
24 35
24 36
24 37
24 39
24 40
24 41
24 42
24 43
24 44
24 46
24 48
24 49
24 59
24 73
24 75
24 76
24 79
24 82
24 84
24 94
24 97
24 137
24 140
24 101
24 105
24 110
24 111
24 112
24 117
24 119
24 121
24 122
24 170
24 195
24 196
24 206
24 208
24 211
24 214
24 217
24 226
24 227
24 248
25 26
25 27
25 28
25 29
25 30
25 31
25 32
25 33
25 34
25 35
25 36
25 37
25 38
25 39
25 41
25 42
25 43
25 44
25 46
25 48
25 49
25 53
25 57
25 62
25 84
25 131
25 132
25 133
25 105
25 111
25 114
25 127
25 153
25 165
25 169
25 173
25 188
25 191
25 225
26 27
26 28
26 29
26 30
26 31
26 33
26 34
26 35
26 36
26 37
26 38
26 39
26 41
26 43
26 44
26 45
26 46
26 48
26 63
26 73
26 83
26 92
26 93
26 96
26 133
26 135
26 116
26 119
26 120
26 154
26 173
26 181
26 198
26 202
26 207
26 208
26 215
26 221
26 225
26 242
27 28
27 31
27 32
27 33
27 34
27 35
27 37
27 38
27 39
27 40
27 41
27 42
27 43
27 44
27 45
27 46
27 47
27 78
27 79
27 92
27 93
27 148
27 115
27 119
27 124
27 164
27 182
27 206
27 210
27 213
27 230
27 244
27 249
28 29
28 30
28 32
28 33
28 34
28 35
28 37
28 38
28 40
28 41
28 43
28 44
28 46
28 47
28 48
28 49
28 98
28 128
28 109
28 157
28 209
28 235
28 244
29 30
29 31
29 32
29 33
29 35
29 37
29 38
29 39
29 40
29 42
29 44
29 46
29 47
29 48
29 49
29 51
29 54
29 93
29 96
29 130
29 102
29 116
29 121
29 161
29 167
29 191
29 203
29 204
29 211
29 215
29 223
29 234
29 237
30 31
30 32
30 33
30 34
30 35
30 38
30 39
30 40
30 41
30 42
30 43
30 44
30 45
30 46
30 47
30 48
30 50
30 64
30 68
30 77
30 81
30 137
30 113
30 115
30 152
30 183
30 186
30 208
30 215
30 219
30 220
30 235
31 32
31 33
31 35
31 36
31 37
31 39
31 42
31 43
31 44
31 45
31 46
31 47
31 48
31 49
31 58
31 79
31 98
31 146
31 147
31 103
31 110
31 113
31 114
31 118
31 162
31 164
31 168
31 169
31 176
31 196
31 208
31 211
31 218
31 230
32 33
32 34
32 35
32 36
32 37
32 38
32 39
32 41
32 42
32 43
32 44
32 47
32 48
32 77
32 82
32 95
32 135
32 136
32 138
32 141
32 103
32 104
32 115
32 118
32 121
32 125
32 188
32 197
32 227
33 34
33 35
33 37
33 38
33 40
33 41
33 42
33 43
33 44
33 45
33 46
33 48
33 49
33 70
33 138
33 146
33 106
33 114
33 126
33 155
33 174
33 176
33 182
33 196
33 201
33 206
33 226
33 227
33 237
33 239
33 249
34 35
34 36
34 38
34 39
34 40
34 41
34 42
34 44
34 45
34 46
34 47
34 48
34 49
34 73
34 75
34 86
34 95
34 139
34 140
34 112
34 115
34 121
34 176
34 187
34 224
34 230
34 235
34 245
34 246
35 36
35 37
35 38
35 39
35 40
35 41
35 42
35 43
35 44
35 45
35 47
35 48
35 49
35 56
35 58
35 79
35 86
35 132
35 135
35 100
35 101
35 115
35 150
35 157
35 158
35 162
35 209
35 218
35 221
35 242
35 244
35 249
36 37
36 38
36 40
36 41
36 44
36 45
36 46
36 47
36 48
36 49
36 50
36 55
36 71
36 82
36 86
36 93
36 139
36 144
36 146
36 116
36 124
36 171
36 184
36 188
36 202
36 208
36 213
36 219
36 226
36 231
36 240
36 249
37 38
37 39
37 40
37 41
37 42
37 43
37 44
37 45
37 46
37 48
37 54
37 73
37 134
37 112
37 115
37 127
37 160
37 166
37 169
37 171
37 172
37 182
37 217
37 230
37 231
37 242
38 39
38 40
38 41
38 42
38 43
38 44
38 45
38 46
38 47
38 48
38 49
38 58
38 59
38 66
38 70
38 71
38 80
38 88
38 91
38 130
38 134
38 135
38 141
38 101
38 124
38 157
38 183
38 185
38 193
38 203
38 213
38 221
38 224
38 226
38 243
39 40
39 41
39 42
39 43
39 44
39 45
39 46
39 47
39 48
39 49
39 56
39 79
39 80
39 92
39 99
39 144
39 149
39 104
39 105
39 109
39 121
39 152
39 153
39 167
39 171
39 178
39 185
39 187
39 195
39 214
39 224
39 227
39 233
40 41
40 42
40 44
40 45
40 47
40 49
40 69
40 79
40 81
40 94
40 95
40 140
40 145
40 101
40 158
40 160
40 162
40 163
40 181
40 213
40 227
40 236
40 243
40 244
41 42
41 43
41 44
41 46
41 48
41 49
41 92
41 130
41 140
41 101
41 111
41 123
41 156
41 161
41 184
41 190
41 228
41 235
42 43
42 46
42 47
42 48
42 49
42 56
42 65
42 73
42 85
42 87
42 95
42 135
42 107
42 116
42 119
42 123
42 127
42 161
42 186
42 187
42 239
43 44
43 45
43 46
43 47
43 48
43 65
43 75
43 94
43 130
43 133
43 136
43 148
43 102
43 118
43 124
43 125
43 151
43 163
43 181
43 185
43 187
43 192
43 195
43 208
43 224
43 226
43 227
43 228
43 233
43 234
43 236
43 239
43 245
44 45
44 46
44 47
44 51
44 56
44 58
44 78
44 88
44 94
44 96
44 99
44 103
44 109
44 116
44 118
44 160
44 163
44 172
44 182
44 202
44 216
44 222
44 225
44 231
44 243
44 248
45 46
45 47
45 48
45 49
45 63
45 65
45 66
45 67
45 69
45 74
45 94
45 96
45 99
45 131
45 135
45 148
45 105
45 116
45 165
45 185
45 191
45 209
45 212
45 218
45 219
46 47
46 48
46 49
46 50
46 57
46 65
46 71
46 80
46 141
46 113
46 126
46 154
46 160
46 167
46 176
46 178
46 179
46 192
46 193
46 213
46 214
46 225
46 242
47 48
47 49
47 55
47 59
47 78
47 83
47 87
47 94
47 95
47 98
47 134
47 149
47 118
47 123
47 157
47 162
47 164
47 184
47 187
47 189
47 199
47 216
47 223
48 49
48 62
48 70
48 79
48 87
48 89
48 90
48 93
48 128
48 134
48 137
48 146
48 147
48 105
48 112
48 115
48 153
48 197
48 204
48 215
48 219
48 221
48 234
48 235
48 239
48 244
49 52
49 69
49 79
49 90
49 91
49 98
49 143
49 145
49 110
49 112
49 126
49 154
49 169
49 172
49 175
49 177
49 194
49 196
49 201
49 209
49 218
49 220
49 228
49 241
50 52
50 53
50 54
50 55
50 56
50 57
50 58
50 59
50 60
50 61
50 62
50 63
50 64
50 65
50 66
50 68
50 69
50 70
50 72
50 73
50 74
50 75
50 76
50 77
50 78
50 79
50 80
50 81
50 82
50 84
50 85
50 86
50 88
50 89
50 90
50 91
50 92
50 93
50 94
50 95
50 96
50 97
50 99
50 129
50 131
50 147
50 100
50 111
50 120
50 160
50 170
50 196
50 197
50 198
50 206
50 212
50 247
51 52
51 53
51 54
51 56
51 57
51 58
51 60
51 61
51 63
51 64
51 66
51 67
51 68
51 69
51 70
51 71
51 72
51 74
51 75
51 76
51 77
51 78
51 80
51 81
51 83
51 84
51 86
51 88
51 89
51 92
51 93
51 94
51 96
51 98
51 99
51 132
51 133
51 144
51 101
51 102
51 112
51 172
51 178
51 182
51 185
51 200
51 235
51 236
51 241
52 53
52 54
52 56
52 58
52 59
52 60
52 61
52 62
52 64
52 65
52 67
52 68
52 69
52 70
52 71
52 73
52 74
52 75
52 76
52 77
52 78
52 84
52 85
52 86
52 87
52 88
52 89
52 90
52 91
52 92
52 93
52 94
52 96
52 97
52 98
52 99
52 128
52 148
52 104
52 113
52 126
52 127
52 151
52 158
52 181
52 199
52 208
52 210
52 219
52 226
52 237
52 238
52 242
53 54
53 55
53 56
53 57
53 58
53 59
53 60
53 61
53 62
53 63
53 65
53 66
53 67
53 68
53 69
53 70
53 71
53 73
53 74
53 75
53 76
53 77
53 78
53 79
53 80
53 81
53 82
53 85
53 86
53 87
53 88
53 90
53 91
53 92
53 94
53 95
53 96
53 97
53 124
53 159
53 167
53 175
53 211
53 215
53 218
53 238
53 246
54 55
54 59
54 61
54 62
54 64
54 65
54 66
54 67
54 68
54 70
54 72
54 73
54 74
54 75
54 76
54 77
54 78
54 79
54 80
54 81
54 82
54 84
54 85
54 86
54 87
54 89
54 90
54 91
54 92
54 93
54 94
54 96
54 135
54 145
54 148
54 149
54 108
54 115
54 156
54 158
54 168
54 190
54 205
54 211
54 218
54 227
54 234
54 239
55 56
55 57
55 58
55 59
55 61
55 62
55 63
55 64
55 65
55 66
55 67
55 68
55 69
55 71
55 72
55 74
55 75
55 76
55 77
55 78
55 80
55 81
55 84
55 85
55 86
55 87
55 88
55 89
55 90
55 91
55 92
55 93
55 94
55 95
55 96
55 97
55 98
55 99
55 129
55 115
55 121
55 151
55 162
55 168
55 185
55 188
55 194
55 195
55 196
55 204
55 205
55 208
55 216
55 242
55 246
56 57
56 58
56 59
56 60
56 61
56 62
56 63
56 64
56 65
56 66
56 68
56 71
56 72
56 73
56 75
56 76
56 77
56 78
56 79
56 80
56 82
56 83
56 85
56 86
56 87
56 88
56 90
56 91
56 92
56 96
56 97
56 98
56 99
56 115
56 159
56 163
56 172
56 184
56 199
56 206
56 211
56 221
56 231
56 241
57 58
57 59
57 60
57 61
57 62
57 63
57 64
57 66
57 68
57 70
57 71
57 73
57 74
57 75
57 77
57 78
57 79
57 80
57 81
57 82
57 83
57 84
57 85
57 86
57 87
57 89
57 90
57 91
57 92
57 93
57 94
57 95
57 96
57 136
57 140
57 109
57 110
57 116
57 117
57 161
57 166
57 168
57 169
57 173
57 225
57 231
57 233
57 236
58 59
58 60
58 61
58 63
58 64
58 65
58 66
58 67
58 68
58 71
58 72
58 73
58 74
58 75
58 76
58 78
58 79
58 80
58 81
58 82
58 83
58 84
58 85
58 86
58 88
58 90
58 91
58 92
58 93
58 95
58 96
58 98
58 99
58 129
58 132
58 101
58 105
58 109
58 121
58 127
58 151
58 169
58 170
58 175
58 184
58 185
58 192
58 196
58 198
58 204
58 214
58 222
58 241
58 245
59 60
59 61
59 62
59 63
59 65
59 66
59 67
59 68
59 69
59 70
59 71
59 72
59 73
59 74
59 75
59 76
59 78
59 80
59 81
59 83
59 84
59 85
59 86
59 87
59 88
59 89
59 90
59 93
59 96
59 97
59 98
59 99
59 110
59 122
59 161
59 166
59 167
59 170
59 173
59 182
59 188
59 210
59 211
59 229
59 234
59 241
60 61
60 62
60 63
60 64
60 65
60 66
60 67
60 68
60 69
60 70
60 72
60 73
60 74
60 75
60 76
60 78
60 79
60 80
60 81
60 82
60 83
60 84
60 85
60 86
60 87
60 88
60 91
60 92
60 94
60 95
60 96
60 97
60 98
60 99
60 135
60 144
60 147
60 100
60 112
60 153
60 165
60 166
60 172
60 177
60 178
60 184
60 193
60 198
60 209
60 244
61 62
61 64
61 65
61 67
61 68
61 69
61 70
61 71
61 72
61 73
61 75
61 76
61 77
61 78
61 79
61 81
61 82
61 83
61 85
61 86
61 87
61 88
61 89
61 90
61 91
61 92
61 93
61 95
61 98
61 99
61 143
61 145
61 146
61 147
61 148
61 103
61 109
61 153
61 173
61 180
61 187
61 192
61 195
61 196
61 197
61 223
61 228
61 241
61 248
62 63
62 64
62 65
62 66
62 67
62 68
62 69
62 70
62 71
62 72
62 73
62 74
62 75
62 76
62 77
62 78
62 79
62 80
62 81
62 82
62 83
62 85
62 86
62 87
62 88
62 89
62 90
62 91
62 92
62 94
62 97
62 98
62 134
62 141
62 148
62 103
62 115
62 117
62 156
62 159
62 170
62 184
62 185
62 187
62 201
62 208
62 224
62 244
62 249
63 65
63 67
63 68
63 69
63 70
63 71
63 72
63 73
63 74
63 75
63 77
63 79
63 80
63 81
63 82
63 84
63 85
63 87
63 88
63 89
63 91
63 92
63 93
63 94
63 95
63 96
63 97
63 98
63 132
63 147
63 151
63 152
63 164
63 219
63 228
63 233
63 235
63 248
63 249
64 65
64 66
64 67
64 68
64 69
64 70
64 71
64 73
64 74
64 75
64 76
64 77
64 78
64 79
64 80
64 82
64 83
64 84
64 85
64 86
64 88
64 89
64 90
64 92
64 93
64 94
64 95
64 96
64 97
64 98
64 142
64 155
64 158
64 160
64 168
64 171
64 174
64 177
64 181
64 191
64 234
65 67
65 68
65 69
65 70
65 73
65 74
65 76
65 78
65 80
65 81
65 82
65 83
65 84
65 85
65 86
65 87
65 88
65 89
65 91
65 92
65 93
65 94
65 95
65 97
65 98
65 99
65 129
65 138
65 140
65 149
65 101
65 152
65 155
65 156
65 174
65 181
65 185
65 188
65 201
65 232
66 67
66 69
66 70
66 71
66 72
66 73
66 74
66 75
66 76
66 77
66 78
66 79
66 81
66 82
66 83
66 84
66 85
66 86
66 87
66 89
66 92
66 93
66 94
66 95
66 96
66 97
66 98
66 99
66 128
66 111
66 112
66 121
66 122
66 164
66 171
66 193
66 195
66 235
66 236
66 242
67 68
67 69
67 70
67 71
67 72
67 73
67 74
67 75
67 76
67 77
67 78
67 79
67 80
67 81
67 82
67 83
67 84
67 85
67 86
67 88
67 89
67 90
67 91
67 92
67 93
67 94
67 95
67 96
67 97
67 98
67 137
67 147
67 103
67 151
67 167
67 179
67 188
67 193
67 225
67 231
67 233
67 241
67 242
67 245
67 249
68 69
68 71
68 72
68 74
68 75
68 76
68 77
68 78
68 79
68 80
68 82
68 83
68 84
68 85
68 86
68 87
68 89
68 91
68 92
68 93
68 95
68 96
68 97
68 99
68 130
68 138
68 111
68 114
68 177
68 182
68 183
68 185
68 187
68 194
68 217
68 232
68 242
69 70
69 71
69 72
69 73
69 74
69 75
69 76
69 77
69 78
69 79
69 81
69 83
69 84
69 85
69 88
69 89
69 90
69 92
69 93
69 94
69 96
69 98
69 99
69 128
69 135
69 140
69 142
69 104
69 106
69 122
69 155
69 165
69 174
69 186
69 187
69 226
69 235
69 239
70 71
70 75
70 76
70 77
70 78
70 79
70 81
70 82
70 83
70 84
70 85
70 87
70 88
70 89
70 90
70 91
70 92
70 93
70 94
70 95
70 96
70 97
70 138
70 146
70 148
70 100
70 103
70 115
70 116
70 165
70 169
70 171
70 175
70 202
70 204
70 206
70 216
70 219
70 221
70 223
70 248
71 72
71 73
71 76
71 77
71 79
71 80
71 81
71 82
71 83
71 84
71 86
71 87
71 88
71 90
71 91
71 92
71 93
71 94
71 95
71 96
71 97
71 98
71 99
71 131
71 132
71 138
71 144
71 148
71 114
71 121
71 168
71 169
71 170
71 178
71 186
71 189
71 190
71 191
71 193
71 197
71 198
71 215
71 218
71 227
71 238
71 240
72 73
72 74
72 76
72 77
72 79
72 80
72 81
72 82
72 83
72 84
72 85
72 86
72 87
72 88
72 89
72 90
72 92
72 93
72 95
72 96
72 97
72 98
72 144
72 146
72 102
72 112
72 115
72 117
72 150
72 166
72 186
72 206
72 239
72 241
73 74
73 75
73 76
73 77
73 78
73 80
73 81
73 82
73 83
73 84
73 86
73 87
73 88
73 89
73 90
73 93
73 95
73 97
73 98
73 99
73 129
73 141
73 146
73 103
73 155
73 177
73 183
73 189
73 194
73 217
73 222
74 76
74 77
74 78
74 79
74 81
74 82
74 83
74 84
74 85
74 86
74 87
74 88
74 89
74 91
74 92
74 93
74 94
74 95
74 96
74 98
74 99
74 149
74 158
74 160
74 161
74 202
74 212
74 215
74 221
74 245
74 248
75 77
75 78
75 79
75 80
75 81
75 82
75 83
75 84
75 85
75 86
75 87
75 88
75 91
75 92
75 93
75 94
75 95
75 96
75 98
75 99
75 130
75 140
75 145
75 123
75 127
75 187
75 192
75 207
75 210
75 224
75 226
75 237
75 242
75 246
75 247
76 77
76 79
76 80
76 81
76 82
76 84
76 85
76 86
76 87
76 88
76 89
76 90
76 91
76 93
76 94
76 95
76 97
76 99
76 138
76 144
76 145
76 109
76 112
76 118
76 120
76 124
76 151
76 162
76 179
76 181
76 183
76 194
76 198
76 203
76 213
76 215
76 226
76 240
76 247
77 78
77 80
77 81
77 83
77 84
77 87
77 88
77 90
77 91
77 92
77 93
77 94
77 95
77 97
77 98
77 99
77 132
77 137
77 138
77 153
77 155
77 164
77 174
77 179
77 184
77 191
77 201
77 204
77 206
77 207
77 211
77 225
77 246
78 79
78 80
78 81
78 82
78 83
78 85
78 86
78 87
78 88
78 89
78 90
78 91
78 93
78 94
78 95
78 97
78 98
78 99
78 128
78 134
78 139
78 109
78 114
78 116
78 117
78 122
78 125
78 178
78 181
78 191
78 203
78 210
78 211
78 229
78 237
79 80
79 82
79 84
79 85
79 87
79 88
79 89
79 90
79 91
79 94
79 95
79 96
79 98
79 99
79 147
79 149
79 106
79 121
79 156
79 165
79 173
79 180
79 201
79 206
79 210
79 215
79 228
80 81
80 83
80 84
80 89
80 90
80 91
80 92
80 93
80 94
80 95
80 97
80 98
80 135
80 142
80 112
80 124
80 158
80 161
80 182
80 196
80 201
80 203
80 212
80 220
80 221
80 228
81 82
81 83
81 84
81 85
81 86
81 87
81 88
81 91
81 92
81 93
81 94
81 95
81 96
81 97
81 98
81 99
81 129
81 132
81 139
81 146
81 149
81 108
81 115
81 127
81 151
81 173
81 174
81 181
81 199
81 211
81 215
81 235
81 241
81 249
82 83
82 84
82 85
82 90
82 91
82 92
82 93
82 94
82 95
82 96
82 98
82 130
82 136
82 138
82 149
82 112
82 113
82 157
82 163
82 193
82 195
82 201
82 206
82 212
82 214
82 222
82 223
82 229
82 235
83 84
83 85
83 86
83 87
83 88
83 89
83 90
83 91
83 92
83 94
83 95
83 96
83 98
83 99
83 131
83 140
83 146
83 147
83 106
83 162
83 174
83 185
83 203
83 224
83 245
84 85
84 86
84 87
84 89
84 91
84 92
84 93
84 94
84 95
84 96
84 97
84 98
84 142
84 112
84 150
84 187
84 204
84 208
84 220
84 226
84 230
85 88
85 89
85 91
85 92
85 93
85 94
85 95
85 96
85 97
85 98
85 99
85 101
85 116
85 156
85 158
85 185
85 190
85 191
85 200
85 202
85 211
85 213
85 215
85 226
85 234
85 240
85 241
85 243
86 87
86 89
86 90
86 91
86 93
86 94
86 95
86 96
86 98
86 140
86 147
86 101
86 102
86 110
86 112
86 117
86 118
86 122
86 126
86 127
86 153
86 155
86 161
86 163
86 167
86 177
86 178
86 190
86 197
86 205
86 215
86 226
86 232
86 235
86 241
87 88
87 89
87 91
87 92
87 93
87 94
87 95
87 96
87 97
87 99
87 128
87 149
87 102
87 109
87 117
87 120
87 155
87 156
87 161
87 168
87 169
87 175
87 192
87 202
87 212
87 219
87 240
87 241
87 243
87 245
88 90
88 91
88 92
88 93
88 94
88 96
88 97
88 98
88 99
88 132
88 114
88 159
88 169
88 181
88 183
88 190
88 200
88 202
88 203
88 208
88 209
88 237
88 239
89 91
89 93
89 94
89 95
89 96
89 97
89 98
89 99
89 100
89 105
89 116
89 126
89 150
89 155
89 170
89 173
89 174
89 190
89 197
89 198
89 206
89 210
89 228
89 240
89 242
89 249
90 91
90 92
90 93
90 94
90 96
90 97
90 99
90 147
90 127
90 155
90 169
90 183
90 187
90 195
90 205
90 217
90 222
90 226
90 237
91 92
91 93
91 95
91 96
91 97
91 98
91 99
91 130
91 133
91 115
91 154
91 155
91 158
91 162
91 165
91 166
91 172
91 176
91 190
91 198
91 204
91 215
92 94
92 95
92 96
92 97
92 98
92 99
92 130
92 135
92 138
92 141
92 101
92 104
92 119
92 160
92 163
92 166
92 187
92 218
92 219
92 229
92 234
92 243
93 95
93 97
93 98
93 132
93 141
93 103
93 111
93 153
93 183
93 194
93 207
93 212
93 232
94 95
94 96
94 97
94 98
94 99
94 129
94 137
94 138
94 144
94 149
94 112
94 118
94 122
94 156
94 167
94 188
94 202
94 203
94 216
94 217
94 223
94 237
94 239
94 247
94 248
95 96
95 97
95 99
95 133
95 134
95 139
95 142
95 145
95 112
95 124
95 151
95 156
95 166
95 180
95 192
95 212
95 213
95 214
95 223
95 228
95 229
95 246
95 247
96 97
96 98
96 145
96 101
96 150
96 153
96 163
96 168
96 169
96 173
96 182
96 188
96 192
96 194
96 203
96 204
96 205
96 210
96 216
96 218
97 98
97 148
97 103
97 105
97 108
97 156
97 166
97 171
97 209
97 211
97 218
97 223
98 99
98 129
98 137
98 105
98 113
98 158
98 160
98 163
98 172
98 193
98 194
98 204
98 231
98 232
98 237
98 240
98 242
99 135
99 139
99 144
99 102
99 105
99 123
99 155
99 171
99 173
99 176
99 179
99 185
99 198
99 201
99 235
99 238
128 129
128 130
128 132
128 133
128 134
128 135
128 136
128 137
128 138
128 139
128 141
128 142
128 143
128 145
128 146
128 147
128 148
128 100
128 101
128 102
128 104
128 105
128 106
128 107
128 108
128 109
128 110
128 111
128 112
128 113
128 114
128 115
128 116
128 117
128 118
128 120
128 121
128 123
128 124
128 125
128 126
128 127
128 155
128 159
128 160
128 181
128 182
128 214
128 233
128 243
129 131
129 133
129 134
129 135
129 136
129 137
129 139
129 140
129 141
129 142
129 143
129 144
129 145
129 146
129 148
129 149
129 100
129 101
129 103
129 105
129 106
129 107
129 108
129 109
129 110
129 111
129 113
129 116
129 117
129 118
129 119
129 121
129 123
129 124
129 125
129 126
129 154
129 167
129 181
129 182
129 191
129 203
129 205
129 207
129 210
129 211
129 213
129 227
129 248
130 131
130 132
130 134
130 135
130 136
130 137
130 138
130 139
130 140
130 141
130 142
130 145
130 146
130 147
130 148
130 149
130 100
130 101
130 103
130 104
130 105
130 106
130 107
130 108
130 109
130 110
130 111
130 112
130 113
130 114
130 116
130 117
130 118
130 119
130 120
130 122
130 123
130 124
130 125
130 127
130 176
130 182
130 196
130 199
130 219
130 220
130 222
130 248
131 132
131 134
131 137
131 138
131 139
131 141
131 142
131 143
131 144
131 145
131 147
131 148
131 149
131 100
131 101
131 102
131 104
131 105
131 107
131 108
131 109
131 110
131 111
131 112
131 113
131 114
131 115
131 116
131 117
131 118
131 119
131 120
131 121
131 122
131 123
131 126
131 127
131 150
131 153
131 180
131 190
131 194
131 202
131 205
131 208
131 228
131 231
131 240
131 243
131 246
131 247
132 133
132 135
132 136
132 138
132 139
132 140
132 141
132 142
132 144
132 145
132 146
132 147
132 148
132 149
132 101
132 103
132 104
132 105
132 107
132 108
132 109
132 110
132 111
132 112
132 114
132 115
132 117
132 119
132 122
132 123
132 124
132 125
132 126
132 127
132 164
132 172
132 176
132 177
132 181
132 191
132 205
132 207
132 212
132 241
133 134
133 135
133 136
133 138
133 140
133 141
133 142
133 143
133 144
133 145
133 146
133 149
133 100
133 101
133 102
133 103
133 104
133 105
133 106
133 107
133 108
133 109
133 110
133 111
133 113
133 115
133 116
133 118
133 119
133 120
133 122
133 123
133 124
133 125
133 126
133 168
133 172
133 184
133 188
133 193
133 199
133 200
133 221
133 234
133 235
133 239
133 244
134 135
134 136
134 137
134 138
134 139
134 140
134 141
134 142
134 143
134 144
134 145
134 147
134 148
134 149
134 100
134 101
134 102
134 104
134 105
134 106
134 107
134 108
134 109
134 111
134 112
134 114
134 116
134 117
134 118
134 121
134 122
134 125
134 126
134 127
134 155
134 160
134 165
134 190
134 196
134 204
134 207
134 224
134 236
134 241
134 245
135 136
135 137
135 138
135 139
135 140
135 141
135 142
135 143
135 144
135 145
135 146
135 147
135 148
135 149
135 100
135 103
135 107
135 109
135 110
135 111
135 112
135 113
135 114
135 116
135 118
135 119
135 120
135 121
135 123
135 124
135 125
135 126
135 127
135 157
135 169
135 182
135 212
135 214
135 215
135 218
135 219
135 220
136 137
136 138
136 141
136 142
136 143
136 144
136 145
136 147
136 148
136 149
136 102
136 103
136 104
136 105
136 106
136 107
136 109
136 110
136 111
136 112
136 113
136 114
136 115
136 116
136 117
136 118
136 119
136 120
136 121
136 122
136 123
136 124
136 125
136 126
136 127
136 168
136 185
136 193
136 203
136 212
136 216
136 217
136 226
136 242
136 244
137 138
137 139
137 140
137 141
137 142
137 143
137 145
137 146
137 147
137 148
137 101
137 102
137 103
137 104
137 105
137 106
137 107
137 108
137 109
137 111
137 113
137 114
137 115
137 117
137 119
137 120
137 121
137 122
137 123
137 125
137 126
137 127
137 167
137 175
137 184
137 207
137 227
137 230
137 234
137 237
137 239
137 246
138 139
138 141
138 142
138 144
138 145
138 146
138 147
138 148
138 149
138 101
138 102
138 103
138 105
138 107
138 108
138 109
138 110
138 111
138 112
138 113
138 114
138 115
138 117
138 119
138 120
138 122
138 123
138 124
138 125
138 126
138 155
138 168
138 172
138 173
138 178
138 200
138 206
138 215
138 218
138 234
138 248
139 140
139 141
139 143
139 144
139 145
139 146
139 147
139 148
139 149
139 100
139 101
139 102
139 103
139 104
139 105
139 106
139 108
139 110
139 113
139 114
139 116
139 117
139 119
139 120
139 121
139 122
139 123
139 124
139 125
139 151
139 154
139 168
139 183
139 184
139 191
139 195
139 207
139 221
139 227
139 232
139 237
140 141
140 142
140 143
140 144
140 145
140 148
140 149
140 100
140 101
140 102
140 103
140 104
140 105
140 106
140 107
140 108
140 110
140 111
140 112
140 113
140 114
140 115
140 116
140 117
140 118
140 119
140 120
140 121
140 122
140 123
140 125
140 177
140 183
140 191
140 200
140 216
140 217
140 231
140 235
140 238
140 245
141 142
141 143
141 144
141 145
141 146
141 147
141 148
141 149
141 100
141 101
141 102
141 104
141 105
141 106
141 107
141 109
141 110
141 111
141 112
141 113
141 114
141 115
141 116
141 118
141 119
141 120
141 121
141 124
141 126
141 164
141 180
141 182
141 184
141 187
141 194
141 197
141 199
141 212
141 220
141 227
141 232
141 234
142 145
142 146
142 147
142 148
142 100
142 101
142 102
142 103
142 104
142 105
142 106
142 107
142 108
142 109
142 111
142 114
142 115
142 116
142 117
142 118
142 122
142 123
142 124
142 125
142 126
142 127
142 159
142 167
142 177
142 200
142 208
142 210
142 218
142 224
142 242
142 247
143 145
143 149
143 100
143 101
143 102
143 103
143 106
143 107
143 108
143 109
143 110
143 112
143 113
143 114
143 115
143 116
143 117
143 118
143 119
143 120
143 121
143 122
143 123
143 124
143 125
143 126
143 127
143 154
143 155
143 168
143 180
143 184
143 202
143 209
143 210
143 219
143 220
143 221
143 231
143 237
143 238
143 242
144 145
144 147
144 148
144 100
144 101
144 102
144 103
144 104
144 105
144 106
144 107
144 109
144 110
144 111
144 112
144 113
144 114
144 115
144 116
144 117
144 119
144 120
144 121
144 122
144 123
144 124
144 125
144 126
144 127
144 150
144 152
144 154
144 178
144 198
144 202
144 203
144 212
144 214
145 146
145 148
145 149
145 100
145 101
145 102
145 103
145 104
145 105
145 106
145 107
145 108
145 109
145 110
145 111
145 112
145 113
145 114
145 115
145 116
145 117
145 118
145 119
145 120
145 121
145 123
145 124
145 125
145 126
145 127
145 165
145 175
145 177
145 205
145 215
145 221
145 241
145 247
146 147
146 148
146 149
146 100
146 101
146 102
146 103
146 104
146 107
146 108
146 109
146 110
146 111
146 112
146 113
146 115
146 117
146 118
146 119
146 120
146 121
146 122
146 123
146 124
146 125
146 126
146 127
146 170
146 176
146 180
146 186
146 188
146 193
146 207
146 211
146 222
146 226
146 232
146 239
146 246
147 148
147 149
147 100
147 101
147 102
147 103
147 104
147 105
147 106
147 107
147 108
147 109
147 110
147 112
147 115
147 116
147 118
147 119
147 120
147 122
147 123
147 124
147 125
147 126
147 155
147 166
147 167
147 173
147 186
147 189
147 191
147 203
147 221
148 100
148 101
148 102
148 103
148 105
148 106
148 107
148 108
148 109
148 110
148 111
148 112
148 113
148 114
148 115
148 116
148 119
148 120
148 121
148 123
148 125
148 126
148 127
148 154
148 161
148 163
148 173
148 183
148 208
148 236
148 243
149 100
149 101
149 102
149 104
149 105
149 106
149 107
149 108
149 110
149 111
149 112
149 115
149 116
149 117
149 119
149 120
149 121
149 122
149 123
149 124
149 125
149 126
149 127
149 150
149 160
149 196
149 208
149 229
149 234
149 236
149 238
149 241
100 101
100 102
100 103
100 104
100 105
100 106
100 107
100 108
100 109
100 110
100 111
100 112
100 113
100 114
100 115
100 116
100 118
100 119
100 120
100 121
100 122
100 124
100 125
100 126
100 127
100 156
100 173
100 180
100 202
100 218
100 220
100 223
100 228
100 244
101 102
101 103
101 104
101 105
101 108
101 109
101 111
101 112
101 113
101 114
101 115
101 116
101 118
101 121
101 122
101 123
101 124
101 126
101 127
101 156
101 171
101 181
101 196
101 197
101 199
101 206
101 212
101 216
101 220
101 221
101 225
101 238
101 242
101 244
102 103
102 105
102 106
102 107
102 108
102 109
102 110
102 111
102 112
102 113
102 115
102 116
102 117
102 118
102 119
102 120
102 121
102 122
102 123
102 124
102 125
102 126
102 127
102 151
102 164
102 171
102 173
102 188
102 194
102 198
102 212
102 213
102 245
103 104
103 105
103 107
103 108
103 109
103 111
103 112
103 113
103 114
103 115
103 116
103 117
103 118
103 119
103 121
103 122
103 125
103 126
103 127
103 175
103 178
103 196
103 213
103 230
103 241
103 243
103 246
103 249
104 108
104 109
104 110
104 111
104 112
104 113
104 114
104 115
104 116
104 117
104 118
104 119
104 120
104 121
104 122
104 123
104 124
104 125
104 126
104 151
104 159
104 167
104 179
104 187
104 195
104 200
104 211
104 212
104 213
104 227
105 106
105 109
105 111
105 112
105 113
105 114
105 115
105 116
105 117
105 118
105 120
105 122
105 123
105 124
105 126
105 150
105 154
105 158
105 164
105 168
105 171
105 182
105 202
105 214
105 217
105 226
105 247
106 108
106 109
106 110
106 112
106 114
106 115
106 116
106 117
106 118
106 119
106 120
106 122
106 123
106 124
106 125
106 126
106 127
106 155
106 164
106 165
106 170
106 174
106 189
106 199
106 200
106 208
106 212
106 220
106 227
106 235
107 108
107 109
107 110
107 111
107 112
107 115
107 117
107 120
107 121
107 122
107 124
107 126
107 127
107 152
107 155
107 168
107 179
107 198
107 219
107 223
108 109
108 110
108 112
108 113
108 114
108 116
108 117
108 118
108 119
108 120
108 121
108 122
108 123
108 124
108 125
108 126
108 127
108 158
108 167
108 181
108 185
108 207
108 209
108 214
108 219
108 224
108 248
109 110
109 111
109 112
109 113
109 114
109 115
109 116
109 119
109 121
109 122
109 123
109 124
109 125
109 126
109 127
109 150
109 164
109 169
109 179
109 182
109 207
109 211
109 220
109 222
109 240
110 111
110 112
110 113
110 114
110 115
110 116
110 119
110 120
110 121
110 123
110 125
110 127
110 151
110 164
110 173
110 194
110 202
110 213
110 221
111 112
111 113
111 114
111 115
111 116
111 117
111 118
111 119
111 120
111 121
111 122
111 123
111 124
111 126
111 127
111 205
111 249
112 113
112 115
112 117
112 118
112 119
112 120
112 121
112 122
112 123
112 124
112 125
112 126
112 164
112 168
112 179
112 195
112 198
112 199
112 231
112 244
113 114
113 115
113 116
113 117
113 118
113 119
113 120
113 122
113 125
113 127
113 165
113 172
113 177
113 178
113 182
113 187
113 188
113 193
113 196
113 206
113 212
113 229
113 235
114 115
114 116
114 119
114 120
114 121
114 122
114 123
114 124
114 126
114 127
114 167
114 170
114 177
114 194
114 208
114 223
114 234
114 237
114 245
115 116
115 117
115 118
115 119
115 120
115 121
115 122
115 123
115 124
115 125
115 127
115 154
115 167
115 170
115 172
115 176
115 188
115 208
115 213
115 215
115 217
115 224
115 225
115 231
115 236
115 247
116 117
116 118
116 119
116 120
116 121
116 122
116 123
116 124
116 126
116 159
116 163
116 166
116 169
116 191
116 215
116 225
116 240
117 118
117 120
117 121
117 122
117 123
117 124
117 125
117 126
117 127
117 161
117 175
117 183
117 200
117 203
117 207
117 211
117 212
117 231
117 240
117 242
118 119
118 121
118 122
118 123
118 125
118 126
118 127
118 164
118 168
118 183
118 184
118 203
118 210
118 211
118 215
118 227
118 239
119 120
119 121
119 122
119 123
119 125
119 126
119 127
119 151
119 156
119 157
119 160
119 164
119 173
119 174
119 190
119 199
119 222
119 230
119 237
119 243
120 121
120 122
120 123
120 126
120 160
120 165
120 169
120 174
120 179
120 208
120 209
120 228
120 231
120 242
121 122
121 123
121 124
121 125
121 126
121 127
121 196
121 204
121 225
121 227
121 249
122 123
122 125
122 126
122 127
122 164
122 169
122 170
122 180
122 182
122 192
122 199
122 202
122 214
122 222
122 225
122 231
122 245
123 124
123 125
123 126
123 151
123 166
123 175
123 192
123 196
123 203
123 220
123 224
123 229
124 125
124 126
124 127
124 173
124 194
124 195
124 202
124 215
124 221
124 226
124 238
125 126
125 127
125 150
125 159
125 160
125 173
125 174
125 189
125 195
125 211
125 213
125 217
125 228
125 232
125 236
125 241
125 244
125 248
126 127
126 163
126 184
126 189
126 190
126 196
126 200
126 201
126 217
126 221
126 240
126 244
126 249
127 174
127 186
127 198
127 206
127 226
127 230
150 151
150 152
150 153
150 154
150 155
150 157
150 159
150 160
150 161
150 162
150 163
150 164
150 165
150 167
150 168
150 169
150 170
150 171
150 172
150 173
150 174
150 175
150 176
150 177
150 178
150 179
150 180
150 181
150 182
150 183
150 184
150 185
150 186
150 188
150 190
150 192
150 193
150 194
150 195
150 196
150 198
150 218
150 236
150 237
150 240
151 152
151 154
151 155
151 156
151 157
151 158
151 159
151 161
151 163
151 164
151 165
151 166
151 168
151 169
151 171
151 174
151 175
151 177
151 178
151 179
151 180
151 181
151 182
151 183
151 185
151 187
151 188
151 189
151 191
151 192
151 193
151 195
151 196
151 197
151 198
151 199
151 209
151 217
151 227
152 153
152 154
152 155
152 156
152 157
152 158
152 159
152 160
152 161
152 162
152 163
152 164
152 167
152 168
152 169
152 170
152 171
152 172
152 173
152 174
152 175
152 176
152 177
152 179
152 182
152 183
152 184
152 185
152 186
152 187
152 190
152 191
152 192
152 193
152 194
152 195
152 197
152 198
152 199
152 202
152 211
152 219
152 229
152 235
152 241
152 243
152 247
153 154
153 155
153 156
153 157
153 158
153 160
153 161
153 162
153 163
153 164
153 165
153 166
153 167
153 168
153 169
153 170
153 171
153 172
153 173
153 175
153 176
153 179
153 182
153 185
153 186
153 187
153 188
153 189
153 190
153 192
153 193
153 194
153 195
153 196
153 197
153 199
153 245
154 155
154 156
154 157
154 159
154 160
154 161
154 162
154 163
154 164
154 165
154 166
154 167
154 169
154 170
154 171
154 172
154 175
154 176
154 179
154 180
154 181
154 183
154 184
154 186
154 187
154 189
154 190
154 191
154 192
154 194
154 195
154 198
154 199
154 223
155 156
155 157
155 158
155 159
155 160
155 163
155 164
155 165
155 169
155 170
155 171
155 172
155 173
155 174
155 175
155 176
155 177
155 179
155 180
155 181
155 183
155 184
155 186
155 187
155 189
155 191
155 192
155 193
155 194
155 196
155 197
155 199
155 203
155 207
155 208
155 210
155 228
155 232
156 157
156 158
156 159
156 161
156 163
156 165
156 166
156 167
156 169
156 170
156 171
156 173
156 175
156 176
156 178
156 182
156 184
156 185
156 186
156 187
156 188
156 190
156 191
156 192
156 193
156 196
156 198
156 205
156 208
156 224
156 232
157 158
157 159
157 160
157 161
157 162
157 164
157 165
157 166
157 167
157 168
157 169
157 170
157 172
157 173
157 174
157 175
157 176
157 178
157 179
157 180
157 181
157 182
157 184
157 185
157 186
157 188
157 190
157 191
157 192
157 193
157 194
157 195
157 196
157 198
157 201
157 212
157 240
157 244
157 246
158 159
158 160
158 161
158 162
158 163
158 164
158 165
158 166
158 167
158 168
158 169
158 170
158 171
158 172
158 173
158 174
158 175
158 176
158 177
158 178
158 179
158 180
158 181
158 184
158 185
158 186
158 187
158 189
158 191
158 193
158 195
158 196
158 197
158 210
158 221
159 160
159 161
159 162
159 163
159 164
159 165
159 166
159 167
159 168
159 169
159 170
159 171
159 172
159 175
159 176
159 177
159 178
159 179
159 182
159 183
159 184
159 185
159 188
159 189
159 190
159 191
159 192
159 193
159 194
159 195
159 198
159 199
159 218
159 240
159 246
159 248
160 161
160 162
160 163
160 164
160 165
160 166
160 167
160 168
160 169
160 170
160 171
160 172
160 175
160 176
160 177
160 178
160 179
160 180
160 181
160 184
160 185
160 188
160 189
160 191
160 192
160 194
160 195
160 196
160 197
160 198
160 199
160 211
160 213
160 218
160 234
160 235
160 248
161 162
161 163
161 164
161 165
161 166
161 167
161 168
161 169
161 170
161 171
161 172
161 175
161 176
161 177
161 178
161 180
161 181
161 182
161 183
161 184
161 185
161 186
161 187
161 188
161 189
161 190
161 191
161 192
161 193
161 194
161 195
161 196
161 198
161 199
161 231
161 233
161 248
162 163
162 164
162 165
162 166
162 167
162 168
162 169
162 170
162 171
162 172
162 173
162 174
162 175
162 176
162 178
162 179
162 180
162 181
162 182
162 185
162 186
162 187
162 188
162 189
162 192
162 193
162 194
162 195
162 197
162 199
162 214
162 217
162 219
162 228
163 164
163 165
163 166
163 167
163 168
163 169
163 170
163 171
163 172
163 173
163 174
163 175
163 176
163 177
163 178
163 181
163 182
163 184
163 185
163 186
163 187
163 190
163 191
163 192
163 194
163 195
163 196
163 197
163 206
163 227
163 240
164 165
164 166
164 167
164 168
164 169
164 170
164 171
164 174
164 175
164 177
164 179
164 180
164 182
164 184
164 186
164 189
164 190
164 191
164 192
164 194
164 197
164 198
164 217
164 218
165 166
165 167
165 169
165 170
165 171
165 172
165 173
165 174
165 175
165 176
165 177
165 178
165 179
165 180
165 181
165 182
165 183
165 184
165 185
165 186
165 187
165 189
165 190
165 191
165 192
165 194
165 195
165 196
165 197
165 198
165 199
165 228
165 230
165 241
165 248
166 167
166 168
166 169
166 170
166 171
166 172
166 173
166 174
166 176
166 177
166 178
166 179
166 181
166 182
166 184
166 185
166 186
166 187
166 188
166 189
166 190
166 191
166 192
166 193
166 194
166 196
166 197
166 198
166 199
166 202
166 222
166 224
166 234
167 168
167 169
167 170
167 171
167 172
167 174
167 175
167 176
167 177
167 178
167 179
167 181
167 182
167 183
167 185
167 186
167 187
167 188
167 190
167 191
167 192
167 194
167 195
167 197
167 198
167 199
167 203
167 206
167 207
167 225
167 226
167 236
167 240
167 241
167 246
168 169
168 171
168 174
168 175
168 177
168 178
168 180
168 181
168 183
168 184
168 185
168 188
168 189
168 190
168 191
168 192
168 193
168 194
168 195
168 196
168 197
168 198
168 199
168 218
168 219
168 220
168 226
168 227
168 232
168 247
169 170
169 171
169 172
169 173
169 174
169 175
169 177
169 178
169 179
169 180
169 181
169 182
169 183
169 184
169 185
169 186
169 187
169 188
169 189
169 190
169 191
169 192
169 193
169 194
169 195
169 196
169 197
169 198
169 199
169 201
169 222
169 226
169 237
170 171
170 172
170 173
170 174
170 176
170 179
170 182
170 185
170 186
170 187
170 190
170 191
170 192
170 194
170 196
170 197
170 204
170 205
170 211
170 221
170 232
171 172
171 174
171 175
171 176
171 177
171 178
171 179
171 180
171 181
171 183
171 186
171 187
171 188
171 189
171 190
171 191
171 193
171 194
171 195
171 196
171 197
171 198
171 199
171 207
171 208
171 213
171 223
171 239
171 244
172 173
172 174
172 175
172 176
172 178
172 179
172 180
172 181
172 184
172 185
172 186
172 187
172 188
172 189
172 190
172 191
172 192
172 194
172 195
172 196
172 197
172 198
172 199
172 206
172 211
172 215
172 221
172 247
173 176
173 177
173 178
173 180
173 181
173 184
173 185
173 186
173 187
173 188
173 190
173 191
173 192
173 193
173 194
173 195
173 196
173 198
173 199
173 208
173 211
173 236
173 242
173 245
173 249
174 175
174 176
174 177
174 179
174 180
174 181
174 182
174 183
174 185
174 186
174 187
174 188
174 189
174 190
174 191
174 193
174 194
174 195
174 196
174 197
174 198
174 199
174 206
174 209
174 210
174 223
174 234
175 176
175 177
175 178
175 180
175 181
175 182
175 183
175 184
175 185
175 186
175 187
175 188
175 189
175 190
175 192
175 194
175 196
175 197
175 198
175 199
175 216
175 217
175 226
175 227
175 235
175 244
175 249
176 177
176 178
176 179
176 181
176 182
176 183
176 184
176 185
176 186
176 187
176 188
176 190
176 192
176 193
176 194
176 195
176 197
176 198
176 199
176 202
176 206
176 207
176 221
176 248
177 178
177 179
177 182
177 183
177 184
177 185
177 186
177 187
177 188
177 189
177 190
177 193
177 195
177 196
177 197
177 198
177 209
177 213
177 234
177 241
178 179
178 180
178 182
178 184
178 185
178 186
178 187
178 188
178 189
178 190
178 191
178 193
178 195
178 196
178 198
178 199
178 210
178 216
178 218
179 180
179 181
179 182
179 184
179 185
179 186
179 187
179 188
179 189
179 190
179 191
179 192
179 193
179 195
179 196
179 197
179 199
179 236
179 248
180 181
180 182
180 183
180 184
180 186
180 187
180 188
180 189
180 190
180 191
180 194
180 197
180 198
180 204
180 206
180 214
180 216
180 221
180 229
180 237
180 239
180 241
181 182
181 183
181 184
181 185
181 186
181 187
181 188
181 190
181 191
181 192
181 193
181 194
181 196
181 197
181 209
181 216
181 238
181 244
182 183
182 184
182 185
182 186
182 187
182 188
182 189
182 190
182 191
182 192
182 193
182 194
182 195
182 196
182 197
182 199
182 202
182 206
182 224
182 242
182 248
182 249
183 184
183 186
183 188
183 189
183 190
183 191
183 192
183 193
183 194
183 195
183 197
183 198
183 199
183 201
183 202
183 203
183 214
183 216
183 219
183 222
183 230
183 231
184 186
184 187
184 188
184 190
184 191
184 193
184 194
184 195
184 196
184 197
184 198
184 199
184 202
184 210
184 223
184 226
184 228
184 230
184 242
184 246
184 249
185 186
185 188
185 189
185 190
185 191
185 192
185 193
185 194
185 195
185 196
185 198
185 199
185 244
186 187
186 188
186 189
186 190
186 191
186 193
186 194
186 195
186 196
186 197
186 198
186 199
186 209
186 211
186 220
186 222
186 231
186 248
187 188
187 189
187 190
187 191
187 192
187 193
187 194
187 195
187 196
187 198
187 199
187 202
187 207
188 189
188 190
188 191
188 192
188 195
188 197
188 198
188 199
188 203
188 214
188 219
188 230
188 239
189 190
189 191
189 193
189 194
189 196
189 197
189 202
189 212
189 222
189 225
189 228
189 229
189 232
189 234
190 192
190 193
190 196
190 197
190 198
190 199
190 200
190 202
190 221
190 235
191 192
191 193
191 194
191 195
191 196
191 197
191 199
191 211
191 235
191 237
191 245
192 193
192 195
192 197
192 199
192 211
192 225
192 227
193 194
193 195
193 196
193 197
193 198
193 206
193 221
193 224
193 226
193 227
193 235
193 238
194 196
194 197
194 199
194 200
194 223
194 232
195 196
195 198
195 199
195 203
195 207
195 231
196 197
196 198
196 199
196 202
196 218
196 226
196 231
196 243
197 198
197 199
197 212
197 225
197 232
197 248
198 199
198 200
198 201
198 243
199 209
199 221
199 229
199 238
199 240
199 244
199 249
200 202
200 203
200 204
200 205
200 206
200 208
200 210
200 211
200 212
200 213
200 214
200 215
200 217
200 219
200 220
200 222
200 223
200 224
200 227
200 228
200 229
200 231
200 232
200 233
200 234
200 236
200 238
200 239
200 240
200 241
200 242
200 243
200 244
200 245
200 247
200 249
201 203
201 204
201 205
201 206
201 207
201 208
201 209
201 210
201 211
201 212
201 213
201 214
201 215
201 216
201 217
201 219
201 220
201 222
201 223
201 224
201 225
201 226
201 227
201 228
201 229
201 230
201 231
201 232
201 233
201 235
201 236
201 237
201 240
201 241
201 242
201 243
201 244
201 245
201 246
201 247
201 248
201 249
202 204
202 206
202 207
202 208
202 209
202 210
202 211
202 212
202 214
202 215
202 216
202 217
202 219
202 220
202 221
202 222
202 223
202 224
202 225
202 227
202 228
202 230
202 231
202 232
202 235
202 236
202 239
202 240
202 241
202 242
202 243
202 244
202 248
202 249
203 204
203 205
203 206
203 207
203 208
203 209
203 210
203 211
203 212
203 213
203 214
203 215
203 216
203 218
203 219
203 220
203 222
203 223
203 224
203 225
203 226
203 227
203 229
203 230
203 231
203 232
203 233
203 234
203 235
203 236
203 237
203 239
203 241
203 242
203 243
203 244
203 245
203 247
203 249
204 205
204 206
204 207
204 209
204 210
204 211
204 213
204 215
204 216
204 217
204 218
204 219
204 220
204 221
204 222
204 223
204 225
204 227
204 228
204 229
204 230
204 233
204 234
204 236
204 237
204 238
204 239
204 242
204 245
204 246
204 247
204 248
204 249
205 206
205 207
205 208
205 209
205 211
205 212
205 213
205 214
205 215
205 216
205 219
205 220
205 221
205 222
205 224
205 225
205 228
205 229
205 230
205 231
205 232
205 233
205 234
205 235
205 236
205 237
205 238
205 241
205 242
205 243
205 247
205 248
206 207
206 208
206 210
206 211
206 212
206 213
206 216
206 217
206 218
206 219
206 220
206 221
206 222
206 223
206 224
206 225
206 226
206 227
206 228
206 229
206 232
206 233
206 234
206 235
206 236
206 237
206 238
206 239
206 240
206 241
206 242
206 243
206 244
206 245
206 246
206 248
206 249
207 213
207 214
207 215
207 216
207 218
207 219
207 220
207 221
207 222
207 224
207 225
207 226
207 227
207 229
207 230
207 231
207 233
207 235
207 236
207 237
207 238
207 239
207 240
207 241
207 242
207 243
207 244
207 245
207 246
207 247
207 248
207 249
208 209
208 210
208 212
208 213
208 214
208 217
208 218
208 219
208 220
208 221
208 223
208 224
208 226
208 227
208 228
208 229
208 231
208 232
208 233
208 234
208 235
208 236
208 237
208 238
208 240
208 242
208 243
208 244
208 246
208 247
208 248
208 249
209 210
209 211
209 212
209 213
209 214
209 215
209 217
209 219
209 221
209 224
209 225
209 226
209 227
209 228
209 229
209 230
209 232
209 233
209 236
209 237
209 239
209 240
209 241
209 242
209 243
209 244
209 245
209 249
210 211
210 212
210 214
210 216
210 217
210 219
210 220
210 222
210 223
210 224
210 225
210 226
210 228
210 231
210 232
210 233
210 234
210 235
210 236
210 237
210 238
210 239
210 240
210 241
210 242
210 243
210 244
210 246
210 247
210 248
211 212
211 213
211 214
211 215
211 216
211 217
211 218
211 220
211 222
211 223
211 224
211 226
211 227
211 228
211 229
211 230
211 232
211 233
211 235
211 237
211 238
211 241
211 243
211 244
211 246
211 247
211 248
211 249
212 213
212 214
212 215
212 216
212 217
212 218
212 219
212 220
212 221
212 222
212 224
212 226
212 227
212 229
212 230
212 231
212 232
212 233
212 235
212 236
212 237
212 238
212 242
212 244
212 245
212 247
212 248
212 249
213 215
213 216
213 217
213 218
213 219
213 221
213 222
213 224
213 225
213 226
213 227
213 228
213 229
213 230
213 231
213 232
213 233
213 234
213 235
213 236
213 237
213 238
213 239
213 240
213 241
213 243
213 244
213 245
213 246
213 247
214 215
214 216
214 217
214 218
214 219
214 220
214 222
214 223
214 224
214 225
214 227
214 228
214 229
214 230
214 231
214 232
214 233
214 234
214 235
214 236
214 237
214 239
214 240
214 242
214 243
214 246
214 248
214 249
215 216
215 217
215 219
215 220
215 222
215 223
215 224
215 225
215 226
215 227
215 228
215 229
215 230
215 231
215 233
215 234
215 235
215 236
215 238
215 239
215 240
215 241
215 242
215 243
215 244
215 245
215 246
215 248
215 249
216 217
216 218
216 219
216 220
216 221
216 222
216 223
216 224
216 226
216 229
216 231
216 232
216 233
216 234
216 235
216 237
216 238
216 240
216 241
216 242
216 243
216 244
216 246
216 247
216 248
217 219
217 221
217 222
217 224
217 225
217 226
217 229
217 230
217 231
217 232
217 233
217 234
217 235
217 236
217 237
217 238
217 241
217 242
217 243
217 245
217 246
217 247
217 248
218 219
218 220
218 221
218 222
218 223
218 224
218 225
218 226
218 227
218 228
218 230
218 231
218 233
218 234
218 235
218 237
218 238
218 239
218 240
218 241
218 242
218 243
218 244
218 245
218 247
218 248
218 249
219 222
219 223
219 225
219 226
219 227
219 230
219 231
219 232
219 233
219 236
219 238
219 239
219 243
219 244
219 245
219 246
219 249
220 221
220 222
220 224
220 225
220 226
220 227
220 228
220 229
220 230
220 231
220 232
220 233
220 234
220 236
220 237
220 239
220 240
220 241
220 243
220 244
220 245
220 246
220 247
220 248
220 249
221 222
221 223
221 224
221 225
221 227
221 228
221 229
221 230
221 231
221 232
221 233
221 234
221 236
221 237
221 238
221 239
221 240
221 241
221 243
221 246
221 247
221 248
222 223
222 224
222 225
222 226
222 227
222 229
222 230
222 232
222 234
222 235
222 236
222 238
222 239
222 240
222 241
222 242
222 243
222 244
222 245
222 246
222 247
222 249
223 224
223 225
223 227
223 228
223 229
223 230
223 231
223 232
223 233
223 235
223 236
223 237
223 238
223 239
223 240
223 241
223 243
223 244
223 245
223 246
223 247
223 249
224 225
224 226
224 228
224 230
224 231
224 232
224 233
224 234
224 235
224 236
224 238
224 239
224 240
224 241
224 242
224 243
224 244
224 245
224 246
224 248
225 226
225 229
225 230
225 233
225 234
225 235
225 236
225 239
225 240
225 241
225 242
225 244
225 246
225 247
225 249
226 228
226 229
226 232
226 233
226 234
226 235
226 236
226 239
226 240
226 241
226 242
226 243
226 244
226 245
226 246
226 247
226 248
226 249
227 228
227 230
227 231
227 233
227 235
227 236
227 237
227 238
227 239
227 240
227 241
227 242
227 243
227 244
227 245
227 246
227 247
227 248
227 249
228 229
228 231
228 232
228 233
228 234
228 235
228 236
228 237
228 238
228 239
228 240
228 241
228 242
228 243
228 244
228 245
228 246
228 249
229 230
229 231
229 232
229 234
229 236
229 237
229 238
229 239
229 240
229 241
229 242
229 243
229 244
229 245
229 247
229 248
230 232
230 233
230 234
230 235
230 237
230 239
230 240
230 241
230 242
230 246
230 247
230 249
231 232
231 233
231 234
231 235
231 236
231 237
231 238
231 239
231 241
231 242
231 243
231 244
231 245
231 246
231 247
231 248
232 233
232 234
232 235
232 236
232 237
232 238
232 240
232 241
232 242
232 243
232 244
232 245
232 246
232 247
232 249
233 235
233 236
233 237
233 238
233 239
233 240
233 241
233 242
233 243
233 244
233 247
233 248
233 249
234 235
234 236
234 237
234 238
234 239
234 241
234 242
234 244
234 245
234 248
234 249
235 236
235 237
235 238
235 239
235 241
235 242
235 243
235 244
235 245
235 246
235 248
235 249
236 237
236 238
236 240
236 241
236 242
236 243
236 245
236 246
236 247
236 249
237 238
237 239
237 240
237 241
237 242
237 243
237 244
237 246
237 247
237 248
238 241
238 242
238 243
238 246
238 247
238 248
238 249
239 240
239 241
239 243
239 244
239 246
239 247
240 242
240 243
240 244
240 246
240 248
241 242
241 243
241 244
241 245
241 247
241 249
242 243
242 244
242 245
242 246
242 247
242 249
243 245
243 247
243 249
244 246
244 248
244 249
245 246
245 247
245 248
245 249
246 248
246 249
247 248
247 249
248 249
