0 1
0 2
0 3
0 4
0 5
0 6
0 7
0 8
0 9
0 10
0 11
0 12
0 13
0 14
0 15
0 16
0 17
0 18
0 20
0 21
0 25
0 26
0 28
0 29
0 30
0 31
0 32
0 34
0 35
0 36
0 37
0 39
0 40
0 42
0 43
0 45
0 46
0 48
0 49
0 132
0 178
0 214
1 2
1 3
1 4
1 5
1 6
1 7
1 8
1 9
1 10
1 11
1 12
1 13
1 14
1 16
1 17
1 19
1 20
1 21
1 22
1 23
1 25
1 26
1 27
1 28
1 29
1 30
1 31
1 33
1 34
1 35
1 37
1 38
1 40
1 41
1 42
1 44
1 45
1 48
1 49
1 183
1 187
1 204
2 3
2 4
2 5
2 7
2 9
2 10
2 11
2 12
2 13
2 14
2 15
2 17
2 18
2 19
2 21
2 22
2 23
2 24
2 25
2 27
2 28
2 29
2 30
2 31
2 32
2 33
2 34
2 35
2 36
2 37
2 38
2 39
2 40
2 42
2 43
2 45
2 46
2 47
2 48
2 76
2 94
2 131
3 4
3 5
3 6
3 7
3 8
3 10
3 11
3 13
3 14
3 15
3 16
3 18
3 19
3 21
3 23
3 24
3 26
3 28
3 29
3 30
3 31
3 32
3 33
3 34
3 36
3 37
3 38
3 39
3 40
3 42
3 43
3 44
3 45
3 46
3 48
3 49
3 137
3 119
3 243
4 5
4 7
4 8
4 9
4 10
4 11
4 12
4 13
4 14
4 16
4 17
4 18
4 19
4 20
4 21
4 22
4 23
4 24
4 25
4 26
4 27
4 28
4 29
4 31
4 35
4 37
4 38
4 39
4 40
4 41
4 42
4 43
4 44
4 45
4 46
4 47
4 48
4 49
4 67
4 97
4 202
5 6
5 7
5 8
5 10
5 11
5 12
5 13
5 14
5 15
5 16
5 17
5 18
5 19
5 20
5 21
5 22
5 23
5 24
5 25
5 26
5 27
5 28
5 29
5 31
5 32
5 34
5 35
5 36
5 37
5 38
5 39
5 40
5 41
5 43
5 45
5 46
5 47
5 84
5 95
5 139
5 143
5 154
6 7
6 8
6 9
6 11
6 12
6 14
6 16
6 17
6 20
6 21
6 22
6 23
6 24
6 25
6 26
6 27
6 28
6 29
6 30
6 33
6 34
6 35
6 36
6 37
6 38
6 40
6 41
6 44
6 45
6 46
6 47
6 48
6 49
6 53
6 123
7 9
7 11
7 12
7 13
7 14
7 16
7 17
7 19
7 20
7 21
7 22
7 23
7 24
7 25
7 26
7 27
7 28
7 30
7 31
7 32
7 33
7 35
7 37
7 38
7 40
7 41
7 42
7 44
7 46
7 47
7 48
7 49
8 9
8 10
8 11
8 12
8 13
8 14
8 15
8 16
8 17
8 18
8 19
8 20
8 21
8 22
8 24
8 25
8 27
8 28
8 29
8 30
8 31
8 32
8 33
8 34
8 35
8 36
8 37
8 38
8 41
8 42
8 43
8 44
8 45
8 46
8 47
8 48
8 136
8 113
8 116
8 192
8 195
9 11
9 12
9 13
9 14
9 15
9 16
9 18
9 20
9 21
9 22
9 23
9 24
9 25
9 26
9 27
9 28
9 29
9 30
9 33
9 35
9 37
9 38
9 39
9 40
9 41
9 43
9 44
9 48
9 49
9 180
10 11
10 12
10 13
10 14
10 15
10 18
10 19
10 21
10 22
10 24
10 25
10 26
10 27
10 28
10 29
10 31
10 32
10 33
10 36
10 37
10 40
10 41
10 42
10 44
10 45
10 46
10 47
10 49
10 99
10 170
10 200
11 13
11 14
11 16
11 17
11 18
11 20
11 21
11 22
11 23
11 24
11 26
11 28
11 29
11 30
11 31
11 32
11 35
11 36
11 37
11 38
11 40
11 41
11 42
11 43
11 45
11 46
11 47
11 48
11 114
11 164
11 204
12 13
12 14
12 15
12 16
12 17
12 18
12 19
12 20
12 21
12 22
12 24
12 26
12 27
12 29
12 30
12 31
12 32
12 33
12 34
12 35
12 36
12 38
12 39
12 41
12 42
12 44
12 46
12 47
12 48
12 49
12 197
12 249
13 14
13 15
13 16
13 18
13 19
13 20
13 22
13 23
13 24
13 25
13 26
13 27
13 29
13 30
13 31
13 32
13 33
13 34
13 35
13 36
13 37
13 39
13 40
13 42
13 47
13 49
13 165
13 191
13 244
14 15
14 16
14 18
14 20
14 22
14 23
14 24
14 25
14 26
14 27
14 28
14 30
14 31
14 32
14 33
14 37
14 38
14 39
14 41
14 42
14 43
14 44
14 45
14 46
14 47
14 49
15 16
15 17
15 19
15 20
15 22
15 24
15 25
15 26
15 27
15 28
15 29
15 30
15 31
15 33
15 34
15 35
15 38
15 39
15 40
15 41
15 43
15 44
15 45
15 46
15 47
15 48
15 49
15 126
16 17
16 18
16 19
16 20
16 22
16 23
16 24
16 25
16 26
16 27
16 28
16 29
16 30
16 31
16 32
16 33
16 34
16 35
16 36
16 37
16 38
16 39
16 42
16 43
16 44
16 45
16 46
16 47
16 49
16 128
16 138
17 18
17 19
17 21
17 22
17 23
17 24
17 26
17 27
17 28
17 29
17 30
17 31
17 32
17 33
17 34
17 35
17 36
17 38
17 39
17 40
17 41
17 42
17 44
17 45
17 46
17 47
17 49
17 139
17 196
18 19
18 20
18 21
18 22
18 24
18 25
18 27
18 28
18 29
18 30
18 31
18 32
18 33
18 34
18 35
18 36
18 37
18 38
18 39
18 40
18 42
18 43
18 44
18 45
18 47
18 49
18 100
19 20
19 21
19 22
19 23
19 24
19 25
19 26
19 27
19 28
19 29
19 30
19 31
19 32
19 33
19 37
19 38
19 40
19 42
19 43
19 44
19 45
19 46
19 47
19 48
19 194
19 239
20 21
20 22
20 23
20 25
20 26
20 27
20 28
20 30
20 31
20 33
20 34
20 35
20 36
20 37
20 38
20 39
20 40
20 41
20 42
20 44
20 45
20 46
20 48
20 49
20 194
21 23
21 24
21 25
21 26
21 27
21 28
21 31
21 32
21 33
21 34
21 35
21 36
21 37
21 38
21 39
21 40
21 41
21 42
21 43
21 44
21 45
21 46
21 47
21 192
22 24
22 25
22 26
22 28
22 29
22 30
22 31
22 33
22 34
22 35
22 37
22 38
22 40
22 41
22 42
22 44
22 45
22 49
22 177
23 24
23 25
23 28
23 31
23 32
23 33
23 34
23 35
23 36
23 37
23 39
23 40
23 41
23 42
23 43
23 44
23 45
23 47
23 48
23 49
23 87
23 99
23 169
24 25
24 26
24 27
24 28
24 29
24 30
24 31
24 32
24 33
24 34
24 35
24 37
24 38
24 39
24 41
24 43
24 45
24 46
24 47
24 48
24 49
25 27
25 28
25 29
25 30
25 31
25 33
25 34
25 35
25 36
25 37
25 38
25 39
25 40
25 41
25 42
25 44
25 45
25 46
25 47
25 48
25 55
25 131
25 156
26 27
26 29
26 30
26 31
26 32
26 33
26 34
26 35
26 36
26 37
26 38
26 39
26 41
26 42
26 43
26 45
26 46
26 47
26 48
26 49
27 28
27 29
27 30
27 31
27 32
27 33
27 34
27 36
27 37
27 38
27 39
27 40
27 43
27 44
27 45
27 46
27 47
27 48
27 49
27 131
28 29
28 30
28 32
28 34
28 35
28 36
28 37
28 38
28 39
28 40
28 41
28 42
28 43
28 44
28 45
28 46
28 48
28 49
28 70
28 108
28 228
29 31
29 33
29 34
29 35
29 39
29 40
29 41
29 42
29 43
29 44
29 46
29 47
29 48
29 49
29 111
30 31
30 32
30 33
30 35
30 36
30 37
30 39
30 41
30 42
30 46
30 47
30 48
30 49
30 98
31 33
31 34
31 35
31 36
31 37
31 39
31 40
31 42
31 43
31 44
31 45
31 46
31 47
31 151
31 160
31 249
32 33
32 34
32 35
32 36
32 38
32 39
32 40
32 42
32 43
32 44
32 45
32 46
32 47
32 48
32 49
32 137
32 139
32 155
33 34
33 36
33 37
33 38
33 39
33 41
33 43
33 46
33 47
33 48
33 215
34 35
34 36
34 37
34 38
34 39
34 40
34 41
34 42
34 45
34 46
34 47
34 48
34 49
34 59
34 202
35 36
35 39
35 41
35 42
35 43
35 44
35 46
35 48
35 49
35 85
36 37
36 39
36 41
36 42
36 44
36 45
36 46
36 47
36 48
36 49
36 103
36 223
37 38
37 39
37 40
37 41
37 43
37 44
37 45
37 46
37 47
37 48
37 49
37 73
37 91
37 96
37 133
37 145
38 40
38 41
38 42
38 43
38 44
38 45
38 46
38 47
38 48
38 49
38 130
38 164
39 40
39 41
39 42
39 43
39 45
39 46
39 48
39 49
39 99
40 41
40 42
40 43
40 45
40 46
40 48
40 56
40 186
40 231
41 42
41 43
41 44
41 45
41 46
41 47
41 48
41 49
41 78
41 139
41 144
41 163
41 200
41 239
42 43
42 44
42 45
42 47
42 48
42 91
42 174
43 45
43 46
43 48
43 49
43 226
43 235
44 46
44 47
44 48
44 49
44 243
45 46
45 47
45 48
45 49
45 115
46 47
46 48
46 49
47 48
47 49
47 64
48 49
48 52
48 61
48 199
49 145
50 51
50 52
50 53
50 54
50 55
50 56
50 57
50 58
50 59
50 61
50 62
50 63
50 64
50 66
50 67
50 68
50 70
50 71
50 72
50 73
50 74
50 75
50 78
50 79
50 80
50 81
50 82
50 83
50 84
50 85
50 86
50 87
50 88
50 90
50 91
50 92
50 93
50 95
50 97
50 98
50 99
50 101
50 170
50 195
50 215
51 54
51 55
51 56
51 57
51 58
51 59
51 60
51 61
51 62
51 63
51 64
51 65
51 66
51 67
51 68
51 69
51 70
51 71
51 74
51 75
51 76
51 77
51 78
51 79
51 80
51 81
51 83
51 85
51 86
51 88
51 89
51 90
51 93
51 94
51 95
51 96
51 97
51 98
52 53
52 54
52 55
52 56
52 57
52 58
52 59
52 60
52 61
52 62
52 63
52 64
52 65
52 66
52 67
52 68
52 69
52 70
52 71
52 72
52 73
52 74
52 75
52 78
52 79
52 80
52 83
52 84
52 85
52 87
52 89
52 90
52 92
52 93
52 96
52 97
53 54
53 55
53 56
53 57
53 58
53 59
53 60
53 61
53 64
53 65
53 66
53 67
53 68
53 69
53 72
53 73
53 75
53 76
53 77
53 78
53 79
53 80
53 83
53 85
53 86
53 87
53 88
53 89
53 90
53 91
53 92
53 93
53 95
53 96
53 97
53 98
53 99
53 129
53 181
53 239
54 55
54 56
54 57
54 58
54 59
54 61
54 63
54 64
54 65
54 66
54 67
54 70
54 72
54 73
54 74
54 75
54 76
54 77
54 78
54 79
54 80
54 82
54 84
54 85
54 86
54 87
54 88
54 90
54 91
54 92
54 93
54 94
54 95
54 96
54 97
54 98
54 99
54 119
54 197
55 56
55 57
55 59
55 61
55 62
55 63
55 64
55 66
55 67
55 68
55 69
55 70
55 71
55 72
55 73
55 74
55 75
55 78
55 79
55 80
55 84
55 85
55 86
55 88
55 89
55 94
55 95
55 96
55 97
55 98
55 99
56 60
56 61
56 62
56 63
56 65
56 69
56 71
56 72
56 73
56 74
56 75
56 77
56 78
56 79
56 80
56 82
56 83
56 84
56 85
56 86
56 88
56 91
56 92
56 93
56 94
56 95
56 96
56 97
56 98
56 99
56 219
56 241
57 59
57 60
57 61
57 62
57 63
57 64
57 65
57 66
57 67
57 68
57 69
57 70
57 71
57 72
57 74
57 75
57 76
57 77
57 78
57 79
57 80
57 81
57 82
57 85
57 86
57 87
57 88
57 90
57 91
57 92
57 93
57 94
57 95
57 96
57 97
57 98
57 99
58 59
58 60
58 62
58 63
58 64
58 65
58 67
58 70
58 71
58 72
58 73
58 74
58 75
58 76
58 77
58 78
58 79
58 80
58 81
58 83
58 84
58 85
58 86
58 87
58 88
58 89
58 90
58 91
58 92
58 93
58 94
58 95
58 96
58 97
58 98
58 139
58 154
58 198
58 206
58 246
59 60
59 61
59 62
59 63
59 64
59 65
59 66
59 67
59 68
59 69
59 70
59 72
59 73
59 74
59 75
59 76
59 77
59 78
59 79
59 80
59 81
59 84
59 85
59 86
59 87
59 88
59 91
59 92
59 93
59 95
59 96
59 98
59 99
59 162
60 61
60 62
60 63
60 65
60 66
60 67
60 68
60 69
60 71
60 72
60 73
60 74
60 75
60 76
60 77
60 78
60 79
60 80
60 81
60 82
60 84
60 85
60 86
60 87
60 88
60 89
60 91
60 92
60 93
60 94
60 95
60 96
60 97
60 99
60 110
60 161
60 174
61 62
61 63
61 66
61 67
61 68
61 69
61 70
61 71
61 72
61 73
61 74
61 75
61 76
61 77
61 78
61 79
61 81
61 82
61 83
61 85
61 88
61 91
61 92
61 93
61 94
61 95
61 96
61 97
61 98
62 63
62 64
62 66
62 67
62 68
62 69
62 71
62 72
62 73
62 76
62 77
62 79
62 80
62 81
62 82
62 83
62 84
62 86
62 87
62 89
62 90
62 91
62 92
62 93
62 94
62 95
62 96
62 97
62 98
62 135
62 118
62 175
62 180
63 64
63 65
63 66
63 68
63 69
63 70
63 71
63 73
63 75
63 76
63 77
63 78
63 79
63 80
63 81
63 82
63 83
63 84
63 85
63 86
63 87
63 88
63 89
63 93
63 94
63 95
63 96
63 97
63 98
63 99
63 113
63 179
64 65
64 67
64 72
64 74
64 75
64 76
64 77
64 79
64 80
64 81
64 82
64 83
64 84
64 86
64 87
64 88
64 89
64 90
64 92
64 93
64 96
64 97
64 98
64 99
64 130
64 152
64 156
64 187
65 66
65 67
65 68
65 69
65 70
65 71
65 72
65 73
65 75
65 76
65 77
65 79
65 80
65 81
65 82
65 84
65 85
65 86
65 87
65 89
65 90
65 92
65 93
65 94
65 95
65 96
65 97
65 98
65 99
65 101
65 213
65 226
66 67
66 68
66 69
66 71
66 72
66 73
66 74
66 75
66 76
66 77
66 79
66 80
66 81
66 83
66 84
66 85
66 86
66 88
66 89
66 91
66 92
66 93
66 94
66 95
66 96
66 98
66 185
67 69
67 70
67 71
67 72
67 73
67 74
67 75
67 76
67 77
67 78
67 79
67 80
67 81
67 82
67 83
67 84
67 85
67 87
67 90
67 91
67 92
67 93
67 95
67 99
67 215
68 69
68 71
68 73
68 74
68 75
68 79
68 80
68 81
68 82
68 83
68 84
68 85
68 86
68 87
68 88
68 90
68 91
68 92
68 93
68 94
68 95
68 96
68 97
68 98
68 99
69 70
69 71
69 72
69 73
69 76
69 77
69 78
69 79
69 80
69 81
69 82
69 83
69 84
69 85
69 86
69 88
69 90
69 91
69 92
69 93
69 94
69 95
69 96
69 98
69 99
69 120
69 174
69 194
70 72
70 73
70 74
70 75
70 76
70 77
70 79
70 80
70 81
70 82
70 83
70 84
70 85
70 86
70 87
70 88
70 89
70 90
70 91
70 95
70 96
70 97
70 98
70 99
70 132
70 176
71 72
71 74
71 75
71 76
71 77
71 79
71 80
71 81
71 83
71 84
71 85
71 86
71 87
71 88
71 90
71 91
71 94
71 97
71 98
71 99
71 131
71 135
72 74
72 77
72 78
72 79
72 80
72 82
72 83
72 85
72 86
72 89
72 90
72 91
72 92
72 93
72 94
72 95
72 97
72 99
72 166
72 172
72 244
73 74
73 75
73 76
73 77
73 79
73 80
73 81
73 82
73 83
73 84
73 85
73 86
73 87
73 88
73 91
73 92
73 93
73 94
73 97
73 217
74 75
74 76
74 77
74 78
74 79
74 80
74 81
74 82
74 83
74 86
74 87
74 89
74 90
74 91
74 93
74 94
74 96
74 97
74 98
74 99
75 76
75 78
75 79
75 80
75 81
75 82
75 83
75 87
75 88
75 89
75 90
75 91
75 92
75 94
75 95
75 96
75 97
75 98
75 99
75 196
75 234
76 77
76 78
76 80
76 81
76 82
76 83
76 84
76 86
76 87
76 88
76 89
76 90
76 92
76 93
76 94
76 95
76 96
76 97
76 98
76 99
77 79
77 80
77 81
77 82
77 83
77 84
77 85
77 86
77 87
77 88
77 89
77 90
77 91
77 93
77 94
77 95
77 96
77 97
77 98
77 99
78 80
78 81
78 83
78 84
78 86
78 87
78 88
78 89
78 90
78 91
78 92
78 93
78 94
78 95
78 96
78 97
78 98
78 99
78 157
78 158
78 165
79 81
79 82
79 83
79 84
79 85
79 86
79 87
79 88
79 89
79 90
79 92
79 93
79 94
79 95
79 96
79 97
79 98
79 99
79 230
80 82
80 84
80 86
80 87
80 88
80 89
80 90
80 91
80 93
80 94
80 95
80 97
80 99
81 82
81 83
81 85
81 86
81 87
81 88
81 89
81 90
81 91
81 92
81 93
81 94
81 95
81 96
81 97
81 98
81 99
82 83
82 86
82 87
82 89
82 91
82 92
82 93
82 94
82 95
82 96
82 97
82 98
82 99
82 211
83 84
83 85
83 87
83 88
83 89
83 91
83 92
83 93
83 95
83 96
83 97
83 98
84 85
84 86
84 87
84 88
84 89
84 90
84 92
84 93
84 94
84 95
84 96
84 97
84 98
84 99
84 218
85 86
85 87
85 88
85 89
85 90
85 91
85 94
85 95
85 96
85 97
85 98
85 99
86 87
86 88
86 89
86 90
86 91
86 92
86 93
86 94
86 95
86 97
86 98
86 99
86 170
86 245
87 89
87 90
87 91
87 92
87 93
87 94
87 95
87 96
87 97
87 98
87 99
87 240
88 89
88 90
88 91
88 92
88 93
88 94
88 96
88 97
88 98
88 99
88 177
89 90
89 91
89 92
89 94
89 95
89 97
89 98
89 211
89 234
90 91
90 92
90 94
90 95
90 97
90 98
90 175
90 185
90 196
91 92
91 95
91 96
91 97
91 99
91 151
91 243
92 93
92 94
92 96
92 97
92 98
92 194
93 94
93 95
93 96
93 98
93 99
93 166
93 211
94 95
94 96
94 97
94 98
94 99
94 172
95 97
95 98
95 99
95 115
95 182
95 249
96 97
96 172
96 219
96 235
97 98
97 99
97 139
97 108
97 177
98 151
99 224
128 129
128 131
128 132
128 133
128 134
128 135
128 136
128 137
128 138
128 139
128 140
128 141
128 142
128 143
128 144
128 146
128 147
128 148
128 149
128 100
128 101
128 103
128 105
128 107
128 108
128 109
128 110
128 111
128 112
128 113
128 115
128 117
128 119
128 121
128 122
128 123
128 125
128 210
129 130
129 131
129 132
129 133
129 134
129 135
129 137
129 138
129 140
129 144
129 145
129 146
129 147
129 148
129 149
129 100
129 101
129 102
129 103
129 104
129 105
129 107
129 108
129 109
129 110
129 111
129 112
129 113
129 118
129 119
129 120
129 121
129 122
129 124
129 126
129 127
130 132
130 134
130 135
130 137
130 138
130 139
130 140
130 141
130 142
130 143
130 144
130 145
130 146
130 147
130 148
130 149
130 100
130 102
130 103
130 104
130 105
130 106
130 107
130 108
130 109
130 110
130 111
130 112
130 113
130 114
130 115
130 116
130 117
130 118
130 119
130 120
130 122
130 123
130 125
130 126
130 127
131 132
131 133
131 134
131 135
131 137
131 138
131 139
131 141
131 142
131 143
131 145
131 146
131 148
131 149
131 101
131 103
131 104
131 105
131 106
131 108
131 109
131 110
131 111
131 112
131 113
131 114
131 115
131 116
131 117
131 118
131 119
131 120
131 121
131 122
131 123
131 124
131 125
131 126
131 127
131 235
132 134
132 135
132 136
132 137
132 138
132 139
132 140
132 141
132 143
132 144
132 145
132 146
132 147
132 148
132 149
132 100
132 101
132 102
132 103
132 104
132 105
132 106
132 108
132 109
132 112
132 114
132 115
132 116
132 117
132 118
132 119
132 121
132 122
132 123
132 124
132 125
132 126
132 127
132 247
133 134
133 135
133 136
133 137
133 138
133 139
133 140
133 141
133 142
133 143
133 144
133 145
133 146
133 147
133 148
133 149
133 100
133 101
133 102
133 103
133 104
133 105
133 106
133 107
133 108
133 109
133 111
133 112
133 113
133 114
133 115
133 117
133 118
133 119
133 120
133 123
133 124
133 125
133 126
133 127
134 136
134 138
134 139
134 140
134 141
134 142
134 143
134 144
134 145
134 147
134 148
134 149
134 100
134 101
134 102
134 103
134 104
134 105
134 107
134 108
134 109
134 111
134 112
134 113
134 114
134 116
134 117
134 119
134 120
134 121
134 122
134 123
134 124
134 125
134 126
134 127
135 136
135 137
135 138
135 141
135 142
135 145
135 147
135 148
135 149
135 100
135 102
135 106
135 107
135 108
135 109
135 111
135 112
135 113
135 114
135 115
135 116
135 118
135 120
135 121
135 123
135 124
135 125
135 126
135 127
135 181
135 195
136 139
136 140
136 141
136 142
136 143
136 144
136 145
136 146
136 147
136 148
136 149
136 100
136 101
136 102
136 103
136 104
136 105
136 106
136 108
136 109
136 110
136 111
136 112
136 113
136 114
136 115
136 116
136 118
136 120
136 121
136 122
136 123
136 124
136 125
136 127
136 189
136 209
136 246
137 138
137 139
137 140
137 141
137 142
137 143
137 144
137 147
137 100
137 101
137 102
137 103
137 104
137 105
137 106
137 107
137 108
137 109
137 110
137 111
137 112
137 114
137 115
137 116
137 117
137 118
137 120
137 121
137 122
137 123
137 124
137 126
137 127
138 139
138 140
138 141
138 144
138 145
138 146
138 147
138 148
138 149
138 100
138 101
138 103
138 104
138 105
138 107
138 108
138 109
138 110
138 111
138 113
138 114
138 115
138 117
138 118
138 120
138 122
138 123
138 124
138 125
138 126
138 127
138 152
138 196
138 205
139 140
139 141
139 143
139 144
139 145
139 147
139 148
139 149
139 100
139 102
139 103
139 104
139 105
139 108
139 109
139 111
139 113
139 114
139 115
139 116
139 118
139 119
139 121
139 122
139 124
139 125
139 126
139 127
140 141
140 142
140 143
140 145
140 146
140 147
140 149
140 104
140 105
140 106
140 107
140 108
140 109
140 111
140 112
140 113
140 115
140 116
140 119
140 121
140 122
140 124
140 125
140 127
140 154
140 241
141 142
141 143
141 144
141 145
141 146
141 147
141 148
141 149
141 100
141 101
141 102
141 103
141 104
141 106
141 107
141 108
141 109
141 110
141 111
141 112
141 113
141 114
141 115
141 116
141 117
141 118
141 119
141 120
141 121
141 122
141 123
141 124
141 125
141 127
142 143
142 144
142 147
142 148
142 100
142 101
142 104
142 107
142 108
142 109
142 111
142 112
142 114
142 115
142 117
142 118
142 119
142 120
142 122
142 123
142 124
142 126
142 127
143 144
143 145
143 146
143 147
143 100
143 101
143 102
143 103
143 104
143 105
143 106
143 107
143 108
143 109
143 110
143 111
143 112
143 113
143 114
143 115
143 116
143 117
143 119
143 120
143 121
143 122
143 123
143 124
143 126
143 127
144 145
144 146
144 147
144 148
144 149
144 100
144 101
144 103
144 104
144 105
144 106
144 107
144 109
144 110
144 111
144 112
144 113
144 114
144 115
144 116
144 117
144 118
144 119
144 121
144 122
144 123
144 126
144 127
144 243
145 146
145 147
145 148
145 149
145 100
145 101
145 102
145 104
145 105
145 106
145 107
145 108
145 109
145 110
145 112
145 113
145 114
145 115
145 116
145 117
145 118
145 119
145 120
145 121
145 122
145 123
145 124
145 125
145 126
145 127
145 225
146 147
146 148
146 149
146 100
146 101
146 102
146 103
146 104
146 105
146 106
146 107
146 108
146 109
146 110
146 111
146 112
146 113
146 114
146 115
146 116
146 117
146 118
146 119
146 121
146 122
146 123
146 124
146 127
146 196
146 207
147 148
147 149
147 101
147 102
147 103
147 106
147 108
147 110
147 111
147 112
147 113
147 114
147 115
147 116
147 117
147 119
147 120
147 121
147 122
147 123
147 125
147 126
148 149
148 101
148 102
148 104
148 105
148 106
148 108
148 110
148 111
148 113
148 114
148 115
148 116
148 117
148 118
148 119
148 121
148 122
148 123
148 124
148 125
148 126
148 127
148 225
149 100
149 101
149 102
149 104
149 105
149 107
149 108
149 109
149 110
149 111
149 113
149 117
149 118
149 119
149 120
149 121
149 122
149 123
149 124
149 125
149 126
100 101
100 102
100 103
100 105
100 106
100 107
100 108
100 110
100 111
100 112
100 113
100 114
100 115
100 116
100 117
100 118
100 120
100 121
100 124
100 125
100 126
100 127
101 102
101 103
101 105
101 106
101 107
101 108
101 109
101 110
101 111
101 114
101 115
101 116
101 117
101 118
101 119
101 120
101 121
101 123
101 124
101 126
101 127
102 104
102 105
102 106
102 107
102 109
102 110
102 111
102 112
102 113
102 114
102 115
102 118
102 119
102 121
102 122
102 123
102 125
102 126
102 127
102 190
103 104
103 105
103 106
103 107
103 109
103 110
103 111
103 112
103 113
103 115
103 116
103 118
103 120
103 121
103 122
103 123
103 124
103 125
103 126
103 127
104 105
104 106
104 108
104 109
104 110
104 111
104 112
104 113
104 115
104 116
104 117
104 118
104 119
104 120
104 121
104 122
104 123
104 124
104 125
104 127
104 164
104 218
105 106
105 107
105 108
105 109
105 110
105 111
105 112
105 113
105 114
105 115
105 117
105 118
105 119
105 122
105 123
105 124
105 126
105 127
105 199
105 230
106 107
106 108
106 109
106 110
106 111
106 112
106 115
106 116
106 117
106 118
106 119
106 120
106 121
106 122
106 124
106 125
106 126
106 127
106 164
106 205
106 244
107 108
107 110
107 111
107 113
107 114
107 115
107 116
107 117
107 118
107 119
107 120
107 121
107 122
107 123
107 124
107 125
107 126
108 110
108 111
108 112
108 113
108 115
108 117
108 118
108 119
108 122
108 123
108 124
108 125
108 126
108 127
108 170
109 110
109 111
109 112
109 113
109 114
109 115
109 116
109 117
109 118
109 120
109 121
109 122
109 123
109 124
109 125
109 126
109 127
109 181
110 111
110 113
110 114
110 115
110 116
110 117
110 118
110 119
110 120
110 121
110 122
110 123
110 124
110 125
110 126
110 127
111 112
111 113
111 114
111 115
111 116
111 117
111 118
111 119
111 120
111 122
111 123
111 124
111 125
111 126
111 127
112 113
112 114
112 115
112 116
112 117
112 119
112 120
112 121
112 122
112 123
112 124
112 125
112 127
112 209
113 114
113 115
113 116
113 117
113 119
113 120
113 121
113 123
113 125
113 126
113 127
113 173
114 115
114 116
114 119
114 120
114 122
114 123
114 125
114 126
114 201
115 116
115 117
115 119
115 120
115 121
115 122
115 123
115 124
115 125
115 126
115 127
116 117
116 118
116 119
116 120
116 122
116 123
116 124
116 126
116 127
116 183
117 119
117 120
117 121
117 122
117 123
117 125
117 126
117 186
118 119
118 120
118 121
118 122
118 123
118 124
118 127
119 120
119 121
119 122
119 123
119 124
119 125
119 126
119 127
119 203
119 211
120 122
120 124
120 125
120 126
120 127
121 122
121 123
121 124
121 125
121 126
122 124
122 125
122 126
122 127
122 179
123 124
123 125
123 126
123 127
123 218
124 125
124 127
125 126
125 127
125 172
127 159
150 151
150 152
150 154
150 155
150 156
150 157
150 158
150 159
150 160
150 161
150 163
150 164
150 165
150 167
150 168
150 169
150 170
150 171
150 172
150 173
150 175
150 176
150 177
150 178
150 179
150 180
150 181
150 182
150 183
150 184
150 185
150 186
150 187
150 188
150 190
150 191
150 192
150 193
150 194
150 195
150 197
150 198
150 199
150 248
151 152
151 156
151 157
151 158
151 159
151 160
151 161
151 162
151 163
151 164
151 165
151 166
151 167
151 168
151 169
151 170
151 171
151 172
151 173
151 174
151 175
151 176
151 177
151 178
151 179
151 182
151 183
151 184
151 185
151 186
151 188
151 189
151 190
151 191
151 192
151 193
151 194
151 195
151 197
151 198
151 199
151 245
152 153
152 154
152 155
152 158
152 160
152 161
152 162
152 163
152 164
152 165
152 166
152 167
152 168
152 169
152 170
152 171
152 172
152 174
152 175
152 176
152 177
152 178
152 179
152 180
152 181
152 182
152 185
152 187
152 188
152 190
152 191
152 192
152 193
152 194
152 195
152 196
152 197
152 198
152 199
153 156
153 157
153 160
153 162
153 163
153 164
153 165
153 166
153 167
153 168
153 170
153 171
153 172
153 173
153 174
153 175
153 176
153 178
153 179
153 182
153 183
153 184
153 186
153 190
153 191
153 192
153 194
153 195
153 196
153 197
153 198
153 199
153 210
154 155
154 156
154 157
154 158
154 159
154 160
154 161
154 162
154 163
154 164
154 165
154 167
154 169
154 170
154 171
154 172
154 173
154 174
154 175
154 176
154 178
154 179
154 180
154 181
154 182
154 183
154 184
154 185
154 186
154 188
154 189
154 190
154 191
154 192
154 193
154 194
154 195
154 196
154 197
154 198
154 199
155 156
155 157
155 158
155 159
155 160
155 161
155 162
155 164
155 165
155 167
155 168
155 169
155 171
155 172
155 174
155 175
155 176
155 177
155 178
155 180
155 181
155 182
155 183
155 184
155 185
155 186
155 187
155 189
155 190
155 191
155 192
155 193
155 194
155 195
155 196
155 198
155 199
156 157
156 158
156 159
156 160
156 161
156 162
156 163
156 164
156 166
156 167
156 169
156 170
156 171
156 173
156 174
156 175
156 176
156 178
156 179
156 180
156 181
156 182
156 184
156 185
156 186
156 187
156 188
156 189
156 190
156 191
156 192
156 193
156 194
156 195
156 196
156 197
156 198
156 199
156 238
157 158
157 159
157 160
157 161
157 162
157 163
157 165
157 166
157 167
157 168
157 169
157 170
157 171
157 172
157 173
157 174
157 175
157 176
157 177
157 178
157 179
157 180
157 181
157 183
157 184
157 185
157 186
157 187
157 188
157 189
157 190
157 191
157 192
157 193
157 195
157 197
157 198
157 199
158 159
158 160
158 161
158 162
158 164
158 165
158 166
158 167
158 168
158 169
158 172
158 173
158 176
158 177
158 178
158 179
158 180
158 181
158 182
158 184
158 186
158 188
158 189
158 191
158 193
158 194
158 195
158 196
158 197
158 198
158 199
158 234
158 245
159 160
159 161
159 164
159 165
159 167
159 168
159 170
159 171
159 172
159 174
159 175
159 176
159 177
159 178
159 179
159 180
159 181
159 182
159 183
159 184
159 185
159 186
159 188
159 189
159 190
159 193
159 196
159 197
159 198
159 199
160 161
160 162
160 163
160 164
160 165
160 166
160 167
160 168
160 169
160 170
160 171
160 173
160 174
160 176
160 178
160 179
160 180
160 181
160 182
160 183
160 185
160 186
160 187
160 188
160 190
160 191
160 192
160 193
160 194
160 196
160 197
160 198
160 199
161 162
161 164
161 165
161 166
161 168
161 170
161 172
161 173
161 174
161 175
161 177
161 178
161 179
161 180
161 181
161 182
161 183
161 184
161 185
161 186
161 187
161 188
161 190
161 191
161 192
161 193
161 194
161 195
161 196
161 197
161 198
161 199
162 163
162 164
162 165
162 166
162 168
162 169
162 170
162 172
162 173
162 174
162 175
162 177
162 178
162 179
162 180
162 182
162 183
162 184
162 185
162 186
162 187
162 188
162 189
162 190
162 192
162 193
162 195
162 197
162 198
162 199
162 209
163 164
163 165
163 166
163 167
163 168
163 170
163 172
163 173
163 174
163 175
163 176
163 177
163 178
163 179
163 180
163 181
163 182
163 183
163 184
163 186
163 187
163 188
163 189
163 190
163 191
163 192
163 194
163 195
163 197
163 198
163 199
163 202
164 166
164 167
164 168
164 169
164 170
164 171
164 173
164 174
164 175
164 176
164 179
164 180
164 181
164 182
164 185
164 186
164 187
164 188
164 189
164 190
164 191
164 192
164 193
164 194
164 196
164 197
164 199
164 229
164 243
165 166
165 167
165 168
165 169
165 170
165 171
165 172
165 173
165 174
165 175
165 176
165 177
165 178
165 179
165 180
165 181
165 182
165 184
165 185
165 186
165 188
165 189
165 190
165 191
165 193
165 194
165 196
165 197
165 199
166 167
166 169
166 170
166 171
166 172
166 173
166 174
166 175
166 176
166 177
166 179
166 180
166 181
166 182
166 183
166 184
166 186
166 187
166 188
166 190
166 191
166 192
166 193
166 195
166 197
166 198
166 199
167 170
167 171
167 172
167 173
167 174
167 175
167 177
167 178
167 180
167 181
167 183
167 184
167 185
167 186
167 187
167 188
167 189
167 190
167 191
167 192
167 193
167 194
167 196
167 198
167 199
168 169
168 170
168 171
168 172
168 173
168 174
168 175
168 176
168 177
168 178
168 180
168 183
168 184
168 185
168 186
168 188
168 189
168 190
168 192
168 193
168 194
168 197
168 198
168 199
168 201
169 170
169 171
169 174
169 175
169 176
169 178
169 179
169 180
169 181
169 183
169 184
169 186
169 188
169 190
169 191
169 192
169 193
169 194
169 195
169 196
169 198
169 199
170 171
170 172
170 174
170 175
170 176
170 177
170 178
170 180
170 181
170 182
170 183
170 184
170 185
170 186
170 187
170 188
170 189
170 190
170 191
170 193
170 195
170 196
170 197
170 198
171 172
171 173
171 174
171 176
171 177
171 179
171 181
171 182
171 183
171 184
171 185
171 186
171 188
171 189
171 190
171 191
171 193
171 194
171 195
171 196
171 197
171 198
171 199
172 173
172 174
172 175
172 176
172 177
172 179
172 180
172 181
172 182
172 183
172 184
172 185
172 186
172 187
172 188
172 189
172 190
172 191
172 192
172 194
172 195
172 196
172 197
172 198
172 199
173 175
173 176
173 177
173 178
173 179
173 180
173 181
173 182
173 183
173 184
173 185
173 186
173 187
173 188
173 192
173 193
173 194
173 195
173 196
173 198
173 199
174 176
174 177
174 179
174 180
174 181
174 182
174 185
174 186
174 188
174 190
174 191
174 192
174 193
174 195
174 196
174 197
174 199
175 176
175 178
175 179
175 180
175 181
175 182
175 183
175 184
175 185
175 186
175 188
175 189
175 191
175 192
175 193
175 195
175 196
175 197
175 198
175 211
176 179
176 180
176 181
176 182
176 183
176 185
176 187
176 188
176 189
176 190
176 191
176 193
176 194
176 195
176 196
176 198
176 199
176 205
176 224
177 178
177 179
177 180
177 181
177 182
177 183
177 186
177 187
177 188
177 189
177 190
177 191
177 192
177 193
177 194
177 195
177 196
177 198
177 199
178 179
178 180
178 181
178 182
178 183
178 184
178 185
178 186
178 187
178 188
178 189
178 191
178 192
178 193
178 196
178 197
178 199
178 234
178 240
178 241
179 180
179 182
179 183
179 184
179 185
179 187
179 188
179 189
179 190
179 191
179 192
179 193
179 194
179 195
179 197
179 198
179 217
179 249
180 181
180 182
180 183
180 184
180 185
180 186
180 187
180 188
180 189
180 190
180 191
180 192
180 193
180 195
180 196
180 197
180 199
180 219
181 182
181 183
181 184
181 186
181 190
181 191
181 192
181 193
181 194
181 195
181 196
181 197
181 198
181 199
182 183
182 184
182 185
182 186
182 187
182 188
182 190
182 191
182 192
182 193
182 194
182 195
182 198
182 199
183 184
183 185
183 187
183 188
183 189
183 192
183 193
183 196
183 197
183 198
183 199
184 185
184 186
184 187
184 188
184 189
184 190
184 191
184 192
184 193
184 194
184 195
184 197
184 198
184 199
184 201
185 187
185 189
185 190
185 191
185 194
185 195
185 198
185 199
186 187
186 190
186 193
186 195
186 196
186 197
186 198
186 199
186 240
187 188
187 189
187 190
187 192
187 193
187 194
187 196
187 197
187 198
188 189
188 190
188 191
188 192
188 193
188 194
188 195
188 196
188 197
188 198
188 199
188 244
189 191
189 192
189 193
189 195
189 196
189 197
189 199
190 191
190 193
190 194
190 195
190 196
190 197
190 198
190 199
191 192
191 193
191 194
191 195
191 196
191 197
191 198
191 199
192 193
192 194
192 195
192 197
192 198
192 205
193 194
193 195
193 197
193 198
193 199
194 195
194 196
194 197
194 198
194 199
194 249
195 197
195 198
195 199
196 197
196 199
197 198
197 199
198 199
200 201
200 202
200 203
200 204
200 206
200 207
200 210
200 212
200 213
200 214
200 215
200 216
200 217
200 218
200 219
200 220
200 221
200 223
200 224
200 225
200 226
200 227
200 228
200 230
200 231
200 232
200 233
200 235
200 237
200 238
200 239
200 240
200 241
200 243
200 244
200 246
200 247
200 248
200 249
201 202
201 204
201 205
201 208
201 209
201 210
201 213
201 215
201 216
201 217
201 218
201 219
201 220
201 222
201 223
201 225
201 226
201 227
201 229
201 230
201 232
201 233
201 235
201 236
201 237
201 238
201 239
201 242
201 243
201 244
201 245
201 246
201 247
201 248
201 249
202 203
202 204
202 205
202 206
202 208
202 210
202 211
202 212
202 213
202 214
202 215
202 216
202 217
202 218
202 220
202 221
202 222
202 223
202 224
202 225
202 226
202 228
202 229
202 230
202 231
202 232
202 233
202 234
202 235
202 236
202 237
202 238
202 239
202 240
202 241
202 242
202 243
202 244
202 245
202 246
202 249
203 204
203 205
203 206
203 207
203 208
203 209
203 211
203 213
203 214
203 215
203 216
203 217
203 218
203 220
203 222
203 224
203 225
203 226
203 227
203 228
203 229
203 230
203 231
203 233
203 235
203 237
203 239
203 240
203 241
203 242
203 243
203 245
203 246
203 248
203 249
204 205
204 206
204 207
204 208
204 209
204 210
204 211
204 212
204 213
204 214
204 216
204 217
204 218
204 219
204 220
204 221
204 222
204 223
204 224
204 225
204 226
204 227
204 229
204 230
204 232
204 233
204 234
204 236
204 237
204 238
204 240
204 241
204 242
204 243
204 244
204 245
204 246
204 247
204 249
205 206
205 207
205 208
205 209
205 210
205 211
205 212
205 213
205 214
205 215
205 216
205 217
205 218
205 220
205 221
205 222
205 223
205 224
205 225
205 226
205 228
205 230
205 231
205 232
205 233
205 234
205 235
205 236
205 237
205 238
205 239
205 240
205 241
205 242
205 243
205 244
205 245
205 247
205 248
206 207
206 209
206 210
206 211
206 212
206 213
206 214
206 215
206 217
206 219
206 221
206 222
206 223
206 224
206 225
206 226
206 227
206 228
206 230
206 232
206 235
206 236
206 238
206 239
206 241
206 242
206 243
206 244
206 245
206 246
206 248
206 249
207 208
207 209
207 210
207 211
207 212
207 213
207 214
207 215
207 216
207 217
207 218
207 219
207 220
207 222
207 223
207 224
207 225
207 226
207 228
207 230
207 231
207 233
207 234
207 235
207 236
207 237
207 238
207 239
207 240
207 241
207 242
207 243
207 244
207 248
207 249
208 209
208 210
208 211
208 212
208 213
208 214
208 215
208 217
208 220
208 221
208 222
208 223
208 224
208 227
208 228
208 229
208 230
208 231
208 232
208 233
208 234
208 235
208 236
208 237
208 238
208 240
208 242
208 243
208 245
208 246
208 248
208 249
209 210
209 212
209 213
209 214
209 215
209 216
209 217
209 218
209 219
209 220
209 221
209 223
209 224
209 225
209 226
209 227
209 228
209 229
209 230
209 231
209 232
209 233
209 235
209 236
209 238
209 239
209 240
209 242
209 243
209 244
209 245
209 246
209 247
209 248
209 249
210 213
210 216
210 217
210 218
210 219
210 220
210 223
210 224
210 225
210 226
210 227
210 229
210 230
210 231
210 234
210 235
210 236
210 237
210 238
210 239
210 240
210 241
210 242
210 244
210 245
210 246
210 248
210 249
211 212
211 213
211 214
211 215
211 216
211 217
211 218
211 219
211 220
211 221
211 222
211 223
211 224
211 225
211 226
211 227
211 228
211 229
211 230
211 231
211 236
211 238
211 239
211 240
211 241
211 242
211 243
211 245
211 246
211 247
211 248
211 249
212 213
212 214
212 215
212 217
212 218
212 219
212 220
212 221
212 222
212 224
212 225
212 227
212 228
212 230
212 231
212 232
212 233
212 234
212 235
212 236
212 238
212 239
212 241
212 242
212 243
212 245
212 246
212 247
212 248
212 249
213 214
213 215
213 216
213 217
213 218
213 219
213 220
213 222
213 223
213 224
213 225
213 226
213 227
213 228
213 231
213 232
213 234
213 235
213 236
213 237
213 238
213 239
213 240
213 241
213 242
213 243
213 244
213 245
213 246
213 247
213 249
214 215
214 216
214 217
214 218
214 220
214 221
214 222
214 223
214 224
214 225
214 227
214 228
214 229
214 230
214 231
214 232
214 234
214 235
214 236
214 238
214 239
214 240
214 241
214 243
214 244
214 245
214 249
215 216
215 218
215 219
215 223
215 224
215 225
215 226
215 227
215 228
215 229
215 230
215 231
215 232
215 233
215 234
215 235
215 236
215 237
215 239
215 241
215 242
215 243
215 244
215 245
215 246
215 247
215 248
216 218
216 219
216 220
216 221
216 222
216 223
216 224
216 225
216 226
216 227
216 228
216 229
216 230
216 231
216 232
216 233
216 234
216 235
216 236
216 238
216 239
216 241
216 243
216 244
216 245
216 246
216 247
216 249
217 218
217 219
217 220
217 221
217 222
217 223
217 224
217 225
217 228
217 229
217 230
217 231
217 232
217 233
217 234
217 235
217 236
217 237
217 238
217 239
217 240
217 241
217 243
217 244
217 245
217 247
217 248
217 249
218 219
218 220
218 221
218 222
218 223
218 224
218 225
218 226
218 227
218 228
218 229
218 230
218 231
218 233
218 234
218 235
218 236
218 237
218 238
218 239
218 240
218 241
218 242
218 244
218 245
218 246
218 247
218 248
218 249
219 220
219 221
219 222
219 223
219 224
219 225
219 226
219 227
219 228
219 230
219 231
219 232
219 233
219 234
219 236
219 237
219 238
219 239
219 240
219 241
219 242
219 243
219 244
219 245
219 246
219 247
219 248
219 249
220 221
220 222
220 223
220 224
220 226
220 228
220 229
220 231
220 232
220 233
220 234
220 235
220 236
220 237
220 238
220 239
220 240
220 241
220 242
220 243
220 244
220 245
220 246
220 247
220 249
221 224
221 225
221 226
221 227
221 228
221 229
221 230
221 231
221 232
221 233
221 234
221 235
221 236
221 237
221 238
221 239
221 241
221 242
221 245
221 246
221 247
221 249
222 223
222 224
222 225
222 226
222 227
222 229
222 230
222 231
222 232
222 234
222 235
222 236
222 237
222 238
222 239
222 240
222 241
222 242
222 243
222 244
222 245
222 246
222 247
222 248
223 224
223 225
223 226
223 227
223 228
223 231
223 232
223 233
223 237
223 239
223 240
223 242
223 243
223 244
223 246
223 249
224 225
224 226
224 227
224 229
224 230
224 231
224 232
224 233
224 234
224 235
224 237
224 238
224 239
224 240
224 241
224 242
224 243
224 245
224 246
224 247
224 248
224 249
225 226
225 227
225 228
225 229
225 230
225 231
225 232
225 234
225 235
225 236
225 238
225 239
225 240
225 241
225 242
225 244
225 246
225 247
225 248
225 249
226 228
226 229
226 230
226 231
226 232
226 233
226 234
226 235
226 236
226 237
226 238
226 239
226 240
226 241
226 242
226 243
226 246
226 247
226 248
226 249
227 228
227 229
227 231
227 232
227 233
227 234
227 235
227 236
227 237
227 238
227 239
227 240
227 243
227 244
227 245
227 246
227 247
227 249
228 229
228 230
228 232
228 233
228 234
228 235
228 237
228 238
228 239
228 240
228 241
228 242
228 243
228 244
228 245
228 247
228 248
228 249
229 231
229 232
229 234
229 235
229 236
229 237
229 238
229 239
229 240
229 241
229 242
229 244
229 245
229 247
229 248
230 231
230 232
230 233
230 234
230 235
230 236
230 239
230 240
230 241
230 242
230 243
230 244
230 245
230 246
230 247
230 249
231 232
231 233
231 234
231 235
231 236
231 237
231 238
231 239
231 240
231 241
231 242
231 243
231 244
231 245
231 246
231 247
231 249
232 233
232 236
232 237
232 238
232 240
232 242
232 243
232 244
232 245
232 246
232 248
232 249
233 234
233 236
233 237
233 238
233 239
233 241
233 242
233 243
233 244
233 246
233 247
233 248
233 249
234 236
234 237
234 238
234 239
234 240
234 241
234 242
234 243
234 244
234 245
234 246
234 247
234 248
234 249
235 236
235 237
235 238
235 239
235 240
235 241
235 243
235 245
235 246
235 247
235 248
235 249
236 239
236 240
236 241
236 242
236 244
236 246
236 249
237 238
237 239
237 240
237 242
237 243
237 244
237 245
237 246
238 239
238 241
238 242
238 243
238 244
238 245
238 246
238 248
239 240
239 241
239 242
239 243
239 244
239 246
239 247
239 248
239 249
240 241
240 242
240 243
240 244
240 245
240 246
240 248
241 242
241 243
241 244
241 245
241 246
241 247
241 249
242 243
242 244
242 246
242 247
242 248
243 245
243 246
243 248
243 249
244 245
244 247
244 249
245 246
245 247
245 249
246 247
246 248
246 249
247 248
247 249
248 249
