0 2
0 3
0 4
0 5
0 7
0 8
0 9
0 10
0 11
0 12
0 13
0 14
0 15
0 16
0 17
0 19
0 22
0 24
0 25
0 26
0 27
0 28
0 29
0 30
0 31
0 32
0 33
0 34
0 35
0 36
0 37
0 38
0 39
0 40
0 41
0 43
0 44
0 45
0 47
0 48
0 59
0 64
0 69
0 79
0 80
0 85
0 88
0 92
0 93
0 129
0 135
0 140
0 141
0 143
0 149
0 106
0 107
0 118
0 119
0 120
0 150
0 151
0 154
0 156
0 162
0 167
0 181
0 191
0 193
0 195
0 217
0 219
0 226
0 243
0 246
1 2
1 3
1 4
1 5
1 6
1 7
1 8
1 9
1 12
1 13
1 14
1 16
1 17
1 18
1 19
1 20
1 21
1 22
1 23
1 24
1 25
1 26
1 27
1 28
1 29
1 30
1 31
1 32
1 33
1 34
1 35
1 36
1 39
1 40
1 41
1 42
1 43
1 44
1 45
1 46
1 47
1 48
1 49
1 60
1 72
1 74
1 75
1 76
1 86
1 87
1 96
1 97
1 129
1 132
1 146
1 102
1 109
1 110
1 119
1 125
1 127
1 150
1 154
1 155
1 164
1 166
1 167
1 170
1 179
1 191
1 196
1 209
1 221
1 224
1 233
2 3
2 4
2 5
2 6
2 8
2 10
2 11
2 12
2 13
2 14
2 15
2 16
2 17
2 18
2 19
2 20
2 21
2 22
2 23
2 24
2 25
2 27
2 28
2 29
2 31
2 34
2 35
2 36
2 37
2 38
2 39
2 40
2 41
2 42
2 43
2 44
2 45
2 46
2 47
2 48
2 49
2 62
2 67
2 69
2 71
2 72
2 74
2 78
2 82
2 87
2 96
2 97
2 134
2 139
2 141
2 144
2 146
2 149
2 101
2 114
2 115
2 117
2 118
2 120
2 151
2 156
2 176
2 177
2 185
2 194
2 196
2 198
2 199
2 206
2 207
2 212
2 221
2 222
2 227
2 229
2 245
3 4
3 5
3 6
3 7
3 8
3 9
3 10
3 11
3 12
3 14
3 15
3 18
3 19
3 20
3 21
3 22
3 23
3 24
3 25
3 26
3 27
3 29
3 30
3 31
3 32
3 33
3 34
3 35
3 36
3 37
3 40
3 41
3 42
3 43
3 44
3 45
3 46
3 47
3 48
3 50
3 51
3 56
3 61
3 66
3 69
3 71
3 76
3 80
3 83
3 96
3 97
3 99
3 129
3 132
3 134
3 138
3 139
3 147
3 104
3 105
3 109
3 112
3 114
3 122
3 124
3 125
3 126
3 151
3 152
3 158
3 164
3 167
3 171
3 175
3 177
3 179
3 180
3 185
3 186
3 191
3 192
3 203
3 204
3 208
3 213
3 214
3 224
3 231
3 232
3 240
3 241
3 242
3 244
3 249
4 5
4 7
4 8
4 9
4 10
4 11
4 12
4 13
4 15
4 17
4 18
4 19
4 21
4 22
4 23
4 25
4 26
4 27
4 28
4 29
4 30
4 32
4 33
4 34
4 36
4 37
4 38
4 39
4 40
4 41
4 42
4 43
4 45
4 46
4 47
4 49
4 51
4 53
4 61
4 67
4 73
4 78
4 80
4 87
4 94
4 130
4 132
4 137
4 139
4 144
4 105
4 108
4 112
4 117
4 119
4 120
4 122
4 127
4 154
4 158
4 163
4 164
4 168
4 176
4 183
4 199
4 204
4 206
4 214
4 217
4 222
4 223
4 248
4 249
5 6
5 8
5 10
5 11
5 12
5 14
5 15
5 16
5 17
5 18
5 19
5 20
5 21
5 22
5 23
5 24
5 25
5 26
5 27
5 28
5 29
5 30
5 33
5 34
5 35
5 36
5 37
5 38
5 39
5 41
5 42
5 43
5 45
5 48
5 49
5 53
5 54
5 59
5 61
5 73
5 89
5 92
5 128
5 146
5 148
5 149
5 104
5 106
5 108
5 119
5 120
5 124
5 152
5 154
5 163
5 181
5 186
5 187
5 188
5 191
5 197
5 202
5 204
5 207
5 210
5 215
5 216
5 217
5 226
5 227
5 229
5 235
5 238
5 239
5 241
5 243
5 244
6 7
6 8
6 9
6 10
6 11
6 13
6 14
6 15
6 16
6 18
6 19
6 20
6 23
6 25
6 26
6 28
6 29
6 30
6 32
6 33
6 34
6 35
6 37
6 38
6 39
6 40
6 41
6 42
6 43
6 44
6 45
6 47
6 48
6 49
6 51
6 53
6 54
6 56
6 57
6 71
6 74
6 77
6 82
6 86
6 89
6 90
6 135
6 138
6 142
6 146
6 149
6 117
6 119
6 122
6 123
6 124
6 161
6 163
6 169
6 171
6 175
6 180
6 186
6 189
6 192
6 194
6 197
6 216
6 219
6 227
6 231
6 235
6 236
6 242
6 244
6 245
7 8
7 12
7 14
7 15
7 17
7 18
7 19
7 20
7 21
7 23
7 25
7 26
7 27
7 29
7 30
7 31
7 32
7 33
7 34
7 35
7 37
7 38
7 39
7 40
7 42
7 43
7 44
7 45
7 46
7 48
7 51
7 58
7 61
7 66
7 71
7 72
7 73
7 78
7 83
7 86
7 94
7 128
7 136
7 149
7 110
7 111
7 115
7 123
7 152
7 155
7 157
7 163
7 173
7 176
7 177
7 182
7 183
7 191
7 197
7 199
7 204
7 211
7 213
7 218
7 219
7 220
7 223
7 225
7 230
7 233
7 234
7 235
7 237
7 241
7 248
8 9
8 10
8 11
8 12
8 13
8 14
8 15
8 16
8 17
8 19
8 20
8 22
8 23
8 24
8 25
8 27
8 30
8 31
8 33
8 34
8 35
8 36
8 37
8 38
8 39
8 40
8 41
8 44
8 45
8 46
8 47
8 48
8 49
8 55
8 61
8 66
8 71
8 79
8 83
8 91
8 93
8 95
8 98
8 133
8 134
8 102
8 107
8 108
8 111
8 121
8 122
8 127
8 163
8 164
8 172
8 177
8 178
8 181
8 183
8 184
8 190
8 192
8 194
8 195
8 203
8 211
8 212
8 217
8 218
8 221
8 228
8 229
8 231
8 233
8 238
8 240
8 242
9 10
9 12
9 13
9 14
9 15
9 16
9 17
9 18
9 19
9 20
9 21
9 22
9 23
9 24
9 25
9 26
9 27
9 28
9 29
9 30
9 31
9 32
9 33
9 36
9 38
9 39
9 42
9 43
9 44
9 45
9 47
9 48
9 54
9 55
9 63
9 66
9 78
9 85
9 89
9 91
9 92
9 98
9 128
9 137
9 139
9 141
9 143
9 149
9 101
9 102
9 107
9 120
9 124
9 126
9 152
9 157
9 167
9 180
9 184
9 190
9 191
9 194
9 200
9 204
9 206
9 213
9 219
9 228
9 229
9 230
9 241
9 243
9 246
9 247
9 248
10 11
10 12
10 13
10 14
10 15
10 16
10 17
10 18
10 19
10 20
10 21
10 22
10 23
10 24
10 25
10 26
10 27
10 28
10 29
10 30
10 31
10 32
10 33
10 34
10 35
10 37
10 38
10 39
10 40
10 42
10 43
10 44
10 45
10 46
10 47
10 48
10 49
10 54
10 58
10 62
10 65
10 67
10 70
10 71
10 76
10 79
10 99
10 129
10 131
10 136
10 139
10 140
10 148
10 104
10 112
10 116
10 123
10 126
10 152
10 157
10 159
10 160
10 163
10 170
10 171
10 181
10 192
10 193
10 197
10 198
10 204
10 208
10 210
10 211
10 212
10 213
10 214
10 216
10 217
10 220
10 222
10 233
10 236
10 240
10 245
10 247
11 12
11 13
11 14
11 15
11 16
11 17
11 19
11 20
11 22
11 24
11 25
11 26
11 27
11 28
11 29
11 30
11 31
11 32
11 33
11 34
11 35
11 36
11 37
11 39
11 40
11 41
11 43
11 44
11 45
11 46
11 47
11 49
11 54
11 71
11 79
11 80
11 85
11 86
11 87
11 95
11 138
11 144
11 147
11 101
11 109
11 110
11 120
11 123
11 165
11 167
11 172
11 173
11 177
11 179
11 195
11 202
11 203
11 207
11 210
11 213
11 227
11 232
11 235
11 238
11 244
11 247
12 13
12 14
12 15
12 16
12 17
12 18
12 19
12 20
12 21
12 22
12 23
12 24
12 25
12 26
12 27
12 28
12 29
12 30
12 31
12 33
12 34
12 35
12 36
12 37
12 38
12 39
12 40
12 41
12 43
12 44
12 45
12 46
12 48
12 49
12 51
12 54
12 55
12 56
12 57
12 58
12 62
12 66
12 71
12 73
12 75
12 76
12 77
12 87
12 93
12 97
12 98
12 141
12 142
12 102
12 111
12 115
12 119
12 127
12 158
12 164
12 169
12 170
12 177
12 178
12 188
12 192
12 193
12 195
12 213
12 214
12 215
12 216
12 217
12 219
12 220
12 221
12 225
12 230
12 235
12 238
12 245
12 249
13 14
13 15
13 16
13 17
13 19
13 20
13 21
13 23
13 25
13 26
13 27
13 29
13 30
13 31
13 32
13 34
13 35
13 36
13 37
13 38
13 39
13 40
13 41
13 42
13 43
13 44
13 45
13 46
13 47
13 48
13 49
13 51
13 57
13 61
13 72
13 80
13 94
13 135
13 148
13 103
13 106
13 107
13 108
13 110
13 111
13 112
13 114
13 119
13 154
13 158
13 163
13 164
13 165
13 173
13 176
13 179
13 188
13 192
13 194
13 215
13 217
13 224
13 228
13 231
13 232
13 239
13 243
13 247
13 248
14 15
14 16
14 17
14 19
14 20
14 21
14 22
14 23
14 24
14 25
14 29
14 30
14 32
14 33
14 34
14 35
14 37
14 38
14 40
14 42
14 43
14 46
14 47
14 48
14 49
14 51
14 52
14 57
14 59
14 81
14 82
14 90
14 93
14 94
14 95
14 96
14 98
14 129
14 131
14 132
14 140
14 144
14 145
14 146
14 105
14 112
14 119
14 126
14 127
14 155
14 157
14 169
14 171
14 173
14 183
14 184
14 188
14 194
14 195
14 208
14 216
14 232
14 245
14 246
15 16
15 17
15 18
15 19
15 20
15 21
15 23
15 24
15 25
15 27
15 28
15 29
15 31
15 32
15 33
15 34
15 35
15 36
15 37
15 38
15 39
15 40
15 41
15 43
15 44
15 45
15 46
15 48
15 49
15 54
15 58
15 65
15 80
15 88
15 90
15 94
15 96
15 130
15 135
15 146
15 108
15 110
15 111
15 121
15 122
15 123
15 124
15 125
15 127
15 165
15 168
15 171
15 174
15 176
15 186
15 192
15 193
15 194
15 203
15 212
15 219
15 221
15 222
15 227
15 234
15 239
15 247
16 17
16 18
16 20
16 21
16 22
16 23
16 25
16 26
16 27
16 28
16 31
16 35
16 36
16 37
16 38
16 40
16 41
16 42
16 43
16 44
16 45
16 46
16 47
16 48
16 49
16 50
16 56
16 58
16 60
16 67
16 74
16 81
16 85
16 92
16 128
16 130
16 131
16 133
16 100
16 101
16 111
16 114
16 123
16 127
16 151
16 152
16 155
16 156
16 157
16 158
16 159
16 165
16 171
16 175
16 182
16 185
16 187
16 192
16 193
16 199
16 200
16 211
16 214
16 215
16 218
16 221
16 224
16 226
16 228
16 237
16 238
16 239
16 243
16 245
16 248
17 18
17 19
17 20
17 21
17 22
17 24
17 25
17 28
17 30
17 31
17 32
17 33
17 34
17 35
17 36
17 37
17 39
17 41
17 42
17 44
17 46
17 47
17 48
17 58
17 62
17 64
17 76
17 82
17 86
17 98
17 130
17 131
17 132
17 141
17 112
17 115
17 117
17 125
17 126
17 127
17 151
17 155
17 157
17 158
17 161
17 162
17 174
17 185
17 204
17 206
17 216
17 217
17 221
17 230
17 231
17 234
17 237
17 240
17 246
18 19
18 20
18 22
18 23
18 24
18 25
18 26
18 28
18 29
18 30
18 31
18 33
18 34
18 36
18 38
18 39
18 41
18 44
18 45
18 46
18 47
18 48
18 49
18 56
18 58
18 63
18 70
18 73
18 79
18 82
18 85
18 89
18 129
18 130
18 132
18 133
18 135
18 136
18 139
18 146
18 105
18 106
18 118
18 124
18 126
18 154
18 158
18 162
18 163
18 165
18 166
18 168
18 172
18 181
18 183
18 186
18 187
18 190
18 197
18 198
18 202
18 218
18 229
18 234
18 240
18 241
18 243
18 249
19 20
19 22
19 23
19 24
19 25
19 26
19 28
19 29
19 30
19 31
19 32
19 33
19 34
19 35
19 36
19 37
19 39
19 40
19 41
19 43
19 44
19 45
19 46
19 47
19 48
19 49
19 59
19 61
19 66
19 70
19 75
19 79
19 83
19 89
19 90
19 92
19 94
19 99
19 128
19 131
19 136
19 141
19 148
19 100
19 118
19 120
19 151
19 155
19 159
19 172
19 174
19 189
19 191
19 194
19 202
19 203
19 206
19 207
19 208
19 209
19 214
19 223
19 230
19 234
19 238
19 242
19 244
19 245
19 249
20 21
20 22
20 24
20 27
20 28
20 29
20 30
20 31
20 33
20 34
20 35
20 36
20 37
20 40
20 42
20 44
20 45
20 46
20 47
20 48
20 52
20 53
20 56
20 57
20 59
20 62
20 68
20 72
20 81
20 83
20 90
20 98
20 128
20 130
20 100
20 106
20 111
20 115
20 121
20 124
20 156
20 157
20 158
20 170
20 183
20 188
20 190
20 198
20 203
20 209
20 229
20 231
20 232
20 235
20 246
20 248
21 23
21 24
21 25
21 26
21 27
21 29
21 30
21 31
21 32
21 33
21 34
21 35
21 37
21 38
21 40
21 41
21 42
21 43
21 44
21 45
21 46
21 49
21 53
21 62
21 63
21 65
21 66
21 71
21 76
21 83
21 99
21 129
21 132
21 137
21 139
21 146
21 100
21 110
21 116
21 123
21 125
21 126
21 152
21 154
21 155
21 157
21 162
21 168
21 171
21 179
21 183
21 184
21 190
21 202
21 205
21 212
21 219
21 226
21 247
21 248
21 249
22 23
22 24
22 25
22 27
22 28
22 29
22 30
22 31
22 32
22 33
22 36
22 37
22 38
22 39
22 40
22 41
22 42
22 43
22 44
22 45
22 48
22 50
22 56
22 63
22 64
22 70
22 79
22 89
22 98
22 131
22 132
22 139
22 140
22 145
22 147
22 106
22 108
22 109
22 118
22 121
22 125
22 156
22 158
22 168
22 172
22 176
22 189
22 195
22 201
22 217
22 226
22 227
22 229
22 232
22 239
22 241
22 249
23 24
23 25
23 26
23 27
23 28
23 30
23 31
23 32
23 34
23 35
23 36
23 37
23 38
23 39
23 40
23 42
23 45
23 47
23 48
23 50
23 59
23 68
23 69
23 90
23 93
23 94
23 133
23 106
23 109
23 118
23 121
23 125
23 126
23 161
23 167
23 169
23 171
23 183
23 184
23 188
23 196
23 202
23 203
23 207
23 211
23 232
23 240
23 241
23 247
24 25
24 26
24 27
24 28
24 29
24 30
24 31
24 32
24 33
24 34
24 36
24 37
24 38
24 39
24 40
24 42
24 43
24 44
24 46
24 47
24 48
24 49
24 52
24 64
24 65
24 70
24 72
24 82
24 86
24 91
24 130
24 139
24 145
24 149
24 103
24 108
24 110
24 111
24 115
24 120
24 121
24 124
24 157
24 162
24 167
24 175
24 178
24 179
24 188
24 194
24 197
24 202
24 232
24 234
24 238
24 239
24 240
24 242
24 246
25 27
25 28
25 29
25 30
25 31
25 32
25 33
25 34
25 35
25 36
25 38
25 40
25 42
25 44
25 45
25 46
25 47
25 48
25 49
25 54
25 61
25 65
25 66
25 73
25 78
25 87
25 95
25 131
25 137
25 138
25 142
25 144
25 145
25 149
25 101
25 104
25 107
25 110
25 112
25 113
25 116
25 118
25 124
25 126
25 163
25 167
25 182
25 184
25 195
25 197
25 199
25 213
25 216
25 218
25 222
25 228
25 229
25 235
25 236
25 237
25 238
25 244
25 248
26 27
26 28
26 29
26 30
26 31
26 34
26 35
26 37
26 38
26 40
26 41
26 42
26 43
26 45
26 46
26 47
26 48
26 49
26 50
26 54
26 55
26 61
26 65
26 68
26 70
26 77
26 79
26 81
26 89
26 94
26 129
26 130
26 131
26 137
26 139
26 142
26 144
26 146
26 147
26 101
26 102
26 103
26 112
26 114
26 119
26 121
26 122
26 123
26 151
26 153
26 156
26 162
26 167
26 168
26 173
26 174
26 175
26 178
26 187
26 190
26 193
26 194
26 198
26 200
26 208
26 210
26 215
26 217
26 219
26 220
26 234
27 28
27 29
27 30
27 31
27 32
27 33
27 34
27 35
27 36
27 37
27 39
27 40
27 41
27 42
27 43
27 44
27 45
27 46
27 47
27 48
27 49
27 56
27 69
27 72
27 76
27 85
27 86
27 90
27 94
27 98
27 134
27 138
27 140
27 142
27 144
27 148
27 114
27 116
27 150
27 153
27 159
27 163
27 165
27 169
27 175
27 187
27 195
27 201
27 218
27 221
27 222
27 224
27 230
27 244
27 249
28 30
28 31
28 33
28 34
28 35
28 36
28 37
28 38
28 39
28 40
28 42
28 43
28 44
28 45
28 46
28 47
28 48
28 49
28 51
28 52
28 56
28 57
28 58
28 63
28 64
28 74
28 82
28 92
28 96
28 98
28 99
28 133
28 141
28 102
28 105
28 109
28 114
28 117
28 118
28 127
28 155
28 157
28 165
28 171
28 179
28 183
28 184
28 186
28 191
28 194
28 199
28 205
28 209
28 216
28 219
28 220
28 224
28 226
28 228
28 229
28 236
28 237
28 241
28 243
28 246
28 249
29 31
29 32
29 33
29 34
29 35
29 36
29 37
29 38
29 39
29 40
29 41
29 42
29 43
29 45
29 46
29 47
29 48
29 49
29 51
29 54
29 67
29 70
29 73
29 76
29 79
29 84
29 86
29 88
29 91
29 92
29 93
29 129
29 130
29 131
29 134
29 140
29 144
29 146
29 100
29 112
29 116
29 118
29 119
29 127
29 153
29 158
29 159
29 172
29 173
29 174
29 179
29 185
29 188
29 190
29 193
29 195
29 208
29 210
29 224
29 227
29 234
29 238
29 241
29 246
29 248
30 33
30 34
30 35
30 36
30 38
30 39
30 40
30 41
30 42
30 45
30 48
30 49
30 54
30 55
30 57
30 58
30 62
30 64
30 65
30 73
30 74
30 77
30 92
30 98
30 130
30 137
30 139
30 113
30 116
30 123
30 126
30 150
30 152
30 154
30 163
30 164
30 174
30 175
30 178
30 179
30 182
30 184
30 191
30 197
30 198
30 200
30 208
30 209
30 214
30 217
30 220
30 223
30 230
30 232
30 233
30 240
30 243
31 33
31 34
31 36
31 37
31 39
31 40
31 41
31 43
31 46
31 47
31 49
31 64
31 65
31 66
31 69
31 71
31 75
31 78
31 82
31 83
31 87
31 140
31 141
31 149
31 105
31 110
31 115
31 151
31 177
31 184
31 189
31 201
31 208
31 217
31 222
31 240
31 244
32 35
32 36
32 37
32 39
32 40
32 42
32 43
32 44
32 45
32 46
32 48
32 49
32 51
32 63
32 68
32 70
32 79
32 82
32 83
32 94
32 98
32 132
32 101
32 102
32 104
32 106
32 109
32 114
32 124
32 126
32 153
32 155
32 161
32 168
32 171
32 175
32 177
32 178
32 187
32 200
32 205
32 210
32 219
32 226
32 235
32 240
32 244
33 35
33 36
33 37
33 38
33 39
33 40
33 42
33 43
33 44
33 45
33 46
33 47
33 48
33 49
33 61
33 68
33 78
33 87
33 93
33 97
33 129
33 134
33 136
33 143
33 101
33 102
33 106
33 108
33 114
33 118
33 154
33 161
33 178
33 185
33 192
33 194
33 198
33 200
33 206
33 216
33 222
33 234
33 237
33 239
33 241
33 244
33 246
33 247
34 35
34 36
34 38
34 39
34 40
34 41
34 42
34 45
34 46
34 47
34 48
34 49
34 53
34 55
34 56
34 58
34 61
34 68
34 70
34 73
34 83
34 86
34 87
34 98
34 128
34 129
34 132
34 134
34 140
34 147
34 103
34 116
34 122
34 125
34 150
34 152
34 153
34 156
34 158
34 159
34 160
34 164
34 171
34 179
34 180
34 184
34 197
34 202
34 208
34 215
34 216
34 217
34 218
34 222
34 227
34 235
35 36
35 37
35 38
35 39
35 40
35 41
35 42
35 43
35 45
35 46
35 47
35 49
35 53
35 64
35 65
35 75
35 84
35 87
35 90
35 92
35 95
35 96
35 131
35 133
35 140
35 112
35 118
35 121
35 124
35 154
35 161
35 167
35 177
35 190
35 197
35 202
35 203
35 210
35 219
35 220
35 229
35 231
35 232
35 235
35 236
36 37
36 38
36 39
36 40
36 44
36 45
36 46
36 47
36 48
36 49
36 62
36 67
36 69
36 75
36 77
36 81
36 83
36 87
36 92
36 98
36 136
36 140
36 142
36 149
36 112
36 118
36 122
36 151
36 153
36 154
36 165
36 166
36 167
36 169
36 175
36 182
36 187
36 188
36 190
36 194
36 197
36 205
36 215
36 217
36 219
36 232
36 233
36 239
37 39
37 40
37 41
37 44
37 45
37 46
37 48
37 50
37 52
37 53
37 54
37 56
37 61
37 74
37 81
37 88
37 95
37 97
37 128
37 130
37 138
37 139
37 102
37 108
37 111
37 113
37 117
37 127
37 160
37 167
37 197
37 202
37 205
37 207
37 210
37 212
37 214
37 217
37 218
37 221
37 226
37 234
37 235
37 237
37 241
37 244
37 247
38 39
38 40
38 41
38 42
38 44
38 46
38 47
38 48
38 50
38 53
38 56
38 59
38 60
38 72
38 77
38 87
38 93
38 94
38 96
38 129
38 138
38 145
38 146
38 106
38 109
38 120
38 124
38 127
38 164
38 175
38 180
38 190
38 194
38 207
38 208
38 219
38 220
38 226
38 227
38 229
38 238
39 40
39 41
39 42
39 45
39 46
39 47
39 49
39 54
39 64
39 65
39 70
39 71
39 73
39 85
39 87
39 89
39 90
39 91
39 94
39 97
39 130
39 132
39 136
39 138
39 140
39 141
39 143
39 144
39 147
39 148
39 101
39 102
39 104
39 106
39 107
39 108
39 111
39 121
39 126
39 127
39 151
39 165
39 169
39 172
39 175
39 176
39 177
39 182
39 205
39 214
39 219
39 236
39 239
39 241
39 245
39 247
40 42
40 43
40 45
40 46
40 47
40 48
40 50
40 52
40 54
40 61
40 65
40 68
40 70
40 74
40 75
40 76
40 82
40 95
40 96
40 128
40 131
40 135
40 140
40 100
40 110
40 111
40 120
40 157
40 161
40 162
40 164
40 168
40 172
40 176
40 185
40 192
40 197
40 198
40 203
40 206
40 208
40 209
40 213
40 216
40 218
40 220
40 228
40 242
41 42
41 44
41 45
41 46
41 47
41 48
41 56
41 58
41 59
41 64
41 69
41 70
41 77
41 95
41 147
41 148
41 100
41 108
41 117
41 120
41 121
41 122
41 156
41 158
41 161
41 164
41 170
41 172
41 177
41 179
41 203
41 213
41 215
41 216
41 217
41 218
41 219
41 220
41 231
41 232
41 234
41 238
41 246
42 43
42 44
42 45
42 47
42 49
42 54
42 61
42 65
42 72
42 98
42 99
42 132
42 133
42 136
42 100
42 113
42 114
42 116
42 120
42 122
42 125
42 152
42 153
42 167
42 169
42 173
42 189
42 190
42 191
42 192
42 195
42 203
42 204
42 208
42 211
42 219
42 220
42 221
42 223
42 226
42 227
42 229
42 237
42 244
42 248
43 45
43 46
43 47
43 48
43 49
43 56
43 60
43 63
43 67
43 70
43 76
43 81
43 82
43 90
43 97
43 129
43 131
43 141
43 145
43 148
43 103
43 119
43 120
43 158
43 160
43 164
43 166
43 169
43 171
43 181
43 183
43 185
43 190
43 208
43 211
43 216
43 221
43 226
43 227
43 233
43 237
43 239
43 245
43 246
43 248
44 45
44 47
44 48
44 49
44 59
44 69
44 70
44 75
44 81
44 88
44 93
44 98
44 137
44 104
44 106
44 115
44 118
44 119
44 121
44 154
44 155
44 165
44 166
44 174
44 177
44 179
44 181
44 192
44 193
44 205
44 209
44 211
44 218
44 221
44 224
44 227
44 234
44 235
44 241
44 242
45 46
45 47
45 48
45 49
45 61
45 62
45 73
45 74
45 77
45 80
45 81
45 82
45 90
45 93
45 94
45 99
45 132
45 135
45 141
45 143
45 149
45 100
45 102
45 105
45 107
45 113
45 114
45 119
45 120
45 122
45 153
45 156
45 166
45 172
45 174
45 176
45 178
45 188
45 198
45 199
45 200
45 202
45 207
45 211
45 217
45 218
45 220
45 221
45 230
45 232
45 242
45 247
46 47
46 49
46 57
46 58
46 63
46 71
46 88
46 93
46 96
46 128
46 130
46 133
46 142
46 143
46 149
46 103
46 105
46 111
46 117
46 118
46 120
46 126
46 152
46 154
46 156
46 157
46 160
46 162
46 164
46 167
46 168
46 170
46 181
46 185
46 187
46 189
46 206
46 216
46 224
46 233
46 236
46 238
46 239
46 244
46 246
46 248
46 249
47 49
47 56
47 58
47 60
47 66
47 67
47 68
47 70
47 79
47 88
47 95
47 128
47 130
47 134
47 143
47 101
47 106
47 112
47 121
47 127
47 172
47 174
47 176
47 178
47 180
47 182
47 187
47 195
47 196
47 204
47 208
47 213
47 215
47 219
47 221
47 222
47 225
47 237
47 244
47 247
48 49
48 52
48 54
48 64
48 67
48 72
48 85
48 88
48 91
48 130
48 137
48 138
48 141
48 142
48 105
48 107
48 108
48 110
48 113
48 120
48 122
48 151
48 156
48 157
48 158
48 161
48 172
48 177
48 182
48 196
48 198
48 212
48 228
48 229
48 233
48 235
48 239
48 245
49 54
49 57
49 61
49 62
49 73
49 74
49 78
49 81
49 97
49 98
49 128
49 131
49 134
49 139
49 148
49 100
49 104
49 111
49 112
49 113
49 118
49 121
49 127
49 155
49 158
49 167
49 171
49 174
49 176
49 187
49 190
49 193
49 197
49 198
49 199
49 202
49 213
49 219
49 229
49 232
49 236
50 51
50 52
50 53
50 54
50 55
50 56
50 57
50 58
50 59
50 60
50 61
50 62
50 64
50 65
50 66
50 67
50 68
50 70
50 71
50 72
50 74
50 75
50 76
50 77
50 78
50 79
50 81
50 82
50 83
50 84
50 85
50 86
50 88
50 89
50 90
50 91
50 92
50 93
50 94
50 95
50 96
50 97
50 98
50 99
50 133
50 134
50 140
50 143
50 101
50 116
50 126
50 127
50 150
50 152
50 153
50 156
50 161
50 164
50 167
50 168
50 170
50 188
50 194
50 201
50 204
50 205
50 206
50 209
50 210
50 212
50 223
50 225
50 231
50 235
50 238
50 243
50 246
50 247
51 52
51 53
51 54
51 55
51 56
51 57
51 58
51 59
51 60
51 61
51 62
51 64
51 65
51 66
51 68
51 69
51 70
51 72
51 74
51 75
51 76
51 77
51 78
51 80
51 81
51 82
51 83
51 84
51 85
51 86
51 87
51 91
51 93
51 94
51 95
51 97
51 98
51 130
51 132
51 149
51 100
51 113
51 152
51 159
51 162
51 166
51 175
51 199
51 200
51 209
51 211
51 217
51 220
51 224
51 226
51 231
51 244
51 246
52 56
52 58
52 61
52 62
52 63
52 64
52 66
52 67
52 68
52 69
52 70
52 71
52 72
52 73
52 74
52 75
52 76
52 77
52 78
52 79
52 80
52 82
52 83
52 85
52 88
52 89
52 90
52 91
52 93
52 95
52 97
52 98
52 99
52 128
52 129
52 141
52 142
52 107
52 111
52 112
52 115
52 120
52 121
52 156
52 169
52 171
52 175
52 176
52 179
52 180
52 193
52 199
52 205
52 210
52 221
52 225
52 232
52 246
52 248
53 54
53 56
53 58
53 60
53 61
53 63
53 64
53 65
53 67
53 68
53 70
53 71
53 73
53 74
53 75
53 76
53 78
53 79
53 80
53 81
53 82
53 83
53 84
53 85
53 87
53 88
53 89
53 90
53 91
53 92
53 93
53 94
53 95
53 96
53 98
53 99
53 130
53 134
53 139
53 143
53 103
53 109
53 110
53 112
53 114
53 116
53 118
53 120
53 121
53 122
53 124
53 154
53 163
53 167
53 173
53 174
53 181
53 187
53 189
53 192
53 194
53 195
53 196
53 203
53 221
53 223
53 230
53 237
53 238
53 239
53 242
54 55
54 56
54 58
54 59
54 60
54 61
54 62
54 63
54 64
54 65
54 66
54 67
54 69
54 71
54 72
54 73
54 74
54 77
54 78
54 80
54 81
54 82
54 83
54 84
54 85
54 86
54 87
54 88
54 89
54 90
54 92
54 93
54 94
54 95
54 96
54 99
54 140
54 148
54 101
54 102
54 122
54 151
54 177
54 178
54 179
54 180
54 181
54 186
54 195
54 200
54 204
54 213
54 216
54 218
54 221
54 222
54 223
54 232
54 234
54 238
54 240
54 244
55 56
55 57
55 58
55 59
55 60
55 61
55 63
55 64
55 65
55 66
55 67
55 70
55 71
55 72
55 73
55 74
55 75
55 76
55 77
55 79
55 80
55 82
55 84
55 86
55 87
55 89
55 90
55 91
55 93
55 95
55 98
55 129
55 135
55 102
55 111
55 124
55 151
55 153
55 156
55 159
55 171
55 183
55 196
55 197
55 200
55 205
55 212
55 219
55 221
55 227
55 230
55 232
55 235
55 236
55 237
55 240
55 243
56 58
56 59
56 60
56 62
56 63
56 64
56 65
56 66
56 67
56 68
56 70
56 71
56 72
56 73
56 76
56 77
56 78
56 79
56 80
56 81
56 82
56 83
56 84
56 85
56 86
56 87
56 88
56 89
56 90
56 92
56 93
56 94
56 95
56 96
56 97
56 98
56 99
56 129
56 141
56 149
56 100
56 107
56 112
56 113
56 117
56 125
56 127
56 155
56 159
56 169
56 172
56 199
56 209
56 214
56 220
56 224
56 226
56 230
56 238
56 242
56 249
57 58
57 59
57 60
57 61
57 62
57 63
57 64
57 65
57 67
57 68
57 69
57 70
57 71
57 73
57 74
57 75
57 76
57 77
57 79
57 80
57 81
57 83
57 84
57 85
57 86
57 87
57 88
57 89
57 90
57 91
57 92
57 93
57 95
57 96
57 98
57 99
57 101
57 107
57 109
57 119
57 121
57 122
57 124
57 126
57 127
57 157
57 158
57 160
57 165
57 169
57 172
57 177
57 187
57 188
57 190
57 191
57 201
57 206
57 210
57 215
57 225
57 226
57 227
57 228
57 237
57 238
57 241
57 244
57 246
57 247
58 59
58 60
58 61
58 62
58 63
58 64
58 65
58 66
58 67
58 68
58 69
58 70
58 71
58 72
58 73
58 74
58 76
58 77
58 78
58 79
58 80
58 82
58 83
58 86
58 87
58 88
58 91
58 92
58 96
58 97
58 98
58 99
58 128
58 138
58 142
58 146
58 147
58 148
58 149
58 103
58 105
58 115
58 120
58 127
58 152
58 159
58 163
58 165
58 178
58 180
58 187
58 188
58 200
58 204
58 206
58 210
58 217
58 219
58 220
58 223
58 231
58 234
58 235
58 237
58 243
58 245
58 248
59 60
59 61
59 63
59 64
59 65
59 66
59 67
59 68
59 69
59 70
59 71
59 73
59 74
59 75
59 76
59 77
59 79
59 80
59 81
59 82
59 83
59 84
59 87
59 88
59 89
59 90
59 91
59 92
59 93
59 94
59 96
59 97
59 142
59 107
59 109
59 116
59 118
59 155
59 157
59 159
59 160
59 168
59 170
59 183
59 185
59 191
59 195
59 196
59 197
59 199
59 205
59 208
59 210
59 214
59 219
59 230
59 231
59 237
59 239
60 61
60 62
60 63
60 65
60 68
60 69
60 70
60 71
60 72
60 74
60 75
60 76
60 77
60 78
60 79
60 80
60 82
60 83
60 84
60 85
60 86
60 87
60 88
60 89
60 90
60 91
60 92
60 93
60 94
60 95
60 96
60 97
60 98
60 141
60 146
60 148
60 101
60 102
60 105
60 114
60 124
60 152
60 159
60 161
60 164
60 165
60 167
60 176
60 178
60 180
60 191
60 195
60 196
60 201
60 202
60 204
60 205
60 206
60 222
60 225
61 62
61 63
61 64
61 66
61 67
61 68
61 69
61 71
61 72
61 73
61 74
61 75
61 76
61 77
61 79
61 80
61 81
61 82
61 84
61 85
61 86
61 87
61 88
61 89
61 91
61 92
61 93
61 94
61 95
61 96
61 97
61 98
61 99
61 136
61 105
61 109
61 110
61 114
61 118
61 120
61 125
61 127
61 151
61 153
61 159
61 165
61 169
61 171
61 173
61 175
61 194
61 198
61 202
61 204
61 207
61 213
61 220
61 222
61 223
61 224
61 225
61 229
61 231
61 236
61 242
61 246
62 64
62 65
62 66
62 68
62 69
62 71
62 72
62 73
62 75
62 77
62 78
62 79
62 80
62 82
62 84
62 86
62 87
62 88
62 90
62 91
62 93
62 94
62 96
62 97
62 98
62 99
62 128
62 137
62 103
62 104
62 105
62 109
62 113
62 117
62 119
62 123
62 125
62 151
62 152
62 155
62 161
62 177
62 184
62 188
62 197
62 202
62 203
62 207
62 210
62 211
62 213
62 219
62 225
62 226
62 229
62 246
63 64
63 65
63 66
63 67
63 69
63 70
63 71
63 72
63 73
63 74
63 76
63 79
63 80
63 81
63 82
63 83
63 84
63 85
63 86
63 87
63 88
63 89
63 90
63 91
63 92
63 93
63 94
63 95
63 96
63 98
63 99
63 133
63 137
63 142
63 104
63 107
63 112
63 154
63 155
63 157
63 168
63 172
63 178
63 198
63 208
63 209
63 210
63 211
63 217
63 220
63 223
63 224
63 230
63 233
63 236
63 240
63 241
63 248
64 66
64 67
64 68
64 69
64 71
64 72
64 73
64 74
64 75
64 76
64 77
64 79
64 80
64 81
64 82
64 83
64 84
64 85
64 89
64 90
64 91
64 92
64 93
64 95
64 96
64 97
64 98
64 99
64 135
64 145
64 103
64 106
64 112
64 115
64 121
64 155
64 161
64 162
64 163
64 167
64 168
64 171
64 177
64 178
64 187
64 190
64 191
64 195
64 199
64 202
64 214
64 215
64 228
64 232
64 240
64 242
64 248
65 66
65 69
65 72
65 73
65 74
65 75
65 77
65 78
65 79
65 80
65 81
65 83
65 84
65 85
65 86
65 87
65 88
65 89
65 90
65 91
65 94
65 95
65 96
65 97
65 98
65 99
65 131
65 135
65 137
65 140
65 147
65 104
65 109
65 110
65 115
65 121
65 151
65 155
65 165
65 167
65 175
65 191
65 193
65 201
65 210
65 213
65 215
65 217
65 219
65 220
65 222
65 225
65 229
65 236
65 237
65 239
65 244
65 245
65 246
66 67
66 69
66 70
66 71
66 72
66 73
66 74
66 75
66 76
66 77
66 78
66 79
66 81
66 82
66 83
66 84
66 85
66 86
66 87
66 88
66 89
66 90
66 93
66 94
66 95
66 96
66 97
66 98
66 137
66 138
66 140
66 142
66 144
66 145
66 103
66 105
66 106
66 110
66 114
66 115
66 116
66 120
66 122
66 153
66 160
66 161
66 167
66 170
66 171
66 172
66 186
66 189
66 198
66 199
66 205
66 206
66 217
66 223
66 225
66 226
66 234
66 237
66 245
67 69
67 70
67 71
67 72
67 73
67 74
67 75
67 76
67 77
67 78
67 79
67 80
67 81
67 82
67 84
67 87
67 89
67 90
67 93
67 94
67 95
67 96
67 97
67 98
67 99
67 128
67 138
67 144
67 149
67 107
67 109
67 110
67 118
67 122
67 158
67 159
67 160
67 191
67 194
67 198
67 203
67 205
67 214
67 217
67 224
67 245
68 69
68 70
68 72
68 73
68 75
68 77
68 78
68 79
68 80
68 81
68 82
68 83
68 84
68 85
68 86
68 87
68 88
68 90
68 91
68 92
68 93
68 95
68 96
68 97
68 129
68 130
68 133
68 138
68 139
68 144
68 146
68 148
68 100
68 103
68 107
68 110
68 113
68 121
68 122
68 124
68 127
68 153
68 156
68 173
68 178
68 190
68 191
68 192
68 203
68 220
68 224
68 226
68 228
68 232
68 241
68 243
69 70
69 71
69 72
69 73
69 74
69 75
69 77
69 79
69 80
69 81
69 82
69 83
69 85
69 87
69 88
69 89
69 91
69 92
69 93
69 94
69 95
69 96
69 97
69 98
69 133
69 135
69 146
69 148
69 102
69 103
69 106
69 107
69 108
69 113
69 119
69 123
69 154
69 159
69 165
69 166
69 175
69 176
69 180
69 182
69 184
69 189
69 190
69 192
69 193
69 199
69 202
69 203
69 204
69 215
69 219
69 221
69 223
69 229
69 230
69 234
69 241
69 249
70 71
70 72
70 73
70 74
70 75
70 76
70 77
70 78
70 79
70 80
70 81
70 82
70 83
70 85
70 86
70 87
70 88
70 89
70 90
70 92
70 93
70 95
70 97
70 98
70 99
70 129
70 136
70 137
70 107
70 108
70 114
70 123
70 124
70 126
70 151
70 154
70 160
70 164
70 168
70 170
70 172
70 175
70 182
70 191
70 198
70 201
70 205
70 209
70 210
70 211
70 216
70 220
70 224
70 231
70 243
70 244
71 72
71 73
71 74
71 76
71 78
71 79
71 80
71 81
71 82
71 83
71 84
71 85
71 86
71 87
71 88
71 89
71 90
71 92
71 93
71 94
71 95
71 97
71 98
71 99
71 130
71 134
71 137
71 139
71 141
71 143
71 145
71 115
71 126
71 155
71 173
71 174
71 178
71 181
71 190
71 194
71 202
71 208
71 213
71 218
71 230
71 232
71 244
71 248
72 73
72 74
72 75
72 78
72 79
72 81
72 82
72 83
72 85
72 86
72 87
72 89
72 90
72 92
72 93
72 94
72 95
72 96
72 97
72 99
72 132
72 136
72 100
72 105
72 107
72 109
72 111
72 112
72 117
72 118
72 119
72 122
72 123
72 153
72 154
72 157
72 166
72 167
72 171
72 176
72 187
72 196
72 200
72 201
72 204
72 208
72 211
72 212
72 216
72 220
72 223
72 227
72 236
72 247
72 248
73 74
73 76
73 80
73 81
73 82
73 83
73 84
73 85
73 86
73 87
73 88
73 90
73 91
73 92
73 93
73 94
73 95
73 98
73 99
73 130
73 131
73 141
73 143
73 104
73 111
73 119
73 126
73 127
73 150
73 162
73 168
73 177
73 181
73 190
73 206
73 209
73 212
73 217
73 230
73 231
73 240
73 241
73 244
74 75
74 76
74 78
74 79
74 80
74 81
74 83
74 85
74 86
74 87
74 88
74 89
74 90
74 91
74 92
74 93
74 94
74 95
74 96
74 97
74 98
74 132
74 134
74 138
74 139
74 146
74 100
74 101
74 106
74 108
74 116
74 121
74 126
74 153
74 159
74 160
74 164
74 166
74 168
74 173
74 174
74 177
74 181
74 186
74 191
74 194
74 195
74 198
74 200
74 202
74 214
74 223
74 225
74 226
74 241
74 242
74 245
75 76
75 77
75 78
75 79
75 80
75 81
75 84
75 85
75 87
75 88
75 93
75 95
75 96
75 98
75 99
75 132
75 147
75 102
75 108
75 109
75 119
75 123
75 154
75 157
75 170
75 173
75 183
75 191
75 192
75 197
75 204
75 212
75 215
75 216
75 218
75 222
75 226
75 234
75 237
75 240
75 242
76 77
76 78
76 79
76 80
76 81
76 82
76 83
76 85
76 86
76 87
76 88
76 89
76 90
76 91
76 92
76 94
76 95
76 96
76 97
76 98
76 99
76 129
76 136
76 141
76 142
76 149
76 104
76 111
76 116
76 122
76 160
76 177
76 182
76 192
76 196
76 208
76 214
76 226
76 227
76 239
76 241
77 78
77 79
77 80
77 81
77 82
77 83
77 84
77 85
77 86
77 87
77 89
77 91
77 92
77 93
77 94
77 95
77 97
77 98
77 129
77 131
77 141
77 143
77 147
77 102
77 103
77 104
77 106
77 108
77 118
77 122
77 123
77 151
77 154
77 156
77 158
77 159
77 174
77 180
77 193
77 195
77 198
77 199
77 220
77 222
77 223
77 230
77 231
77 233
77 234
77 237
78 79
78 80
78 81
78 84
78 85
78 86
78 87
78 88
78 89
78 90
78 92
78 93
78 94
78 95
78 96
78 97
78 98
78 99
78 129
78 138
78 140
78 141
78 148
78 111
78 117
78 119
78 123
78 127
78 154
78 165
78 172
78 184
78 190
78 197
78 198
78 206
78 208
78 214
78 219
78 220
78 229
78 231
78 244
79 80
79 81
79 82
79 83
79 84
79 85
79 86
79 87
79 90
79 91
79 92
79 93
79 94
79 95
79 96
79 97
79 98
79 99
79 131
79 132
79 133
79 134
79 137
79 140
79 144
79 146
79 101
79 103
79 109
79 119
79 124
79 150
79 157
79 161
79 164
79 173
79 179
79 185
79 186
79 190
79 194
79 198
79 200
79 212
79 218
79 225
79 228
79 229
79 236
80 81
80 82
80 84
80 85
80 86
80 87
80 89
80 90
80 91
80 92
80 93
80 94
80 95
80 96
80 97
80 98
80 132
80 136
80 137
80 142
80 145
80 147
80 149
80 103
80 110
80 118
80 120
80 124
80 153
80 163
80 167
80 172
80 176
80 179
80 183
80 187
80 192
80 195
80 196
80 207
80 208
80 215
80 218
80 220
80 232
80 234
81 82
81 83
81 84
81 86
81 87
81 88
81 90
81 91
81 93
81 94
81 95
81 97
81 99
81 132
81 100
81 105
81 113
81 126
81 150
81 153
81 156
81 160
81 167
81 168
81 169
81 175
81 177
81 178
81 181
81 183
81 186
81 196
81 206
81 217
81 219
81 230
81 232
81 233
81 236
81 241
81 242
81 248
82 83
82 84
82 87
82 88
82 89
82 92
82 93
82 94
82 95
82 96
82 97
82 98
82 99
82 128
82 140
82 144
82 149
82 108
82 114
82 116
82 121
82 122
82 123
82 151
82 154
82 157
82 165
82 167
82 171
82 172
82 178
82 185
82 187
82 191
82 192
82 195
82 206
82 220
82 226
82 227
82 228
82 234
82 242
82 245
82 249
83 84
83 85
83 86
83 87
83 88
83 89
83 93
83 96
83 97
83 98
83 129
83 132
83 133
83 135
83 148
83 106
83 109
83 111
83 112
83 116
83 121
83 157
83 173
83 180
83 181
83 188
83 197
83 199
83 200
83 207
83 212
83 215
83 226
83 232
83 245
83 246
84 85
84 86
84 87
84 88
84 89
84 90
84 91
84 92
84 93
84 95
84 97
84 98
84 99
84 128
84 130
84 148
84 100
84 102
84 104
84 107
84 111
84 113
84 118
84 122
84 124
84 127
84 151
84 166
84 168
84 170
84 178
84 179
84 185
84 186
84 188
84 189
84 190
84 193
84 194
84 198
84 199
84 201
84 203
84 213
84 225
84 233
84 237
84 246
85 86
85 87
85 88
85 89
85 90
85 91
85 92
85 96
85 97
85 98
85 99
85 131
85 132
85 101
85 107
85 108
85 113
85 116
85 157
85 159
85 162
85 164
85 166
85 168
85 176
85 178
85 180
85 188
85 192
85 198
85 204
85 205
85 207
85 209
85 211
85 214
85 216
85 217
85 219
85 223
85 224
85 227
85 231
85 236
85 245
85 246
85 248
86 87
86 88
86 90
86 91
86 92
86 93
86 94
86 96
86 97
86 98
86 99
86 128
86 132
86 141
86 143
86 100
86 101
86 102
86 116
86 127
86 150
86 151
86 153
86 157
86 159
86 160
86 163
86 170
86 178
86 185
86 188
86 194
86 197
86 200
86 202
86 207
86 213
86 217
86 221
86 224
86 227
86 240
86 245
86 247
86 249
87 88
87 89
87 90
87 91
87 92
87 93
87 94
87 95
87 96
87 97
87 98
87 99
87 129
87 140
87 142
87 101
87 105
87 107
87 108
87 109
87 110
87 111
87 114
87 121
87 153
87 166
87 167
87 171
87 184
87 193
87 194
87 196
87 198
87 204
87 207
87 224
87 242
88 90
88 91
88 92
88 93
88 94
88 96
88 97
88 98
88 99
88 134
88 145
88 102
88 106
88 116
88 152
88 160
88 171
88 180
88 184
88 194
88 199
88 213
88 216
88 218
88 220
88 230
88 233
88 239
88 243
88 244
88 247
88 248
89 90
89 91
89 92
89 94
89 95
89 96
89 97
89 99
89 134
89 141
89 142
89 100
89 103
89 109
89 117
89 119
89 126
89 168
89 177
89 183
89 186
89 189
89 201
89 220
89 230
89 236
89 238
89 240
89 244
89 246
90 91
90 92
90 93
90 94
90 95
90 96
90 97
90 98
90 99
90 129
90 135
90 138
90 139
90 144
90 146
90 147
90 101
90 102
90 103
90 104
90 124
90 153
90 155
90 163
90 168
90 178
90 194
90 200
90 207
90 210
90 211
90 221
90 226
90 227
90 231
90 232
90 233
90 234
91 92
91 93
91 94
91 95
91 96
91 97
91 133
91 135
91 142
91 143
91 102
91 108
91 111
91 114
91 122
91 124
91 154
91 159
91 160
91 161
91 162
91 164
91 166
91 170
91 179
91 191
91 193
91 194
91 201
91 205
91 209
91 210
91 212
91 238
91 243
91 245
92 93
92 95
92 96
92 97
92 98
92 99
92 129
92 130
92 134
92 136
92 138
92 102
92 107
92 108
92 112
92 119
92 121
92 123
92 125
92 150
92 151
92 154
92 177
92 179
92 184
92 187
92 191
92 194
92 195
92 197
92 202
92 209
92 220
92 224
92 233
92 240
92 243
93 94
93 96
93 97
93 98
93 99
93 128
93 129
93 132
93 133
93 135
93 140
93 141
93 105
93 107
93 121
93 123
93 127
93 152
93 153
93 155
93 158
93 163
93 166
93 174
93 177
93 183
93 189
93 200
93 202
93 204
93 207
93 211
93 212
93 213
93 227
93 235
93 241
93 245
93 247
93 248
94 95
94 96
94 97
94 98
94 99
94 129
94 130
94 133
94 134
94 137
94 141
94 147
94 148
94 103
94 107
94 115
94 127
94 151
94 153
94 158
94 161
94 168
94 174
94 183
94 184
94 189
94 191
94 195
94 197
94 198
94 199
94 219
94 220
94 223
94 225
94 233
94 237
94 241
94 246
94 247
95 96
95 97
95 98
95 99
95 128
95 140
95 144
95 147
95 108
95 115
95 124
95 125
95 150
95 152
95 154
95 156
95 158
95 169
95 171
95 173
95 179
95 180
95 182
95 186
95 187
95 192
95 194
95 210
95 221
95 223
95 234
95 236
95 238
95 239
96 97
96 98
96 128
96 130
96 137
96 139
96 104
96 106
96 108
96 110
96 115
96 120
96 121
96 122
96 150
96 154
96 162
96 167
96 170
96 171
96 180
96 181
96 183
96 185
96 187
96 188
96 190
96 201
96 207
96 212
96 213
96 216
96 235
96 236
96 244
96 249
97 98
97 132
97 133
97 141
97 142
97 145
97 102
97 105
97 124
97 126
97 158
97 162
97 168
97 172
97 174
97 175
97 184
97 185
97 186
97 188
97 199
97 202
97 205
97 207
97 217
97 223
97 227
97 229
97 247
98 99
98 130
98 143
98 110
98 115
98 117
98 119
98 121
98 123
98 127
98 153
98 156
98 158
98 160
98 170
98 172
98 173
98 178
98 187
98 188
98 189
98 191
98 195
98 196
98 208
98 209
98 212
98 213
98 214
98 225
98 227
98 235
98 239
98 240
98 245
99 130
99 140
99 149
99 106
99 112
99 115
99 118
99 120
99 122
99 125
99 153
99 164
99 172
99 174
99 200
99 204
99 209
99 212
99 213
99 215
99 219
99 227
99 233
99 234
99 238
99 244
128 130
128 131
128 132
128 133
128 134
128 135
128 136
128 137
128 138
128 140
128 141
128 142
128 143
128 144
128 147
128 148
128 149
128 100
128 101
128 102
128 103
128 104
128 105
128 107
128 108
128 109
128 110
128 111
128 112
128 113
128 114
128 115
128 116
128 117
128 118
128 120
128 121
128 123
128 124
128 125
128 126
128 127
128 155
128 169
128 172
128 173
128 174
128 177
128 186
128 187
128 193
128 198
128 199
128 202
128 207
128 212
128 217
128 225
128 233
128 237
129 130
129 131
129 132
129 133
129 134
129 135
129 137
129 138
129 139
129 140
129 142
129 144
129 145
129 146
129 148
129 149
129 100
129 103
129 105
129 106
129 108
129 110
129 111
129 113
129 115
129 116
129 117
129 118
129 119
129 120
129 121
129 122
129 123
129 124
129 126
129 127
129 159
129 170
129 171
129 177
129 179
129 183
129 185
129 186
129 193
129 194
129 197
129 199
129 204
129 212
129 214
129 219
129 220
129 224
129 227
129 235
129 237
129 239
129 240
130 131
130 133
130 134
130 135
130 136
130 137
130 138
130 139
130 140
130 141
130 142
130 145
130 146
130 147
130 148
130 149
130 100
130 103
130 104
130 105
130 106
130 107
130 108
130 110
130 111
130 112
130 113
130 114
130 115
130 118
130 119
130 120
130 121
130 122
130 123
130 125
130 126
130 127
130 156
130 157
130 163
130 166
130 173
130 178
130 185
130 186
130 195
130 196
130 203
130 208
130 211
130 223
130 225
130 227
130 230
130 234
130 239
130 241
130 248
131 132
131 133
131 134
131 135
131 136
131 137
131 138
131 139
131 140
131 141
131 142
131 143
131 144
131 145
131 146
131 148
131 149
131 100
131 101
131 102
131 103
131 104
131 105
131 106
131 107
131 108
131 111
131 112
131 113
131 114
131 115
131 116
131 117
131 118
131 119
131 120
131 121
131 123
131 124
131 125
131 126
131 127
131 151
131 156
131 158
131 162
131 174
131 186
131 187
131 195
131 205
131 217
131 224
131 232
131 237
131 243
131 247
132 133
132 134
132 135
132 136
132 137
132 138
132 139
132 140
132 141
132 142
132 143
132 144
132 145
132 146
132 147
132 148
132 149
132 100
132 101
132 102
132 103
132 104
132 105
132 106
132 107
132 108
132 109
132 110
132 111
132 112
132 114
132 115
132 116
132 117
132 118
132 119
132 120
132 121
132 122
132 123
132 126
132 127
132 156
132 157
132 160
132 163
132 164
132 169
132 179
132 184
132 186
132 197
132 209
132 215
132 228
132 233
132 245
132 247
132 249
133 137
133 138
133 139
133 140
133 141
133 142
133 144
133 145
133 146
133 147
133 148
133 149
133 100
133 101
133 103
133 105
133 106
133 107
133 108
133 109
133 110
133 111
133 112
133 113
133 114
133 115
133 116
133 117
133 118
133 119
133 120
133 121
133 122
133 123
133 124
133 125
133 126
133 127
133 151
133 155
133 158
133 165
133 175
133 177
133 178
133 187
133 190
133 201
133 213
133 221
133 224
133 243
133 246
134 135
134 136
134 137
134 138
134 139
134 140
134 142
134 143
134 144
134 145
134 146
134 147
134 148
134 149
134 100
134 101
134 102
134 103
134 104
134 105
134 107
134 108
134 110
134 111
134 112
134 114
134 115
134 116
134 117
134 119
134 120
134 122
134 123
134 124
134 125
134 126
134 127
134 152
134 154
134 156
134 161
134 168
134 185
134 191
134 195
134 204
134 207
134 212
134 227
134 231
134 232
134 234
134 236
134 249
135 136
135 137
135 138
135 139
135 140
135 144
135 146
135 147
135 148
135 149
135 100
135 101
135 102
135 103
135 104
135 105
135 106
135 108
135 109
135 110
135 111
135 112
135 113
135 114
135 115
135 116
135 117
135 118
135 119
135 120
135 122
135 123
135 124
135 125
135 126
135 127
135 165
135 167
135 168
135 169
135 170
135 171
135 186
135 194
135 195
135 199
135 201
135 205
135 206
135 208
135 209
135 214
135 227
135 233
135 238
135 239
135 243
135 249
136 137
136 138
136 139
136 140
136 141
136 142
136 143
136 144
136 145
136 146
136 147
136 148
136 149
136 100
136 101
136 102
136 103
136 104
136 105
136 107
136 109
136 110
136 112
136 113
136 114
136 116
136 117
136 118
136 119
136 122
136 123
136 124
136 125
136 126
136 127
136 152
136 163
136 167
136 169
136 171
136 175
136 176
136 180
136 183
136 189
136 191
136 192
136 197
136 203
136 209
136 220
136 221
136 226
136 230
136 237
136 243
136 244
136 247
137 139
137 140
137 141
137 142
137 143
137 144
137 145
137 146
137 147
137 149
137 101
137 103
137 104
137 105
137 106
137 107
137 108
137 109
137 110
137 111
137 112
137 113
137 114
137 115
137 116
137 118
137 119
137 120
137 123
137 124
137 125
137 126
137 155
137 165
137 172
137 174
137 176
137 177
137 180
137 186
137 188
137 190
137 197
137 202
137 203
137 212
137 213
137 217
137 224
137 225
137 232
137 237
137 241
137 242
137 244
137 246
138 139
138 141
138 143
138 144
138 145
138 146
138 147
138 148
138 149
138 100
138 102
138 103
138 104
138 105
138 106
138 108
138 109
138 112
138 113
138 114
138 115
138 116
138 117
138 119
138 120
138 121
138 123
138 124
138 125
138 126
138 127
138 154
138 167
138 172
138 173
138 174
138 176
138 177
138 178
138 180
138 182
138 185
138 191
138 192
138 211
138 212
138 222
138 223
138 224
138 232
138 241
138 247
138 248
139 140
139 141
139 142
139 144
139 145
139 146
139 147
139 148
139 149
139 100
139 103
139 106
139 108
139 109
139 110
139 112
139 113
139 114
139 115
139 116
139 117
139 118
139 119
139 120
139 121
139 123
139 125
139 126
139 127
139 150
139 152
139 165
139 167
139 174
139 177
139 193
139 204
139 212
139 216
139 218
139 220
139 230
139 242
139 243
139 245
139 246
140 141
140 142
140 143
140 144
140 145
140 147
140 102
140 103
140 104
140 105
140 106
140 107
140 108
140 109
140 110
140 111
140 112
140 113
140 116
140 117
140 118
140 119
140 121
140 122
140 123
140 124
140 125
140 126
140 127
140 150
140 151
140 155
140 158
140 162
140 163
140 169
140 171
140 173
140 178
140 181
140 186
140 187
140 189
140 193
140 204
140 210
140 211
140 226
140 240
140 244
140 248
141 142
141 143
141 144
141 145
141 146
141 147
141 148
141 149
141 101
141 102
141 103
141 104
141 105
141 107
141 108
141 109
141 110
141 111
141 112
141 113
141 114
141 115
141 116
141 117
141 118
141 119
141 121
141 122
141 123
141 124
141 125
141 126
141 127
141 154
141 155
141 158
141 169
141 171
141 176
141 179
141 183
141 187
141 200
141 202
141 206
141 215
141 223
141 224
141 226
141 227
141 230
141 231
141 236
141 239
141 245
141 247
142 143
142 144
142 146
142 147
142 149
142 100
142 101
142 102
142 103
142 104
142 105
142 106
142 107
142 110
142 111
142 112
142 114
142 115
142 119
142 120
142 122
142 124
142 125
142 126
142 127
142 154
142 155
142 160
142 166
142 167
142 173
142 178
142 179
142 186
142 187
142 195
142 197
142 202
142 205
142 211
142 218
142 224
142 225
142 232
142 233
142 236
142 238
142 240
142 245
142 247
142 249
143 144
143 147
143 148
143 149
143 100
143 101
143 102
143 103
143 104
143 105
143 106
143 107
143 109
143 110
143 111
143 112
143 113
143 114
143 115
143 116
143 117
143 119
143 120
143 124
143 125
143 126
143 127
143 152
143 157
143 160
143 166
143 174
143 205
143 207
143 214
143 222
143 229
143 245
143 248
144 146
144 147
144 148
144 100
144 101
144 103
144 104
144 105
144 106
144 107
144 108
144 109
144 111
144 112
144 114
144 115
144 116
144 117
144 118
144 119
144 120
144 121
144 122
144 125
144 126
144 127
144 151
144 155
144 156
144 157
144 159
144 171
144 173
144 177
144 178
144 179
144 180
144 181
144 184
144 185
144 190
144 195
144 196
144 201
144 203
144 213
144 222
144 225
144 236
144 239
145 146
145 148
145 149
145 102
145 103
145 105
145 106
145 107
145 109
145 110
145 111
145 112
145 113
145 115
145 117
145 118
145 119
145 120
145 121
145 122
145 124
145 125
145 126
145 127
145 152
145 155
145 157
145 161
145 172
145 177
145 184
145 187
145 188
145 190
145 191
145 197
145 198
145 200
145 201
145 217
145 220
145 221
145 223
145 225
145 229
145 239
146 147
146 148
146 149
146 100
146 101
146 102
146 104
146 105
146 106
146 107
146 108
146 110
146 111
146 112
146 113
146 114
146 115
146 116
146 117
146 118
146 119
146 120
146 121
146 122
146 123
146 124
146 125
146 126
146 127
146 158
146 168
146 172
146 173
146 175
146 176
146 183
146 186
146 190
146 204
146 225
146 249
147 148
147 100
147 101
147 103
147 106
147 107
147 108
147 109
147 110
147 111
147 112
147 113
147 114
147 116
147 117
147 119
147 120
147 121
147 122
147 124
147 126
147 127
147 150
147 151
147 153
147 154
147 162
147 167
147 171
147 176
147 188
147 192
147 199
147 202
147 204
147 213
147 224
147 228
147 229
147 230
147 232
147 235
147 237
148 149
148 100
148 101
148 102
148 103
148 104
148 105
148 106
148 107
148 108
148 109
148 111
148 113
148 115
148 116
148 117
148 119
148 120
148 123
148 124
148 125
148 126
148 127
148 155
148 156
148 159
148 161
148 166
148 171
148 179
148 180
148 185
148 187
148 188
148 189
148 190
148 192
148 193
148 194
148 198
148 209
148 214
148 215
148 221
148 231
148 239
148 244
149 100
149 101
149 102
149 103
149 104
149 105
149 106
149 107
149 108
149 110
149 111
149 112
149 113
149 115
149 116
149 117
149 118
149 119
149 120
149 122
149 123
149 124
149 125
149 159
149 163
149 167
149 182
149 191
149 196
149 202
149 204
149 211
149 214
149 218
149 221
149 222
149 228
149 232
149 234
149 239
149 245
100 102
100 103
100 104
100 106
100 108
100 109
100 110
100 111
100 113
100 114
100 115
100 116
100 118
100 120
100 121
100 122
100 123
100 124
100 125
100 126
100 127
100 159
100 167
100 169
100 175
100 183
100 187
100 190
100 198
100 201
100 202
100 208
100 217
100 228
100 232
100 237
100 245
101 102
101 104
101 105
101 106
101 107
101 108
101 110
101 111
101 112
101 113
101 114
101 115
101 118
101 119
101 120
101 122
101 123
101 124
101 125
101 126
101 127
101 158
101 160
101 165
101 169
101 174
101 175
101 176
101 177
101 178
101 181
101 182
101 185
101 187
101 188
101 193
101 200
101 208
101 210
101 213
101 229
101 249
102 103
102 104
102 105
102 106
102 107
102 108
102 111
102 112
102 113
102 114
102 115
102 117
102 119
102 120
102 122
102 123
102 124
102 126
102 127
102 165
102 171
102 176
102 178
102 179
102 184
102 189
102 192
102 197
102 199
102 200
102 203
102 207
102 212
102 216
102 221
102 222
102 224
102 226
102 227
102 231
102 233
102 235
102 248
103 104
103 105
103 106
103 107
103 108
103 109
103 112
103 114
103 117
103 118
103 119
103 120
103 121
103 123
103 124
103 126
103 127
103 150
103 151
103 169
103 172
103 176
103 177
103 181
103 191
103 192
103 195
103 198
103 200
103 209
103 212
103 213
103 216
103 221
103 223
103 229
103 231
103 233
103 237
103 241
103 242
104 105
104 106
104 107
104 108
104 109
104 110
104 111
104 112
104 113
104 114
104 115
104 116
104 117
104 118
104 119
104 120
104 121
104 122
104 123
104 124
104 126
104 127
104 157
104 158
104 162
104 170
104 178
104 182
104 186
104 187
104 199
104 201
104 205
104 211
104 212
104 214
104 223
104 227
104 234
104 237
105 106
105 107
105 108
105 111
105 112
105 113
105 114
105 115
105 117
105 119
105 120
105 121
105 123
105 125
105 126
105 152
105 153
105 156
105 157
105 159
105 162
105 165
105 169
105 172
105 176
105 180
105 183
105 185
105 188
105 190
105 194
105 197
105 200
105 219
105 224
105 225
105 227
105 229
105 232
105 233
105 234
105 235
105 240
105 245
105 247
106 107
106 108
106 109
106 110
106 111
106 113
106 114
106 115
106 116
106 118
106 119
106 121
106 122
106 123
106 125
106 126
106 127
106 165
106 168
106 174
106 179
106 186
106 188
106 191
106 193
106 195
106 204
106 219
106 220
106 228
106 234
106 240
106 249
107 108
107 109
107 110
107 111
107 112
107 113
107 114
107 115
107 116
107 117
107 118
107 119
107 120
107 121
107 122
107 123
107 125
107 126
107 127
107 158
107 159
107 163
107 166
107 174
107 179
107 181
107 194
107 195
107 202
107 213
107 221
107 227
107 234
107 237
107 247
107 249
108 109
108 110
108 111
108 112
108 113
108 114
108 115
108 117
108 118
108 119
108 120
108 121
108 122
108 123
108 124
108 125
108 126
108 127
108 152
108 153
108 177
108 180
108 181
108 184
108 185
108 188
108 193
108 197
108 208
108 215
108 217
108 221
108 224
108 233
108 235
109 111
109 112
109 113
109 114
109 116
109 117
109 118
109 119
109 121
109 122
109 123
109 124
109 125
109 127
109 152
109 154
109 166
109 168
109 177
109 182
109 184
109 186
109 188
109 195
109 196
109 203
109 209
109 215
109 216
109 225
109 235
109 246
109 247
110 113
110 115
110 116
110 117
110 118
110 119
110 120
110 121
110 122
110 123
110 124
110 125
110 126
110 127
110 156
110 161
110 163
110 167
110 168
110 176
110 178
110 182
110 183
110 188
110 193
110 195
110 196
110 209
110 210
110 212
110 218
110 222
110 226
111 112
111 113
111 116
111 119
111 120
111 122
111 123
111 124
111 125
111 126
111 127
111 153
111 163
111 164
111 168
111 170
111 171
111 172
111 175
111 181
111 182
111 191
111 214
111 221
111 225
111 228
111 238
111 239
112 113
112 114
112 115
112 116
112 118
112 119
112 120
112 121
112 122
112 123
112 125
112 126
112 127
112 155
112 157
112 159
112 160
112 161
112 177
112 181
112 185
112 186
112 188
112 191
112 194
112 213
112 218
112 226
112 228
112 231
112 237
112 238
112 241
112 244
113 115
113 117
113 118
113 119
113 120
113 121
113 122
113 123
113 124
113 125
113 127
113 156
113 165
113 172
113 180
113 187
113 191
113 193
113 195
113 196
113 207
113 208
113 220
113 230
113 236
113 237
113 243
114 116
114 121
114 122
114 123
114 124
114 125
114 126
114 127
114 151
114 153
114 157
114 161
114 170
114 171
114 174
114 179
114 181
114 183
114 184
114 186
114 187
114 188
114 190
114 196
114 199
114 200
114 206
114 236
114 247
115 116
115 118
115 119
115 120
115 121
115 122
115 123
115 124
115 125
115 126
115 127
115 150
115 151
115 153
115 159
115 167
115 170
115 171
115 180
115 187
115 189
115 191
115 194
115 206
115 215
115 223
115 227
115 235
115 240
115 244
116 117
116 118
116 119
116 120
116 121
116 122
116 123
116 125
116 126
116 127
116 151
116 174
116 178
116 180
116 183
116 185
116 186
116 193
116 203
116 204
116 213
116 219
116 224
116 239
116 244
116 248
117 118
117 119
117 120
117 121
117 122
117 123
117 124
117 125
117 127
117 151
117 154
117 160
117 172
117 175
117 177
117 179
117 180
117 183
117 184
117 186
117 187
117 188
117 192
117 193
117 194
117 207
117 208
117 213
117 233
117 234
117 236
117 238
117 245
118 119
118 120
118 121
118 122
118 123
118 124
118 126
118 127
118 155
118 159
118 163
118 164
118 168
118 179
118 190
118 191
118 205
118 221
118 233
118 239
118 243
118 246
119 120
119 121
119 122
119 123
119 125
119 126
119 127
119 151
119 160
119 177
119 187
119 191
119 205
119 210
119 211
119 217
119 231
119 233
119 234
119 244
120 121
120 122
120 123
120 124
120 125
120 126
120 127
120 154
120 159
120 165
120 174
120 178
120 179
120 187
120 194
120 204
120 209
120 210
120 214
120 215
120 219
120 220
120 224
120 227
120 228
120 231
120 235
120 237
120 244
121 123
121 125
121 126
121 127
121 152
121 154
121 155
121 157
121 159
121 160
121 162
121 165
121 170
121 171
121 174
121 175
121 186
121 187
121 190
121 194
121 200
121 215
121 226
121 227
121 239
121 241
121 243
121 244
122 123
122 124
122 125
122 126
122 157
122 158
122 168
122 169
122 170
122 175
122 178
122 179
122 189
122 191
122 199
122 208
122 209
122 218
122 219
122 225
122 227
122 228
122 237
122 240
122 243
123 124
123 125
123 126
123 152
123 155
123 158
123 160
123 166
123 167
123 174
123 175
123 177
123 178
123 183
123 192
123 196
123 203
123 215
123 218
123 219
123 222
123 230
123 245
124 125
124 126
124 127
124 157
124 161
124 164
124 181
124 184
124 189
124 205
124 207
124 211
124 214
124 215
124 221
124 224
124 226
124 230
124 232
124 233
124 236
124 245
124 247
124 249
125 126
125 127
125 159
125 164
125 167
125 178
125 182
125 183
125 196
125 202
125 206
125 214
125 215
125 216
125 225
125 226
125 235
125 239
125 240
125 246
125 249
126 127
126 151
126 156
126 167
126 170
126 176
126 184
126 186
126 193
126 194
126 195
126 201
126 202
126 227
126 232
126 233
126 242
126 245
126 247
126 249
127 152
127 153
127 158
127 160
127 162
127 168
127 179
127 183
127 188
127 191
127 194
127 198
127 211
127 231
127 232
127 233
150 151
150 152
150 153
150 156
150 157
150 158
150 159
150 160
150 161
150 162
150 163
150 164
150 165
150 166
150 169
150 173
150 174
150 175
150 176
150 177
150 178
150 179
150 180
150 182
150 183
150 184
150 185
150 186
150 187
150 189
150 190
150 191
150 194
150 195
150 196
150 197
150 198
150 201
150 202
150 205
150 212
150 219
150 221
150 228
150 235
150 240
150 241
150 248
151 152
151 153
151 154
151 155
151 157
151 158
151 159
151 161
151 162
151 163
151 165
151 166
151 167
151 171
151 172
151 173
151 174
151 175
151 176
151 177
151 178
151 179
151 180
151 184
151 185
151 186
151 187
151 190
151 191
151 192
151 194
151 195
151 196
151 197
151 198
151 199
151 205
151 212
151 216
151 218
151 219
151 221
151 224
151 227
151 230
151 243
151 244
151 245
152 153
152 154
152 155
152 156
152 157
152 160
152 161
152 162
152 163
152 164
152 167
152 168
152 171
152 173
152 174
152 175
152 176
152 177
152 178
152 179
152 180
152 182
152 185
152 186
152 187
152 188
152 189
152 191
152 192
152 193
152 194
152 195
152 198
152 208
152 219
152 227
152 229
152 231
152 232
152 236
152 249
153 154
153 155
153 156
153 158
153 159
153 160
153 162
153 163
153 164
153 166
153 167
153 168
153 169
153 170
153 173
153 174
153 176
153 177
153 179
153 180
153 181
153 182
153 184
153 185
153 187
153 188
153 189
153 190
153 191
153 192
153 193
153 194
153 195
153 196
153 197
153 198
153 199
153 200
153 201
153 203
153 208
153 209
153 214
153 221
153 222
153 223
153 227
153 231
154 157
154 159
154 160
154 161
154 162
154 163
154 164
154 167
154 168
154 169
154 170
154 172
154 173
154 174
154 175
154 176
154 177
154 178
154 179
154 180
154 181
154 182
154 183
154 184
154 185
154 187
154 189
154 192
154 194
154 195
154 196
154 197
154 198
154 199
154 204
154 208
154 210
154 212
154 214
154 220
154 228
154 229
154 236
154 237
154 238
154 240
154 249
155 156
155 158
155 159
155 160
155 161
155 162
155 163
155 165
155 166
155 169
155 170
155 171
155 172
155 173
155 175
155 176
155 177
155 178
155 179
155 181
155 182
155 183
155 184
155 186
155 188
155 189
155 190
155 191
155 192
155 195
155 196
155 197
155 198
155 199
155 203
155 204
155 207
155 212
155 214
155 226
155 228
155 230
155 240
155 243
155 244
156 157
156 158
156 159
156 160
156 161
156 162
156 163
156 164
156 165
156 166
156 167
156 168
156 170
156 171
156 172
156 176
156 177
156 179
156 180
156 181
156 182
156 183
156 186
156 187
156 188
156 192
156 193
156 194
156 195
156 197
156 199
156 201
156 202
156 209
156 211
156 215
156 221
156 222
156 227
156 231
156 232
156 236
156 238
156 245
156 249
157 158
157 161
157 162
157 163
157 164
157 165
157 166
157 167
157 169
157 170
157 171
157 172
157 173
157 174
157 175
157 176
157 177
157 178
157 179
157 180
157 181
157 182
157 183
157 184
157 185
157 186
157 187
157 189
157 190
157 191
157 192
157 193
157 194
157 195
157 196
157 197
157 198
157 199
157 201
157 204
157 208
157 212
157 222
157 224
157 232
157 234
157 239
157 244
157 246
158 159
158 160
158 161
158 162
158 164
158 165
158 166
158 167
158 168
158 169
158 170
158 172
158 173
158 174
158 175
158 177
158 178
158 179
158 181
158 182
158 183
158 184
158 185
158 186
158 188
158 189
158 190
158 191
158 194
158 195
158 196
158 198
158 199
158 201
158 204
158 205
158 211
158 213
158 223
158 226
158 230
158 231
158 233
158 238
158 240
158 241
159 160
159 161
159 163
159 164
159 165
159 167
159 168
159 170
159 171
159 172
159 173
159 175
159 176
159 177
159 179
159 180
159 181
159 182
159 183
159 184
159 185
159 186
159 188
159 189
159 190
159 192
159 193
159 194
159 195
159 196
159 197
159 198
159 199
159 242
159 247
160 161
160 162
160 163
160 164
160 165
160 166
160 167
160 168
160 169
160 170
160 171
160 172
160 173
160 174
160 175
160 176
160 177
160 178
160 179
160 180
160 181
160 182
160 183
160 184
160 185
160 186
160 187
160 188
160 189
160 190
160 191
160 192
160 193
160 195
160 199
160 210
160 223
160 224
160 229
160 238
160 242
160 248
161 162
161 163
161 164
161 165
161 166
161 167
161 168
161 169
161 170
161 171
161 172
161 174
161 175
161 176
161 177
161 178
161 179
161 180
161 181
161 182
161 185
161 188
161 189
161 190
161 191
161 192
161 193
161 194
161 195
161 196
161 197
161 198
161 199
161 203
161 204
161 212
161 214
161 223
161 234
161 236
161 239
161 243
161 244
162 164
162 165
162 166
162 167
162 169
162 170
162 171
162 172
162 173
162 174
162 175
162 176
162 178
162 179
162 180
162 182
162 183
162 184
162 186
162 187
162 188
162 189
162 191
162 192
162 193
162 194
162 195
162 196
162 198
162 199
162 214
162 219
162 230
162 231
162 248
163 164
163 165
163 167
163 168
163 169
163 172
163 173
163 174
163 175
163 178
163 179
163 180
163 181
163 182
163 183
163 184
163 185
163 186
163 188
163 189
163 190
163 192
163 193
163 194
163 195
163 196
163 197
163 199
163 201
163 206
163 209
163 210
163 212
163 218
163 235
163 240
163 242
164 165
164 167
164 168
164 171
164 172
164 173
164 174
164 175
164 176
164 177
164 178
164 179
164 180
164 181
164 182
164 183
164 184
164 185
164 186
164 188
164 189
164 190
164 191
164 192
164 193
164 194
164 197
164 198
164 199
164 206
164 219
164 221
164 224
164 230
164 237
164 238
165 166
165 167
165 169
165 170
165 171
165 172
165 173
165 174
165 175
165 176
165 177
165 178
165 179
165 180
165 181
165 182
165 183
165 184
165 185
165 186
165 187
165 188
165 189
165 190
165 191
165 192
165 193
165 198
165 199
165 202
165 204
165 210
165 212
165 214
165 223
165 224
165 235
165 238
165 248
166 167
166 168
166 169
166 170
166 171
166 172
166 174
166 178
166 179
166 180
166 181
166 182
166 183
166 184
166 185
166 186
166 187
166 189
166 190
166 191
166 192
166 193
166 194
166 196
166 199
166 202
166 203
166 209
166 214
166 216
166 218
166 220
166 228
166 232
166 238
166 240
166 243
166 249
167 168
167 169
167 172
167 173
167 174
167 176
167 177
167 178
167 179
167 180
167 181
167 182
167 183
167 184
167 185
167 188
167 189
167 190
167 191
167 192
167 193
167 194
167 195
167 196
167 197
167 199
167 205
167 214
167 215
167 218
167 225
167 227
167 234
167 236
167 248
168 169
168 170
168 171
168 173
168 174
168 176
168 177
168 178
168 179
168 180
168 181
168 182
168 183
168 184
168 185
168 186
168 187
168 188
168 190
168 191
168 194
168 195
168 197
168 198
168 199
168 205
168 213
168 214
168 215
168 228
168 229
168 231
168 232
168 235
168 239
168 241
168 247
169 170
169 171
169 172
169 173
169 174
169 176
169 178
169 179
169 180
169 181
169 182
169 184
169 185
169 186
169 187
169 188
169 189
169 190
169 191
169 193
169 194
169 195
169 196
169 197
169 198
169 208
169 209
169 210
169 211
169 213
169 222
169 224
169 226
169 232
169 236
169 239
169 241
169 242
169 247
170 172
170 173
170 176
170 177
170 178
170 179
170 180
170 181
170 182
170 183
170 184
170 185
170 187
170 188
170 190
170 191
170 192
170 193
170 196
170 197
170 198
170 199
170 200
170 207
170 211
170 214
170 219
170 220
170 224
170 226
170 229
170 230
170 233
170 237
170 238
170 241
170 242
170 247
171 172
171 173
171 174
171 176
171 177
171 180
171 181
171 182
171 183
171 184
171 185
171 186
171 187
171 189
171 190
171 191
171 192
171 193
171 194
171 195
171 196
171 197
171 198
171 212
171 214
171 219
171 223
171 224
171 226
171 227
171 228
171 236
171 238
171 249
172 173
172 174
172 175
172 176
172 177
172 178
172 179
172 180
172 181
172 185
172 186
172 187
172 188
172 189
172 190
172 191
172 192
172 194
172 195
172 197
172 199
172 200
172 216
172 217
172 220
172 225
172 226
172 227
172 237
172 243
173 175
173 176
173 177
173 178
173 179
173 181
173 182
173 183
173 185
173 186
173 187
173 189
173 190
173 191
173 192
173 193
173 196
173 197
173 199
173 200
173 201
173 225
173 230
173 231
173 237
173 238
173 240
174 175
174 176
174 177
174 179
174 180
174 181
174 182
174 184
174 185
174 186
174 188
174 189
174 190
174 191
174 192
174 193
174 194
174 195
174 196
174 197
174 198
174 199
174 203
174 206
174 210
174 212
174 223
174 226
174 235
174 238
174 245
175 176
175 177
175 178
175 179
175 180
175 181
175 183
175 184
175 185
175 186
175 187
175 188
175 189
175 190
175 192
175 193
175 194
175 196
175 197
175 198
175 199
175 200
175 201
175 204
175 216
175 223
175 228
175 234
175 247
176 177
176 178
176 179
176 180
176 181
176 182
176 184
176 185
176 186
176 187
176 189
176 190
176 191
176 193
176 194
176 196
176 198
176 199
176 207
176 210
176 211
176 214
176 223
176 228
176 230
176 232
176 240
176 242
177 178
177 180
177 181
177 182
177 183
177 184
177 185
177 186
177 188
177 189
177 190
177 192
177 193
177 194
177 196
177 198
177 199
177 204
177 208
177 225
177 226
177 228
177 238
177 241
177 242
177 243
178 179
178 180
178 181
178 182
178 183
178 184
178 186
178 187
178 188
178 189
178 190
178 192
178 193
178 194
178 195
178 196
178 197
178 198
178 199
178 201
178 204
178 205
178 211
178 215
178 220
178 244
179 180
179 181
179 182
179 183
179 185
179 186
179 187
179 188
179 190
179 191
179 192
179 193
179 195
179 197
179 198
179 199
179 204
179 205
179 211
179 213
179 216
179 218
179 220
179 224
179 225
179 229
179 233
180 181
180 182
180 183
180 185
180 187
180 188
180 189
180 190
180 191
180 194
180 195
180 198
180 199
180 202
180 210
180 213
180 241
181 182
181 183
181 184
181 185
181 186
181 187
181 188
181 189
181 190
181 191
181 192
181 193
181 194
181 195
181 196
181 198
181 199
181 201
181 203
181 212
181 215
181 219
181 221
181 223
181 224
181 244
181 247
181 248
182 183
182 184
182 185
182 186
182 187
182 189
182 190
182 191
182 192
182 193
182 194
182 195
182 196
182 197
182 199
182 205
182 211
182 213
182 223
182 225
182 232
182 245
182 246
183 184
183 187
183 188
183 189
183 190
183 192
183 193
183 196
183 197
183 201
183 214
183 215
183 216
183 222
183 229
183 235
183 237
183 239
183 241
183 247
184 185
184 186
184 187
184 188
184 189
184 191
184 194
184 197
184 198
184 199
184 207
184 209
184 211
184 222
184 227
184 231
184 237
184 239
184 242
184 245
185 186
185 187
185 189
185 190
185 191
185 192
185 193
185 194
185 195
185 197
185 198
185 199
185 202
185 212
185 215
185 220
185 226
185 227
185 237
185 241
185 248
186 188
186 189
186 192
186 193
186 194
186 195
186 198
186 199
186 202
186 208
186 211
186 234
186 249
187 188
187 189
187 190
187 193
187 194
187 195
187 196
187 197
187 199
187 204
187 212
187 213
187 228
187 234
187 247
187 248
188 190
188 191
188 192
188 193
188 194
188 195
188 196
188 197
188 198
188 199
188 200
188 203
188 204
188 206
188 216
188 224
188 226
188 227
188 233
188 236
188 242
189 190
189 193
189 194
189 195
189 196
189 197
189 198
189 208
189 219
189 222
189 223
189 224
189 240
189 242
189 246
189 249
190 191
190 192
190 193
190 194
190 195
190 196
190 197
190 198
190 199
190 209
190 224
190 226
190 232
190 239
190 248
190 249
191 192
191 193
191 194
191 195
191 196
191 197
191 198
191 199
191 207
191 212
191 213
191 215
191 220
191 224
191 226
191 228
191 229
191 231
191 236
191 244
191 246
191 247
192 193
192 194
192 195
192 196
192 197
192 198
192 199
192 202
192 207
192 210
192 214
192 224
192 227
192 246
192 247
192 248
193 194
193 195
193 196
193 197
193 199
193 203
193 204
193 206
193 213
193 214
193 218
193 220
193 228
193 238
193 243
193 244
193 247
194 195
194 197
194 198
194 199
194 204
194 211
194 215
194 223
194 224
194 228
194 234
194 237
194 238
194 249
195 197
195 198
195 199
195 206
195 207
195 208
195 224
195 239
195 241
195 244
195 246
196 198
196 199
196 207
196 211
196 212
196 221
196 222
196 228
196 233
196 234
196 236
196 240
196 243
196 245
196 246
197 198
197 199
197 200
197 202
197 208
197 212
197 217
197 221
197 224
197 226
197 227
197 235
198 199
198 207
198 220
198 228
198 230
198 233
198 238
198 240
198 242
198 246
199 202
199 210
199 215
199 217
199 221
199 232
199 239
199 246
199 247
199 248
200 201
200 202
200 203
200 205
200 206
200 207
200 209
200 210
200 211
200 212
200 213
200 214
200 215
200 216
200 217
200 218
200 221
200 222
200 223
200 225
200 226
200 227
200 228
200 229
200 230
200 231
200 233
200 234
200 235
200 237
200 239
200 240
200 241
200 242
200 243
200 244
200 246
200 247
200 248
200 249
201 202
201 203
201 204
201 205
201 206
201 207
201 208
201 209
201 210
201 211
201 212
201 213
201 214
201 215
201 219
201 220
201 221
201 222
201 223
201 224
201 225
201 226
201 229
201 231
201 232
201 233
201 234
201 235
201 237
201 238
201 240
201 241
201 242
201 243
201 244
201 245
201 246
201 248
201 249
202 203
202 204
202 205
202 206
202 207
202 208
202 210
202 212
202 213
202 214
202 215
202 216
202 217
202 220
202 222
202 223
202 224
202 225
202 226
202 227
202 228
202 229
202 231
202 232
202 233
202 234
202 235
202 237
202 238
202 239
202 240
202 241
202 242
202 243
202 244
202 245
202 246
202 247
202 249
203 204
203 206
203 207
203 208
203 209
203 210
203 211
203 214
203 215
203 216
203 218
203 219
203 220
203 223
203 224
203 225
203 227
203 228
203 230
203 231
203 232
203 233
203 234
203 235
203 236
203 237
203 238
203 239
203 240
203 241
203 242
203 243
203 245
203 246
203 247
203 249
204 205
204 206
204 207
204 208
204 209
204 210
204 211
204 213
204 214
204 215
204 216
204 217
204 219
204 220
204 221
204 222
204 223
204 224
204 225
204 226
204 227
204 228
204 229
204 230
204 234
204 235
204 236
204 237
204 238
204 239
204 240
204 241
204 242
204 243
204 244
204 245
204 246
204 247
204 248
204 249
205 206
205 207
205 208
205 211
205 213
205 214
205 216
205 217
205 219
205 220
205 221
205 222
205 223
205 224
205 226
205 227
205 228
205 229
205 231
205 232
205 233
205 234
205 235
205 236
205 237
205 238
205 239
205 241
205 242
205 243
205 244
205 246
205 247
205 248
205 249
206 207
206 208
206 209
206 210
206 211
206 212
206 215
206 216
206 217
206 218
206 219
206 220
206 221
206 222
206 223
206 224
206 225
206 226
206 227
206 228
206 229
206 230
206 231
206 232
206 233
206 234
206 236
206 237
206 238
206 239
206 240
206 241
206 242
206 243
206 245
206 246
206 249
207 209
207 210
207 211
207 212
207 213
207 214
207 215
207 216
207 218
207 219
207 220
207 222
207 223
207 224
207 225
207 226
207 227
207 228
207 229
207 230
207 231
207 234
207 235
207 236
207 237
207 238
207 239
207 240
207 241
207 242
207 243
207 244
207 245
207 246
207 247
207 248
207 249
208 210
208 211
208 212
208 213
208 214
208 215
208 216
208 218
208 219
208 220
208 221
208 223
208 224
208 225
208 226
208 227
208 228
208 229
208 230
208 232
208 233
208 236
208 237
208 238
208 239
208 240
208 241
208 242
208 244
208 245
208 246
208 247
208 248
208 249
209 210
209 211
209 212
209 213
209 214
209 215
209 216
209 217
209 219
209 220
209 221
209 224
209 225
209 226
209 227
209 228
209 229
209 230
209 231
209 232
209 233
209 234
209 235
209 236
209 237
209 238
209 239
209 240
209 241
209 242
209 244
209 246
209 247
209 248
209 249
210 214
210 215
210 216
210 217
210 218
210 219
210 220
210 221
210 222
210 223
210 225
210 226
210 227
210 228
210 229
210 230
210 232
210 234
210 235
210 236
210 237
210 238
210 240
210 241
210 242
210 243
210 244
210 245
210 246
210 247
210 249
211 212
211 213
211 214
211 215
211 216
211 217
211 218
211 219
211 220
211 221
211 222
211 223
211 224
211 225
211 227
211 229
211 232
211 233
211 234
211 235
211 236
211 238
211 241
211 242
211 243
211 244
211 245
211 246
211 248
211 249
212 213
212 214
212 216
212 218
212 219
212 220
212 221
212 222
212 223
212 224
212 225
212 226
212 227
212 228
212 229
212 230
212 231
212 232
212 233
212 234
212 235
212 238
212 239
212 240
212 241
212 242
212 243
212 244
212 245
212 246
212 247
212 249
213 214
213 217
213 218
213 219
213 220
213 221
213 222
213 223
213 224
213 225
213 226
213 227
213 231
213 232
213 233
213 234
213 235
213 236
213 237
213 238
213 239
213 240
213 241
213 242
213 243
213 244
213 245
213 246
213 247
213 248
213 249
214 216
214 217
214 219
214 221
214 222
214 223
214 224
214 225
214 227
214 230
214 231
214 232
214 233
214 235
214 236
214 237
214 238
214 240
214 242
214 243
214 244
214 245
214 246
214 247
214 248
215 216
215 220
215 222
215 223
215 224
215 226
215 227
215 228
215 229
215 230
215 231
215 232
215 233
215 234
215 235
215 236
215 238
215 239
215 240
215 242
215 243
215 244
215 245
215 246
215 248
216 217
216 218
216 220
216 221
216 222
216 223
216 224
216 227
216 228
216 229
216 231
216 232
216 233
216 234
216 235
216 236
216 237
216 238
216 239
216 240
216 241
216 242
216 243
216 244
216 245
216 247
216 248
216 249
217 218
217 219
217 220
217 222
217 223
217 224
217 225
217 226
217 228
217 229
217 230
217 231
217 232
217 233
217 234
217 235
217 236
217 237
217 238
217 239
217 240
217 242
217 243
217 244
217 245
217 246
217 247
217 248
217 249
218 220
218 222
218 223
218 224
218 225
218 226
218 227
218 228
218 229
218 231
218 232
218 233
218 234
218 237
218 239
218 240
218 241
218 242
218 243
218 244
218 246
218 247
218 248
218 249
219 220
219 221
219 222
219 223
219 224
219 225
219 226
219 227
219 228
219 229
219 230
219 231
219 232
219 233
219 234
219 235
219 236
219 237
219 239
219 240
219 241
219 242
219 245
219 246
219 247
219 249
220 221
220 222
220 224
220 225
220 226
220 227
220 228
220 229
220 230
220 231
220 232
220 233
220 234
220 235
220 236
220 237
220 240
220 241
220 242
220 244
220 246
220 247
220 248
220 249
221 222
221 223
221 224
221 226
221 227
221 231
221 232
221 234
221 236
221 237
221 239
221 243
221 244
221 247
221 248
221 249
222 223
222 226
222 228
222 229
222 230
222 231
222 232
222 233
222 234
222 235
222 236
222 237
222 238
222 239
222 240
222 241
222 242
222 243
222 244
222 247
222 249
223 224
223 226
223 228
223 229
223 230
223 231
223 233
223 234
223 235
223 236
223 237
223 238
223 240
223 241
223 242
223 245
223 248
224 227
224 228
224 230
224 231
224 232
224 234
224 235
224 237
224 238
224 239
224 240
224 241
224 244
224 245
224 249
225 226
225 227
225 229
225 230
225 231
225 232
225 233
225 234
225 235
225 236
225 238
225 240
225 241
225 243
225 245
225 247
225 248
225 249
226 227
226 228
226 229
226 230
226 231
226 232
226 233
226 234
226 235
226 236
226 237
226 238
226 239
226 240
226 241
226 242
226 243
226 246
226 247
226 248
226 249
227 228
227 229
227 230
227 231
227 232
227 233
227 234
227 235
227 236
227 237
227 239
227 240
227 242
227 244
227 245
227 246
227 247
227 248
227 249
228 230
228 231
228 232
228 233
228 235
228 236
228 237
228 238
228 239
228 240
228 241
228 242
228 244
228 245
228 246
228 247
228 248
229 230
229 231
229 232
229 233
229 234
229 235
229 236
229 237
229 238
229 239
229 240
229 241
229 243
229 244
229 245
229 246
229 249
230 231
230 233
230 234
230 235
230 236
230 237
230 238
230 239
230 240
230 241
230 243
230 244
230 245
230 247
230 248
230 249
231 232
231 233
231 236
231 237
231 238
231 239
231 240
231 241
231 242
231 243
231 244
231 246
231 248
231 249
232 233
232 236
232 237
232 238
232 240
232 241
232 242
232 243
232 244
232 246
232 247
232 248
233 237
233 238
233 239
233 241
233 243
233 244
233 245
233 246
233 247
233 248
233 249
234 237
234 239
234 240
234 241
234 243
234 244
234 245
234 246
235 237
235 238
235 240
235 242
235 243
235 244
235 246
235 247
235 248
235 249
236 238
236 239
236 240
236 241
236 242
236 244
236 245
236 246
236 247
236 248
236 249
237 238
237 239
237 240
237 241
237 242
237 243
237 244
237 245
237 246
237 247
237 248
237 249
238 239
238 240
238 241
238 242
238 243
238 244
238 246
238 247
238 248
238 249
239 241
239 242
239 243
239 244
239 245
239 247
239 248
239 249
240 241
240 243
240 245
240 246
240 247
240 248
240 249
241 242
241 244
241 245
241 246
241 247
241 248
241 249
242 243
242 245
242 246
242 247
242 248
243 244
243 245
243 246
243 247
243 248
243 249
244 245
244 246
244 247
244 248
244 249
245 246
245 247
245 248
245 249
246 249
247 248
247 249
248 249
