0 1
0 2
0 3
0 5
0 6
0 8
0 9
0 10
0 11
0 13
0 14
0 15
0 16
0 17
0 18
0 19
0 20
0 22
0 28
0 29
0 30
0 31
0 32
0 33
0 34
0 35
0 36
0 37
0 38
0 39
0 40
0 41
0 42
0 44
0 45
0 46
0 47
0 48
0 49
0 54
0 55
0 56
0 57
0 58
0 61
0 63
0 69
0 71
0 77
0 81
0 84
0 85
0 91
0 96
0 132
0 135
0 136
0 138
0 143
0 146
0 147
0 148
0 149
0 100
0 102
0 110
0 111
0 113
0 118
0 122
0 123
0 124
0 151
0 154
0 155
0 156
0 157
0 158
0 160
0 163
0 165
0 170
0 174
0 177
0 183
0 184
0 188
0 192
0 193
0 194
0 201
0 205
0 207
0 209
0 210
0 213
0 215
0 216
0 217
0 219
0 226
0 227
0 228
0 229
0 230
0 231
0 233
0 236
0 240
0 244
0 246
0 249
1 2
1 3
1 4
1 5
1 7
1 8
1 9
1 10
1 11
1 12
1 13
1 15
1 17
1 18
1 19
1 20
1 22
1 24
1 26
1 27
1 28
1 29
1 31
1 35
1 36
1 39
1 40
1 41
1 42
1 44
1 45
1 46
1 47
1 49
1 52
1 57
1 59
1 64
1 66
1 67
1 71
1 74
1 79
1 83
1 88
1 89
1 90
1 91
1 94
1 96
1 97
1 134
1 135
1 138
1 101
1 105
1 108
1 110
1 113
1 116
1 117
1 124
1 126
1 127
1 150
1 152
1 153
1 154
1 156
1 162
1 171
1 173
1 175
1 179
1 181
1 189
1 195
1 198
1 201
1 203
1 206
1 209
1 212
1 213
1 214
1 228
1 239
1 240
1 244
2 3
2 5
2 6
2 7
2 8
2 10
2 11
2 12
2 14
2 16
2 18
2 19
2 20
2 21
2 22
2 23
2 24
2 25
2 26
2 27
2 28
2 29
2 30
2 31
2 33
2 38
2 40
2 41
2 42
2 43
2 47
2 48
2 49
2 50
2 51
2 52
2 55
2 58
2 60
2 63
2 68
2 71
2 72
2 73
2 76
2 80
2 81
2 87
2 88
2 90
2 96
2 98
2 99
2 129
2 133
2 137
2 138
2 140
2 143
2 145
2 100
2 101
2 104
2 105
2 110
2 113
2 115
2 117
2 118
2 121
2 123
2 124
2 125
2 126
2 151
2 160
2 164
2 170
2 174
2 176
2 178
2 186
2 192
2 197
2 198
2 203
2 204
2 205
2 207
2 210
2 212
2 215
2 216
2 218
2 219
2 224
2 228
2 230
2 231
2 233
2 239
2 241
2 245
2 246
3 4
3 5
3 8
3 9
3 10
3 12
3 13
3 14
3 15
3 16
3 17
3 18
3 19
3 20
3 21
3 22
3 23
3 25
3 26
3 27
3 28
3 29
3 30
3 31
3 32
3 33
3 35
3 36
3 38
3 39
3 40
3 41
3 42
3 43
3 44
3 45
3 46
3 49
3 55
3 57
3 60
3 61
3 62
3 64
3 65
3 68
3 70
3 74
3 77
3 78
3 79
3 81
3 82
3 84
3 88
3 91
3 92
3 128
3 129
3 132
3 133
3 137
3 138
3 142
3 147
3 148
3 100
3 106
3 109
3 110
3 116
3 117
3 123
3 126
3 127
3 151
3 153
3 158
3 167
3 168
3 169
3 170
3 174
3 176
3 177
3 180
3 186
3 194
3 197
3 200
3 201
3 202
3 207
3 223
3 227
3 228
3 232
3 233
3 235
3 236
3 237
3 241
3 243
3 247
3 248
4 5
4 10
4 11
4 12
4 14
4 15
4 18
4 19
4 20
4 21
4 22
4 24
4 25
4 26
4 27
4 28
4 29
4 30
4 31
4 32
4 33
4 34
4 35
4 36
4 37
4 38
4 39
4 40
4 41
4 42
4 43
4 44
4 45
4 47
4 48
4 49
4 57
4 59
4 60
4 62
4 65
4 67
4 68
4 69
4 74
4 78
4 86
4 87
4 91
4 96
4 128
4 134
4 143
4 145
4 146
4 148
4 149
4 103
4 105
4 107
4 110
4 114
4 115
4 116
4 123
4 150
4 151
4 152
4 157
4 160
4 162
4 165
4 166
4 167
4 170
4 171
4 179
4 186
4 188
4 195
4 197
4 198
4 199
4 209
4 211
4 216
4 218
4 219
4 220
4 226
4 228
4 238
4 239
4 243
4 249
5 6
5 7
5 8
5 9
5 10
5 12
5 13
5 14
5 18
5 19
5 21
5 22
5 24
5 27
5 28
5 29
5 30
5 31
5 32
5 33
5 34
5 35
5 36
5 37
5 38
5 39
5 41
5 42
5 43
5 44
5 45
5 46
5 47
5 48
5 49
5 53
5 54
5 55
5 59
5 60
5 61
5 62
5 65
5 68
5 86
5 93
5 94
5 99
5 128
5 130
5 134
5 144
5 145
5 104
5 109
5 110
5 111
5 114
5 115
5 117
5 119
5 126
5 156
5 158
5 159
5 168
5 176
5 180
5 181
5 184
5 185
5 187
5 188
5 191
5 192
5 196
5 223
5 225
5 232
5 236
5 239
5 241
6 7
6 9
6 10
6 11
6 12
6 13
6 14
6 15
6 16
6 18
6 19
6 20
6 21
6 22
6 23
6 26
6 27
6 28
6 29
6 30
6 31
6 32
6 33
6 34
6 36
6 37
6 39
6 40
6 41
6 42
6 43
6 44
6 45
6 46
6 47
6 49
6 55
6 60
6 61
6 63
6 66
6 67
6 68
6 73
6 75
6 78
6 82
6 85
6 86
6 87
6 92
6 95
6 136
6 137
6 138
6 141
6 143
6 146
6 148
6 101
6 104
6 108
6 110
6 115
6 117
6 119
6 150
6 152
6 153
6 158
6 165
6 170
6 172
6 181
6 183
6 184
6 186
6 189
6 190
6 192
6 195
6 197
6 198
6 204
6 206
6 217
6 223
6 226
6 229
6 232
6 234
6 237
6 247
6 248
6 249
7 8
7 9
7 10
7 11
7 12
7 13
7 16
7 17
7 19
7 20
7 21
7 22
7 23
7 24
7 25
7 26
7 28
7 29
7 30
7 31
7 32
7 33
7 34
7 35
7 36
7 37
7 40
7 41
7 43
7 44
7 45
7 46
7 47
7 56
7 66
7 67
7 69
7 74
7 80
7 81
7 91
7 92
7 96
7 97
7 98
7 99
7 130
7 139
7 146
7 148
7 100
7 101
7 102
7 107
7 111
7 117
7 120
7 125
7 151
7 158
7 165
7 171
7 179
7 191
7 192
7 193
7 194
7 200
7 203
7 204
7 208
7 209
7 213
7 217
7 219
7 221
7 230
7 232
7 234
7 235
7 237
7 241
7 244
7 248
8 9
8 11
8 13
8 14
8 15
8 16
8 17
8 18
8 19
8 21
8 22
8 23
8 24
8 25
8 26
8 28
8 29
8 30
8 31
8 32
8 33
8 34
8 36
8 39
8 40
8 41
8 42
8 43
8 44
8 45
8 46
8 47
8 48
8 49
8 52
8 58
8 61
8 62
8 64
8 65
8 67
8 68
8 69
8 70
8 75
8 80
8 84
8 85
8 87
8 91
8 94
8 96
8 98
8 132
8 148
8 149
8 100
8 108
8 109
8 110
8 118
8 119
8 122
8 126
8 150
8 155
8 165
8 173
8 174
8 176
8 177
8 182
8 185
8 189
8 198
8 200
8 201
8 203
8 207
8 210
8 215
8 219
8 221
8 225
8 228
8 231
8 239
8 241
8 242
8 244
9 10
9 11
9 13
9 14
9 15
9 16
9 17
9 18
9 19
9 20
9 21
9 22
9 23
9 24
9 25
9 26
9 28
9 30
9 31
9 32
9 33
9 34
9 35
9 36
9 37
9 38
9 40
9 42
9 44
9 45
9 46
9 47
9 48
9 60
9 68
9 70
9 72
9 73
9 74
9 80
9 82
9 85
9 86
9 95
9 96
9 133
9 136
9 143
9 145
9 146
9 147
9 100
9 101
9 104
9 116
9 121
9 127
9 152
9 154
9 155
9 156
9 161
9 162
9 164
9 165
9 169
9 171
9 174
9 176
9 177
9 178
9 179
9 182
9 183
9 184
9 186
9 191
9 196
9 199
9 200
9 201
9 202
9 207
9 212
9 216
9 217
9 219
9 221
9 223
9 224
9 225
9 229
9 231
9 235
9 236
9 238
9 241
9 243
9 244
10 11
10 12
10 14
10 15
10 16
10 17
10 18
10 19
10 20
10 21
10 22
10 23
10 24
10 25
10 26
10 27
10 29
10 30
10 32
10 34
10 35
10 36
10 37
10 38
10 39
10 40
10 41
10 42
10 44
10 45
10 46
10 47
10 48
10 49
10 53
10 55
10 61
10 68
10 74
10 75
10 76
10 78
10 83
10 84
10 87
10 89
10 92
10 95
10 96
10 97
10 133
10 148
10 149
10 115
10 117
10 159
10 161
10 174
10 178
10 180
10 181
10 182
10 184
10 190
10 198
10 201
10 202
10 203
10 210
10 216
10 217
10 219
10 220
10 225
10 230
10 231
10 236
10 240
10 242
10 245
10 248
10 249
11 13
11 15
11 16
11 18
11 19
11 23
11 24
11 25
11 26
11 27
11 28
11 29
11 30
11 31
11 32
11 33
11 34
11 35
11 36
11 37
11 38
11 39
11 40
11 41
11 42
11 43
11 44
11 45
11 46
11 48
11 49
11 52
11 53
11 58
11 60
11 61
11 62
11 64
11 69
11 72
11 73
11 75
11 80
11 85
11 86
11 87
11 90
11 93
11 130
11 134
11 137
11 138
11 141
11 147
11 104
11 111
11 113
11 115
11 116
11 117
11 118
11 121
11 123
11 127
11 151
11 153
11 154
11 159
11 160
11 163
11 173
11 180
11 184
11 191
11 195
11 201
11 203
11 214
11 222
11 225
11 226
11 230
11 231
11 232
11 235
11 241
11 243
11 246
12 13
12 15
12 19
12 20
12 21
12 23
12 25
12 26
12 27
12 28
12 29
12 31
12 32
12 33
12 34
12 35
12 36
12 38
12 40
12 41
12 42
12 43
12 44
12 45
12 46
12 48
12 49
12 53
12 63
12 66
12 76
12 78
12 83
12 87
12 91
12 95
12 96
12 130
12 132
12 138
12 144
12 147
12 101
12 105
12 115
12 116
12 117
12 124
12 125
12 127
12 154
12 155
12 159
12 166
12 168
12 171
12 177
12 181
12 185
12 188
12 190
12 191
12 194
12 199
12 206
12 208
12 217
12 220
12 222
12 227
12 228
12 230
12 233
12 236
12 239
12 241
12 242
12 243
13 14
13 15
13 16
13 17
13 18
13 19
13 20
13 21
13 22
13 23
13 26
13 28
13 29
13 30
13 31
13 32
13 35
13 36
13 37
13 38
13 39
13 40
13 41
13 42
13 43
13 44
13 45
13 47
13 48
13 49
13 55
13 56
13 58
13 60
13 61
13 62
13 68
13 69
13 70
13 73
13 74
13 75
13 88
13 91
13 98
13 128
13 131
13 133
13 135
13 142
13 143
13 145
13 146
13 106
13 110
13 112
13 117
13 118
13 127
13 150
13 151
13 152
13 153
13 154
13 159
13 164
13 165
13 166
13 168
13 174
13 176
13 179
13 180
13 181
13 182
13 183
13 185
13 186
13 188
13 197
13 201
13 203
13 204
13 206
13 207
13 208
13 213
13 214
13 221
13 225
13 226
13 230
13 235
13 236
13 238
13 240
13 243
13 248
13 249
14 16
14 17
14 18
14 20
14 21
14 22
14 24
14 26
14 27
14 29
14 30
14 31
14 33
14 34
14 35
14 36
14 37
14 38
14 39
14 40
14 41
14 42
14 44
14 46
14 47
14 48
14 49
14 50
14 51
14 54
14 55
14 63
14 66
14 68
14 71
14 72
14 73
14 87
14 88
14 91
14 92
14 94
14 97
14 99
14 136
14 101
14 108
14 112
14 114
14 116
14 118
14 122
14 152
14 153
14 156
14 166
14 168
14 169
14 171
14 172
14 174
14 184
14 185
14 187
14 191
14 192
14 193
14 207
14 211
14 213
14 216
14 227
14 230
14 234
14 239
14 240
14 241
14 245
15 17
15 18
15 19
15 20
15 21
15 22
15 23
15 25
15 26
15 27
15 29
15 30
15 31
15 32
15 35
15 36
15 37
15 38
15 39
15 40
15 41
15 44
15 45
15 46
15 47
15 48
15 49
15 50
15 51
15 53
15 55
15 58
15 71
15 72
15 76
15 77
15 93
15 130
15 132
15 136
15 137
15 144
15 145
15 146
15 148
15 102
15 106
15 108
15 110
15 114
15 115
15 117
15 119
15 151
15 154
15 155
15 160
15 167
15 172
15 173
15 174
15 176
15 182
15 188
15 198
15 201
15 205
15 206
15 207
15 210
15 213
15 215
15 222
15 227
15 229
15 243
15 248
16 18
16 20
16 23
16 24
16 26
16 27
16 28
16 30
16 31
16 32
16 33
16 34
16 35
16 36
16 37
16 38
16 39
16 40
16 41
16 42
16 43
16 45
16 46
16 47
16 48
16 49
16 53
16 55
16 57
16 71
16 76
16 81
16 84
16 86
16 90
16 93
16 95
16 96
16 97
16 98
16 99
16 128
16 132
16 133
16 135
16 138
16 140
16 145
16 148
16 101
16 107
16 108
16 115
16 116
16 118
16 122
16 123
16 124
16 127
16 150
16 152
16 160
16 167
16 179
16 182
16 186
16 189
16 193
16 194
16 199
16 209
16 210
16 211
16 213
16 223
16 224
16 225
16 234
16 237
16 239
16 242
16 243
16 246
17 18
17 19
17 20
17 21
17 22
17 23
17 24
17 25
17 26
17 27
17 28
17 30
17 31
17 33
17 34
17 35
17 38
17 39
17 40
17 41
17 42
17 45
17 46
17 47
17 48
17 49
17 50
17 51
17 54
17 58
17 60
17 67
17 69
17 70
17 74
17 75
17 86
17 87
17 90
17 99
17 129
17 130
17 132
17 134
17 137
17 140
17 143
17 146
17 100
17 102
17 106
17 109
17 112
17 116
17 119
17 125
17 150
17 152
17 155
17 157
17 158
17 160
17 164
17 168
17 175
17 178
17 184
17 187
17 193
17 194
17 201
17 203
17 204
17 208
17 209
17 212
17 216
17 217
17 219
17 222
17 224
17 226
17 228
17 232
17 234
17 243
17 245
17 246
18 19
18 21
18 23
18 24
18 25
18 26
18 27
18 28
18 31
18 32
18 33
18 34
18 37
18 38
18 39
18 40
18 41
18 42
18 44
18 45
18 46
18 49
18 55
18 64
18 69
18 70
18 71
18 74
18 79
18 81
18 84
18 85
18 88
18 89
18 95
18 98
18 131
18 132
18 148
18 149
18 100
18 101
18 103
18 104
18 106
18 109
18 113
18 114
18 122
18 125
18 127
18 150
18 154
18 157
18 161
18 163
18 168
18 169
18 170
18 173
18 184
18 185
18 186
18 187
18 191
18 195
18 197
18 202
18 207
18 215
18 218
18 222
18 225
18 227
18 230
18 232
18 235
18 236
18 238
18 240
18 241
18 243
18 245
18 246
19 20
19 21
19 22
19 23
19 24
19 25
19 26
19 27
19 28
19 29
19 30
19 31
19 32
19 33
19 35
19 36
19 37
19 38
19 40
19 41
19 42
19 43
19 44
19 45
19 46
19 48
19 49
19 51
19 53
19 65
19 69
19 70
19 71
19 74
19 75
19 76
19 77
19 78
19 79
19 83
19 89
19 90
19 92
19 93
19 135
19 137
19 140
19 143
19 145
19 102
19 105
19 109
19 111
19 112
19 115
19 117
19 119
19 121
19 122
19 151
19 152
19 154
19 156
19 160
19 164
19 174
19 183
19 188
19 189
19 190
19 197
19 198
19 200
19 203
19 204
19 205
19 210
19 211
19 212
19 213
19 216
19 223
19 226
19 229
19 231
19 238
19 241
19 242
19 246
20 21
20 22
20 23
20 24
20 25
20 26
20 27
20 28
20 29
20 30
20 31
20 33
20 34
20 35
20 37
20 38
20 39
20 40
20 41
20 42
20 43
20 44
20 46
20 48
20 49
20 51
20 54
20 57
20 61
20 65
20 66
20 67
20 69
20 73
20 76
20 78
20 87
20 90
20 92
20 94
20 95
20 97
20 129
20 130
20 139
20 140
20 143
20 144
20 145
20 146
20 148
20 101
20 102
20 103
20 108
20 116
20 126
20 152
20 157
20 159
20 160
20 163
20 165
20 172
20 177
20 179
20 186
20 187
20 190
20 194
20 195
20 196
20 198
20 203
20 205
20 207
20 208
20 210
20 217
20 220
20 223
20 224
20 229
20 230
20 231
20 234
20 235
20 236
20 238
20 245
21 22
21 23
21 25
21 26
21 27
21 29
21 30
21 32
21 33
21 34
21 35
21 36
21 37
21 38
21 39
21 40
21 41
21 42
21 43
21 44
21 47
21 48
21 49
21 50
21 51
21 54
21 57
21 58
21 60
21 63
21 69
21 70
21 73
21 76
21 81
21 83
21 93
21 94
21 96
21 97
21 132
21 139
21 102
21 104
21 107
21 110
21 115
21 117
21 120
21 122
21 160
21 163
21 164
21 165
21 167
21 168
21 172
21 175
21 176
21 177
21 178
21 182
21 188
21 190
21 192
21 194
21 197
21 201
21 209
21 211
21 214
21 224
21 226
21 227
21 235
21 236
21 244
21 249
22 23
22 27
22 28
22 29
22 31
22 32
22 33
22 34
22 36
22 37
22 38
22 39
22 41
22 43
22 44
22 45
22 46
22 47
22 48
22 49
22 53
22 59
22 65
22 66
22 68
22 69
22 71
22 73
22 74
22 78
22 82
22 83
22 86
22 87
22 90
22 95
22 131
22 134
22 137
22 139
22 140
22 141
22 144
22 147
22 111
22 112
22 113
22 114
22 115
22 116
22 117
22 118
22 125
22 126
22 151
22 152
22 155
22 156
22 160
22 165
22 167
22 169
22 170
22 172
22 173
22 178
22 195
22 199
22 200
22 201
22 212
22 213
22 215
22 216
22 218
22 221
22 226
22 227
22 228
22 231
22 232
22 237
22 238
22 244
22 247
22 248
22 249
23 25
23 27
23 28
23 29
23 30
23 31
23 32
23 34
23 35
23 36
23 37
23 38
23 39
23 40
23 41
23 42
23 43
23 44
23 45
23 46
23 47
23 49
23 52
23 53
23 55
23 63
23 70
23 73
23 74
23 75
23 77
23 78
23 79
23 80
23 82
23 86
23 91
23 92
23 129
23 130
23 131
23 135
23 137
23 140
23 143
23 145
23 146
23 148
23 101
23 103
23 105
23 106
23 107
23 109
23 118
23 121
23 124
23 125
23 150
23 152
23 157
23 160
23 175
23 177
23 180
23 184
23 186
23 187
23 191
23 192
23 193
23 198
23 201
23 205
23 207
23 213
23 219
23 222
23 230
23 234
23 240
23 241
23 243
23 245
23 246
24 25
24 26
24 27
24 28
24 29
24 32
24 33
24 34
24 36
24 37
24 38
24 39
24 40
24 41
24 43
24 44
24 47
24 48
24 49
24 51
24 52
24 54
24 58
24 60
24 64
24 65
24 66
24 67
24 71
24 77
24 80
24 81
24 82
24 88
24 90
24 97
24 98
24 99
24 129
24 130
24 134
24 140
24 100
24 103
24 105
24 110
24 113
24 115
24 117
24 118
24 119
24 120
24 126
24 127
24 151
24 152
24 154
24 157
24 166
24 167
24 168
24 169
24 175
24 177
24 182
24 185
24 187
24 189
24 194
24 195
24 196
24 199
24 201
24 202
24 207
24 209
24 210
24 212
24 213
24 215
24 216
24 218
24 219
24 229
24 230
24 235
24 239
24 245
25 27
25 28
25 30
25 31
25 32
25 33
25 35
25 36
25 37
25 39
25 40
25 41
25 42
25 43
25 45
25 46
25 47
25 48
25 49
25 56
25 57
25 60
25 65
25 66
25 68
25 76
25 80
25 82
25 85
25 87
25 89
25 91
25 93
25 96
25 130
25 134
25 146
25 149
25 101
25 107
25 110
25 112
25 115
25 118
25 121
25 124
25 127
25 153
25 155
25 160
25 161
25 166
25 175
25 177
25 180
25 185
25 199
25 200
25 202
25 203
25 205
25 207
25 208
25 214
25 215
25 217
25 222
25 223
25 224
25 230
25 231
25 240
25 242
25 243
25 244
25 245
25 247
25 248
26 27
26 28
26 29
26 30
26 31
26 32
26 35
26 36
26 37
26 38
26 39
26 40
26 41
26 42
26 43
26 44
26 46
26 47
26 48
26 49
26 53
26 56
26 57
26 58
26 60
26 61
26 64
26 71
26 72
26 76
26 79
26 82
26 83
26 92
26 131
26 132
26 134
26 136
26 137
26 143
26 146
26 148
26 104
26 107
26 110
26 112
26 119
26 121
26 122
26 124
26 151
26 152
26 153
26 157
26 158
26 159
26 161
26 162
26 165
26 171
26 177
26 179
26 181
26 183
26 184
26 186
26 191
26 192
26 200
26 201
26 204
26 206
26 209
26 212
26 218
26 221
26 222
26 223
26 230
26 232
26 237
26 241
26 242
27 28
27 29
27 30
27 31
27 32
27 33
27 34
27 35
27 36
27 37
27 40
27 42
27 43
27 44
27 45
27 46
27 49
27 51
27 52
27 54
27 56
27 58
27 59
27 63
27 65
27 66
27 75
27 77
27 80
27 83
27 86
27 128
27 134
27 137
27 138
27 139
27 141
27 144
27 147
27 148
27 100
27 109
27 110
27 113
27 118
27 119
27 120
27 122
27 125
27 150
27 162
27 164
27 165
27 166
27 168
27 172
27 184
27 191
27 196
27 197
27 199
27 201
27 202
27 206
27 210
27 211
27 212
27 214
27 215
27 216
27 217
27 219
27 225
27 228
27 231
27 235
27 239
27 246
28 29
28 32
28 33
28 34
28 36
28 37
28 39
28 40
28 41
28 42
28 43
28 44
28 45
28 46
28 48
28 49
28 51
28 54
28 59
28 61
28 62
28 65
28 69
28 70
28 71
28 72
28 73
28 76
28 78
28 80
28 86
28 90
28 94
28 96
28 97
28 128
28 134
28 137
28 139
28 140
28 142
28 143
28 100
28 105
28 107
28 114
28 115
28 119
28 123
28 125
28 150
28 151
28 153
28 156
28 158
28 163
28 164
28 168
28 173
28 175
28 176
28 180
28 181
28 186
28 188
28 203
28 205
28 206
28 210
28 211
28 216
28 217
28 220
28 223
28 229
28 231
28 237
28 239
28 241
28 245
29 32
29 33
29 34
29 35
29 36
29 38
29 39
29 40
29 41
29 42
29 43
29 44
29 45
29 47
29 48
29 49
29 51
29 53
29 57
29 67
29 68
29 79
29 84
29 87
29 90
29 91
29 93
29 94
29 96
29 128
29 130
29 133
29 140
29 142
29 144
29 100
29 104
29 108
29 109
29 113
29 116
29 122
29 153
29 160
29 165
29 172
29 175
29 180
29 182
29 184
29 188
29 189
29 191
29 192
29 193
29 202
29 207
29 210
29 213
29 224
29 227
29 228
29 241
29 242
29 243
29 244
29 249
30 31
30 32
30 33
30 34
30 35
30 36
30 37
30 38
30 39
30 40
30 41
30 42
30 43
30 44
30 45
30 47
30 49
30 51
30 55
30 56
30 72
30 75
30 76
30 79
30 83
30 85
30 90
30 91
30 93
30 96
30 128
30 130
30 132
30 133
30 135
30 138
30 139
30 140
30 101
30 102
30 103
30 108
30 110
30 111
30 112
30 119
30 122
30 124
30 151
30 152
30 154
30 155
30 157
30 173
30 177
30 179
30 182
30 191
30 196
30 197
30 198
30 201
30 204
30 213
30 217
30 221
30 223
30 224
30 227
30 231
30 232
30 235
30 236
30 239
30 248
30 249
31 32
31 33
31 35
31 37
31 38
31 39
31 41
31 43
31 44
31 45
31 46
31 47
31 48
31 49
31 50
31 56
31 60
31 62
31 64
31 66
31 68
31 79
31 80
31 82
31 83
31 86
31 95
31 131
31 143
31 146
31 147
31 100
31 102
31 103
31 105
31 108
31 115
31 118
31 119
31 120
31 122
31 124
31 127
31 151
31 152
31 153
31 154
31 158
31 162
31 166
31 167
31 168
31 172
31 182
31 189
31 196
31 201
31 210
31 214
31 216
31 221
31 227
31 233
31 236
31 237
31 242
31 248
31 249
32 33
32 34
32 36
32 37
32 38
32 39
32 41
32 42
32 44
32 45
32 48
32 54
32 55
32 60
32 61
32 65
32 68
32 73
32 78
32 79
32 80
32 84
32 86
32 87
32 93
32 131
32 136
32 148
32 103
32 105
32 111
32 115
32 123
32 150
32 156
32 162
32 168
32 169
32 171
32 174
32 175
32 178
32 181
32 184
32 187
32 188
32 190
32 194
32 198
32 200
32 201
32 205
32 210
32 214
32 215
32 221
32 226
32 231
32 234
32 237
32 240
32 243
32 245
32 247
32 248
33 34
33 36
33 37
33 40
33 41
33 42
33 43
33 44
33 46
33 47
33 48
33 49
33 53
33 54
33 59
33 61
33 64
33 70
33 77
33 78
33 79
33 81
33 82
33 90
33 94
33 96
33 98
33 129
33 130
33 140
33 145
33 148
33 149
33 101
33 102
33 106
33 108
33 109
33 110
33 113
33 114
33 120
33 125
33 155
33 156
33 158
33 166
33 168
33 170
33 173
33 174
33 180
33 187
33 188
33 190
33 201
33 206
33 208
33 209
33 210
33 211
33 212
33 214
33 217
33 218
33 231
33 240
33 242
33 246
34 35
34 36
34 37
34 38
34 41
34 42
34 44
34 45
34 46
34 47
34 48
34 49
34 53
34 55
34 56
34 59
34 61
34 62
34 72
34 73
34 79
34 80
34 81
34 86
34 87
34 88
34 89
34 90
34 99
34 129
34 132
34 135
34 136
34 137
34 138
34 139
34 142
34 143
34 145
34 146
34 100
34 101
34 105
34 109
34 115
34 127
34 153
34 159
34 165
34 166
34 168
34 170
34 172
34 173
34 176
34 179
34 180
34 190
34 191
34 194
34 201
34 203
34 209
34 210
34 211
34 213
34 223
34 231
34 232
34 234
34 235
34 247
34 248
35 36
35 38
35 39
35 40
35 41
35 43
35 44
35 45
35 47
35 48
35 49
35 51
35 53
35 59
35 60
35 61
35 63
35 77
35 79
35 80
35 90
35 92
35 98
35 129
35 130
35 137
35 138
35 144
35 145
35 146
35 147
35 148
35 103
35 105
35 106
35 107
35 108
35 109
35 117
35 119
35 124
35 125
35 150
35 157
35 165
35 169
35 171
35 176
35 178
35 181
35 182
35 183
35 184
35 187
35 192
35 197
35 199
35 202
35 205
35 206
35 210
35 211
35 217
35 220
35 221
35 222
35 224
35 225
35 229
35 232
35 233
35 237
35 240
35 243
35 245
35 246
35 248
35 249
36 37
36 39
36 41
36 43
36 44
36 46
36 47
36 48
36 51
36 54
36 61
36 71
36 74
36 76
36 77
36 78
36 79
36 83
36 85
36 88
36 89
36 90
36 93
36 94
36 97
36 134
36 141
36 103
36 104
36 107
36 113
36 114
36 115
36 116
36 121
36 123
36 153
36 156
36 165
36 166
36 171
36 178
36 179
36 181
36 185
36 190
36 193
36 196
36 197
36 198
36 200
36 201
36 203
36 206
36 210
36 211
36 217
36 222
36 224
36 228
36 229
36 231
36 234
36 236
36 239
36 241
36 242
37 38
37 39
37 40
37 42
37 43
37 44
37 46
37 47
37 48
37 49
37 54
37 55
37 58
37 61
37 69
37 70
37 72
37 73
37 91
37 97
37 133
37 135
37 136
37 142
37 146
37 108
37 110
37 114
37 116
37 120
37 123
37 124
37 152
37 155
37 156
37 168
37 175
37 181
37 183
37 187
37 188
37 190
37 197
37 198
37 201
37 206
37 209
37 211
37 215
37 217
37 221
37 223
37 224
37 226
37 228
37 229
37 232
37 233
37 237
37 238
37 249
38 39
38 42
38 43
38 44
38 45
38 46
38 58
38 59
38 61
38 62
38 63
38 64
38 65
38 66
38 69
38 71
38 75
38 78
38 79
38 80
38 81
38 88
38 90
38 93
38 99
38 128
38 129
38 130
38 136
38 141
38 142
38 144
38 100
38 101
38 103
38 107
38 111
38 114
38 121
38 124
38 126
38 151
38 152
38 155
38 157
38 163
38 165
38 174
38 175
38 187
38 189
38 193
38 194
38 197
38 200
38 201
38 203
38 204
38 212
38 213
38 214
38 222
38 230
38 231
38 233
38 234
38 237
38 240
38 242
38 243
38 244
39 41
39 42
39 43
39 45
39 46
39 47
39 48
39 49
39 54
39 56
39 61
39 68
39 69
39 71
39 72
39 77
39 78
39 80
39 82
39 92
39 93
39 129
39 141
39 147
39 101
39 104
39 106
39 108
39 111
39 114
39 116
39 118
39 121
39 124
39 127
39 150
39 153
39 156
39 157
39 161
39 162
39 166
39 167
39 169
39 170
39 171
39 173
39 176
39 178
39 189
39 191
39 197
39 207
39 210
39 211
39 212
39 217
39 222
39 223
39 224
39 225
39 226
39 228
39 233
39 237
39 239
39 241
39 242
39 245
40 41
40 42
40 43
40 44
40 46
40 47
40 48
40 49
40 52
40 57
40 59
40 64
40 67
40 68
40 72
40 73
40 75
40 84
40 87
40 91
40 94
40 96
40 97
40 130
40 132
40 135
40 139
40 141
40 143
40 105
40 107
40 108
40 110
40 115
40 121
40 123
40 150
40 158
40 159
40 162
40 164
40 165
40 167
40 169
40 170
40 172
40 176
40 185
40 195
40 197
40 205
40 207
40 210
40 213
40 215
40 217
40 218
40 223
40 232
40 233
40 234
40 235
40 237
40 240
40 242
40 246
41 42
41 44
41 45
41 46
41 47
41 50
41 56
41 62
41 63
41 66
41 67
41 69
41 77
41 83
41 85
41 91
41 95
41 99
41 129
41 134
41 139
41 140
41 142
41 145
41 148
41 149
41 102
41 103
41 106
41 118
41 158
41 159
41 162
41 164
41 165
41 166
41 167
41 169
41 170
41 173
41 180
41 183
41 193
41 195
41 197
41 202
41 211
41 214
41 218
41 219
41 220
41 224
41 226
41 228
41 233
41 238
41 241
41 242
41 246
42 44
42 46
42 47
42 48
42 49
42 53
42 55
42 59
42 64
42 67
42 73
42 75
42 86
42 87
42 90
42 91
42 94
42 96
42 135
42 143
42 145
42 146
42 147
42 148
42 101
42 103
42 107
42 108
42 112
42 116
42 117
42 118
42 119
42 121
42 122
42 154
42 157
42 159
42 160
42 167
42 180
42 182
42 185
42 186
42 194
42 196
42 198
42 199
42 203
42 205
42 208
42 213
42 214
42 215
42 216
42 224
42 225
42 231
42 233
42 239
42 240
42 243
42 244
42 245
42 247
42 248
43 44
43 45
43 46
43 48
43 49
43 51
43 52
43 56
43 60
43 68
43 70
43 76
43 78
43 79
43 85
43 87
43 88
43 93
43 94
43 95
43 129
43 130
43 131
43 134
43 135
43 137
43 138
43 139
43 142
43 143
43 149
43 100
43 103
43 105
43 117
43 119
43 126
43 157
43 161
43 162
43 169
43 171
43 176
43 177
43 179
43 182
43 187
43 189
43 190
43 197
43 198
43 203
43 204
43 205
43 211
43 212
43 213
43 227
43 228
43 229
43 233
43 234
43 239
43 240
43 242
43 243
43 245
43 246
44 45
44 46
44 47
44 48
44 49
44 50
44 52
44 53
44 54
44 57
44 59
44 68
44 72
44 73
44 76
44 77
44 85
44 86
44 88
44 91
44 96
44 97
44 134
44 136
44 140
44 143
44 101
44 104
44 105
44 110
44 118
44 121
44 125
44 126
44 127
44 153
44 154
44 159
44 160
44 164
44 176
44 178
44 181
44 191
44 195
44 196
44 205
44 206
44 207
44 208
44 215
44 216
44 217
44 219
44 220
44 225
44 227
44 230
44 234
44 235
44 236
44 242
44 243
44 244
45 47
45 48
45 49
45 52
45 53
45 55
45 60
45 64
45 69
45 73
45 76
45 77
45 78
45 82
45 85
45 86
45 87
45 89
45 93
45 130
45 131
45 142
45 147
45 100
45 104
45 105
45 108
45 114
45 123
45 156
45 160
45 161
45 164
45 169
45 177
45 179
45 182
45 183
45 184
45 186
45 187
45 192
45 194
45 195
45 196
45 197
45 198
45 203
45 210
45 214
45 215
45 216
45 222
45 228
45 231
45 234
45 235
45 236
45 238
45 239
45 243
45 245
45 247
46 47
46 49
46 51
46 52
46 53
46 55
46 56
46 58
46 59
46 60
46 68
46 71
46 74
46 75
46 77
46 78
46 86
46 87
46 91
46 95
46 129
46 130
46 145
46 148
46 101
46 103
46 104
46 107
46 109
46 110
46 111
46 114
46 115
46 122
46 155
46 158
46 166
46 167
46 171
46 172
46 175
46 179
46 180
46 181
46 184
46 186
46 188
46 191
46 197
46 198
46 199
46 201
46 202
46 203
46 211
46 213
46 220
46 227
46 229
46 230
46 236
46 237
46 238
46 240
46 245
46 247
46 248
47 48
47 49
47 51
47 54
47 55
47 62
47 66
47 67
47 71
47 72
47 73
47 79
47 80
47 85
47 88
47 91
47 94
47 129
47 134
47 135
47 143
47 147
47 148
47 100
47 106
47 109
47 110
47 113
47 115
47 125
47 151
47 153
47 158
47 159
47 160
47 168
47 171
47 174
47 176
47 177
47 179
47 182
47 188
47 191
47 197
47 201
47 202
47 206
47 207
47 211
47 212
47 214
47 215
47 228
47 231
47 232
47 233
47 235
47 236
47 239
47 240
47 245
47 247
48 54
48 57
48 64
48 79
48 80
48 92
48 96
48 130
48 131
48 132
48 134
48 135
48 142
48 144
48 146
48 149
48 107
48 112
48 113
48 122
48 124
48 126
48 156
48 161
48 166
48 169
48 171
48 172
48 176
48 178
48 183
48 184
48 197
48 203
48 219
48 225
48 231
48 238
48 241
48 242
48 243
48 244
48 247
48 249
49 52
49 60
49 62
49 65
49 66
49 67
49 69
49 70
49 71
49 76
49 77
49 78
49 82
49 83
49 84
49 85
49 86
49 88
49 91
49 92
49 99
49 130
49 133
49 135
49 140
49 146
49 100
49 103
49 110
49 112
49 116
49 124
49 127
49 153
49 155
49 158
49 160
49 161
49 164
49 170
49 174
49 177
49 180
49 181
49 182
49 195
49 199
49 202
49 205
49 211
49 214
49 215
49 226
49 229
49 239
49 240
49 241
49 244
49 246
49 248
50 51
50 52
50 53
50 54
50 55
50 57
50 59
50 60
50 61
50 62
50 63
50 65
50 67
50 69
50 70
50 71
50 72
50 75
50 76
50 77
50 78
50 79
50 80
50 81
50 82
50 83
50 84
50 85
50 86
50 87
50 88
50 89
50 90
50 91
50 92
50 95
50 96
50 97
50 98
50 99
50 128
50 131
50 137
50 139
50 146
50 147
50 149
50 102
50 113
50 118
50 121
50 123
50 154
50 155
50 156
50 157
50 161
50 165
50 168
50 176
50 177
50 182
50 191
50 197
50 198
50 199
50 200
50 209
50 213
50 215
50 218
50 219
50 221
50 222
50 225
50 230
50 231
50 233
50 244
51 52
51 53
51 55
51 56
51 57
51 58
51 59
51 60
51 61
51 63
51 64
51 65
51 66
51 67
51 68
51 71
51 73
51 74
51 75
51 76
51 77
51 78
51 80
51 81
51 82
51 84
51 85
51 86
51 87
51 88
51 91
51 92
51 93
51 95
51 97
51 98
51 128
51 137
51 138
51 139
51 141
51 145
51 147
51 148
51 100
51 103
51 106
51 108
51 110
51 117
51 120
51 122
51 124
51 125
51 151
51 153
51 155
51 158
51 159
51 162
51 164
51 165
51 166
51 169
51 172
51 173
51 176
51 183
51 186
51 190
51 192
51 195
51 196
51 197
51 198
51 200
51 203
51 205
51 206
51 210
51 211
51 216
51 226
51 228
51 229
51 231
51 232
51 235
51 236
51 239
51 240
51 244
51 248
51 249
52 53
52 54
52 55
52 56
52 57
52 58
52 59
52 61
52 62
52 63
52 64
52 65
52 66
52 67
52 68
52 70
52 71
52 72
52 73
52 74
52 75
52 76
52 77
52 78
52 80
52 81
52 82
52 84
52 86
52 87
52 88
52 89
52 90
52 91
52 92
52 93
52 94
52 95
52 96
52 97
52 98
52 99
52 135
52 142
52 143
52 145
52 146
52 147
52 100
52 102
52 104
52 106
52 108
52 109
52 110
52 112
52 115
52 116
52 119
52 122
52 127
52 157
52 160
52 161
52 162
52 165
52 175
52 176
52 177
52 181
52 182
52 185
52 186
52 190
52 191
52 198
52 199
52 202
52 203
52 204
52 205
52 206
52 207
52 212
52 216
52 218
52 219
52 223
52 226
52 230
52 232
52 241
52 242
52 244
53 55
53 56
53 57
53 58
53 59
53 60
53 62
53 63
53 64
53 65
53 68
53 69
53 70
53 71
53 72
53 73
53 74
53 75
53 76
53 78
53 82
53 83
53 84
53 85
53 92
53 93
53 94
53 95
53 97
53 98
53 99
53 128
53 133
53 135
53 139
53 140
53 144
53 146
53 107
53 112
53 113
53 117
53 123
53 125
53 154
53 155
53 158
53 159
53 161
53 162
53 163
53 165
53 168
53 178
53 180
53 181
53 182
53 186
53 187
53 188
53 189
53 194
53 196
53 197
53 203
53 207
53 209
53 213
53 214
53 219
53 225
53 233
53 234
53 236
53 245
53 248
53 249
54 55
54 56
54 57
54 59
54 60
54 61
54 62
54 63
54 65
54 66
54 67
54 68
54 70
54 71
54 72
54 75
54 76
54 78
54 79
54 80
54 81
54 82
54 84
54 85
54 86
54 87
54 89
54 90
54 91
54 92
54 93
54 95
54 96
54 98
54 99
54 135
54 136
54 139
54 142
54 145
54 149
54 103
54 105
54 110
54 115
54 116
54 117
54 119
54 153
54 156
54 157
54 159
54 160
54 166
54 168
54 170
54 173
54 174
54 176
54 177
54 180
54 185
54 191
54 193
54 201
54 204
54 205
54 206
54 208
54 210
54 214
54 217
54 221
54 223
54 224
54 226
54 227
54 229
54 234
54 235
54 237
54 246
55 56
55 58
55 59
55 61
55 62
55 63
55 64
55 66
55 67
55 68
55 69
55 70
55 71
55 76
55 77
55 78
55 79
55 80
55 81
55 83
55 87
55 88
55 89
55 90
55 91
55 93
55 94
55 95
55 96
55 97
55 99
55 129
55 131
55 132
55 134
55 138
55 139
55 143
55 144
55 147
55 149
55 101
55 103
55 104
55 105
55 107
55 109
55 110
55 119
55 120
55 121
55 125
55 151
55 152
55 153
55 161
55 165
55 166
55 169
55 170
55 172
55 177
55 183
55 184
55 185
55 186
55 193
55 197
55 198
55 199
55 204
55 208
55 212
55 213
55 215
55 216
55 218
55 222
55 223
55 224
55 229
55 239
55 240
55 244
56 57
56 58
56 59
56 60
56 61
56 64
56 66
56 67
56 68
56 69
56 70
56 71
56 72
56 73
56 74
56 75
56 76
56 77
56 78
56 79
56 80
56 81
56 83
56 84
56 85
56 86
56 88
56 91
56 92
56 93
56 94
56 95
56 96
56 98
56 99
56 131
56 132
56 135
56 136
56 137
56 143
56 109
56 111
56 113
56 117
56 124
56 151
56 162
56 164
56 171
56 172
56 181
56 182
56 185
56 188
56 194
56 198
56 200
56 214
56 215
56 216
56 221
56 222
56 223
56 226
56 227
56 228
56 238
56 239
56 241
56 242
56 245
56 247
57 59
57 61
57 62
57 63
57 64
57 65
57 66
57 67
57 68
57 69
57 71
57 73
57 74
57 75
57 77
57 78
57 79
57 81
57 82
57 83
57 84
57 86
57 87
57 88
57 89
57 90
57 91
57 92
57 93
57 96
57 97
57 129
57 130
57 133
57 138
57 139
57 140
57 144
57 145
57 100
57 101
57 103
57 104
57 107
57 112
57 119
57 122
57 127
57 150
57 152
57 155
57 156
57 157
57 158
57 159
57 162
57 164
57 165
57 167
57 169
57 170
57 174
57 177
57 184
57 186
57 187
57 188
57 191
57 206
57 219
57 222
57 223
57 224
57 229
57 230
57 231
57 233
57 240
57 247
58 59
58 60
58 62
58 63
58 64
58 65
58 66
58 67
58 69
58 70
58 71
58 72
58 74
58 75
58 76
58 77
58 79
58 80
58 82
58 83
58 84
58 85
58 86
58 88
58 89
58 90
58 91
58 92
58 93
58 94
58 95
58 96
58 97
58 98
58 99
58 128
58 129
58 130
58 134
58 139
58 140
58 147
58 103
58 104
58 107
58 108
58 110
58 111
58 113
58 114
58 115
58 119
58 121
58 122
58 123
58 124
58 127
58 155
58 159
58 162
58 168
58 169
58 170
58 171
58 175
58 177
58 184
58 189
58 202
58 204
58 205
58 206
58 208
58 209
58 211
58 214
58 217
58 222
58 225
58 227
58 229
58 231
58 233
58 235
58 236
58 240
58 242
58 244
58 246
58 248
59 62
59 63
59 65
59 66
59 67
59 69
59 70
59 72
59 73
59 74
59 75
59 76
59 77
59 78
59 79
59 80
59 83
59 84
59 85
59 86
59 87
59 89
59 90
59 91
59 92
59 93
59 94
59 95
59 96
59 97
59 98
59 99
59 130
59 134
59 139
59 141
59 148
59 101
59 105
59 108
59 114
59 126
59 150
59 151
59 158
59 166
59 169
59 173
59 174
59 175
59 178
59 179
59 182
59 183
59 184
59 192
59 194
59 195
59 199
59 212
59 214
59 216
59 218
59 219
59 220
59 224
59 227
59 228
59 231
59 233
59 240
59 243
60 62
60 63
60 64
60 68
60 69
60 71
60 72
60 73
60 74
60 76
60 79
60 80
60 81
60 82
60 83
60 84
60 85
60 86
60 88
60 89
60 90
60 92
60 93
60 94
60 95
60 96
60 97
60 98
60 99
60 129
60 131
60 135
60 136
60 137
60 141
60 144
60 148
60 105
60 106
60 111
60 113
60 114
60 117
60 120
60 125
60 150
60 153
60 157
60 163
60 164
60 166
60 167
60 169
60 174
60 176
60 197
60 201
60 204
60 205
60 209
60 210
60 214
60 221
60 222
60 226
60 235
60 236
60 237
60 240
60 247
61 62
61 63
61 64
61 65
61 66
61 67
61 68
61 70
61 72
61 73
61 78
61 79
61 80
61 82
61 84
61 85
61 86
61 88
61 89
61 90
61 91
61 93
61 94
61 96
61 97
61 98
61 99
61 130
61 132
61 134
61 135
61 146
61 148
61 149
61 103
61 110
61 111
61 114
61 126
61 150
61 153
61 156
61 159
61 160
61 164
61 166
61 167
61 169
61 171
61 179
61 184
61 189
61 198
61 200
61 202
61 203
61 205
61 206
61 210
61 216
61 218
61 225
61 227
61 232
61 236
61 237
61 238
62 63
62 64
62 66
62 67
62 68
62 70
62 71
62 72
62 73
62 74
62 75
62 76
62 77
62 78
62 79
62 81
62 83
62 86
62 87
62 88
62 90
62 91
62 92
62 93
62 94
62 96
62 97
62 98
62 99
62 128
62 129
62 130
62 132
62 135
62 136
62 137
62 143
62 145
62 147
62 100
62 101
62 105
62 106
62 107
62 114
62 115
62 117
62 118
62 120
62 122
62 123
62 124
62 150
62 156
62 157
62 158
62 160
62 167
62 171
62 173
62 178
62 186
62 187
62 193
62 197
62 198
62 204
62 206
62 208
62 215
62 220
62 221
62 226
62 228
62 238
62 240
62 241
62 248
62 249
63 64
63 65
63 66
63 67
63 68
63 69
63 70
63 71
63 72
63 73
63 74
63 76
63 77
63 80
63 81
63 82
63 83
63 84
63 85
63 87
63 88
63 89
63 90
63 91
63 94
63 95
63 96
63 97
63 98
63 99
63 130
63 133
63 134
63 138
63 146
63 100
63 102
63 105
63 110
63 111
63 113
63 114
63 116
63 121
63 122
63 123
63 124
63 126
63 127
63 151
63 153
63 154
63 155
63 156
63 160
63 162
63 169
63 170
63 172
63 177
63 182
63 185
63 188
63 189
63 190
63 193
63 196
63 197
63 203
63 204
63 209
63 210
63 215
63 220
63 223
63 224
63 228
63 235
63 238
63 241
63 243
64 65
64 66
64 67
64 69
64 72
64 73
64 74
64 77
64 78
64 79
64 80
64 82
64 83
64 84
64 85
64 86
64 90
64 91
64 92
64 93
64 94
64 95
64 97
64 98
64 99
64 131
64 137
64 141
64 142
64 144
64 147
64 148
64 149
64 102
64 108
64 109
64 114
64 124
64 127
64 157
64 158
64 165
64 167
64 170
64 171
64 174
64 175
64 176
64 177
64 180
64 181
64 187
64 189
64 191
64 195
64 204
64 213
64 214
64 216
64 221
64 222
64 223
64 226
64 227
64 228
64 232
64 241
64 242
64 249
65 66
65 67
65 68
65 69
65 70
65 71
65 72
65 73
65 74
65 76
65 77
65 79
65 80
65 81
65 82
65 83
65 84
65 86
65 87
65 88
65 89
65 90
65 91
65 92
65 93
65 95
65 96
65 98
65 99
65 128
65 130
65 132
65 133
65 134
65 135
65 140
65 142
65 144
65 146
65 149
65 100
65 104
65 108
65 113
65 114
65 117
65 122
65 151
65 153
65 156
65 158
65 162
65 167
65 173
65 177
65 183
65 186
65 189
65 196
65 197
65 199
65 201
65 205
65 206
65 208
65 212
65 213
65 215
65 217
65 224
65 226
65 228
65 229
65 231
65 232
65 235
65 236
65 239
65 240
65 243
65 249
66 67
66 69
66 70
66 71
66 72
66 73
66 74
66 75
66 77
66 78
66 79
66 80
66 81
66 82
66 83
66 84
66 85
66 86
66 88
66 89
66 90
66 91
66 92
66 93
66 95
66 96
66 98
66 129
66 133
66 134
66 135
66 136
66 138
66 139
66 142
66 143
66 147
66 101
66 106
66 107
66 115
66 117
66 121
66 124
66 151
66 156
66 160
66 165
66 167
66 170
66 171
66 175
66 177
66 180
66 185
66 189
66 194
66 196
66 202
66 209
66 211
66 217
66 219
66 221
66 224
66 233
66 235
66 237
66 239
66 240
66 245
66 248
66 249
67 68
67 69
67 72
67 74
67 75
67 76
67 77
67 78
67 79
67 80
67 82
67 83
67 84
67 85
67 86
67 87
67 89
67 90
67 91
67 92
67 93
67 96
67 97
67 98
67 99
67 129
67 130
67 133
67 139
67 140
67 145
67 102
67 103
67 106
67 107
67 111
67 126
67 151
67 165
67 167
67 168
67 169
67 171
67 175
67 176
67 177
67 178
67 183
67 187
67 190
67 191
67 198
67 200
67 201
67 206
67 207
67 208
67 209
67 210
67 211
67 217
67 221
67 224
67 225
67 226
67 228
67 232
67 235
67 236
67 241
67 246
67 248
68 69
68 70
68 71
68 72
68 73
68 74
68 75
68 76
68 77
68 78
68 79
68 80
68 82
68 84
68 85
68 86
68 88
68 89
68 90
68 91
68 92
68 93
68 94
68 97
68 98
68 99
68 136
68 137
68 140
68 142
68 144
68 107
68 110
68 111
68 113
68 114
68 116
68 118
68 120
68 122
68 155
68 156
68 157
68 163
68 164
68 165
68 168
68 171
68 177
68 180
68 184
68 186
68 187
68 192
68 193
68 194
68 196
68 199
68 200
68 203
68 204
68 209
68 212
68 216
68 217
68 220
68 224
68 228
68 229
68 236
68 237
68 238
68 240
68 242
68 247
69 70
69 71
69 72
69 74
69 75
69 76
69 77
69 78
69 79
69 80
69 81
69 82
69 83
69 84
69 85
69 86
69 87
69 89
69 90
69 91
69 92
69 93
69 94
69 95
69 129
69 142
69 144
69 146
69 104
69 106
69 108
69 114
69 120
69 124
69 126
69 150
69 155
69 156
69 159
69 165
69 166
69 168
69 173
69 176
69 180
69 181
69 182
69 187
69 188
69 191
69 200
69 202
69 204
69 205
69 215
69 217
69 218
69 219
69 227
69 228
69 229
69 230
69 231
69 233
69 234
69 242
70 71
70 72
70 73
70 75
70 76
70 77
70 78
70 80
70 81
70 82
70 83
70 86
70 87
70 88
70 89
70 90
70 91
70 93
70 94
70 95
70 96
70 97
70 98
70 99
70 130
70 132
70 134
70 135
70 139
70 148
70 102
70 104
70 111
70 112
70 120
70 126
70 127
70 151
70 152
70 159
70 160
70 169
70 172
70 174
70 179
70 181
70 184
70 186
70 188
70 191
70 192
70 193
70 204
70 205
70 207
70 212
70 217
70 226
70 227
70 228
70 229
70 230
70 231
70 234
70 236
70 237
70 241
70 243
70 244
70 247
70 249
71 72
71 73
71 74
71 75
71 76
71 77
71 78
71 80
71 81
71 82
71 84
71 85
71 89
71 90
71 91
71 92
71 93
71 94
71 96
71 97
71 98
71 99
71 128
71 135
71 137
71 138
71 140
71 143
71 146
71 148
71 104
71 105
71 107
71 110
71 112
71 114
71 118
71 119
71 120
71 123
71 150
71 151
71 156
71 159
71 164
71 165
71 177
71 182
71 183
71 186
71 195
71 199
71 203
71 204
71 205
71 207
71 208
71 212
71 214
71 215
71 222
71 224
71 227
71 231
71 232
71 233
71 237
71 238
71 242
71 245
71 246
71 247
72 74
72 75
72 76
72 77
72 79
72 80
72 82
72 83
72 85
72 86
72 87
72 88
72 90
72 91
72 92
72 93
72 94
72 95
72 97
72 98
72 99
72 128
72 149
72 105
72 111
72 112
72 117
72 122
72 125
72 126
72 150
72 151
72 154
72 157
72 161
72 168
72 175
72 176
72 179
72 180
72 182
72 186
72 187
72 194
72 196
72 197
72 198
72 199
72 211
72 221
72 223
72 227
72 228
72 232
72 234
72 236
72 238
72 245
72 249
73 74
73 75
73 76
73 77
73 78
73 81
73 82
73 83
73 84
73 85
73 86
73 87
73 88
73 89
73 90
73 91
73 92
73 93
73 94
73 95
73 98
73 99
73 128
73 129
73 132
73 136
73 139
73 146
73 148
73 100
73 103
73 104
73 105
73 111
73 115
73 118
73 119
73 120
73 121
73 123
73 124
73 126
73 152
73 154
73 158
73 171
73 175
73 176
73 181
73 196
73 203
73 207
73 209
73 210
73 217
73 218
73 219
73 220
73 225
73 228
73 229
73 232
73 233
73 239
74 75
74 76
74 77
74 78
74 79
74 80
74 81
74 82
74 83
74 84
74 85
74 87
74 88
74 89
74 90
74 91
74 93
74 94
74 95
74 96
74 98
74 99
74 128
74 136
74 140
74 141
74 145
74 146
74 147
74 104
74 106
74 111
74 114
74 117
74 125
74 127
74 159
74 166
74 167
74 170
74 182
74 183
74 184
74 188
74 194
74 196
74 198
74 200
74 203
74 206
74 208
74 216
74 226
74 228
74 230
74 232
74 233
74 239
74 243
74 249
75 76
75 77
75 78
75 79
75 81
75 82
75 83
75 84
75 85
75 87
75 88
75 89
75 91
75 92
75 93
75 94
75 96
75 97
75 98
75 99
75 134
75 135
75 142
75 144
75 145
75 146
75 101
75 103
75 111
75 115
75 118
75 120
75 125
75 126
75 127
75 156
75 162
75 164
75 168
75 172
75 173
75 174
75 175
75 178
75 181
75 182
75 183
75 186
75 189
75 192
75 197
75 202
75 203
75 205
75 206
75 210
75 218
75 220
75 224
75 228
75 232
75 237
75 239
75 247
75 249
76 77
76 78
76 80
76 81
76 82
76 83
76 84
76 85
76 87
76 90
76 91
76 92
76 93
76 94
76 95
76 96
76 97
76 98
76 99
76 128
76 135
76 139
76 140
76 141
76 143
76 145
76 148
76 149
76 101
76 102
76 103
76 104
76 105
76 112
76 120
76 122
76 126
76 151
76 157
76 165
76 166
76 170
76 173
76 177
76 179
76 180
76 189
76 192
76 201
76 208
76 209
76 216
76 217
76 218
76 222
76 223
76 225
76 226
76 231
76 238
76 240
76 242
76 248
77 80
77 81
77 84
77 85
77 87
77 90
77 91
77 92
77 94
77 98
77 99
77 129
77 133
77 137
77 138
77 143
77 148
77 100
77 101
77 109
77 110
77 113
77 118
77 119
77 120
77 123
77 125
77 126
77 127
77 151
77 157
77 161
77 163
77 169
77 170
77 172
77 174
77 175
77 178
77 181
77 182
77 184
77 187
77 188
77 190
77 195
77 196
77 204
77 206
77 207
77 208
77 212
77 214
77 215
77 216
77 217
77 223
77 225
77 229
77 230
77 231
77 232
77 233
77 241
77 245
77 249
78 79
78 80
78 81
78 82
78 83
78 85
78 86
78 87
78 88
78 92
78 93
78 94
78 95
78 97
78 98
78 99
78 137
78 138
78 143
78 147
78 100
78 103
78 110
78 112
78 156
78 159
78 161
78 164
78 166
78 167
78 170
78 174
78 175
78 179
78 193
78 199
78 200
78 214
78 216
78 217
78 220
78 222
78 224
78 226
78 229
78 234
78 235
78 238
78 241
78 243
78 245
79 80
79 81
79 82
79 83
79 84
79 85
79 87
79 88
79 90
79 91
79 93
79 94
79 95
79 96
79 97
79 98
79 99
79 131
79 138
79 145
79 149
79 104
79 106
79 115
79 116
79 119
79 121
79 122
79 125
79 154
79 156
79 158
79 162
79 163
79 165
79 166
79 168
79 170
79 175
79 180
79 183
79 184
79 185
79 186
79 188
79 191
79 192
79 193
79 206
79 209
79 210
79 214
79 219
79 220
79 223
79 224
79 231
79 233
79 234
79 240
80 81
80 83
80 84
80 85
80 87
80 88
80 89
80 90
80 91
80 92
80 93
80 94
80 95
80 96
80 98
80 99
80 137
80 138
80 140
80 141
80 142
80 149
80 100
80 103
80 104
80 105
80 109
80 113
80 123
80 126
80 127
80 153
80 159
80 168
80 170
80 173
80 174
80 179
80 180
80 181
80 182
80 184
80 188
80 189
80 193
80 195
80 198
80 199
80 208
80 209
80 212
80 218
80 226
80 230
80 236
80 242
80 247
80 248
81 82
81 83
81 84
81 85
81 87
81 88
81 89
81 90
81 91
81 93
81 94
81 96
81 97
81 98
81 99
81 129
81 131
81 132
81 136
81 140
81 143
81 149
81 102
81 103
81 105
81 107
81 108
81 116
81 118
81 119
81 121
81 122
81 124
81 160
81 174
81 179
81 181
81 197
81 198
81 200
81 205
81 209
81 210
81 213
81 216
81 217
81 219
81 222
81 229
81 235
81 236
81 246
81 247
82 83
82 84
82 85
82 87
82 88
82 89
82 90
82 91
82 92
82 93
82 95
82 96
82 97
82 98
82 99
82 132
82 133
82 136
82 137
82 141
82 144
82 147
82 103
82 106
82 107
82 108
82 111
82 112
82 113
82 118
82 121
82 153
82 156
82 157
82 159
82 161
82 162
82 163
82 167
82 172
82 174
82 175
82 177
82 178
82 182
82 184
82 186
82 188
82 189
82 190
82 193
82 201
82 202
82 204
82 208
82 210
82 216
82 226
82 227
82 229
82 232
82 243
82 246
82 247
83 84
83 85
83 86
83 88
83 89
83 90
83 91
83 92
83 93
83 95
83 96
83 97
83 98
83 128
83 129
83 134
83 136
83 140
83 141
83 142
83 145
83 110
83 119
83 122
83 123
83 124
83 127
83 156
83 157
83 168
83 171
83 177
83 191
83 192
83 194
83 198
83 202
83 205
83 207
83 209
83 210
83 212
83 213
83 216
83 223
83 224
83 225
83 228
83 230
83 234
83 235
83 239
83 243
83 244
83 248
84 85
84 86
84 87
84 88
84 89
84 91
84 92
84 93
84 94
84 95
84 96
84 97
84 98
84 99
84 134
84 136
84 138
84 140
84 144
84 145
84 101
84 102
84 103
84 105
84 106
84 115
84 117
84 119
84 121
84 124
84 151
84 153
84 154
84 156
84 157
84 159
84 160
84 166
84 167
84 180
84 182
84 183
84 184
84 187
84 188
84 192
84 193
84 197
84 198
84 201
84 208
84 210
84 211
84 212
84 215
84 218
84 226
84 227
84 230
84 231
84 235
84 239
84 241
84 243
84 244
84 245
84 247
85 86
85 87
85 89
85 90
85 91
85 92
85 93
85 94
85 95
85 96
85 97
85 98
85 99
85 128
85 130
85 136
85 140
85 141
85 145
85 146
85 103
85 106
85 113
85 114
85 115
85 120
85 121
85 122
85 123
85 126
85 127
85 156
85 159
85 166
85 173
85 182
85 185
85 189
85 192
85 194
85 197
85 199
85 203
85 204
85 216
85 221
85 224
85 227
85 235
85 236
85 245
85 246
85 249
86 87
86 88
86 89
86 90
86 91
86 92
86 93
86 94
86 96
86 97
86 98
86 131
86 136
86 140
86 144
86 146
86 101
86 106
86 109
86 110
86 115
86 122
86 124
86 150
86 152
86 161
86 163
86 168
86 170
86 173
86 174
86 176
86 177
86 180
86 181
86 191
86 211
86 221
86 228
86 230
86 237
86 245
87 88
87 89
87 90
87 91
87 92
87 95
87 96
87 97
87 99
87 129
87 130
87 131
87 132
87 133
87 134
87 136
87 142
87 143
87 144
87 145
87 104
87 106
87 107
87 109
87 110
87 111
87 118
87 119
87 125
87 150
87 156
87 158
87 162
87 167
87 177
87 180
87 188
87 189
87 191
87 194
87 195
87 196
87 199
87 201
87 202
87 203
87 209
87 213
87 217
87 219
87 222
87 227
87 229
87 230
87 239
87 242
87 244
87 245
87 248
88 89
88 90
88 91
88 92
88 95
88 96
88 98
88 99
88 128
88 129
88 130
88 133
88 137
88 138
88 139
88 147
88 149
88 101
88 102
88 103
88 106
88 109
88 110
88 111
88 112
88 116
88 118
88 123
88 125
88 127
88 150
88 159
88 160
88 173
88 179
88 184
88 188
88 189
88 191
88 192
88 193
88 197
88 198
88 202
88 205
88 212
88 213
88 215
88 216
88 217
88 220
88 224
88 225
88 226
88 228
88 230
88 232
88 234
88 237
88 240
88 242
88 243
88 244
88 246
88 248
89 90
89 91
89 94
89 95
89 96
89 97
89 98
89 99
89 129
89 130
89 133
89 139
89 142
89 147
89 148
89 106
89 107
89 109
89 110
89 113
89 116
89 117
89 120
89 121
89 126
89 154
89 155
89 156
89 160
89 162
89 170
89 173
89 176
89 178
89 180
89 181
89 182
89 183
89 184
89 185
89 186
89 191
89 193
89 195
89 199
89 200
89 206
89 215
89 216
89 218
89 219
89 221
89 223
89 225
89 226
89 239
89 249
90 91
90 92
90 93
90 94
90 95
90 96
90 97
90 98
90 99
90 132
90 140
90 145
90 115
90 127
90 151
90 152
90 153
90 156
90 162
90 164
90 165
90 168
90 172
90 173
90 175
90 184
90 186
90 187
90 192
90 194
90 203
90 205
90 208
90 209
90 214
90 221
90 238
90 243
90 244
90 246
90 248
91 92
91 95
91 96
91 97
91 98
91 99
91 129
91 133
91 135
91 139
91 105
91 108
91 109
91 124
91 125
91 151
91 152
91 154
91 155
91 158
91 162
91 168
91 173
91 174
91 176
91 177
91 182
91 188
91 189
91 190
91 195
91 196
91 198
91 200
91 201
91 202
91 204
91 209
91 211
91 213
91 219
91 220
91 221
91 223
91 226
91 228
91 233
91 240
91 243
91 245
91 247
91 248
92 95
92 97
92 98
92 99
92 130
92 133
92 134
92 138
92 139
92 147
92 103
92 107
92 110
92 114
92 119
92 125
92 154
92 159
92 162
92 167
92 171
92 176
92 178
92 182
92 185
92 192
92 193
92 196
92 201
92 202
92 203
92 207
92 211
92 213
92 214
92 218
92 219
92 231
92 232
92 234
92 239
92 243
93 94
93 95
93 96
93 98
93 99
93 129
93 131
93 133
93 135
93 143
93 145
93 147
93 149
93 113
93 118
93 124
93 125
93 127
93 150
93 152
93 153
93 156
93 158
93 163
93 164
93 166
93 167
93 171
93 175
93 181
93 182
93 183
93 192
93 197
93 199
93 202
93 205
93 206
93 209
93 219
93 221
93 223
93 226
93 228
93 229
93 231
93 235
93 236
93 237
93 244
93 245
93 246
93 248
93 249
94 97
94 98
94 129
94 132
94 135
94 137
94 138
94 144
94 146
94 147
94 149
94 104
94 105
94 106
94 108
94 116
94 117
94 122
94 124
94 125
94 127
94 155
94 160
94 169
94 173
94 176
94 181
94 182
94 183
94 185
94 187
94 191
94 199
94 216
94 222
94 231
94 232
94 234
94 237
94 239
94 242
94 245
94 249
95 96
95 97
95 98
95 99
95 129
95 130
95 131
95 133
95 135
95 136
95 137
95 142
95 145
95 147
95 100
95 107
95 117
95 118
95 121
95 123
95 124
95 151
95 154
95 160
95 161
95 168
95 169
95 172
95 177
95 184
95 185
95 186
95 189
95 192
95 194
95 198
95 204
95 205
95 206
95 207
95 212
95 213
95 214
95 216
95 218
95 222
95 227
95 233
95 235
95 236
95 237
95 242
95 243
95 245
95 247
96 97
96 98
96 99
96 132
96 134
96 135
96 136
96 139
96 140
96 141
96 143
96 146
96 148
96 100
96 107
96 109
96 124
96 125
96 152
96 153
96 158
96 162
96 163
96 167
96 168
96 171
96 172
96 181
96 182
96 183
96 187
96 190
96 191
96 200
96 202
96 207
96 208
96 209
96 211
96 216
96 218
96 219
96 223
96 230
96 231
96 234
96 235
96 236
96 240
96 241
96 242
96 245
96 249
97 98
97 99
97 132
97 137
97 141
97 142
97 143
97 146
97 103
97 105
97 107
97 111
97 115
97 117
97 123
97 124
97 125
97 126
97 152
97 153
97 158
97 159
97 166
97 171
97 173
97 174
97 179
97 183
97 186
97 188
97 190
97 193
97 196
97 197
97 198
97 199
97 203
97 204
97 211
97 216
97 218
97 220
97 222
97 228
97 229
97 236
97 238
97 240
97 241
97 244
97 249
98 134
98 137
98 138
98 141
98 147
98 102
98 103
98 105
98 112
98 117
98 118
98 119
98 120
98 123
98 124
98 127
98 151
98 161
98 163
98 164
98 166
98 169
98 171
98 182
98 188
98 193
98 199
98 206
98 218
98 223
98 224
98 231
98 233
98 235
98 236
98 247
98 249
99 128
99 129
99 134
99 140
99 142
99 144
99 145
99 101
99 112
99 113
99 123
99 124
99 125
99 151
99 152
99 164
99 167
99 168
99 170
99 174
99 175
99 176
99 183
99 187
99 188
99 189
99 190
99 194
99 203
99 205
99 206
99 208
99 212
99 218
99 223
99 224
99 226
99 230
99 235
99 238
99 241
99 246
99 249
128 129
128 130
128 131
128 134
128 135
128 136
128 137
128 138
128 139
128 140
128 141
128 142
128 144
128 145
128 146
128 147
128 148
128 100
128 101
128 102
128 104
128 105
128 106
128 107
128 108
128 109
128 111
128 112
128 113
128 114
128 115
128 116
128 118
128 119
128 120
128 122
128 123
128 124
128 125
128 126
128 127
128 150
128 155
128 159
128 160
128 162
128 163
128 165
128 168
128 173
128 174
128 175
128 178
128 179
128 181
128 184
128 188
128 189
128 192
128 206
128 208
128 210
128 213
128 215
128 221
128 224
128 225
128 232
128 235
128 238
128 243
128 246
129 130
129 131
129 132
129 133
129 134
129 135
129 136
129 138
129 139
129 140
129 141
129 142
129 143
129 144
129 145
129 146
129 148
129 100
129 102
129 103
129 104
129 105
129 108
129 109
129 111
129 112
129 114
129 115
129 116
129 117
129 118
129 119
129 120
129 121
129 122
129 123
129 124
129 125
129 126
129 127
129 151
129 154
129 156
129 157
129 159
129 160
129 164
129 170
129 171
129 172
129 181
129 188
129 191
129 193
129 198
129 200
129 207
129 209
129 215
129 221
129 222
129 223
129 225
129 229
129 230
129 233
129 237
129 245
130 131
130 132
130 133
130 135
130 136
130 137
130 138
130 140
130 141
130 143
130 144
130 145
130 146
130 147
130 149
130 100
130 101
130 103
130 104
130 105
130 107
130 108
130 109
130 112
130 113
130 115
130 116
130 118
130 119
130 120
130 121
130 122
130 123
130 124
130 125
130 126
130 153
130 159
130 160
130 161
130 164
130 166
130 167
130 173
130 175
130 178
130 183
130 186
130 188
130 189
130 191
130 196
130 199
130 200
130 201
130 203
130 204
130 212
130 216
130 217
130 221
130 224
130 226
130 227
130 230
130 232
130 234
130 235
130 241
130 244
131 132
131 133
131 134
131 135
131 136
131 137
131 138
131 139
131 140
131 141
131 142
131 143
131 144
131 145
131 146
131 148
131 100
131 102
131 103
131 104
131 105
131 106
131 107
131 108
131 109
131 110
131 111
131 112
131 113
131 114
131 115
131 116
131 118
131 119
131 120
131 121
131 122
131 123
131 124
131 126
131 150
131 152
131 164
131 165
131 174
131 178
131 179
131 183
131 184
131 187
131 191
131 192
131 194
131 198
131 200
131 204
131 205
131 208
131 209
131 210
131 211
131 213
131 217
131 218
131 219
131 220
131 222
131 224
131 230
131 231
131 234
131 241
131 242
131 248
132 134
132 136
132 137
132 138
132 139
132 140
132 141
132 142
132 143
132 144
132 145
132 146
132 147
132 148
132 149
132 100
132 101
132 103
132 104
132 105
132 106
132 112
132 113
132 114
132 115
132 116
132 117
132 118
132 120
132 121
132 122
132 123
132 124
132 125
132 126
132 127
132 153
132 162
132 165
132 167
132 171
132 172
132 173
132 177
132 178
132 182
132 186
132 198
132 200
132 201
132 205
132 206
132 211
132 214
132 216
132 217
132 219
132 224
132 226
132 231
132 237
132 239
132 243
132 246
132 247
132 249
133 134
133 135
133 136
133 137
133 138
133 141
133 142
133 143
133 147
133 148
133 100
133 101
133 103
133 106
133 109
133 110
133 111
133 112
133 114
133 115
133 118
133 119
133 121
133 122
133 123
133 124
133 126
133 127
133 158
133 160
133 162
133 170
133 174
133 177
133 179
133 182
133 183
133 188
133 196
133 201
133 202
133 204
133 208
133 210
133 212
133 215
133 217
133 222
133 231
133 233
133 235
133 240
133 247
134 135
134 136
134 137
134 138
134 140
134 141
134 143
134 144
134 145
134 146
134 147
134 148
134 149
134 104
134 105
134 106
134 107
134 108
134 111
134 112
134 113
134 114
134 115
134 117
134 118
134 119
134 121
134 122
134 123
134 125
134 126
134 151
134 154
134 158
134 163
134 164
134 178
134 181
134 186
134 188
134 190
134 191
134 192
134 194
134 195
134 196
134 199
134 214
134 217
134 219
134 220
134 226
134 229
134 234
134 239
134 241
135 137
135 138
135 139
135 140
135 141
135 142
135 143
135 144
135 145
135 146
135 147
135 148
135 149
135 100
135 102
135 103
135 104
135 105
135 106
135 107
135 110
135 111
135 112
135 113
135 114
135 115
135 117
135 118
135 120
135 122
135 123
135 124
135 127
135 150
135 153
135 155
135 158
135 159
135 162
135 163
135 165
135 177
135 180
135 186
135 187
135 192
135 196
135 198
135 202
135 203
135 204
135 205
135 208
135 209
135 214
135 215
135 216
135 219
135 220
135 222
135 225
135 228
135 229
135 231
135 232
135 238
135 240
135 241
135 243
136 137
136 138
136 139
136 140
136 141
136 142
136 145
136 146
136 147
136 148
136 149
136 100
136 101
136 102
136 103
136 104
136 105
136 106
136 107
136 109
136 110
136 112
136 113
136 114
136 115
136 116
136 117
136 118
136 119
136 120
136 121
136 122
136 123
136 127
136 150
136 152
136 155
136 157
136 162
136 164
136 166
136 168
136 171
136 172
136 173
136 174
136 175
136 177
136 180
136 185
136 186
136 188
136 192
136 194
136 200
136 203
136 204
136 207
136 209
136 215
136 216
136 217
136 222
136 228
136 230
136 231
136 232
136 235
136 237
136 238
136 239
136 240
136 241
136 248
137 138
137 139
137 140
137 141
137 142
137 143
137 144
137 145
137 146
137 147
137 149
137 100
137 101
137 102
137 103
137 104
137 105
137 107
137 108
137 109
137 110
137 112
137 113
137 114
137 115
137 116
137 119
137 120
137 122
137 123
137 124
137 125
137 126
137 152
137 153
137 158
137 160
137 163
137 167
137 168
137 170
137 173
137 176
137 177
137 178
137 179
137 180
137 181
137 182
137 183
137 184
137 199
137 200
137 203
137 212
137 218
137 221
137 223
137 226
137 230
137 233
137 239
138 139
138 140
138 141
138 142
138 143
138 144
138 146
138 147
138 149
138 100
138 102
138 103
138 104
138 106
138 108
138 110
138 111
138 112
138 114
138 115
138 116
138 117
138 118
138 119
138 120
138 121
138 122
138 124
138 125
138 126
138 127
138 153
138 155
138 156
138 158
138 160
138 161
138 166
138 169
138 170
138 172
138 173
138 185
138 189
138 192
138 196
138 198
138 199
138 203
138 206
138 209
138 212
138 221
138 222
138 223
138 225
138 228
138 230
138 238
138 243
139 140
139 141
139 143
139 147
139 148
139 149
139 100
139 103
139 104
139 105
139 106
139 107
139 108
139 109
139 110
139 111
139 112
139 113
139 114
139 115
139 116
139 117
139 118
139 120
139 123
139 124
139 125
139 126
139 127
139 152
139 155
139 160
139 164
139 173
139 177
139 181
139 185
139 186
139 190
139 194
139 196
139 198
139 199
139 203
139 211
139 212
139 213
139 217
139 218
139 223
139 226
139 228
139 229
139 230
139 234
139 236
139 240
139 244
140 141
140 142
140 143
140 144
140 146
140 147
140 148
140 149
140 100
140 101
140 102
140 104
140 105
140 106
140 107
140 108
140 110
140 112
140 114
140 116
140 117
140 118
140 119
140 120
140 121
140 123
140 124
140 125
140 126
140 127
140 150
140 152
140 154
140 156
140 157
140 159
140 160
140 162
140 172
140 182
140 186
140 187
140 188
140 190
140 195
140 197
140 198
140 202
140 204
140 210
140 211
140 212
140 220
140 221
140 227
140 229
140 230
140 231
140 235
140 236
140 237
140 238
140 243
141 142
141 143
141 144
141 145
141 146
141 147
141 149
141 100
141 101
141 102
141 103
141 104
141 105
141 107
141 108
141 109
141 110
141 111
141 113
141 114
141 116
141 117
141 119
141 120
141 121
141 122
141 125
141 127
141 152
141 158
141 171
141 175
141 182
141 189
141 191
141 192
141 194
141 195
141 196
141 198
141 199
141 201
141 203
141 204
141 207
141 210
141 211
141 217
141 224
141 228
141 233
141 234
141 235
141 237
141 238
141 246
142 143
142 144
142 146
142 147
142 148
142 149
142 101
142 102
142 104
142 105
142 106
142 107
142 108
142 109
142 110
142 111
142 112
142 113
142 114
142 115
142 116
142 118
142 120
142 121
142 122
142 123
142 124
142 125
142 126
142 155
142 173
142 175
142 176
142 177
142 184
142 185
142 193
142 194
142 196
142 198
142 202
142 204
142 205
142 206
142 211
142 220
142 233
142 235
142 236
142 238
142 242
143 144
143 145
143 146
143 147
143 148
143 149
143 101
143 103
143 104
143 105
143 106
143 107
143 108
143 109
143 112
143 114
143 115
143 116
143 117
143 118
143 119
143 120
143 121
143 122
143 123
143 124
143 125
143 126
143 127
143 150
143 151
143 153
143 156
143 162
143 174
143 175
143 179
143 180
143 185
143 187
143 188
143 189
143 190
143 197
143 202
143 204
143 206
143 208
143 210
143 214
143 215
143 216
143 230
143 234
143 236
143 237
143 240
143 241
143 248
143 249
144 145
144 146
144 147
144 149
144 100
144 101
144 102
144 103
144 105
144 106
144 107
144 108
144 109
144 110
144 111
144 112
144 114
144 115
144 116
144 117
144 118
144 119
144 120
144 121
144 122
144 123
144 124
144 125
144 127
144 159
144 160
144 163
144 164
144 165
144 177
144 181
144 182
144 188
144 189
144 191
144 195
144 200
144 202
144 204
144 205
144 206
144 213
144 216
144 218
144 222
144 230
144 232
144 233
144 238
144 239
144 240
144 245
144 249
145 146
145 147
145 149
145 102
145 103
145 104
145 105
145 106
145 107
145 108
145 110
145 111
145 113
145 114
145 115
145 116
145 117
145 118
145 120
145 121
145 122
145 123
145 124
145 127
145 154
145 155
145 156
145 159
145 166
145 167
145 172
145 173
145 177
145 178
145 182
145 185
145 186
145 187
145 189
145 190
145 192
145 197
145 207
145 211
145 217
145 218
145 220
145 227
145 229
145 231
145 243
145 245
145 246
146 149
146 100
146 101
146 102
146 103
146 105
146 106
146 107
146 108
146 110
146 111
146 112
146 113
146 114
146 116
146 117
146 118
146 119
146 120
146 121
146 124
146 125
146 126
146 127
146 153
146 154
146 156
146 160
146 162
146 164
146 166
146 168
146 171
146 172
146 173
146 175
146 177
146 179
146 185
146 186
146 192
146 198
146 202
146 203
146 205
146 208
146 216
146 217
146 218
146 219
146 226
146 227
146 228
146 234
146 238
146 242
146 245
146 246
146 247
147 148
147 100
147 101
147 102
147 103
147 104
147 105
147 108
147 109
147 110
147 111
147 113
147 114
147 115
147 117
147 118
147 119
147 121
147 122
147 123
147 124
147 125
147 126
147 127
147 152
147 154
147 158
147 159
147 161
147 172
147 183
147 184
147 186
147 194
147 195
147 197
147 198
147 200
147 202
147 203
147 208
147 214
147 220
147 221
147 222
147 224
147 226
147 229
147 231
147 240
147 241
147 242
147 245
148 149
148 100
148 101
148 102
148 104
148 105
148 106
148 107
148 108
148 109
148 110
148 111
148 112
148 113
148 114
148 115
148 116
148 117
148 118
148 120
148 121
148 122
148 125
148 126
148 127
148 153
148 155
148 156
148 159
148 161
148 162
148 164
148 167
148 168
148 169
148 170
148 173
148 179
148 181
148 192
148 193
148 194
148 195
148 202
148 209
148 212
148 214
148 218
148 224
148 226
148 228
148 235
148 236
148 239
148 240
148 241
148 245
149 100
149 101
149 102
149 103
149 104
149 105
149 106
149 107
149 108
149 109
149 112
149 113
149 115
149 116
149 117
149 119
149 120
149 122
149 123
149 124
149 125
149 126
149 127
149 155
149 157
149 160
149 162
149 165
149 177
149 178
149 182
149 185
149 188
149 190
149 191
149 192
149 194
149 204
149 206
149 208
149 214
149 217
149 219
149 220
149 225
149 226
149 233
149 235
149 236
149 238
149 241
149 242
149 245
149 247
100 101
100 102
100 103
100 105
100 107
100 108
100 109
100 110
100 113
100 114
100 115
100 116
100 117
100 118
100 119
100 122
100 124
100 126
100 127
100 151
100 152
100 153
100 155
100 170
100 173
100 174
100 179
100 183
100 185
100 188
100 190
100 191
100 193
100 194
100 200
100 205
100 208
100 209
100 210
100 211
100 218
100 219
100 226
100 228
100 231
100 236
100 239
100 240
100 244
100 248
101 103
101 104
101 105
101 106
101 107
101 108
101 109
101 110
101 111
101 112
101 113
101 114
101 115
101 117
101 119
101 120
101 122
101 123
101 124
101 125
101 126
101 153
101 154
101 159
101 162
101 168
101 169
101 176
101 190
101 191
101 192
101 194
101 206
101 207
101 212
101 215
101 216
101 218
101 219
101 222
101 223
101 227
101 232
101 235
101 236
101 249
102 104
102 105
102 106
102 107
102 108
102 109
102 110
102 111
102 112
102 113
102 114
102 115
102 117
102 119
102 120
102 121
102 122
102 123
102 126
102 127
102 155
102 156
102 163
102 164
102 166
102 167
102 173
102 183
102 187
102 191
102 200
102 201
102 202
102 203
102 207
102 209
102 212
102 214
102 216
102 218
102 219
102 224
102 225
102 226
102 227
102 228
102 232
102 234
102 237
102 241
102 244
102 248
103 104
103 105
103 106
103 108
103 109
103 110
103 111
103 112
103 113
103 114
103 115
103 117
103 118
103 119
103 120
103 121
103 122
103 123
103 124
103 126
103 127
103 155
103 159
103 169
103 171
103 172
103 173
103 175
103 181
103 182
103 189
103 190
103 195
103 196
103 205
103 207
103 213
103 217
103 218
103 219
103 221
103 222
103 227
103 232
103 235
103 237
103 238
103 242
103 244
103 247
103 249
104 105
104 106
104 107
104 108
104 111
104 113
104 114
104 115
104 116
104 117
104 118
104 119
104 120
104 121
104 123
104 124
104 125
104 126
104 127
104 151
104 154
104 155
104 156
104 164
104 166
104 172
104 173
104 175
104 181
104 182
104 184
104 185
104 189
104 190
104 193
104 194
104 206
104 207
104 210
104 212
104 213
104 218
104 220
104 224
104 229
104 232
104 241
104 244
104 249
105 107
105 108
105 109
105 110
105 111
105 113
105 114
105 115
105 116
105 117
105 118
105 119
105 120
105 121
105 122
105 123
105 124
105 125
105 126
105 127
105 153
105 155
105 160
105 161
105 162
105 163
105 165
105 167
105 171
105 173
105 174
105 176
105 177
105 180
105 186
105 190
105 193
105 194
105 196
105 204
105 211
105 214
105 223
105 230
105 233
105 234
105 242
106 107
106 108
106 109
106 110
106 111
106 112
106 113
106 114
106 115
106 116
106 117
106 118
106 119
106 120
106 121
106 122
106 123
106 124
106 125
106 126
106 127
106 150
106 156
106 157
106 158
106 161
106 168
106 169
106 172
106 173
106 176
106 181
106 182
106 183
106 184
106 187
106 193
106 194
106 197
106 198
106 201
106 207
106 219
106 231
106 235
106 238
106 239
106 242
106 245
106 246
106 247
107 110
107 111
107 112
107 113
107 114
107 115
107 116
107 117
107 119
107 120
107 121
107 122
107 123
107 124
107 126
107 127
107 150
107 151
107 152
107 154
107 156
107 159
107 162
107 165
107 166
107 172
107 174
107 178
107 180
107 185
107 187
107 188
107 195
107 196
107 201
107 210
107 211
107 218
107 227
107 228
107 229
107 231
107 237
107 238
107 243
107 247
107 248
108 109
108 110
108 111
108 112
108 113
108 114
108 115
108 116
108 117
108 119
108 120
108 121
108 122
108 123
108 124
108 125
108 150
108 151
108 158
108 159
108 164
108 165
108 168
108 173
108 174
108 178
108 189
108 194
108 195
108 198
108 201
108 207
108 221
108 223
108 224
108 226
108 231
108 238
108 241
108 242
109 110
109 111
109 112
109 113
109 114
109 115
109 117
109 118
109 119
109 120
109 121
109 122
109 123
109 124
109 126
109 127
109 151
109 163
109 169
109 170
109 177
109 182
109 186
109 188
109 189
109 190
109 195
109 196
109 201
109 203
109 205
109 207
109 211
109 215
109 223
109 228
109 229
109 238
109 242
109 244
110 111
110 112
110 114
110 115
110 117
110 119
110 121
110 122
110 124
110 126
110 127
110 152
110 154
110 159
110 160
110 165
110 168
110 171
110 173
110 181
110 188
110 190
110 192
110 195
110 197
110 199
110 200
110 202
110 206
110 208
110 211
110 213
110 215
110 217
110 221
110 226
110 227
110 231
110 236
110 240
110 241
110 245
111 113
111 114
111 115
111 116
111 117
111 118
111 119
111 120
111 122
111 123
111 124
111 125
111 126
111 151
111 156
111 163
111 164
111 166
111 171
111 175
111 176
111 183
111 184
111 187
111 189
111 190
111 196
111 197
111 200
111 202
111 205
111 215
111 219
111 220
111 228
111 230
111 232
111 237
111 238
111 243
111 246
111 247
112 113
112 114
112 115
112 116
112 117
112 119
112 120
112 121
112 122
112 124
112 125
112 126
112 127
112 151
112 156
112 157
112 158
112 160
112 161
112 162
112 165
112 169
112 186
112 187
112 194
112 197
112 199
112 202
112 204
112 205
112 206
112 214
112 217
112 218
112 219
112 225
112 230
112 231
112 233
112 241
112 242
112 245
112 247
113 115
113 116
113 118
113 120
113 122
113 123
113 124
113 125
113 154
113 155
113 158
113 159
113 160
113 163
113 165
113 167
113 170
113 177
113 181
113 186
113 190
113 191
113 192
113 195
113 197
113 199
113 208
113 214
113 215
113 223
113 225
113 228
113 229
113 231
113 239
113 243
113 244
113 245
113 248
113 249
114 115
114 117
114 118
114 119
114 121
114 122
114 123
114 125
114 126
114 152
114 156
114 158
114 161
114 162
114 167
114 172
114 177
114 178
114 185
114 191
114 192
114 196
114 197
114 199
114 206
114 207
114 210
114 219
114 220
114 222
114 223
114 226
114 228
114 231
114 232
114 234
114 235
114 243
115 116
115 117
115 119
115 120
115 121
115 122
115 124
115 125
115 126
115 150
115 151
115 164
115 173
115 174
115 176
115 181
115 184
115 185
115 186
115 188
115 189
115 190
115 193
115 195
115 200
115 201
115 203
115 204
115 209
115 212
115 214
115 219
115 222
115 226
115 228
115 230
115 233
115 237
115 238
115 239
115 242
115 243
115 247
115 248
116 117
116 119
116 120
116 121
116 122
116 123
116 125
116 126
116 150
116 154
116 156
116 162
116 163
116 166
116 167
116 168
116 170
116 172
116 174
116 183
116 186
116 187
116 188
116 189
116 198
116 203
116 206
116 208
116 209
116 210
116 212
116 214
116 215
116 216
116 217
116 218
116 219
116 221
116 229
116 231
116 232
116 233
116 236
116 243
116 245
116 248
116 249
117 119
117 120
117 121
117 122
117 123
117 125
117 126
117 127
117 154
117 157
117 170
117 171
117 173
117 177
117 178
117 182
117 195
117 197
117 200
117 204
117 209
117 216
117 217
117 220
117 223
117 232
117 242
117 245
117 246
117 247
117 249
118 119
118 120
118 121
118 122
118 123
118 124
118 125
118 126
118 127
118 150
118 155
118 164
118 165
118 168
118 170
118 173
118 175
118 183
118 184
118 186
118 189
118 193
118 194
118 198
118 203
118 208
118 210
118 214
118 218
118 219
118 220
118 222
118 228
118 229
118 231
118 232
118 233
118 240
118 244
118 246
118 249
119 120
119 121
119 122
119 123
119 124
119 127
119 153
119 154
119 155
119 160
119 162
119 169
119 174
119 178
119 181
119 184
119 192
119 193
119 194
119 195
119 196
119 199
119 201
119 202
119 203
119 204
119 205
119 207
119 215
119 217
119 220
119 223
119 225
119 228
119 237
119 240
119 246
120 121
120 122
120 123
120 124
120 125
120 127
120 154
120 157
120 158
120 169
120 170
120 171
120 175
120 181
120 188
120 189
120 191
120 194
120 197
120 203
120 206
120 210
120 211
120 218
120 219
120 222
120 223
120 231
120 233
120 234
120 246
120 248
121 122
121 123
121 124
121 125
121 126
121 150
121 152
121 160
121 162
121 174
121 175
121 184
121 185
121 187
121 188
121 192
121 194
121 196
121 198
121 207
121 209
121 211
121 213
121 214
121 215
121 225
121 226
121 227
121 229
121 230
121 233
121 238
121 242
121 245
122 124
122 126
122 127
122 152
122 156
122 162
122 166
122 171
122 174
122 178
122 179
122 181
122 182
122 184
122 195
122 198
122 199
122 202
122 204
122 205
122 207
122 208
122 210
122 214
122 215
122 217
122 218
122 222
122 224
122 228
122 234
122 236
122 238
122 242
122 246
123 125
123 126
123 127
123 158
123 160
123 171
123 181
123 182
123 185
123 189
123 192
123 195
123 200
123 201
123 217
123 218
123 228
123 230
123 233
123 235
123 246
123 248
124 125
124 126
124 127
124 153
124 159
124 162
124 166
124 173
124 175
124 176
124 177
124 179
124 182
124 184
124 186
124 187
124 191
124 192
124 195
124 197
124 201
124 203
124 206
124 212
124 221
124 224
124 237
124 239
124 240
124 243
124 245
124 247
125 126
125 127
125 150
125 151
125 153
125 157
125 158
125 159
125 162
125 166
125 170
125 178
125 180
125 181
125 185
125 187
125 188
125 190
125 191
125 196
125 201
125 203
125 207
125 208
125 211
125 212
125 215
125 216
125 222
125 223
125 226
125 231
125 233
125 237
125 239
125 240
125 244
125 247
126 127
126 158
126 164
126 165
126 166
126 167
126 169
126 171
126 175
126 177
126 179
126 180
126 181
126 184
126 195
126 198
126 200
126 201
126 202
126 203
126 204
126 207
126 212
126 213
126 214
126 217
126 220
126 221
126 224
126 226
126 229
126 240
126 248
127 160
127 163
127 164
127 166
127 167
127 169
127 173
127 177
127 179
127 183
127 186
127 189
127 193
127 194
127 195
127 201
127 203
127 204
127 205
127 209
127 211
127 213
127 215
127 219
127 223
127 226
127 228
127 230
127 231
127 234
127 241
127 242
127 246
127 247
150 151
150 152
150 153
150 154
150 156
150 157
150 158
150 159
150 160
150 161
150 162
150 163
150 164
150 166
150 167
150 168
150 169
150 170
150 171
150 172
150 176
150 179
150 180
150 181
150 182
150 183
150 184
150 185
150 186
150 187
150 188
150 189
150 190
150 191
150 192
150 193
150 194
150 195
150 196
150 199
150 202
150 203
150 207
150 210
150 211
150 216
150 220
150 222
150 228
150 230
150 232
150 235
150 238
150 239
150 240
150 241
150 242
150 244
150 248
150 249
151 152
151 154
151 155
151 157
151 161
151 162
151 163
151 164
151 165
151 166
151 167
151 168
151 169
151 170
151 171
151 173
151 174
151 175
151 177
151 178
151 179
151 180
151 181
151 182
151 183
151 184
151 186
151 187
151 188
151 190
151 191
151 192
151 193
151 196
151 198
151 199
151 200
151 203
151 212
151 216
151 217
151 224
151 226
151 231
151 233
151 243
151 244
151 246
151 247
151 248
152 153
152 154
152 155
152 156
152 157
152 158
152 159
152 161
152 162
152 163
152 164
152 165
152 166
152 167
152 168
152 169
152 170
152 171
152 172
152 173
152 174
152 176
152 177
152 178
152 179
152 180
152 182
152 183
152 184
152 186
152 187
152 188
152 189
152 192
152 193
152 194
152 195
152 196
152 199
152 203
152 204
152 208
152 209
152 213
152 220
152 225
152 226
152 229
152 230
152 233
152 236
152 239
152 240
152 242
152 244
153 154
153 158
153 159
153 160
153 161
153 162
153 164
153 165
153 166
153 167
153 168
153 169
153 170
153 172
153 173
153 174
153 176
153 177
153 178
153 179
153 180
153 182
153 183
153 184
153 185
153 186
153 187
153 188
153 189
153 190
153 191
153 193
153 194
153 195
153 196
153 198
153 199
153 204
153 205
153 207
153 209
153 211
153 215
153 216
153 217
153 218
153 228
153 231
153 232
153 234
153 236
153 237
153 238
153 241
153 242
153 243
153 245
153 248
154 155
154 156
154 157
154 158
154 159
154 160
154 161
154 163
154 164
154 165
154 167
154 168
154 169
154 170
154 171
154 172
154 175
154 176
154 177
154 180
154 181
154 182
154 183
154 184
154 185
154 186
154 187
154 188
154 190
154 191
154 193
154 194
154 195
154 197
154 198
154 202
154 204
154 205
154 210
154 212
154 213
154 214
154 215
154 219
154 227
154 230
154 231
154 234
154 235
154 237
154 239
154 241
155 156
155 158
155 159
155 160
155 161
155 162
155 163
155 164
155 165
155 166
155 168
155 169
155 170
155 171
155 172
155 174
155 175
155 176
155 177
155 179
155 180
155 181
155 183
155 186
155 187
155 190
155 191
155 192
155 194
155 195
155 196
155 197
155 198
155 199
155 209
155 210
155 212
155 216
155 221
155 227
155 229
155 230
155 231
155 234
155 237
155 240
155 242
155 245
155 248
155 249
156 157
156 158
156 159
156 160
156 161
156 162
156 163
156 164
156 165
156 166
156 167
156 168
156 169
156 170
156 171
156 172
156 173
156 174
156 175
156 179
156 180
156 181
156 183
156 184
156 185
156 186
156 187
156 188
156 189
156 190
156 191
156 192
156 193
156 194
156 195
156 196
156 197
156 198
156 199
156 200
156 203
156 204
156 206
156 212
156 223
156 224
156 230
156 231
156 234
156 241
156 244
156 248
157 158
157 159
157 160
157 162
157 163
157 164
157 165
157 166
157 167
157 168
157 169
157 170
157 171
157 172
157 173
157 174
157 175
157 176
157 178
157 179
157 180
157 181
157 182
157 183
157 184
157 186
157 187
157 188
157 189
157 190
157 193
157 194
157 195
157 196
157 198
157 200
157 212
157 217
157 222
157 225
157 227
157 228
157 229
157 233
157 234
157 241
157 242
157 248
158 159
158 160
158 161
158 162
158 163
158 165
158 166
158 169
158 170
158 171
158 173
158 174
158 176
158 177
158 178
158 179
158 180
158 181
158 183
158 184
158 186
158 187
158 188
158 189
158 190
158 191
158 192
158 193
158 194
158 195
158 196
158 198
158 199
158 201
158 202
158 203
158 206
158 208
158 210
158 213
158 217
158 219
158 221
158 222
158 227
158 228
158 229
158 234
158 240
158 244
158 248
158 249
159 161
159 162
159 164
159 165
159 169
159 170
159 171
159 172
159 174
159 176
159 178
159 180
159 181
159 182
159 183
159 184
159 185
159 187
159 189
159 190
159 192
159 193
159 194
159 195
159 198
159 200
159 209
159 213
159 214
159 217
159 223
159 228
159 229
159 232
159 236
159 237
159 239
159 242
159 243
159 245
159 247
160 162
160 163
160 164
160 165
160 166
160 167
160 169
160 172
160 173
160 174
160 175
160 176
160 177
160 178
160 179
160 180
160 182
160 183
160 184
160 185
160 188
160 189
160 190
160 191
160 192
160 193
160 194
160 195
160 196
160 197
160 198
160 199
160 201
160 202
160 207
160 210
160 222
160 223
160 225
160 226
160 227
160 239
160 241
160 242
160 243
160 245
160 246
160 248
161 162
161 163
161 164
161 167
161 168
161 170
161 171
161 172
161 173
161 175
161 176
161 177
161 178
161 179
161 181
161 182
161 185
161 186
161 187
161 188
161 189
161 190
161 191
161 192
161 193
161 194
161 196
161 199
161 200
161 205
161 206
161 209
161 218
161 224
161 230
161 232
161 238
162 164
162 165
162 166
162 167
162 168
162 169
162 170
162 171
162 172
162 177
162 178
162 179
162 180
162 181
162 182
162 183
162 184
162 185
162 186
162 187
162 188
162 193
162 194
162 195
162 196
162 197
162 198
162 199
162 205
162 207
162 216
162 227
162 228
162 232
162 237
163 165
163 166
163 168
163 169
163 170
163 171
163 172
163 173
163 174
163 175
163 176
163 177
163 178
163 179
163 180
163 181
163 182
163 183
163 184
163 186
163 187
163 188
163 189
163 190
163 191
163 192
163 193
163 194
163 196
163 197
163 198
163 199
163 201
163 203
163 205
163 210
163 211
163 213
163 215
163 218
163 226
163 227
163 232
163 234
163 241
163 243
163 244
163 245
164 167
164 168
164 169
164 170
164 171
164 172
164 173
164 175
164 176
164 177
164 178
164 179
164 180
164 181
164 183
164 184
164 187
164 188
164 189
164 190
164 191
164 192
164 193
164 194
164 195
164 196
164 198
164 199
164 200
164 207
164 208
164 210
164 212
164 216
164 218
164 221
164 222
164 227
164 229
164 234
164 236
164 238
164 240
164 242
164 244
164 246
165 166
165 168
165 169
165 170
165 171
165 172
165 173
165 174
165 175
165 178
165 179
165 180
165 182
165 183
165 184
165 185
165 186
165 187
165 188
165 189
165 190
165 191
165 193
165 194
165 195
165 196
165 197
165 198
165 199
165 201
165 205
165 209
165 214
165 220
165 228
165 238
165 244
166 167
166 168
166 169
166 170
166 171
166 172
166 173
166 174
166 175
166 176
166 177
166 178
166 179
166 180
166 182
166 183
166 185
166 186
166 187
166 188
166 189
166 190
166 192
166 193
166 194
166 195
166 196
166 197
166 202
166 207
166 209
166 210
166 213
166 216
166 218
166 220
166 229
166 233
166 234
166 235
166 237
166 239
166 240
166 247
167 168
167 169
167 172
167 174
167 175
167 177
167 178
167 179
167 181
167 182
167 183
167 185
167 187
167 188
167 189
167 190
167 191
167 192
167 193
167 194
167 195
167 196
167 197
167 199
167 203
167 207
167 209
167 211
167 215
167 220
167 228
167 229
167 233
167 234
167 237
167 239
167 245
167 248
168 169
168 173
168 174
168 176
168 179
168 182
168 183
168 184
168 185
168 187
168 188
168 189
168 190
168 191
168 192
168 193
168 194
168 196
168 197
168 198
168 199
168 202
168 207
168 210
168 218
168 220
168 221
168 225
168 231
168 232
168 234
168 239
168 246
168 247
168 249
169 170
169 171
169 172
169 173
169 174
169 175
169 176
169 177
169 178
169 179
169 180
169 181
169 182
169 183
169 184
169 185
169 186
169 187
169 188
169 189
169 190
169 191
169 192
169 193
169 195
169 196
169 197
169 198
169 199
169 204
169 209
169 211
169 212
169 215
169 217
169 218
169 220
169 222
169 225
169 229
169 231
169 233
169 239
169 242
169 244
170 171
170 172
170 173
170 174
170 177
170 178
170 179
170 181
170 183
170 184
170 185
170 187
170 188
170 189
170 191
170 192
170 193
170 194
170 195
170 196
170 200
170 205
170 206
170 209
170 210
170 215
170 216
170 217
170 219
170 221
170 222
170 224
170 229
170 232
170 238
170 240
170 241
170 244
170 246
171 172
171 173
171 174
171 175
171 176
171 177
171 178
171 180
171 181
171 182
171 183
171 184
171 186
171 190
171 191
171 192
171 193
171 194
171 195
171 196
171 197
171 199
171 204
171 212
171 217
171 223
171 228
171 230
171 234
171 237
171 240
171 242
171 243
171 244
171 248
172 173
172 174
172 175
172 176
172 178
172 179
172 180
172 181
172 182
172 183
172 184
172 185
172 186
172 187
172 188
172 189
172 192
172 193
172 194
172 195
172 196
172 198
172 199
172 204
172 205
172 208
172 209
172 210
172 211
172 212
172 213
172 216
172 218
172 223
172 225
172 227
172 228
172 231
172 233
172 234
172 243
172 246
172 247
173 175
173 176
173 178
173 179
173 180
173 181
173 182
173 183
173 184
173 185
173 186
173 188
173 189
173 191
173 192
173 194
173 195
173 196
173 197
173 200
173 201
173 208
173 210
173 211
173 212
173 215
173 218
173 223
173 224
173 233
173 242
173 243
173 245
174 175
174 177
174 178
174 179
174 180
174 181
174 182
174 183
174 184
174 185
174 186
174 187
174 189
174 190
174 191
174 192
174 193
174 194
174 195
174 196
174 197
174 198
174 199
174 205
174 207
174 209
174 211
174 213
174 223
174 226
174 227
174 240
175 176
175 177
175 179
175 180
175 181
175 183
175 184
175 185
175 187
175 188
175 189
175 190
175 191
175 192
175 193
175 195
175 196
175 197
175 200
175 204
175 210
175 214
175 217
175 220
175 222
175 223
175 227
175 236
175 237
175 243
175 244
175 246
175 249
176 177
176 178
176 181
176 183
176 186
176 187
176 188
176 189
176 190
176 194
176 195
176 196
176 197
176 198
176 199
176 200
176 201
176 205
176 209
176 213
176 216
176 218
176 219
176 223
176 225
176 231
176 235
176 240
176 241
176 242
176 243
176 247
176 248
176 249
177 178
177 179
177 180
177 181
177 183
177 184
177 186
177 187
177 188
177 189
177 192
177 193
177 194
177 195
177 196
177 197
177 199
177 207
177 208
177 209
177 216
177 218
177 223
177 224
177 229
177 231
177 235
177 237
178 179
178 180
178 181
178 182
178 183
178 185
178 186
178 187
178 188
178 189
178 190
178 191
178 192
178 193
178 194
178 195
178 196
178 197
178 199
178 203
178 210
178 211
178 219
178 220
178 221
178 224
178 228
178 229
178 230
178 233
178 234
178 235
178 237
178 238
178 249
179 181
179 182
179 183
179 184
179 185
179 186
179 187
179 188
179 191
179 192
179 193
179 194
179 195
179 196
179 197
179 198
179 199
179 202
179 204
179 209
179 216
179 217
179 218
179 227
179 232
179 237
179 239
179 241
179 242
179 243
179 249
180 181
180 182
180 183
180 185
180 187
180 188
180 191
180 192
180 193
180 194
180 195
180 197
180 203
180 206
180 213
180 214
180 216
180 219
180 220
180 221
180 223
180 224
180 225
180 226
180 227
180 236
180 237
180 239
180 240
180 241
180 242
180 243
181 184
181 185
181 186
181 187
181 188
181 189
181 192
181 193
181 194
181 195
181 196
181 197
181 202
181 204
181 205
181 210
181 212
181 217
181 225
181 226
181 231
181 232
181 233
181 239
181 240
181 243
181 245
181 246
181 247
182 183
182 184
182 185
182 186
182 187
182 188
182 189
182 190
182 192
182 193
182 195
182 196
182 197
182 198
182 199
182 200
182 201
182 204
182 205
182 206
182 209
182 211
182 217
182 224
182 225
182 228
182 234
182 239
182 240
182 242
182 243
182 248
183 184
183 186
183 188
183 189
183 190
183 191
183 192
183 193
183 194
183 197
183 198
183 199
183 203
183 204
183 207
183 208
183 217
183 218
183 220
183 223
183 231
183 234
183 236
183 237
183 238
183 241
183 246
183 247
184 185
184 186
184 187
184 188
184 190
184 191
184 192
184 193
184 194
184 195
184 196
184 197
184 198
184 208
184 212
184 214
184 220
184 221
184 222
184 224
184 228
184 232
184 237
184 243
184 246
185 186
185 187
185 188
185 189
185 190
185 191
185 192
185 193
185 194
185 197
185 198
185 199
185 203
185 204
185 205
185 213
185 215
185 219
185 220
185 221
185 224
185 226
185 229
185 230
185 231
185 233
185 235
185 241
185 242
185 244
185 248
185 249
186 187
186 188
186 189
186 190
186 192
186 193
186 194
186 195
186 196
186 198
186 199
186 200
186 203
186 205
186 206
186 207
186 211
186 216
186 219
186 220
186 233
186 236
186 238
186 241
186 244
186 245
186 248
187 188
187 189
187 191
187 192
187 193
187 194
187 195
187 196
187 197
187 198
187 199
187 200
187 201
187 209
187 210
187 211
187 220
187 225
187 228
187 230
187 239
187 240
187 242
187 244
187 246
187 247
188 189
188 190
188 191
188 192
188 193
188 194
188 195
188 196
188 197
188 198
188 199
188 200
188 202
188 205
188 207
188 212
188 213
188 214
188 215
188 217
188 218
188 220
188 231
188 232
188 238
188 240
188 241
188 243
188 245
188 249
189 190
189 192
189 193
189 194
189 195
189 198
189 199
189 200
189 205
189 207
189 210
189 212
189 215
189 217
189 219
189 226
189 236
189 243
189 244
190 191
190 192
190 193
190 194
190 195
190 196
190 197
190 198
190 199
190 202
190 204
190 206
190 209
190 216
190 222
190 226
190 227
190 230
190 236
190 238
190 243
190 249
191 192
191 195
191 196
191 198
191 199
191 210
191 212
191 218
191 220
191 225
191 229
191 234
191 236
191 243
191 244
191 246
192 193
192 194
192 197
192 198
192 199
192 202
192 210
192 212
192 213
192 214
192 217
192 222
192 229
192 231
192 239
192 240
192 243
192 244
192 245
193 194
193 195
193 196
193 197
193 198
193 199
193 204
193 210
193 214
193 219
193 221
193 233
193 237
193 245
193 248
193 249
194 196
194 197
194 198
194 199
194 201
194 206
194 217
194 219
194 220
194 224
194 229
194 230
194 231
194 233
194 235
194 239
194 240
194 246
195 196
195 198
195 199
195 201
195 203
195 204
195 211
195 213
195 220
195 221
195 225
195 236
195 238
195 242
195 243
195 245
196 197
196 198
196 199
196 200
196 202
196 205
196 206
196 207
196 209
196 211
196 212
196 216
196 217
196 221
196 222
196 223
196 225
196 229
196 235
196 237
196 246
197 198
197 199
197 204
197 205
197 206
197 209
197 211
197 215
197 216
197 217
197 221
197 231
197 232
197 235
197 245
197 247
198 200
198 201
198 202
198 206
198 209
198 211
198 213
198 220
198 228
198 232
198 233
198 234
198 235
198 236
198 240
198 244
198 248
199 200
199 201
199 203
199 208
199 216
199 222
199 223
199 227
199 233
199 234
199 236
199 237
199 238
199 244
199 245
200 203
200 204
200 205
200 206
200 207
200 208
200 209
200 212
200 214
200 216
200 217
200 218
200 220
200 222
200 223
200 224
200 225
200 227
200 231
200 232
200 233
200 234
200 235
200 236
200 238
200 239
200 240
200 241
200 242
200 244
200 245
200 246
200 247
200 248
200 249
201 202
201 203
201 204
201 206
201 207
201 209
201 212
201 214
201 215
201 216
201 217
201 218
201 221
201 222
201 223
201 224
201 225
201 226
201 227
201 228
201 231
201 232
201 233
201 234
201 237
201 238
201 239
201 240
201 241
201 242
201 243
201 246
201 247
201 248
201 249
202 204
202 205
202 206
202 207
202 208
202 209
202 210
202 211
202 212
202 213
202 214
202 215
202 216
202 217
202 219
202 220
202 221
202 222
202 223
202 224
202 225
202 226
202 227
202 228
202 230
202 232
202 233
202 234
202 235
202 236
202 237
202 238
202 239
202 240
202 241
202 242
202 243
202 244
202 245
202 246
202 247
202 248
203 205
203 207
203 208
203 209
203 210
203 212
203 214
203 215
203 216
203 218
203 219
203 221
203 222
203 223
203 224
203 225
203 227
203 228
203 229
203 230
203 231
203 232
203 233
203 234
203 235
203 236
203 237
203 238
203 239
203 240
203 241
203 243
203 244
203 247
203 248
203 249
204 206
204 207
204 208
204 209
204 210
204 212
204 213
204 214
204 215
204 216
204 218
204 219
204 222
204 223
204 224
204 226
204 227
204 228
204 230
204 231
204 232
204 233
204 234
204 235
204 236
204 237
204 238
204 239
204 242
204 243
204 244
204 245
204 246
204 247
204 248
204 249
205 206
205 207
205 210
205 211
205 212
205 214
205 215
205 217
205 218
205 219
205 221
205 222
205 223
205 225
205 226
205 227
205 228
205 229
205 232
205 233
205 234
205 235
205 236
205 237
205 241
205 242
205 243
205 244
205 246
205 247
205 249
206 207
206 208
206 209
206 212
206 213
206 214
206 215
206 216
206 217
206 218
206 219
206 220
206 221
206 222
206 223
206 224
206 225
206 226
206 227
206 228
206 230
206 231
206 232
206 233
206 234
206 235
206 236
206 237
206 238
206 239
206 241
206 242
206 243
206 244
206 245
206 246
206 247
206 249
207 208
207 209
207 210
207 211
207 212
207 213
207 214
207 215
207 216
207 218
207 219
207 220
207 222
207 223
207 225
207 226
207 227
207 228
207 230
207 231
207 232
207 233
207 234
207 236
207 239
207 241
207 242
207 243
207 245
207 246
207 247
207 248
207 249
208 209
208 210
208 211
208 212
208 213
208 214
208 215
208 216
208 217
208 218
208 219
208 220
208 222
208 224
208 225
208 226
208 227
208 228
208 229
208 230
208 231
208 232
208 233
208 235
208 236
208 238
208 239
208 241
208 242
208 243
208 244
208 245
208 247
208 248
208 249
209 210
209 211
209 212
209 213
209 214
209 216
209 217
209 218
209 220
209 221
209 226
209 227
209 228
209 229
209 230
209 231
209 233
209 234
209 235
209 236
209 237
209 238
209 239
209 241
209 242
209 243
209 244
209 245
209 246
209 247
209 248
209 249
210 211
210 213
210 214
210 215
210 216
210 217
210 218
210 219
210 220
210 223
210 225
210 226
210 227
210 228
210 229
210 230
210 231
210 232
210 233
210 234
210 235
210 236
210 237
210 238
210 239
210 240
210 241
210 242
210 244
210 245
210 246
210 247
210 248
210 249
211 214
211 215
211 216
211 217
211 218
211 219
211 220
211 221
211 222
211 225
211 226
211 227
211 228
211 229
211 230
211 231
211 232
211 233
211 236
211 237
211 239
211 240
211 242
211 244
211 246
211 248
211 249
212 213
212 214
212 215
212 216
212 217
212 218
212 219
212 220
212 221
212 222
212 223
212 224
212 225
212 226
212 227
212 229
212 230
212 232
212 234
212 235
212 236
212 237
212 238
212 239
212 240
212 241
212 242
212 243
212 244
212 245
212 246
212 247
212 249
213 214
213 215
213 217
213 218
213 219
213 220
213 221
213 222
213 223
213 224
213 225
213 227
213 228
213 229
213 230
213 231
213 232
213 234
213 236
213 237
213 238
213 239
213 240
213 241
213 242
213 243
213 244
213 245
213 246
213 248
213 249
214 216
214 218
214 219
214 220
214 221
214 222
214 223
214 224
214 225
214 226
214 227
214 228
214 229
214 230
214 231
214 232
214 233
214 234
214 235
214 236
214 237
214 238
214 239
214 240
214 241
214 242
214 243
214 244
214 245
214 246
214 247
214 249
215 217
215 218
215 219
215 220
215 221
215 222
215 223
215 224
215 226
215 227
215 229
215 230
215 231
215 232
215 233
215 235
215 236
215 237
215 238
215 239
215 240
215 241
215 242
215 243
215 244
215 245
215 246
215 247
215 248
216 220
216 221
216 222
216 223
216 224
216 225
216 226
216 227
216 228
216 230
216 231
216 232
216 233
216 234
216 235
216 236
216 238
216 239
216 241
216 242
216 243
216 244
216 248
217 218
217 220
217 221
217 222
217 223
217 224
217 225
217 226
217 227
217 229
217 230
217 231
217 232
217 233
217 235
217 236
217 237
217 238
217 239
217 240
217 241
217 242
217 243
217 244
217 245
217 246
217 247
217 248
218 219
218 221
218 223
218 227
218 228
218 230
218 231
218 232
218 233
218 234
218 235
218 236
218 237
218 239
218 241
218 243
218 244
218 245
218 246
218 247
218 248
218 249
219 220
219 221
219 223
219 224
219 226
219 227
219 230
219 233
219 234
219 238
219 239
219 240
219 241
219 242
219 243
219 244
219 245
219 246
219 248
220 221
220 222
220 223
220 224
220 225
220 227
220 228
220 230
220 232
220 233
220 234
220 235
220 236
220 237
220 238
220 239
220 240
220 243
220 244
220 245
220 246
220 247
220 248
220 249
221 222
221 223
221 224
221 225
221 226
221 227
221 229
221 230
221 231
221 232
221 233
221 235
221 237
221 238
221 239
221 240
221 241
221 242
221 243
221 244
221 245
221 246
221 247
221 248
221 249
222 223
222 224
222 225
222 226
222 227
222 229
222 231
222 232
222 233
222 234
222 235
222 236
222 238
222 239
222 240
222 242
222 243
222 244
222 245
222 246
222 247
222 248
222 249
223 225
223 226
223 227
223 228
223 229
223 230
223 231
223 233
223 234
223 236
223 237
223 238
223 240
223 241
223 242
223 243
223 244
223 245
223 246
223 248
223 249
224 225
224 226
224 227
224 228
224 229
224 231
224 232
224 233
224 234
224 235
224 236
224 238
224 239
224 240
224 243
224 245
224 246
224 247
224 248
224 249
225 226
225 227
225 228
225 229
225 231
225 232
225 233
225 234
225 235
225 236
225 238
225 239
225 240
225 241
225 242
225 243
225 244
225 245
225 249
226 228
226 229
226 230
226 231
226 232
226 233
226 234
226 236
226 237
226 238
226 239
226 240
226 241
226 242
226 243
226 244
226 245
226 246
226 248
227 229
227 230
227 231
227 232
227 233
227 234
227 235
227 236
227 237
227 238
227 239
227 240
227 241
227 242
227 243
227 244
227 245
227 247
227 248
227 249
228 230
228 231
228 232
228 233
228 234
228 235
228 236
228 237
228 238
228 239
228 241
228 242
228 243
228 244
228 245
228 246
228 247
228 249
229 230
229 231
229 232
229 233
229 235
229 236
229 237
229 238
229 239
229 241
229 242
229 243
229 244
229 245
229 246
229 247
229 248
230 231
230 234
230 236
230 237
230 238
230 239
230 240
230 242
230 244
230 245
230 247
230 248
230 249
231 232
231 234
231 235
231 238
231 240
231 241
231 242
231 245
231 246
231 249
232 233
232 234
232 235
232 236
232 238
232 239
232 242
232 243
232 244
232 245
232 247
232 248
232 249
233 234
233 235
233 236
233 237
233 238
233 239
233 240
233 241
233 242
233 243
233 244
233 245
233 246
233 247
233 248
233 249
234 235
234 237
234 239
234 240
234 242
234 243
234 244
234 245
234 248
234 249
235 236
235 237
235 238
235 239
235 240
235 242
235 243
235 244
235 245
235 246
235 247
235 248
235 249
236 237
236 238
236 239
236 240
236 241
236 242
236 243
236 244
236 245
236 246
236 247
236 248
237 238
237 239
237 240
237 241
237 242
237 243
237 244
237 246
237 247
237 248
237 249
238 241
238 242
238 243
238 244
238 245
238 248
239 241
239 242
239 243
239 244
239 245
239 247
239 248
240 241
240 243
240 244
240 245
240 246
240 247
240 248
240 249
241 242
241 243
241 244
241 245
241 246
241 247
241 248
241 249
242 243
242 245
242 247
242 248
242 249
243 244
243 245
243 246
243 247
243 248
243 249
244 245
244 246
244 247
244 249
245 246
245 247
245 248
246 248
246 249
247 248
248 249
