0 1
0 2
0 3
0 4
0 7
0 8
0 9
0 10
0 11
0 13
0 14
0 15
0 16
0 17
0 18
0 19
0 21
0 22
0 23
0 25
0 26
0 27
0 28
0 29
0 30
0 31
0 34
0 35
0 36
0 37
0 38
0 39
0 40
0 41
0 42
0 44
0 45
0 46
0 48
0 49
0 56
0 62
0 76
0 84
0 86
0 92
0 135
0 149
0 117
0 153
0 160
0 167
0 182
0 189
0 194
0 197
0 202
0 218
0 226
0 235
0 241
0 246
0 247
1 2
1 3
1 4
1 5
1 6
1 7
1 8
1 9
1 10
1 11
1 12
1 13
1 14
1 15
1 16
1 17
1 18
1 19
1 20
1 21
1 22
1 23
1 26
1 28
1 29
1 30
1 31
1 32
1 35
1 36
1 37
1 38
1 39
1 40
1 41
1 42
1 44
1 45
1 46
1 47
1 48
1 49
1 52
1 61
1 64
1 82
1 88
1 145
1 113
1 125
1 155
1 156
1 170
1 187
1 198
1 203
1 213
1 214
1 229
1 238
1 249
2 3
2 4
2 5
2 6
2 7
2 9
2 10
2 11
2 12
2 13
2 14
2 15
2 16
2 17
2 18
2 19
2 20
2 21
2 22
2 23
2 24
2 25
2 26
2 27
2 28
2 29
2 30
2 32
2 33
2 34
2 35
2 36
2 37
2 38
2 39
2 40
2 41
2 42
2 44
2 45
2 46
2 48
2 49
2 50
2 56
2 86
2 98
2 140
2 108
2 113
2 120
2 123
2 156
2 166
2 180
2 204
2 205
2 237
2 247
3 4
3 5
3 6
3 7
3 8
3 9
3 12
3 13
3 14
3 15
3 16
3 18
3 19
3 20
3 22
3 23
3 24
3 26
3 27
3 28
3 29
3 30
3 31
3 32
3 33
3 34
3 35
3 37
3 38
3 39
3 40
3 41
3 42
3 43
3 44
3 45
3 46
3 47
3 48
3 49
3 50
3 52
3 59
3 60
3 79
3 80
3 98
3 99
3 129
3 136
3 101
3 123
3 156
3 186
3 189
3 202
3 210
3 211
3 246
4 5
4 6
4 7
4 8
4 9
4 10
4 11
4 12
4 13
4 14
4 15
4 16
4 18
4 19
4 20
4 21
4 22
4 23
4 24
4 25
4 26
4 27
4 28
4 29
4 30
4 31
4 32
4 33
4 34
4 35
4 36
4 37
4 38
4 39
4 40
4 41
4 42
4 44
4 45
4 46
4 47
4 48
4 54
4 64
4 67
4 75
4 78
4 97
4 131
4 136
4 105
4 108
4 120
4 150
4 152
4 165
4 170
4 184
4 198
4 202
4 203
4 212
4 214
4 221
4 245
4 247
5 6
5 7
5 9
5 10
5 11
5 12
5 13
5 14
5 15
5 16
5 17
5 18
5 19
5 20
5 21
5 22
5 23
5 24
5 25
5 26
5 27
5 28
5 29
5 30
5 31
5 33
5 34
5 35
5 36
5 37
5 38
5 39
5 40
5 41
5 42
5 43
5 44
5 45
5 46
5 47
5 48
5 57
5 60
5 62
5 67
5 73
5 81
5 131
5 136
5 144
5 146
5 118
5 152
5 153
5 154
5 168
5 194
5 196
5 213
5 214
5 227
5 238
5 246
6 7
6 10
6 11
6 12
6 13
6 14
6 15
6 16
6 17
6 18
6 19
6 20
6 21
6 22
6 24
6 25
6 26
6 27
6 28
6 29
6 30
6 31
6 32
6 33
6 35
6 36
6 37
6 39
6 40
6 41
6 42
6 43
6 44
6 45
6 46
6 47
6 48
6 49
6 50
6 54
6 60
6 72
6 80
6 82
6 87
6 93
6 94
6 135
6 138
6 122
6 162
6 174
6 181
6 184
6 185
6 188
6 191
6 217
6 227
6 230
6 234
6 239
7 8
7 9
7 10
7 11
7 12
7 14
7 15
7 16
7 17
7 18
7 19
7 21
7 23
7 24
7 25
7 26
7 27
7 28
7 29
7 30
7 31
7 32
7 33
7 34
7 37
7 38
7 39
7 41
7 42
7 43
7 44
7 45
7 46
7 48
7 49
7 79
7 81
7 94
7 128
7 129
7 134
7 137
7 142
7 110
7 118
7 122
7 150
7 152
7 167
7 172
7 173
7 189
7 203
7 216
7 220
7 247
8 9
8 10
8 11
8 12
8 13
8 14
8 15
8 16
8 17
8 18
8 19
8 20
8 21
8 22
8 23
8 24
8 25
8 26
8 27
8 28
8 29
8 30
8 31
8 32
8 33
8 34
8 35
8 36
8 37
8 38
8 39
8 40
8 41
8 43
8 44
8 45
8 46
8 47
8 48
8 49
8 51
8 55
8 62
8 68
8 78
8 86
8 131
8 104
8 105
8 116
8 150
8 164
8 172
8 174
8 192
8 201
8 205
9 11
9 12
9 13
9 14
9 15
9 16
9 17
9 18
9 19
9 20
9 21
9 22
9 23
9 24
9 25
9 27
9 28
9 29
9 31
9 32
9 33
9 34
9 35
9 36
9 37
9 38
9 39
9 40
9 41
9 42
9 43
9 44
9 45
9 46
9 47
9 48
9 49
9 54
9 81
9 82
9 98
9 130
9 135
9 145
9 120
9 153
9 154
9 171
9 173
9 197
9 208
9 223
10 11
10 12
10 13
10 15
10 16
10 17
10 19
10 20
10 21
10 22
10 23
10 24
10 25
10 26
10 27
10 28
10 29
10 30
10 31
10 32
10 33
10 34
10 35
10 36
10 37
10 38
10 39
10 40
10 41
10 42
10 43
10 44
10 45
10 46
10 47
10 48
10 49
10 52
10 57
10 62
10 73
10 78
10 96
10 99
10 130
10 143
10 145
10 102
10 112
10 123
10 160
10 164
10 167
10 170
10 181
10 188
10 194
10 203
10 232
10 238
10 240
11 13
11 14
11 15
11 16
11 17
11 18
11 19
11 20
11 21
11 22
11 23
11 24
11 25
11 26
11 27
11 28
11 29
11 30
11 31
11 32
11 33
11 34
11 35
11 36
11 37
11 38
11 41
11 42
11 43
11 44
11 45
11 46
11 47
11 48
11 49
11 55
11 68
11 71
11 88
11 90
11 128
11 144
11 106
11 119
11 162
11 168
11 177
11 187
11 200
11 208
11 211
11 222
11 227
11 230
11 245
12 13
12 14
12 15
12 16
12 17
12 18
12 19
12 20
12 21
12 22
12 23
12 24
12 25
12 26
12 27
12 28
12 29
12 30
12 31
12 32
12 33
12 34
12 35
12 36
12 37
12 39
12 40
12 41
12 42
12 44
12 45
12 46
12 47
12 48
12 49
12 60
12 63
12 72
12 78
12 139
12 144
12 121
12 127
12 150
12 158
12 178
12 180
12 184
12 187
12 194
12 203
12 216
12 220
12 224
12 226
12 233
12 238
13 14
13 15
13 16
13 17
13 18
13 19
13 20
13 21
13 22
13 23
13 24
13 25
13 26
13 27
13 28
13 29
13 31
13 32
13 33
13 34
13 35
13 36
13 37
13 38
13 39
13 40
13 41
13 42
13 43
13 44
13 45
13 46
13 47
13 48
13 49
13 50
13 54
13 59
13 79
13 91
13 146
13 110
13 119
13 126
13 193
13 204
13 217
13 228
13 230
14 15
14 16
14 18
14 19
14 20
14 21
14 24
14 25
14 26
14 27
14 28
14 29
14 30
14 32
14 33
14 34
14 35
14 36
14 37
14 38
14 39
14 40
14 41
14 43
14 44
14 45
14 47
14 48
14 49
14 63
14 65
14 68
14 69
14 70
14 82
14 140
14 141
14 107
14 159
14 175
14 184
14 195
14 216
14 218
14 231
14 232
14 243
14 245
15 16
15 17
15 19
15 20
15 21
15 22
15 24
15 25
15 26
15 27
15 28
15 29
15 30
15 31
15 32
15 33
15 34
15 35
15 36
15 37
15 38
15 39
15 40
15 42
15 44
15 45
15 46
15 47
15 49
15 76
15 131
15 138
15 139
15 111
15 155
15 156
15 162
15 168
15 182
15 183
15 184
15 188
15 191
15 197
15 211
15 217
15 223
15 236
16 17
16 18
16 19
16 20
16 21
16 23
16 24
16 25
16 26
16 27
16 28
16 29
16 30
16 31
16 32
16 33
16 34
16 36
16 37
16 38
16 39
16 41
16 42
16 43
16 44
16 45
16 46
16 47
16 48
16 53
16 60
16 61
16 74
16 83
16 95
16 138
16 141
16 147
16 105
16 107
16 125
16 169
16 171
16 178
16 187
16 188
16 192
16 195
16 213
16 219
16 220
16 236
16 237
16 238
16 240
16 246
17 18
17 21
17 22
17 23
17 24
17 25
17 26
17 27
17 28
17 29
17 30
17 31
17 32
17 33
17 34
17 35
17 36
17 38
17 39
17 41
17 42
17 43
17 45
17 46
17 47
17 48
17 49
17 53
17 55
17 87
17 97
17 131
17 134
17 118
17 159
17 165
17 173
17 180
17 203
17 216
17 227
17 235
18 19
18 21
18 22
18 23
18 24
18 25
18 26
18 27
18 29
18 30
18 31
18 32
18 33
18 34
18 35
18 36
18 37
18 38
18 39
18 40
18 41
18 42
18 43
18 44
18 46
18 47
18 49
18 63
18 66
18 83
18 87
18 89
18 128
18 136
18 141
18 103
18 111
18 126
18 154
18 167
18 168
18 180
18 196
18 200
18 205
18 212
18 225
18 231
18 237
18 238
19 20
19 21
19 22
19 23
19 24
19 25
19 26
19 27
19 28
19 30
19 31
19 32
19 33
19 34
19 35
19 36
19 38
19 39
19 40
19 41
19 42
19 43
19 44
19 45
19 46
19 47
19 49
19 61
19 62
19 65
19 70
19 78
19 86
19 90
19 92
19 142
19 144
19 109
19 122
19 126
19 153
19 164
19 189
19 193
19 200
19 203
19 208
19 220
19 228
19 232
19 235
19 240
19 242
20 21
20 22
20 23
20 24
20 25
20 26
20 27
20 28
20 29
20 31
20 32
20 33
20 34
20 35
20 36
20 37
20 38
20 40
20 41
20 42
20 43
20 44
20 45
20 46
20 48
20 49
20 52
20 54
20 60
20 68
20 72
20 97
20 110
20 119
20 126
20 164
20 170
20 193
20 195
20 208
20 212
20 229
20 248
21 22
21 23
21 24
21 25
21 26
21 27
21 28
21 29
21 31
21 32
21 33
21 34
21 35
21 36
21 37
21 38
21 39
21 40
21 41
21 43
21 44
21 45
21 46
21 47
21 48
21 49
21 69
21 93
21 132
21 135
21 145
21 112
21 113
21 121
21 205
21 206
21 211
21 212
21 216
21 218
21 222
22 23
22 24
22 25
22 26
22 27
22 28
22 29
22 30
22 32
22 34
22 35
22 36
22 37
22 38
22 39
22 40
22 42
22 43
22 44
22 45
22 46
22 47
22 48
22 49
22 64
22 72
22 90
22 95
22 97
22 128
22 135
22 137
22 149
22 102
22 104
22 105
22 111
22 117
22 155
22 162
22 166
22 172
22 208
22 222
22 223
22 230
22 234
22 239
22 242
23 24
23 25
23 26
23 27
23 28
23 29
23 30
23 31
23 32
23 33
23 35
23 36
23 37
23 38
23 39
23 41
23 42
23 43
23 45
23 47
23 48
23 49
23 60
23 64
23 67
23 74
23 94
23 131
23 132
23 140
23 148
23 113
23 117
23 120
23 124
23 125
23 157
23 174
23 175
23 176
23 177
23 181
23 186
23 194
23 205
23 209
23 228
23 231
24 25
24 26
24 27
24 28
24 29
24 30
24 31
24 32
24 33
24 34
24 35
24 36
24 37
24 38
24 41
24 42
24 43
24 44
24 45
24 46
24 47
24 48
24 55
24 68
24 79
24 88
24 89
24 95
24 142
24 143
24 113
24 123
24 151
24 157
24 159
24 167
24 173
24 174
24 190
24 191
24 197
24 220
24 223
24 231
24 232
24 244
24 248
25 26
25 27
25 28
25 29
25 30
25 31
25 32
25 33
25 34
25 35
25 36
25 38
25 39
25 40
25 41
25 42
25 43
25 44
25 45
25 46
25 47
25 48
25 49
25 52
25 73
25 74
25 81
25 97
25 139
25 144
25 146
25 103
25 112
25 158
25 169
25 173
25 177
25 185
25 212
25 216
25 221
25 229
25 244
26 27
26 28
26 29
26 30
26 31
26 32
26 33
26 34
26 35
26 36
26 37
26 38
26 39
26 40
26 41
26 42
26 44
26 45
26 46
26 47
26 48
26 49
26 50
26 66
26 129
26 135
26 137
26 139
26 144
26 146
26 111
26 151
26 156
26 159
26 165
26 189
26 219
26 231
26 246
27 29
27 30
27 31
27 33
27 34
27 35
27 36
27 38
27 39
27 40
27 41
27 42
27 44
27 45
27 46
27 47
27 48
27 49
27 73
27 82
27 85
27 129
27 137
27 145
27 105
27 106
27 107
27 110
27 113
27 124
27 180
27 191
27 195
27 205
27 206
27 224
27 230
27 236
28 29
28 33
28 35
28 36
28 37
28 38
28 39
28 40
28 41
28 42
28 43
28 44
28 45
28 46
28 47
28 48
28 49
28 58
28 62
28 68
28 81
28 112
28 113
28 119
28 156
28 162
28 175
28 184
28 200
28 223
28 226
28 245
29 30
29 31
29 32
29 33
29 34
29 35
29 36
29 37
29 38
29 39
29 40
29 41
29 42
29 43
29 44
29 45
29 46
29 47
29 48
29 49
29 58
29 60
29 68
29 79
29 80
29 89
29 90
29 129
29 159
29 177
29 181
29 221
29 224
29 235
30 31
30 32
30 33
30 34
30 35
30 36
30 37
30 38
30 39
30 40
30 41
30 42
30 43
30 44
30 45
30 46
30 47
30 48
30 49
30 64
30 85
30 138
30 142
30 127
30 151
30 152
30 157
30 178
30 204
30 207
30 217
30 227
30 230
30 231
30 240
31 32
31 33
31 34
31 35
31 36
31 37
31 38
31 39
31 40
31 41
31 42
31 43
31 45
31 46
31 47
31 48
31 49
31 82
31 96
31 97
31 129
31 134
31 137
31 146
31 114
31 121
31 124
31 150
31 155
31 181
31 184
31 194
31 210
31 213
31 218
31 234
31 244
31 249
32 33
32 34
32 35
32 36
32 37
32 38
32 39
32 40
32 41
32 42
32 43
32 44
32 45
32 47
32 48
32 49
32 63
32 65
32 75
32 76
32 78
32 85
32 86
32 92
32 131
32 112
32 123
32 150
32 155
32 161
32 162
32 164
32 165
32 167
32 168
32 173
32 181
32 198
32 202
32 226
32 235
33 34
33 35
33 36
33 37
33 38
33 39
33 40
33 41
33 42
33 43
33 44
33 45
33 46
33 47
33 48
33 49
33 55
33 62
33 63
33 73
33 96
33 135
33 145
33 102
33 103
33 106
33 109
33 114
33 115
33 125
33 153
33 157
33 165
33 170
33 174
33 179
33 188
33 240
34 35
34 37
34 38
34 39
34 40
34 41
34 42
34 43
34 44
34 45
34 46
34 47
34 48
34 49
34 60
34 67
34 69
34 72
34 137
34 138
34 148
34 100
34 112
34 122
34 152
34 157
34 166
34 179
34 194
34 214
34 216
34 225
34 227
34 228
34 234
35 36
35 37
35 38
35 39
35 40
35 41
35 42
35 43
35 45
35 46
35 47
35 48
35 49
35 70
35 75
35 79
35 133
35 136
35 108
35 118
35 122
35 126
35 150
35 152
35 161
35 171
35 179
35 189
35 195
35 197
35 219
35 232
35 236
35 245
36 37
36 38
36 39
36 40
36 41
36 42
36 43
36 45
36 46
36 47
36 48
36 49
36 52
36 56
36 68
36 77
36 86
36 88
36 91
36 95
36 99
36 131
36 138
36 147
36 102
36 120
36 157
36 168
36 186
36 190
36 191
36 204
36 230
36 240
36 244
37 39
37 40
37 42
37 43
37 44
37 45
37 46
37 47
37 48
37 49
37 58
37 61
37 65
37 76
37 79
37 84
37 95
37 99
37 104
37 108
37 121
37 122
37 152
37 156
37 159
37 175
37 201
37 202
37 209
37 213
37 221
37 228
38 39
38 40
38 41
38 44
38 45
38 46
38 47
38 48
38 55
38 60
38 75
38 78
38 85
38 130
38 138
38 141
38 149
38 114
38 117
38 124
38 150
38 154
38 158
38 206
38 220
38 227
38 236
38 240
38 243
38 246
39 40
39 41
39 42
39 43
39 44
39 45
39 46
39 47
39 48
39 88
39 138
39 141
39 148
39 149
39 104
39 127
39 152
39 169
39 176
39 178
39 193
39 196
39 206
39 210
39 222
39 226
39 238
39 244
40 41
40 42
40 43
40 44
40 45
40 46
40 47
40 48
40 51
40 53
40 54
40 62
40 90
40 135
40 146
40 149
40 101
40 110
40 112
40 116
40 156
40 187
40 191
40 201
41 42
41 43
41 44
41 45
41 47
41 48
41 49
41 59
41 63
41 95
41 97
41 132
41 119
41 178
41 192
41 226
41 229
41 238
41 240
41 245
42 43
42 44
42 46
42 47
42 48
42 49
42 50
42 63
42 93
42 96
42 128
42 120
42 123
42 154
42 159
42 163
42 165
42 167
42 193
42 197
42 207
42 218
42 221
42 241
42 246
42 247
43 44
43 45
43 46
43 47
43 48
43 49
43 75
43 85
43 137
43 142
43 113
43 120
43 123
43 150
43 159
43 161
43 173
43 175
43 184
43 187
43 190
43 191
43 192
43 199
43 205
43 207
43 218
43 221
43 224
43 240
44 45
44 48
44 49
44 54
44 74
44 77
44 80
44 90
44 97
44 98
44 131
44 139
44 142
44 120
44 122
44 155
44 158
44 164
44 168
44 175
44 191
44 195
44 197
44 222
45 46
45 47
45 48
45 49
45 54
45 61
45 77
45 91
45 94
45 107
45 109
45 112
45 152
45 158
45 166
45 175
45 190
45 194
45 215
45 217
45 237
46 47
46 48
46 49
46 50
46 51
46 55
46 75
46 77
46 78
46 86
46 91
46 94
46 141
46 142
46 103
46 105
46 107
46 112
46 113
46 115
46 123
46 124
46 152
46 153
46 156
46 163
46 172
46 186
46 197
46 214
46 218
46 219
46 240
46 241
46 247
47 48
47 49
47 57
47 79
47 81
47 90
47 140
47 147
47 122
47 124
47 156
47 167
47 178
47 181
47 222
47 224
47 228
47 235
47 238
47 239
47 244
48 49
48 67
48 72
48 77
48 84
48 89
48 128
48 149
48 108
48 110
48 118
48 153
48 154
48 159
48 160
48 172
48 180
48 195
48 205
48 230
48 235
48 236
48 245
49 67
49 77
49 92
49 96
49 133
49 141
49 146
49 102
49 103
49 115
49 154
49 158
49 166
49 190
49 196
49 203
49 212
49 217
49 228
49 235
49 240
50 51
50 53
50 54
50 55
50 56
50 57
50 60
50 61
50 62
50 63
50 64
50 65
50 66
50 67
50 68
50 69
50 71
50 72
50 74
50 75
50 76
50 77
50 78
50 80
50 81
50 82
50 83
50 84
50 85
50 86
50 87
50 88
50 89
50 90
50 91
50 92
50 93
50 94
50 95
50 96
50 97
50 98
50 99
50 131
50 134
50 137
50 146
50 147
50 105
50 111
50 120
50 150
50 159
50 163
50 165
50 167
50 169
50 172
50 174
50 175
50 192
50 195
50 204
50 248
51 53
51 54
51 55
51 56
51 57
51 58
51 61
51 62
51 64
51 65
51 66
51 67
51 68
51 69
51 70
51 73
51 74
51 75
51 78
51 79
51 80
51 81
51 82
51 83
51 84
51 85
51 86
51 87
51 88
51 89
51 90
51 91
51 92
51 94
51 95
51 96
51 97
51 99
51 134
51 142
51 100
51 109
51 118
51 124
51 171
51 178
51 180
51 195
51 197
51 237
52 53
52 54
52 55
52 56
52 57
52 58
52 59
52 60
52 62
52 63
52 64
52 65
52 66
52 67
52 68
52 69
52 70
52 71
52 72
52 73
52 74
52 75
52 76
52 77
52 78
52 79
52 80
52 81
52 82
52 83
52 84
52 86
52 87
52 88
52 89
52 90
52 91
52 92
52 93
52 94
52 95
52 96
52 97
52 98
52 99
52 137
52 143
52 111
52 113
52 116
52 152
52 153
52 174
52 181
52 189
52 202
52 204
52 220
52 223
52 227
52 232
52 240
52 244
52 249
53 54
53 55
53 56
53 57
53 58
53 59
53 60
53 61
53 62
53 63
53 65
53 66
53 67
53 68
53 69
53 70
53 71
53 72
53 73
53 74
53 75
53 76
53 77
53 78
53 79
53 80
53 81
53 82
53 84
53 85
53 86
53 87
53 88
53 89
53 90
53 91
53 92
53 93
53 95
53 96
53 97
53 98
53 99
53 129
53 131
53 106
53 125
53 150
53 156
53 160
53 174
53 189
53 193
53 195
53 196
53 216
53 219
53 222
53 223
53 240
53 242
53 244
53 248
53 249
54 55
54 56
54 57
54 58
54 59
54 60
54 61
54 62
54 63
54 64
54 65
54 66
54 67
54 68
54 69
54 70
54 71
54 72
54 73
54 74
54 75
54 76
54 77
54 78
54 79
54 80
54 81
54 82
54 83
54 84
54 85
54 87
54 88
54 89
54 90
54 91
54 92
54 93
54 94
54 95
54 97
54 98
54 128
54 129
54 133
54 101
54 110
54 113
54 118
54 154
54 156
54 163
54 165
54 166
54 178
54 180
54 194
54 207
54 223
54 240
54 246
54 248
54 249
55 56
55 58
55 59
55 60
55 61
55 62
55 63
55 64
55 65
55 66
55 68
55 69
55 70
55 71
55 72
55 73
55 74
55 75
55 76
55 77
55 78
55 79
55 80
55 81
55 83
55 84
55 85
55 86
55 87
55 88
55 90
55 91
55 92
55 94
55 95
55 96
55 97
55 99
55 126
55 127
55 151
55 157
55 163
55 167
55 176
55 188
55 214
55 239
55 242
55 246
56 57
56 58
56 59
56 60
56 61
56 63
56 64
56 65
56 66
56 67
56 68
56 69
56 70
56 71
56 72
56 74
56 75
56 77
56 79
56 80
56 81
56 82
56 83
56 85
56 86
56 88
56 89
56 90
56 91
56 92
56 93
56 95
56 96
56 97
56 98
56 103
56 109
56 111
56 114
56 127
56 158
56 160
56 166
56 171
56 181
56 190
56 191
56 213
56 219
56 223
56 232
57 58
57 59
57 60
57 61
57 62
57 63
57 64
57 65
57 66
57 67
57 68
57 69
57 70
57 71
57 72
57 73
57 74
57 76
57 77
57 78
57 79
57 80
57 81
57 82
57 83
57 84
57 85
57 86
57 88
57 91
57 92
57 93
57 94
57 95
57 96
57 97
57 98
57 133
57 122
57 152
57 160
57 163
57 164
57 170
57 187
57 189
57 216
57 218
57 229
57 234
57 241
58 59
58 60
58 61
58 62
58 63
58 64
58 65
58 66
58 67
58 69
58 71
58 72
58 73
58 74
58 75
58 76
58 77
58 78
58 79
58 80
58 81
58 83
58 84
58 85
58 86
58 88
58 90
58 91
58 92
58 93
58 94
58 95
58 96
58 97
58 98
58 99
58 128
58 103
58 104
58 121
58 126
58 154
58 156
58 159
58 165
58 169
58 173
58 181
58 182
58 198
58 211
58 233
58 236
59 61
59 62
59 63
59 64
59 65
59 67
59 68
59 69
59 70
59 71
59 72
59 73
59 74
59 75
59 76
59 77
59 78
59 79
59 80
59 81
59 82
59 83
59 84
59 85
59 86
59 87
59 88
59 89
59 90
59 91
59 92
59 93
59 94
59 95
59 96
59 97
59 98
59 131
59 142
59 121
59 151
59 160
59 165
59 196
59 199
59 218
59 221
59 233
59 238
60 61
60 62
60 63
60 64
60 65
60 67
60 68
60 69
60 70
60 71
60 72
60 73
60 74
60 75
60 76
60 77
60 78
60 79
60 80
60 83
60 84
60 85
60 86
60 87
60 88
60 89
60 90
60 92
60 93
60 94
60 96
60 97
60 98
60 99
60 131
60 112
60 125
60 151
60 154
60 191
60 192
60 223
60 225
60 234
60 240
61 62
61 64
61 65
61 67
61 68
61 69
61 70
61 71
61 72
61 74
61 75
61 76
61 77
61 78
61 79
61 80
61 81
61 82
61 83
61 85
61 86
61 87
61 88
61 89
61 90
61 91
61 92
61 93
61 94
61 95
61 97
61 98
61 99
61 141
61 102
61 104
61 114
61 118
61 127
61 150
61 151
61 168
61 178
61 187
61 191
61 200
61 217
61 220
61 223
61 227
62 63
62 64
62 65
62 66
62 67
62 68
62 69
62 70
62 71
62 72
62 73
62 74
62 75
62 76
62 77
62 78
62 79
62 80
62 83
62 84
62 85
62 87
62 88
62 92
62 93
62 94
62 95
62 96
62 97
62 99
62 139
62 145
62 146
62 109
62 110
62 159
62 174
62 178
62 184
62 185
62 186
62 198
62 201
62 220
62 222
62 237
62 238
62 242
63 64
63 67
63 68
63 70
63 71
63 72
63 74
63 75
63 76
63 77
63 78
63 79
63 80
63 81
63 82
63 83
63 84
63 85
63 86
63 87
63 88
63 89
63 90
63 91
63 92
63 93
63 94
63 96
63 98
63 99
63 139
63 143
63 149
63 105
63 152
63 161
63 169
63 171
63 178
63 185
63 199
63 220
64 65
64 66
64 67
64 68
64 69
64 70
64 72
64 73
64 74
64 75
64 76
64 77
64 80
64 81
64 82
64 83
64 84
64 85
64 86
64 87
64 88
64 90
64 91
64 92
64 93
64 94
64 95
64 96
64 97
64 98
64 140
64 107
64 115
64 192
64 200
64 224
64 226
64 227
65 67
65 68
65 69
65 70
65 71
65 72
65 73
65 74
65 75
65 76
65 77
65 78
65 79
65 80
65 81
65 82
65 83
65 84
65 85
65 87
65 88
65 89
65 90
65 91
65 92
65 93
65 94
65 95
65 97
65 98
65 99
65 135
65 136
65 113
65 156
65 166
65 182
65 183
65 188
65 195
65 203
65 207
65 208
65 216
65 222
65 227
65 236
66 67
66 68
66 69
66 70
66 71
66 72
66 73
66 74
66 75
66 76
66 77
66 78
66 79
66 80
66 81
66 82
66 83
66 85
66 87
66 88
66 89
66 90
66 91
66 92
66 93
66 94
66 95
66 96
66 97
66 98
66 99
66 128
66 138
66 149
66 114
66 156
66 169
66 188
66 198
66 200
66 204
66 210
66 220
66 223
66 231
67 68
67 69
67 70
67 71
67 72
67 73
67 74
67 76
67 77
67 78
67 79
67 81
67 82
67 83
67 84
67 85
67 87
67 88
67 89
67 90
67 92
67 93
67 94
67 95
67 96
67 97
67 98
67 99
67 134
67 145
67 150
67 151
67 155
67 167
67 171
67 187
67 191
67 195
67 204
67 208
67 216
67 222
67 230
67 244
67 249
68 69
68 70
68 71
68 72
68 73
68 74
68 75
68 76
68 77
68 78
68 79
68 80
68 81
68 82
68 83
68 84
68 85
68 87
68 88
68 89
68 90
68 92
68 93
68 94
68 95
68 96
68 97
68 98
68 99
68 128
68 102
68 105
68 106
68 114
68 123
68 124
68 164
68 173
68 181
68 205
68 211
68 217
68 222
68 226
69 70
69 71
69 73
69 74
69 76
69 78
69 80
69 81
69 82
69 83
69 84
69 85
69 86
69 87
69 88
69 89
69 90
69 91
69 92
69 93
69 94
69 96
69 97
69 98
69 99
69 136
69 149
69 100
69 110
69 124
69 161
69 166
69 181
69 196
69 211
69 213
69 220
70 71
70 72
70 74
70 75
70 76
70 77
70 78
70 79
70 81
70 82
70 83
70 84
70 85
70 86
70 87
70 88
70 89
70 90
70 91
70 93
70 94
70 95
70 96
70 97
70 98
70 99
70 130
70 137
70 140
70 144
70 101
70 107
70 111
70 124
70 164
70 172
70 174
70 188
70 200
70 218
70 221
70 234
71 72
71 73
71 75
71 76
71 77
71 78
71 79
71 80
71 81
71 82
71 83
71 84
71 85
71 86
71 87
71 90
71 92
71 93
71 94
71 95
71 96
71 97
71 98
71 99
71 133
71 104
71 111
71 117
71 119
71 125
71 156
71 167
71 188
71 196
71 206
71 216
71 222
71 233
71 234
71 239
72 73
72 74
72 75
72 77
72 78
72 79
72 80
72 81
72 82
72 83
72 84
72 85
72 86
72 87
72 88
72 89
72 90
72 91
72 92
72 93
72 94
72 95
72 96
72 97
72 98
72 99
72 149
72 153
72 181
72 189
72 190
72 200
72 207
73 74
73 75
73 77
73 78
73 79
73 80
73 81
73 83
73 84
73 85
73 86
73 87
73 88
73 89
73 90
73 92
73 94
73 95
73 96
73 98
73 99
73 131
73 140
73 101
73 102
73 126
73 157
73 159
73 174
73 176
73 177
73 187
73 196
73 205
73 218
74 75
74 76
74 77
74 78
74 79
74 80
74 81
74 82
74 83
74 84
74 85
74 86
74 87
74 88
74 89
74 90
74 92
74 93
74 94
74 96
74 97
74 99
74 103
74 121
74 164
74 207
74 214
74 215
74 219
74 242
75 76
75 77
75 78
75 79
75 81
75 82
75 83
75 84
75 85
75 86
75 87
75 88
75 89
75 90
75 91
75 92
75 93
75 94
75 96
75 97
75 98
75 99
75 141
75 101
75 125
75 126
75 157
75 167
75 176
75 201
75 205
75 211
75 213
75 218
75 219
75 231
75 236
76 79
76 80
76 81
76 82
76 83
76 84
76 86
76 87
76 88
76 89
76 90
76 91
76 92
76 93
76 94
76 95
76 96
76 97
76 98
76 99
76 133
76 135
76 149
76 100
76 107
76 110
76 116
76 120
76 175
76 181
76 194
76 204
76 230
77 78
77 79
77 80
77 81
77 82
77 83
77 84
77 85
77 86
77 88
77 89
77 90
77 91
77 92
77 93
77 94
77 95
77 96
77 97
77 98
77 99
77 154
77 157
77 178
77 179
77 187
77 190
77 192
77 208
77 213
77 219
77 238
78 79
78 81
78 82
78 83
78 84
78 85
78 86
78 87
78 88
78 89
78 90
78 91
78 92
78 93
78 94
78 95
78 96
78 97
78 98
78 99
78 131
78 146
78 107
78 122
78 160
78 161
78 187
78 191
78 214
78 219
78 220
78 233
78 240
79 80
79 81
79 82
79 83
79 84
79 85
79 86
79 87
79 88
79 89
79 90
79 91
79 92
79 93
79 94
79 95
79 96
79 97
79 98
79 99
79 144
79 103
79 109
79 116
79 119
79 159
79 229
79 231
79 237
79 248
80 81
80 82
80 83
80 84
80 85
80 86
80 87
80 88
80 89
80 90
80 91
80 92
80 95
80 96
80 97
80 98
80 99
80 145
80 149
80 113
80 114
80 126
80 161
80 163
80 170
80 174
80 195
80 204
80 210
80 216
81 82
81 83
81 84
81 85
81 86
81 87
81 88
81 89
81 90
81 91
81 92
81 93
81 94
81 95
81 96
81 97
81 98
81 99
81 141
81 143
81 146
81 106
81 126
81 170
81 171
81 177
81 182
81 184
81 185
81 188
81 201
81 206
81 220
81 224
81 228
82 83
82 84
82 85
82 86
82 87
82 88
82 90
82 91
82 92
82 93
82 94
82 95
82 96
82 97
82 98
82 99
82 136
82 143
82 144
82 106
82 111
82 123
82 162
82 172
82 173
82 176
82 200
82 211
82 212
82 217
82 222
82 227
82 244
83 84
83 85
83 86
83 87
83 88
83 89
83 90
83 92
83 94
83 95
83 96
83 97
83 98
83 99
83 109
83 112
83 115
83 127
83 160
83 175
83 184
83 189
83 192
83 198
83 201
83 213
83 218
84 86
84 87
84 88
84 89
84 90
84 91
84 92
84 93
84 94
84 96
84 97
84 98
84 114
84 120
84 125
84 160
84 166
84 167
84 179
84 181
84 195
84 202
84 206
84 208
84 211
84 225
84 234
85 86
85 87
85 88
85 89
85 90
85 91
85 93
85 95
85 96
85 97
85 98
85 128
85 130
85 136
85 105
85 117
85 119
85 125
85 126
85 159
85 174
85 176
85 178
85 190
85 192
85 200
85 206
85 210
85 211
85 217
85 221
85 229
85 230
85 242
85 249
86 87
86 89
86 90
86 92
86 93
86 94
86 95
86 96
86 98
86 137
86 142
86 143
86 148
86 108
86 110
86 125
86 156
86 163
86 174
86 177
86 179
86 193
86 230
86 235
86 249
87 88
87 89
87 90
87 91
87 92
87 93
87 94
87 96
87 97
87 98
87 99
87 128
87 129
87 130
87 135
87 140
87 149
87 104
87 110
87 118
87 127
87 150
87 157
87 173
87 178
87 187
87 194
87 212
87 218
87 229
87 231
87 249
88 90
88 91
88 92
88 93
88 94
88 95
88 97
88 98
88 99
88 115
88 123
88 153
88 155
88 161
88 166
88 169
88 195
88 200
88 223
88 230
88 231
88 238
89 90
89 91
89 92
89 93
89 94
89 95
89 96
89 97
89 98
89 99
89 139
89 101
89 102
89 112
89 117
89 127
89 153
89 170
89 177
89 181
89 187
89 192
89 195
89 233
90 91
90 92
90 93
90 94
90 95
90 97
90 98
90 99
90 131
90 106
90 124
90 153
90 158
90 175
90 190
90 194
90 245
90 246
91 92
91 94
91 97
91 98
91 99
91 135
91 136
91 140
91 100
91 106
91 151
91 178
91 206
91 207
91 218
91 232
91 233
91 240
91 242
92 93
92 94
92 95
92 96
92 97
92 98
92 99
92 145
92 111
92 115
92 116
92 151
92 155
92 160
92 166
92 192
92 197
92 217
92 219
92 226
92 238
92 239
93 94
93 95
93 96
93 97
93 98
93 99
93 131
93 119
93 127
93 151
93 154
93 155
93 184
93 186
93 203
93 236
94 95
94 96
94 97
94 98
94 99
94 106
94 111
94 112
94 117
94 164
94 169
94 176
94 197
94 224
95 97
95 98
95 99
95 133
95 135
95 136
95 140
95 144
95 149
95 125
95 181
95 195
95 198
95 212
95 220
95 227
95 232
95 239
95 244
95 246
96 97
96 98
96 99
96 134
96 140
96 144
96 100
96 119
96 125
96 152
96 158
96 161
96 180
96 184
96 188
96 191
96 198
96 203
96 224
96 234
96 235
96 247
97 98
97 99
97 141
97 100
97 108
97 114
97 118
97 152
97 155
97 166
97 170
97 183
97 220
97 222
97 227
98 99
98 133
98 144
98 104
98 120
98 150
98 169
98 180
98 198
98 226
99 133
99 135
99 144
99 103
99 105
99 108
99 113
99 115
99 162
99 165
99 168
99 176
99 183
99 194
99 204
99 207
99 234
128 129
128 130
128 131
128 132
128 133
128 134
128 136
128 137
128 138
128 139
128 140
128 141
128 142
128 143
128 144
128 145
128 146
128 147
128 148
128 149
128 101
128 102
128 103
128 104
128 105
128 106
128 107
128 108
128 110
128 111
128 112
128 114
128 115
128 116
128 117
128 118
128 119
128 120
128 121
128 122
128 123
128 124
128 125
128 126
128 127
128 185
128 187
128 220
128 230
128 247
129 130
129 131
129 132
129 133
129 136
129 137
129 138
129 139
129 140
129 141
129 142
129 143
129 144
129 145
129 147
129 148
129 149
129 100
129 101
129 102
129 103
129 104
129 105
129 106
129 107
129 108
129 109
129 110
129 111
129 112
129 113
129 114
129 115
129 116
129 117
129 118
129 119
129 120
129 122
129 123
129 124
129 125
129 126
129 127
129 162
129 174
129 181
129 194
129 203
129 205
129 207
129 233
130 131
130 132
130 133
130 134
130 135
130 136
130 137
130 138
130 139
130 140
130 141
130 142
130 143
130 144
130 145
130 146
130 147
130 148
130 149
130 100
130 101
130 103
130 104
130 105
130 106
130 107
130 108
130 109
130 110
130 111
130 113
130 114
130 115
130 116
130 117
130 118
130 119
130 120
130 122
130 123
130 124
130 125
130 126
130 127
130 152
130 157
130 168
130 177
130 209
130 222
130 236
130 240
130 241
131 132
131 133
131 134
131 135
131 136
131 137
131 138
131 139
131 140
131 141
131 142
131 143
131 145
131 147
131 148
131 149
131 101
131 102
131 103
131 104
131 105
131 106
131 107
131 109
131 110
131 111
131 112
131 113
131 114
131 115
131 116
131 117
131 118
131 119
131 120
131 121
131 122
131 123
131 124
131 125
131 126
131 127
131 160
131 163
131 169
131 191
131 195
131 202
131 227
131 233
131 234
131 240
131 249
132 133
132 134
132 136
132 137
132 138
132 139
132 140
132 141
132 142
132 143
132 144
132 145
132 146
132 147
132 148
132 149
132 100
132 101
132 102
132 103
132 104
132 105
132 106
132 107
132 108
132 109
132 110
132 111
132 112
132 113
132 115
132 116
132 117
132 118
132 119
132 121
132 122
132 123
132 124
132 125
132 127
132 182
132 186
132 205
132 209
132 211
132 213
132 217
132 230
132 243
132 247
133 134
133 135
133 136
133 137
133 138
133 139
133 140
133 141
133 143
133 144
133 145
133 146
133 148
133 149
133 100
133 101
133 102
133 103
133 104
133 105
133 106
133 107
133 108
133 109
133 110
133 111
133 112
133 113
133 114
133 115
133 117
133 118
133 119
133 120
133 121
133 122
133 123
133 124
133 125
133 126
133 127
133 172
133 177
133 198
133 217
133 222
133 227
133 232
133 249
134 135
134 136
134 137
134 139
134 140
134 141
134 142
134 143
134 144
134 145
134 146
134 147
134 148
134 149
134 100
134 101
134 102
134 103
134 104
134 105
134 106
134 107
134 108
134 109
134 110
134 111
134 112
134 114
134 115
134 116
134 118
134 119
134 120
134 121
134 122
134 123
134 124
134 125
134 126
134 127
134 171
134 172
134 182
134 190
134 192
134 207
134 213
134 214
134 219
134 222
134 223
134 225
134 227
134 237
134 245
134 246
134 247
135 136
135 137
135 138
135 139
135 140
135 141
135 142
135 143
135 144
135 145
135 146
135 147
135 148
135 149
135 100
135 101
135 102
135 104
135 106
135 107
135 108
135 109
135 110
135 111
135 112
135 113
135 114
135 115
135 116
135 117
135 118
135 119
135 120
135 121
135 122
135 124
135 125
135 126
135 127
135 169
135 183
135 185
135 191
135 205
135 214
135 225
135 227
135 228
135 232
135 238
135 240
135 247
136 137
136 138
136 139
136 140
136 141
136 142
136 144
136 145
136 146
136 147
136 148
136 149
136 100
136 101
136 102
136 103
136 104
136 105
136 106
136 107
136 108
136 109
136 110
136 111
136 112
136 113
136 115
136 116
136 117
136 119
136 120
136 122
136 123
136 124
136 125
136 126
136 127
136 156
136 168
136 171
136 197
136 213
136 230
136 233
137 138
137 139
137 140
137 143
137 144
137 146
137 147
137 148
137 149
137 100
137 101
137 102
137 103
137 104
137 105
137 106
137 107
137 108
137 109
137 110
137 111
137 112
137 113
137 114
137 115
137 116
137 117
137 118
137 119
137 120
137 121
137 122
137 123
137 124
137 126
137 127
137 158
137 160
137 184
137 224
137 243
137 249
138 139
138 140
138 141
138 142
138 143
138 144
138 145
138 146
138 147
138 149
138 100
138 101
138 102
138 103
138 104
138 105
138 106
138 107
138 109
138 110
138 111
138 112
138 113
138 114
138 115
138 116
138 117
138 118
138 119
138 120
138 121
138 122
138 123
138 124
138 125
138 126
138 127
138 164
138 177
138 178
138 184
138 185
138 196
138 198
138 205
138 225
138 232
138 241
138 243
139 140
139 141
139 142
139 143
139 144
139 145
139 146
139 147
139 148
139 149
139 100
139 101
139 103
139 104
139 105
139 107
139 109
139 110
139 111
139 112
139 113
139 114
139 115
139 116
139 117
139 118
139 119
139 120
139 121
139 122
139 123
139 124
139 125
139 126
139 127
139 156
139 177
139 190
139 192
139 218
140 141
140 142
140 143
140 144
140 145
140 147
140 148
140 149
140 100
140 101
140 102
140 103
140 104
140 105
140 106
140 107
140 108
140 109
140 110
140 111
140 112
140 113
140 114
140 115
140 116
140 117
140 118
140 119
140 120
140 121
140 122
140 123
140 124
140 125
140 126
140 127
140 151
140 155
140 160
140 167
140 179
140 187
140 210
140 221
140 234
141 142
141 143
141 144
141 145
141 146
141 147
141 148
141 149
141 100
141 101
141 102
141 103
141 104
141 105
141 106
141 108
141 109
141 110
141 111
141 112
141 114
141 115
141 116
141 117
141 118
141 119
141 120
141 121
141 122
141 123
141 124
141 125
141 126
141 127
141 158
141 162
141 164
141 168
141 187
141 194
141 196
141 218
141 232
141 233
141 238
142 143
142 144
142 145
142 146
142 147
142 148
142 149
142 100
142 101
142 102
142 103
142 104
142 106
142 107
142 108
142 109
142 110
142 111
142 112
142 113
142 114
142 115
142 116
142 117
142 118
142 119
142 120
142 121
142 122
142 123
142 124
142 125
142 126
142 127
142 150
142 208
142 211
142 212
142 217
142 241
143 145
143 146
143 147
143 148
143 149
143 100
143 101
143 102
143 103
143 105
143 106
143 107
143 108
143 109
143 110
143 111
143 112
143 113
143 114
143 115
143 116
143 117
143 118
143 119
143 120
143 121
143 122
143 123
143 124
143 125
143 126
143 169
143 170
143 176
143 194
143 198
143 205
143 222
143 232
143 236
143 248
144 145
144 147
144 148
144 149
144 100
144 101
144 103
144 104
144 105
144 106
144 107
144 108
144 109
144 110
144 112
144 113
144 114
144 115
144 117
144 118
144 119
144 120
144 121
144 122
144 123
144 124
144 125
144 126
144 127
144 151
144 165
144 168
144 173
144 182
144 183
144 193
144 194
144 204
144 210
144 216
144 217
144 226
144 238
144 249
145 146
145 147
145 148
145 149
145 100
145 101
145 102
145 103
145 104
145 105
145 106
145 107
145 108
145 109
145 110
145 111
145 112
145 113
145 114
145 115
145 117
145 118
145 119
145 121
145 122
145 123
145 124
145 125
145 126
145 127
145 153
145 165
145 166
145 173
145 179
145 180
145 187
145 203
145 204
145 213
145 216
145 221
145 223
145 225
145 230
145 231
145 234
146 147
146 148
146 149
146 100
146 101
146 103
146 105
146 106
146 107
146 109
146 111
146 112
146 113
146 114
146 115
146 117
146 118
146 119
146 120
146 121
146 122
146 125
146 126
146 127
146 163
146 174
146 175
146 178
146 184
146 193
146 197
146 208
146 223
146 228
146 234
146 247
147 148
147 149
147 100
147 101
147 102
147 103
147 104
147 105
147 106
147 108
147 109
147 110
147 111
147 112
147 113
147 114
147 115
147 116
147 117
147 118
147 120
147 121
147 122
147 123
147 124
147 125
147 126
147 127
147 165
147 168
147 182
147 186
147 187
147 192
147 204
147 207
147 214
147 216
147 219
147 220
147 231
147 232
148 100
148 101
148 102
148 103
148 104
148 105
148 107
148 108
148 109
148 110
148 111
148 112
148 113
148 114
148 115
148 116
148 117
148 118
148 119
148 120
148 121
148 122
148 123
148 124
148 125
148 126
148 127
148 150
148 156
148 158
148 161
148 167
148 184
148 213
148 221
148 222
148 226
149 100
149 101
149 102
149 103
149 105
149 106
149 107
149 108
149 110
149 111
149 112
149 113
149 115
149 117
149 118
149 119
149 120
149 121
149 122
149 123
149 124
149 126
149 127
149 157
149 167
149 172
149 180
149 183
149 185
149 189
149 191
149 204
149 209
149 224
149 227
149 240
100 101
100 102
100 103
100 104
100 105
100 106
100 107
100 108
100 109
100 110
100 111
100 112
100 114
100 115
100 118
100 119
100 120
100 121
100 122
100 123
100 124
100 126
100 127
100 150
100 165
100 179
100 186
100 195
100 203
100 208
100 218
100 230
100 236
100 239
100 240
100 246
101 102
101 103
101 104
101 105
101 106
101 107
101 108
101 109
101 110
101 111
101 112
101 113
101 114
101 115
101 116
101 117
101 118
101 119
101 120
101 121
101 122
101 123
101 124
101 125
101 126
101 154
101 163
101 164
101 177
101 184
101 196
101 208
101 237
101 246
101 247
102 103
102 104
102 105
102 106
102 107
102 108
102 109
102 110
102 111
102 112
102 113
102 114
102 115
102 116
102 117
102 118
102 119
102 120
102 121
102 122
102 123
102 124
102 125
102 126
102 127
102 158
102 172
102 175
102 180
102 184
102 199
102 205
102 214
102 215
102 246
102 249
103 104
103 105
103 106
103 107
103 108
103 109
103 110
103 111
103 112
103 113
103 114
103 115
103 116
103 117
103 118
103 119
103 120
103 121
103 122
103 123
103 124
103 125
103 126
103 127
103 154
103 158
103 161
103 170
103 178
103 187
103 193
103 204
103 221
103 224
103 231
103 237
104 105
104 106
104 108
104 109
104 110
104 111
104 112
104 113
104 114
104 116
104 117
104 118
104 119
104 121
104 122
104 123
104 124
104 126
104 127
104 155
104 171
104 174
104 189
104 192
104 198
104 200
104 217
104 223
104 227
104 241
105 106
105 107
105 108
105 109
105 110
105 111
105 112
105 113
105 114
105 115
105 116
105 117
105 118
105 119
105 120
105 121
105 122
105 123
105 124
105 125
105 126
105 168
105 195
105 217
105 220
105 221
105 222
105 245
106 107
106 108
106 109
106 110
106 111
106 112
106 113
106 114
106 116
106 117
106 118
106 119
106 120
106 122
106 123
106 124
106 125
106 126
106 159
106 160
106 172
106 173
106 174
106 179
106 190
106 219
106 230
107 108
107 109
107 110
107 112
107 113
107 114
107 115
107 116
107 117
107 119
107 120
107 121
107 122
107 123
107 125
107 126
107 127
107 162
107 181
107 193
107 198
107 203
107 215
107 219
107 229
107 233
107 239
107 244
108 109
108 110
108 111
108 113
108 114
108 115
108 116
108 117
108 118
108 119
108 120
108 121
108 122
108 123
108 124
108 125
108 126
108 127
108 150
108 154
108 182
108 197
108 201
108 208
108 217
108 237
109 110
109 111
109 113
109 114
109 115
109 116
109 117
109 118
109 119
109 120
109 121
109 122
109 123
109 124
109 126
109 127
109 161
109 172
109 182
109 198
109 216
109 240
109 248
110 111
110 113
110 114
110 115
110 116
110 118
110 119
110 120
110 121
110 122
110 123
110 124
110 125
110 126
110 127
110 161
110 162
110 163
110 171
110 173
110 198
110 199
110 215
110 221
111 113
111 114
111 115
111 116
111 117
111 118
111 119
111 120
111 121
111 122
111 123
111 124
111 126
111 127
111 174
111 191
111 196
111 208
111 212
111 214
111 231
111 248
112 113
112 114
112 115
112 116
112 117
112 118
112 121
112 122
112 123
112 124
112 125
112 126
112 127
112 162
112 169
112 185
112 197
112 200
112 205
112 209
112 212
112 249
113 114
113 115
113 116
113 117
113 118
113 119
113 120
113 121
113 122
113 123
113 124
113 125
113 126
113 127
113 153
113 171
113 173
113 180
113 181
113 182
113 192
113 199
113 215
113 217
113 218
113 224
113 228
113 246
114 115
114 116
114 117
114 118
114 119
114 120
114 121
114 122
114 124
114 125
114 126
114 127
114 195
114 202
114 205
114 206
114 213
114 237
115 117
115 118
115 119
115 120
115 121
115 122
115 123
115 124
115 125
115 126
115 127
115 156
115 165
115 190
115 200
115 211
115 218
115 219
115 234
115 238
115 247
116 117
116 118
116 119
116 120
116 121
116 122
116 123
116 124
116 125
116 126
116 127
116 165
116 173
116 178
116 179
116 200
116 219
116 247
116 248
117 118
117 119
117 121
117 122
117 123
117 124
117 125
117 126
117 127
117 173
117 198
117 206
117 211
117 240
117 248
118 119
118 120
118 121
118 122
118 123
118 125
118 126
118 155
118 162
118 163
118 170
118 183
118 198
118 204
118 206
118 224
118 234
118 237
119 120
119 121
119 122
119 123
119 124
119 125
119 126
119 127
119 153
119 161
119 166
119 167
119 171
119 184
119 196
119 199
119 201
119 206
119 224
120 121
120 122
120 123
120 124
120 125
120 126
120 153
120 172
120 177
120 179
120 205
120 209
121 122
121 123
121 124
121 125
121 126
121 127
121 154
121 165
121 169
121 170
121 173
121 176
121 179
121 182
121 197
121 208
121 244
122 123
122 124
122 125
122 126
122 127
122 157
122 165
122 167
122 170
122 185
122 186
122 187
122 192
122 195
122 196
122 204
122 208
122 214
122 216
122 229
122 238
122 246
123 125
123 126
123 127
123 153
123 156
123 160
123 162
123 170
123 189
123 197
123 217
123 227
123 248
123 249
124 125
124 126
124 127
124 157
124 158
124 159
124 163
124 164
124 174
124 189
124 202
124 211
124 212
124 218
124 234
124 242
125 126
125 127
125 165
125 186
125 205
125 210
125 218
125 225
125 228
125 231
125 235
125 237
125 238
126 127
126 156
126 168
126 169
126 187
126 190
126 199
126 230
126 246
127 160
127 162
127 163
127 181
127 183
127 198
127 201
127 229
150 151
150 152
150 153
150 154
150 155
150 156
150 157
150 158
150 159
150 160
150 162
150 163
150 165
150 166
150 167
150 168
150 169
150 170
150 171
150 172
150 173
150 174
150 175
150 176
150 177
150 178
150 179
150 180
150 181
150 182
150 183
150 185
150 186
150 188
150 189
150 190
150 191
150 192
150 193
150 194
150 195
150 196
150 197
150 198
150 199
150 225
150 231
150 236
150 246
151 152
151 153
151 155
151 157
151 158
151 159
151 160
151 161
151 162
151 163
151 164
151 166
151 167
151 169
151 170
151 171
151 172
151 173
151 175
151 176
151 177
151 179
151 180
151 181
151 182
151 184
151 185
151 186
151 187
151 188
151 189
151 190
151 191
151 192
151 193
151 194
151 195
151 196
151 197
151 198
151 199
151 204
151 211
151 233
151 234
152 153
152 154
152 155
152 156
152 158
152 159
152 160
152 162
152 164
152 165
152 166
152 167
152 168
152 169
152 170
152 171
152 172
152 173
152 174
152 176
152 177
152 178
152 179
152 181
152 182
152 183
152 184
152 185
152 186
152 187
152 188
152 189
152 190
152 191
152 192
152 193
152 194
152 196
152 197
152 198
152 212
152 223
153 154
153 155
153 156
153 157
153 158
153 159
153 160
153 161
153 162
153 163
153 164
153 165
153 166
153 167
153 168
153 169
153 170
153 171
153 172
153 174
153 176
153 177
153 178
153 179
153 180
153 181
153 182
153 183
153 184
153 185
153 186
153 187
153 188
153 189
153 190
153 192
153 193
153 194
153 195
153 196
153 197
153 198
153 219
153 223
153 228
153 242
154 155
154 156
154 157
154 158
154 159
154 160
154 161
154 163
154 164
154 165
154 166
154 168
154 169
154 170
154 171
154 173
154 174
154 175
154 176
154 177
154 178
154 179
154 181
154 182
154 184
154 185
154 187
154 190
154 191
154 192
154 193
154 194
154 195
154 197
154 198
154 199
154 209
154 212
154 215
154 227
155 156
155 157
155 158
155 159
155 160
155 161
155 162
155 163
155 164
155 165
155 166
155 167
155 168
155 169
155 170
155 171
155 172
155 173
155 174
155 175
155 176
155 177
155 179
155 180
155 181
155 183
155 184
155 185
155 186
155 187
155 188
155 189
155 190
155 191
155 192
155 193
155 194
155 195
155 196
155 197
155 198
155 199
155 214
155 231
156 157
156 159
156 160
156 161
156 162
156 163
156 164
156 165
156 166
156 167
156 168
156 169
156 170
156 171
156 172
156 173
156 174
156 175
156 176
156 178
156 179
156 180
156 181
156 182
156 183
156 184
156 185
156 186
156 187
156 188
156 189
156 190
156 191
156 192
156 193
156 194
156 195
156 196
156 197
156 198
156 199
156 207
156 211
156 220
157 158
157 159
157 160
157 162
157 163
157 164
157 165
157 166
157 169
157 170
157 171
157 172
157 173
157 175
157 177
157 179
157 180
157 181
157 182
157 183
157 184
157 185
157 186
157 187
157 188
157 189
157 190
157 191
157 192
157 193
157 194
157 195
157 198
157 199
157 213
157 244
158 159
158 160
158 161
158 162
158 163
158 164
158 165
158 166
158 167
158 168
158 170
158 171
158 172
158 173
158 174
158 175
158 177
158 178
158 179
158 180
158 181
158 182
158 183
158 184
158 185
158 186
158 189
158 190
158 191
158 192
158 193
158 194
158 195
158 196
158 197
158 199
158 207
158 225
158 227
159 160
159 162
159 163
159 164
159 165
159 166
159 168
159 169
159 170
159 171
159 172
159 173
159 174
159 175
159 176
159 177
159 179
159 180
159 181
159 183
159 184
159 185
159 186
159 187
159 189
159 190
159 191
159 192
159 193
159 194
159 195
159 196
159 197
159 199
159 201
159 203
159 209
159 211
159 215
159 229
159 238
159 246
160 161
160 163
160 164
160 165
160 166
160 167
160 168
160 169
160 170
160 171
160 172
160 173
160 175
160 176
160 178
160 179
160 181
160 182
160 183
160 184
160 185
160 186
160 187
160 188
160 189
160 190
160 192
160 193
160 194
160 195
160 196
160 197
160 198
160 199
160 211
160 215
160 228
160 243
160 249
161 162
161 163
161 164
161 165
161 166
161 167
161 168
161 169
161 170
161 171
161 172
161 173
161 174
161 175
161 176
161 177
161 178
161 179
161 180
161 181
161 182
161 183
161 184
161 185
161 186
161 187
161 188
161 190
161 191
161 192
161 193
161 194
161 195
161 196
161 197
161 198
161 199
161 212
161 235
161 239
162 163
162 164
162 165
162 166
162 167
162 168
162 169
162 170
162 172
162 173
162 174
162 175
162 176
162 177
162 178
162 179
162 180
162 181
162 182
162 183
162 184
162 185
162 186
162 187
162 188
162 189
162 190
162 191
162 192
162 193
162 194
162 195
162 196
162 197
162 198
162 199
162 206
162 207
162 214
162 231
162 237
162 247
163 164
163 165
163 166
163 167
163 168
163 169
163 170
163 171
163 172
163 173
163 174
163 175
163 177
163 178
163 179
163 180
163 181
163 182
163 183
163 184
163 185
163 186
163 187
163 188
163 189
163 190
163 191
163 192
163 193
163 194
163 195
163 196
163 198
163 199
163 202
163 207
163 215
163 241
164 165
164 166
164 167
164 168
164 169
164 170
164 171
164 172
164 173
164 174
164 175
164 176
164 177
164 178
164 179
164 180
164 181
164 183
164 184
164 185
164 186
164 188
164 189
164 190
164 191
164 192
164 193
164 195
164 196
164 197
164 198
164 200
164 211
164 218
164 224
164 227
164 231
164 232
165 167
165 169
165 170
165 171
165 172
165 173
165 175
165 176
165 177
165 178
165 179
165 180
165 181
165 182
165 183
165 184
165 185
165 186
165 187
165 188
165 189
165 190
165 192
165 193
165 194
165 195
165 196
165 198
165 199
165 208
165 231
165 232
166 167
166 168
166 169
166 170
166 172
166 173
166 174
166 175
166 176
166 178
166 180
166 181
166 182
166 183
166 184
166 185
166 186
166 187
166 188
166 189
166 191
166 192
166 193
166 194
166 195
166 196
166 197
166 198
166 199
166 214
166 219
166 221
167 168
167 169
167 170
167 171
167 172
167 173
167 174
167 175
167 176
167 177
167 178
167 179
167 180
167 182
167 183
167 184
167 185
167 186
167 187
167 188
167 189
167 190
167 192
167 193
167 194
167 195
167 196
167 197
167 198
167 199
167 202
167 211
167 226
167 235
167 249
168 169
168 170
168 172
168 173
168 174
168 175
168 176
168 177
168 178
168 179
168 180
168 181
168 182
168 184
168 185
168 186
168 187
168 188
168 189
168 191
168 192
168 193
168 194
168 195
168 196
168 197
168 198
168 199
168 202
168 203
168 219
168 227
168 237
168 241
168 242
168 243
168 244
169 170
169 171
169 172
169 173
169 174
169 175
169 176
169 177
169 178
169 179
169 180
169 181
169 182
169 183
169 184
169 185
169 186
169 187
169 188
169 189
169 190
169 191
169 192
169 193
169 195
169 196
169 197
169 198
169 199
169 206
169 208
169 214
169 228
169 230
169 233
169 235
169 236
169 246
170 171
170 172
170 173
170 174
170 175
170 176
170 177
170 178
170 179
170 180
170 181
170 182
170 183
170 184
170 185
170 186
170 187
170 189
170 190
170 191
170 192
170 193
170 194
170 195
170 196
170 197
170 198
170 199
170 200
170 204
170 212
170 214
170 219
170 224
170 232
170 247
171 172
171 173
171 174
171 175
171 176
171 177
171 179
171 180
171 181
171 182
171 183
171 184
171 185
171 186
171 188
171 189
171 190
171 191
171 192
171 193
171 194
171 195
171 196
171 197
171 198
171 207
171 230
171 232
171 241
172 173
172 174
172 175
172 176
172 177
172 180
172 181
172 182
172 184
172 185
172 186
172 187
172 189
172 190
172 192
172 193
172 194
172 195
172 196
172 198
172 199
172 202
172 211
172 212
172 222
172 233
172 238
173 174
173 176
173 177
173 178
173 179
173 180
173 181
173 182
173 183
173 184
173 185
173 187
173 188
173 189
173 190
173 191
173 192
173 193
173 194
173 195
173 196
173 197
173 198
173 199
173 203
173 222
173 223
173 227
173 233
174 175
174 176
174 177
174 179
174 180
174 181
174 182
174 183
174 184
174 185
174 186
174 187
174 188
174 189
174 190
174 191
174 192
174 193
174 194
174 195
174 196
174 197
174 199
174 206
174 219
174 234
175 176
175 177
175 178
175 179
175 180
175 181
175 182
175 183
175 184
175 185
175 186
175 187
175 189
175 190
175 191
175 192
175 193
175 194
175 195
175 196
175 197
175 199
175 205
175 210
175 226
175 228
175 234
175 243
175 245
176 177
176 178
176 179
176 180
176 181
176 182
176 183
176 184
176 186
176 187
176 188
176 189
176 190
176 191
176 192
176 193
176 194
176 195
176 196
176 197
176 198
176 199
176 208
176 221
176 225
176 233
176 247
177 178
177 179
177 180
177 181
177 182
177 183
177 185
177 186
177 187
177 188
177 189
177 190
177 191
177 193
177 194
177 195
177 196
177 197
177 198
177 199
177 209
177 211
177 226
177 227
177 231
177 244
177 247
178 179
178 180
178 181
178 182
178 183
178 184
178 185
178 186
178 187
178 188
178 189
178 190
178 191
178 192
178 193
178 194
178 195
178 196
178 197
178 198
178 199
178 210
178 211
178 231
178 244
179 181
179 182
179 183
179 184
179 185
179 186
179 187
179 188
179 189
179 190
179 191
179 192
179 194
179 195
179 196
179 197
179 199
179 204
179 211
179 229
180 181
180 182
180 185
180 186
180 189
180 190
180 191
180 192
180 193
180 194
180 195
180 196
180 197
180 198
180 199
180 204
180 205
180 218
180 229
180 236
180 246
180 248
181 182
181 183
181 184
181 185
181 186
181 187
181 188
181 189
181 190
181 192
181 195
181 196
181 197
181 198
181 199
181 214
181 228
181 241
182 183
182 185
182 186
182 187
182 188
182 189
182 190
182 191
182 192
182 193
182 195
182 196
182 197
182 198
182 199
182 206
182 208
182 213
182 216
182 228
182 240
182 245
182 249
183 186
183 187
183 188
183 189
183 190
183 191
183 192
183 193
183 195
183 196
183 197
183 198
183 202
183 214
183 219
183 243
184 185
184 186
184 187
184 188
184 189
184 190
184 191
184 192
184 194
184 196
184 197
184 199
184 200
184 202
184 216
185 186
185 187
185 188
185 189
185 190
185 191
185 192
185 193
185 194
185 195
185 197
185 198
185 199
185 203
185 243
185 246
185 247
186 187
186 188
186 189
186 190
186 191
186 192
186 193
186 194
186 195
186 196
186 198
186 199
186 207
186 220
186 240
187 188
187 189
187 190
187 191
187 192
187 193
187 194
187 195
187 196
187 197
187 198
187 199
187 204
187 222
187 230
187 241
187 243
188 189
188 190
188 191
188 193
188 194
188 195
188 196
188 197
188 198
188 199
188 211
188 221
188 223
188 224
188 235
188 246
189 190
189 191
189 192
189 193
189 194
189 195
189 196
189 197
189 198
189 199
189 204
189 212
189 241
190 191
190 192
190 193
190 194
190 195
190 196
190 197
190 198
190 203
190 210
190 222
190 249
191 192
191 193
191 194
191 195
191 196
191 197
191 198
191 199
191 202
191 208
191 219
191 220
191 239
191 243
191 249
192 194
192 195
192 196
192 197
192 198
192 199
192 215
193 194
193 195
193 196
193 198
193 199
193 209
193 220
193 237
194 195
194 196
194 197
194 198
194 199
194 214
194 220
194 221
194 222
194 239
195 196
195 197
195 198
195 199
195 221
195 230
195 249
196 197
196 198
196 199
196 210
196 221
197 198
197 199
197 206
197 221
197 223
197 234
197 237
197 244
197 247
198 199
198 202
198 207
198 214
198 219
198 230
198 248
199 213
199 217
199 223
199 229
199 231
199 240
200 201
200 202
200 203
200 204
200 205
200 206
200 207
200 208
200 209
200 210
200 211
200 212
200 214
200 216
200 217
200 218
200 219
200 221
200 222
200 223
200 224
200 225
200 226
200 227
200 228
200 229
200 230
200 232
200 233
200 234
200 235
200 236
200 237
200 238
200 239
200 240
200 241
200 242
200 243
200 244
200 245
200 246
200 247
200 248
200 249
201 203
201 205
201 206
201 207
201 209
201 210
201 212
201 213
201 214
201 217
201 218
201 219
201 220
201 221
201 222
201 224
201 225
201 226
201 227
201 228
201 229
201 230
201 231
201 232
201 233
201 234
201 235
201 236
201 237
201 238
201 239
201 240
201 241
201 242
201 244
201 245
201 246
201 247
201 248
201 249
202 203
202 204
202 205
202 207
202 208
202 209
202 210
202 211
202 212
202 214
202 215
202 216
202 217
202 218
202 219
202 220
202 221
202 222
202 225
202 226
202 227
202 228
202 229
202 230
202 231
202 232
202 233
202 234
202 235
202 236
202 237
202 238
202 239
202 240
202 241
202 242
202 243
202 244
202 245
202 246
202 247
202 248
202 249
203 204
203 205
203 206
203 208
203 209
203 211
203 212
203 213
203 214
203 215
203 216
203 217
203 218
203 219
203 221
203 222
203 223
203 224
203 225
203 226
203 227
203 228
203 229
203 230
203 231
203 232
203 233
203 234
203 235
203 236
203 237
203 238
203 239
203 240
203 241
203 242
203 243
203 244
203 245
203 246
203 247
203 248
203 249
204 205
204 206
204 207
204 209
204 210
204 211
204 212
204 213
204 215
204 217
204 219
204 220
204 221
204 222
204 223
204 224
204 225
204 226
204 227
204 228
204 229
204 230
204 231
204 232
204 233
204 234
204 235
204 237
204 238
204 239
204 240
204 241
204 242
204 243
204 244
204 245
204 246
204 247
204 249
205 206
205 207
205 208
205 209
205 210
205 211
205 212
205 213
205 214
205 215
205 216
205 217
205 218
205 219
205 220
205 221
205 224
205 225
205 226
205 227
205 228
205 229
205 230
205 231
205 232
205 233
205 234
205 235
205 236
205 237
205 239
205 240
205 241
205 242
205 243
205 244
205 245
205 246
205 247
205 248
205 249
206 207
206 208
206 209
206 210
206 211
206 212
206 213
206 214
206 215
206 216
206 217
206 218
206 219
206 220
206 222
206 224
206 225
206 226
206 227
206 229
206 230
206 232
206 233
206 234
206 235
206 236
206 237
206 239
206 241
206 242
206 243
206 244
206 245
206 246
206 247
206 248
206 249
207 208
207 209
207 210
207 211
207 212
207 214
207 215
207 217
207 218
207 219
207 220
207 221
207 222
207 223
207 224
207 225
207 226
207 227
207 228
207 229
207 230
207 231
207 232
207 233
207 234
207 235
207 236
207 237
207 238
207 239
207 240
207 241
207 242
207 243
207 244
207 245
207 246
207 247
207 248
207 249
208 209
208 210
208 211
208 213
208 214
208 216
208 217
208 218
208 219
208 220
208 222
208 223
208 224
208 225
208 226
208 227
208 228
208 229
208 230
208 231
208 232
208 233
208 234
208 235
208 236
208 237
208 238
208 239
208 240
208 241
208 242
208 243
208 244
208 245
208 246
208 247
208 248
208 249
209 210
209 211
209 212
209 213
209 214
209 215
209 216
209 217
209 218
209 219
209 220
209 221
209 222
209 223
209 224
209 225
209 226
209 227
209 228
209 229
209 230
209 232
209 233
209 234
209 235
209 236
209 237
209 238
209 239
209 240
209 241
209 244
209 245
209 246
209 247
209 249
210 211
210 212
210 213
210 214
210 215
210 216
210 217
210 218
210 220
210 221
210 222
210 223
210 224
210 225
210 226
210 227
210 228
210 229
210 230
210 231
210 233
210 234
210 236
210 237
210 238
210 240
210 241
210 244
210 245
210 246
210 247
210 248
210 249
211 212
211 213
211 214
211 215
211 216
211 217
211 218
211 220
211 221
211 222
211 223
211 224
211 225
211 226
211 227
211 228
211 229
211 230
211 231
211 232
211 233
211 235
211 236
211 237
211 238
211 239
211 242
211 243
211 244
211 245
211 246
211 247
211 248
211 249
212 214
212 215
212 216
212 217
212 218
212 219
212 221
212 222
212 223
212 224
212 225
212 226
212 227
212 228
212 229
212 230
212 231
212 232
212 233
212 234
212 235
212 236
212 237
212 238
212 239
212 241
212 242
212 243
212 244
212 245
212 246
212 247
212 248
212 249
213 214
213 215
213 216
213 217
213 218
213 219
213 220
213 221
213 222
213 223
213 224
213 225
213 226
213 227
213 228
213 229
213 231
213 232
213 233
213 234
213 235
213 236
213 237
213 238
213 239
213 240
213 241
213 242
213 243
213 244
213 245
213 246
213 247
213 248
213 249
214 215
214 216
214 217
214 218
214 219
214 220
214 221
214 222
214 223
214 224
214 225
214 226
214 227
214 228
214 230
214 231
214 232
214 233
214 234
214 236
214 237
214 239
214 241
214 242
214 243
214 244
214 245
214 246
214 248
214 249
215 216
215 217
215 218
215 219
215 220
215 221
215 222
215 223
215 225
215 227
215 228
215 229
215 230
215 231
215 232
215 234
215 235
215 236
215 237
215 238
215 239
215 240
215 241
215 242
215 243
215 244
215 245
215 246
215 247
215 248
215 249
216 217
216 220
216 221
216 222
216 223
216 224
216 225
216 226
216 227
216 228
216 229
216 230
216 231
216 232
216 233
216 234
216 235
216 237
216 238
216 239
216 240
216 241
216 242
216 243
216 244
216 245
216 246
216 247
216 248
216 249
217 218
217 219
217 220
217 221
217 222
217 223
217 224
217 225
217 226
217 228
217 229
217 230
217 231
217 232
217 233
217 234
217 235
217 236
217 237
217 239
217 241
217 242
217 243
217 245
217 246
217 247
217 248
217 249
218 219
218 220
218 221
218 222
218 223
218 224
218 225
218 226
218 227
218 229
218 230
218 231
218 232
218 233
218 234
218 235
218 236
218 237
218 238
218 239
218 240
218 241
218 242
218 243
218 244
218 245
218 246
218 248
218 249
219 220
219 222
219 223
219 224
219 225
219 226
219 227
219 228
219 229
219 230
219 231
219 234
219 235
219 236
219 237
219 238
219 239
219 240
219 241
219 242
219 243
219 244
219 245
219 246
219 247
219 248
219 249
220 222
220 223
220 224
220 225
220 226
220 228
220 229
220 230
220 231
220 232
220 233
220 234
220 235
220 236
220 237
220 238
220 239
220 240
220 241
220 242
220 243
220 244
220 245
220 248
220 249
221 223
221 224
221 225
221 226
221 227
221 228
221 229
221 230
221 231
221 232
221 233
221 234
221 235
221 236
221 237
221 238
221 239
221 241
221 242
221 243
221 244
221 246
221 247
221 248
222 223
222 224
222 225
222 226
222 227
222 228
222 229
222 230
222 231
222 233
222 234
222 235
222 236
222 237
222 238
222 239
222 240
222 241
222 242
222 243
222 244
222 245
222 246
222 247
222 248
222 249
223 224
223 225
223 226
223 227
223 228
223 229
223 230
223 231
223 232
223 233
223 234
223 236
223 237
223 238
223 239
223 240
223 241
223 242
223 243
223 244
223 245
223 246
223 247
223 248
223 249
224 225
224 227
224 228
224 229
224 230
224 231
224 232
224 233
224 234
224 235
224 236
224 237
224 238
224 240
224 241
224 242
224 243
224 244
224 245
224 246
224 247
224 248
224 249
225 226
225 227
225 229
225 230
225 231
225 232
225 233
225 234
225 235
225 237
225 240
225 241
225 242
225 243
225 244
225 245
225 246
225 247
225 248
225 249
226 227
226 228
226 229
226 230
226 231
226 232
226 233
226 234
226 235
226 236
226 237
226 238
226 241
226 242
226 243
226 244
226 245
226 246
226 247
226 248
226 249
227 228
227 229
227 230
227 231
227 232
227 233
227 234
227 235
227 236
227 237
227 239
227 240
227 241
227 242
227 243
227 244
227 245
227 246
227 247
227 248
228 229
228 230
228 231
228 232
228 233
228 234
228 235
228 236
228 237
228 238
228 239
228 240
228 241
228 243
228 244
228 245
228 246
228 247
228 248
229 230
229 231
229 232
229 234
229 235
229 236
229 237
229 238
229 239
229 241
229 243
229 244
229 245
229 246
229 247
229 248
229 249
230 231
230 232
230 236
230 237
230 238
230 239
230 240
230 241
230 242
230 243
230 244
230 245
230 246
230 247
230 248
230 249
231 232
231 233
231 234
231 236
231 238
231 240
231 241
231 242
231 243
231 244
231 245
231 246
231 247
231 248
231 249
232 233
232 234
232 235
232 236
232 237
232 238
232 239
232 240
232 241
232 242
232 243
232 244
232 246
232 247
232 248
232 249
233 234
233 235
233 236
233 237
233 238
233 239
233 240
233 241
233 243
233 244
233 245
233 246
233 247
233 248
233 249
234 235
234 236
234 237
234 238
234 239
234 240
234 242
234 244
234 245
234 246
234 247
234 248
234 249
235 236
235 237
235 238
235 240
235 241
235 242
235 244
235 245
235 246
235 247
235 248
235 249
236 237
236 238
236 239
236 240
236 241
236 242
236 243
236 244
236 245
236 246
236 247
236 248
237 238
237 239
237 240
237 241
237 242
237 243
237 244
237 245
237 246
237 247
237 248
237 249
238 240
238 241
238 242
238 243
238 244
238 246
238 247
238 248
238 249
239 240
239 241
239 242
239 243
239 244
239 245
239 246
239 247
239 248
239 249
240 241
240 243
240 244
240 245
240 246
240 247
240 248
240 249
241 242
241 243
241 244
241 245
241 246
241 247
241 249
242 243
242 244
242 245
242 246
242 247
242 249
243 244
243 245
243 246
243 247
243 248
243 249
244 245
244 246
244 248
244 249
245 246
245 247
245 248
245 249
246 247
246 248
246 249
247 248
