0 1
0 3
0 4
0 5
0 6
0 7
0 8
0 9
0 10
0 11
0 12
0 13
0 14
0 15
0 16
0 17
0 18
0 19
0 20
0 21
0 22
0 23
0 24
0 25
0 26
0 27
0 28
0 29
0 30
0 31
0 32
0 33
0 34
0 35
0 36
0 38
0 39
0 40
0 41
0 42
0 43
0 44
0 45
0 46
0 47
0 48
0 49
0 52
0 55
0 67
0 68
0 72
0 75
0 83
0 89
0 93
0 129
0 136
0 137
0 141
0 142
0 146
0 120
0 124
0 151
0 154
0 160
0 161
0 163
0 168
0 173
0 184
0 189
0 192
0 200
0 222
0 224
0 231
0 233
1 2
1 3
1 4
1 5
1 6
1 7
1 8
1 10
1 12
1 13
1 14
1 15
1 16
1 17
1 18
1 19
1 20
1 21
1 22
1 23
1 24
1 25
1 27
1 28
1 29
1 30
1 31
1 32
1 33
1 34
1 36
1 37
1 38
1 40
1 41
1 42
1 43
1 44
1 45
1 46
1 47
1 48
1 49
1 52
1 55
1 66
1 74
1 83
1 93
1 97
1 130
1 138
1 149
1 101
1 114
1 122
1 126
1 153
1 154
1 156
1 158
1 161
1 163
1 166
1 171
1 174
1 175
1 178
1 184
1 191
1 192
1 197
1 206
1 209
1 216
1 226
1 235
1 238
1 247
1 248
2 3
2 4
2 5
2 6
2 7
2 8
2 9
2 10
2 11
2 12
2 13
2 14
2 15
2 16
2 17
2 18
2 19
2 20
2 21
2 22
2 23
2 24
2 25
2 26
2 27
2 28
2 30
2 31
2 32
2 33
2 34
2 35
2 36
2 38
2 39
2 40
2 41
2 43
2 44
2 45
2 46
2 47
2 48
2 49
2 55
2 59
2 65
2 68
2 70
2 75
2 77
2 91
2 128
2 138
2 103
2 108
2 110
2 112
2 117
2 118
2 123
2 124
2 125
2 127
2 152
2 173
2 181
2 182
2 195
2 201
2 208
2 209
2 231
2 232
2 235
2 242
2 245
3 4
3 5
3 6
3 7
3 8
3 9
3 10
3 11
3 12
3 13
3 14
3 15
3 16
3 17
3 18
3 19
3 20
3 21
3 22
3 23
3 24
3 25
3 26
3 27
3 28
3 29
3 30
3 31
3 32
3 33
3 34
3 35
3 36
3 37
3 38
3 40
3 41
3 42
3 43
3 44
3 45
3 47
3 48
3 49
3 50
3 52
3 55
3 56
3 64
3 67
3 68
3 83
3 96
3 100
3 111
3 120
3 152
3 163
3 181
3 184
3 199
3 200
3 204
3 224
3 227
3 228
3 236
3 237
3 241
3 244
3 246
4 5
4 6
4 7
4 8
4 10
4 11
4 12
4 13
4 14
4 15
4 16
4 17
4 18
4 19
4 20
4 21
4 22
4 23
4 24
4 25
4 26
4 27
4 28
4 29
4 30
4 31
4 32
4 33
4 34
4 35
4 37
4 38
4 39
4 40
4 41
4 42
4 43
4 44
4 45
4 46
4 47
4 48
4 49
4 53
4 57
4 63
4 68
4 70
4 71
4 73
4 79
4 102
4 109
4 116
4 125
4 126
4 156
4 163
4 165
4 170
4 184
4 187
4 190
4 194
4 200
4 244
4 246
5 6
5 7
5 8
5 9
5 10
5 11
5 12
5 13
5 15
5 16
5 17
5 18
5 20
5 21
5 22
5 23
5 24
5 25
5 27
5 28
5 29
5 30
5 31
5 32
5 33
5 34
5 36
5 37
5 38
5 39
5 40
5 41
5 42
5 43
5 44
5 45
5 46
5 47
5 48
5 49
5 62
5 66
5 68
5 75
5 80
5 84
5 90
5 133
5 134
5 136
5 137
5 103
5 117
5 154
5 164
5 170
5 177
5 183
5 185
5 219
5 223
5 235
5 245
6 7
6 8
6 9
6 10
6 11
6 12
6 13
6 14
6 15
6 16
6 17
6 18
6 20
6 21
6 22
6 23
6 25
6 26
6 27
6 28
6 29
6 30
6 31
6 32
6 33
6 34
6 35
6 36
6 37
6 38
6 39
6 40
6 41
6 42
6 43
6 44
6 45
6 46
6 47
6 48
6 57
6 62
6 65
6 71
6 74
6 84
6 87
6 145
6 109
6 118
6 126
6 127
6 152
6 158
6 162
6 167
6 169
6 174
6 178
6 187
6 195
6 196
6 197
6 201
6 215
6 216
6 227
6 230
6 239
7 8
7 9
7 10
7 11
7 12
7 13
7 14
7 15
7 16
7 17
7 18
7 19
7 20
7 21
7 22
7 23
7 24
7 25
7 26
7 27
7 28
7 29
7 30
7 31
7 32
7 33
7 34
7 35
7 36
7 37
7 39
7 40
7 41
7 42
7 43
7 44
7 45
7 46
7 47
7 48
7 49
7 59
7 61
7 63
7 66
7 67
7 71
7 77
7 85
7 89
7 94
7 95
7 134
7 142
7 108
7 109
7 113
7 125
7 188
7 203
7 210
7 239
7 241
7 242
7 249
8 9
8 11
8 12
8 13
8 14
8 15
8 16
8 17
8 18
8 19
8 20
8 21
8 22
8 23
8 25
8 26
8 27
8 28
8 29
8 30
8 31
8 32
8 33
8 34
8 35
8 36
8 37
8 39
8 40
8 41
8 42
8 43
8 45
8 46
8 47
8 48
8 49
8 52
8 53
8 64
8 66
8 69
8 70
8 79
8 80
8 86
8 99
8 135
8 145
8 106
8 108
8 110
8 111
8 112
8 116
8 122
8 124
8 127
8 152
8 155
8 158
8 160
8 162
8 165
8 171
8 172
8 182
8 188
8 192
8 218
8 221
8 224
8 229
8 233
8 236
8 240
9 10
9 11
9 12
9 13
9 14
9 15
9 16
9 17
9 18
9 19
9 20
9 21
9 22
9 23
9 24
9 25
9 26
9 27
9 29
9 30
9 31
9 32
9 33
9 34
9 35
9 36
9 37
9 38
9 39
9 40
9 41
9 42
9 43
9 44
9 45
9 47
9 48
9 49
9 54
9 60
9 62
9 65
9 71
9 89
9 98
9 130
9 137
9 140
9 146
9 108
9 109
9 122
9 163
9 167
9 170
9 175
9 177
9 178
9 182
9 184
9 194
9 201
9 204
9 208
9 226
9 229
9 245
10 11
10 12
10 13
10 14
10 16
10 18
10 19
10 20
10 21
10 22
10 23
10 24
10 25
10 27
10 28
10 29
10 30
10 31
10 32
10 33
10 35
10 36
10 37
10 38
10 39
10 40
10 41
10 42
10 43
10 44
10 45
10 46
10 47
10 48
10 49
10 53
10 57
10 78
10 80
10 137
10 142
10 144
10 102
10 122
10 123
10 125
10 151
10 152
10 157
10 159
10 163
10 164
10 173
10 175
10 178
10 184
10 185
10 186
10 193
10 199
10 202
10 218
10 222
10 238
10 246
10 247
11 13
11 15
11 16
11 17
11 18
11 19
11 20
11 21
11 22
11 23
11 25
11 26
11 27
11 28
11 29
11 30
11 31
11 33
11 34
11 35
11 36
11 38
11 39
11 40
11 41
11 42
11 43
11 44
11 45
11 46
11 47
11 48
11 49
11 53
11 54
11 59
11 72
11 79
11 84
11 87
11 88
11 93
11 141
11 143
11 148
11 157
11 159
11 173
11 176
11 183
11 187
11 193
11 195
11 197
11 204
11 206
11 207
11 212
11 213
11 217
11 231
11 235
12 13
12 14
12 16
12 17
12 18
12 20
12 21
12 22
12 23
12 24
12 25
12 26
12 27
12 28
12 29
12 30
12 31
12 32
12 33
12 34
12 36
12 37
12 39
12 40
12 41
12 43
12 44
12 45
12 46
12 47
12 48
12 49
12 64
12 65
12 66
12 75
12 87
12 93
12 95
12 96
12 133
12 135
12 139
12 140
12 141
12 142
12 147
12 148
12 106
12 118
12 124
12 151
12 171
12 178
12 184
12 186
12 191
12 201
12 230
12 237
12 242
12 245
13 14
13 15
13 16
13 17
13 18
13 19
13 20
13 21
13 22
13 24
13 26
13 27
13 28
13 30
13 31
13 32
13 33
13 34
13 35
13 36
13 37
13 38
13 39
13 40
13 41
13 42
13 44
13 45
13 47
13 48
13 49
13 51
13 57
13 64
13 73
13 85
13 95
13 96
13 97
13 98
13 99
13 141
13 145
13 101
13 104
13 108
13 111
13 119
13 124
13 153
13 159
13 163
13 165
13 168
13 177
13 178
13 185
13 194
13 204
13 208
13 209
13 216
13 224
13 234
13 235
14 15
14 16
14 17
14 18
14 19
14 21
14 22
14 23
14 24
14 25
14 26
14 27
14 28
14 30
14 31
14 32
14 33
14 34
14 35
14 36
14 38
14 39
14 40
14 42
14 43
14 44
14 45
14 46
14 47
14 48
14 49
14 51
14 60
14 78
14 83
14 85
14 87
14 139
14 142
14 104
14 114
14 118
14 127
14 151
14 163
14 164
14 165
14 170
14 183
14 192
14 193
14 194
14 204
14 212
14 223
14 235
14 236
14 237
14 243
15 16
15 17
15 18
15 19
15 20
15 21
15 22
15 23
15 24
15 25
15 26
15 27
15 28
15 29
15 30
15 31
15 32
15 33
15 34
15 35
15 36
15 37
15 38
15 39
15 40
15 41
15 42
15 43
15 44
15 45
15 46
15 47
15 49
15 50
15 52
15 54
15 56
15 60
15 71
15 78
15 93
15 133
15 139
15 145
15 103
15 105
15 106
15 113
15 115
15 119
15 151
15 155
15 174
15 175
15 177
15 179
15 185
15 186
15 198
15 209
15 219
15 221
15 222
15 224
15 225
15 232
15 236
15 239
15 241
15 247
16 17
16 18
16 19
16 20
16 21
16 22
16 23
16 24
16 25
16 26
16 27
16 28
16 29
16 30
16 31
16 32
16 33
16 34
16 35
16 36
16 37
16 38
16 39
16 40
16 43
16 44
16 45
16 47
16 49
16 50
16 53
16 62
16 65
16 112
16 115
16 116
16 121
16 127
16 159
16 166
16 169
16 171
16 175
16 177
16 185
16 188
16 189
16 199
16 203
16 204
16 210
16 216
16 217
16 229
16 232
16 235
16 237
16 238
17 18
17 19
17 20
17 21
17 22
17 24
17 25
17 26
17 27
17 28
17 30
17 31
17 33
17 34
17 35
17 36
17 37
17 38
17 39
17 41
17 43
17 44
17 46
17 47
17 48
17 49
17 52
17 58
17 67
17 78
17 83
17 86
17 91
17 94
17 130
17 137
17 145
17 102
17 117
17 118
17 127
17 158
17 167
17 175
17 182
17 186
17 198
17 199
17 207
17 211
17 230
17 246
17 247
18 19
18 20
18 21
18 22
18 23
18 24
18 25
18 26
18 27
18 28
18 30
18 31
18 32
18 33
18 34
18 35
18 36
18 38
18 40
18 41
18 42
18 43
18 44
18 45
18 46
18 47
18 48
18 49
18 50
18 53
18 54
18 66
18 69
18 72
18 79
18 82
18 94
18 97
18 98
18 129
18 137
18 147
18 104
18 106
18 160
18 166
18 171
18 175
18 177
18 191
18 192
18 193
18 195
18 207
18 214
18 215
18 226
18 229
18 230
18 246
19 20
19 21
19 22
19 23
19 24
19 25
19 26
19 27
19 28
19 29
19 30
19 31
19 32
19 33
19 34
19 35
19 36
19 38
19 39
19 40
19 41
19 42
19 43
19 44
19 45
19 46
19 47
19 48
19 49
19 55
19 56
19 57
19 59
19 71
19 74
19 79
19 88
19 129
19 130
19 144
19 109
19 111
19 113
19 119
19 121
19 122
19 124
19 126
19 127
19 155
19 157
19 161
19 178
19 196
19 205
19 208
19 214
19 224
19 229
19 233
19 242
20 22
20 23
20 24
20 25
20 26
20 27
20 28
20 29
20 30
20 31
20 32
20 33
20 34
20 37
20 38
20 40
20 41
20 42
20 43
20 44
20 45
20 46
20 47
20 48
20 49
20 50
20 56
20 57
20 59
20 66
20 76
20 77
20 79
20 82
20 84
20 90
20 131
20 144
20 100
20 107
20 109
20 114
20 117
20 157
20 163
20 166
20 173
20 180
20 199
20 214
20 215
20 218
20 226
20 234
20 237
20 239
20 243
21 22
21 24
21 25
21 26
21 28
21 29
21 30
21 31
21 32
21 33
21 34
21 35
21 36
21 37
21 38
21 39
21 40
21 41
21 42
21 43
21 44
21 45
21 46
21 47
21 49
21 50
21 51
21 52
21 66
21 89
21 92
21 95
21 96
21 98
21 101
21 102
21 119
21 120
21 122
21 127
21 151
21 152
21 157
21 176
21 177
21 178
21 182
21 191
21 205
21 207
21 208
21 210
21 213
21 219
21 220
21 235
21 237
21 247
21 248
22 23
22 24
22 25
22 26
22 27
22 28
22 29
22 30
22 31
22 32
22 33
22 34
22 35
22 36
22 37
22 38
22 40
22 42
22 43
22 44
22 45
22 46
22 47
22 48
22 49
22 51
22 55
22 56
22 66
22 68
22 70
22 72
22 82
22 83
22 85
22 86
22 128
22 136
22 138
22 144
22 147
22 114
22 118
22 168
22 175
22 176
22 193
22 198
22 204
22 205
22 208
22 210
22 214
22 218
22 222
22 229
22 237
22 242
22 247
22 249
23 24
23 25
23 26
23 27
23 28
23 29
23 30
23 31
23 32
23 33
23 34
23 35
23 36
23 37
23 38
23 39
23 40
23 41
23 42
23 43
23 44
23 47
23 48
23 49
23 64
23 67
23 84
23 85
23 93
23 134
23 141
23 108
23 112
23 115
23 120
23 163
23 164
23 166
23 176
23 188
23 190
23 191
23 198
23 202
23 214
23 215
23 224
23 236
24 26
24 28
24 29
24 30
24 31
24 32
24 33
24 35
24 36
24 37
24 38
24 39
24 40
24 41
24 42
24 43
24 44
24 45
24 46
24 47
24 48
24 49
24 50
24 59
24 62
24 73
24 74
24 84
24 88
24 92
24 96
24 129
24 141
24 146
24 147
24 102
24 116
24 117
24 119
24 122
24 154
24 155
24 162
24 166
24 186
24 188
24 191
24 193
24 195
24 197
24 200
24 207
24 210
24 214
24 215
24 220
24 221
24 226
24 229
24 235
24 245
24 247
25 26
25 27
25 28
25 29
25 30
25 31
25 32
25 33
25 34
25 35
25 36
25 37
25 38
25 39
25 40
25 41
25 42
25 43
25 44
25 45
25 46
25 47
25 48
25 49
25 52
25 58
25 65
25 68
25 72
25 73
25 76
25 78
25 81
25 88
25 92
25 128
25 147
25 149
25 114
25 119
25 121
25 150
25 167
25 170
25 171
25 172
25 173
25 183
25 184
25 185
25 206
25 208
25 214
25 224
25 245
25 246
25 248
26 27
26 28
26 29
26 30
26 31
26 32
26 33
26 34
26 35
26 36
26 37
26 38
26 39
26 40
26 41
26 42
26 44
26 45
26 46
26 47
26 48
26 49
26 53
26 63
26 72
26 80
26 84
26 85
26 88
26 130
26 115
26 153
26 155
26 157
26 164
26 167
26 172
26 176
26 178
26 187
26 194
26 204
26 210
26 215
26 216
26 218
26 222
26 223
26 228
26 249
27 28
27 30
27 31
27 32
27 33
27 34
27 35
27 36
27 37
27 38
27 39
27 40
27 41
27 42
27 43
27 44
27 45
27 46
27 47
27 48
27 49
27 71
27 89
27 97
27 99
27 130
27 137
27 142
27 143
27 145
27 108
27 119
27 121
27 125
27 126
27 153
27 181
27 192
27 193
27 194
27 198
27 205
27 217
27 223
27 229
27 230
27 235
27 238
27 239
27 244
27 246
27 247
27 249
28 29
28 31
28 32
28 33
28 34
28 35
28 36
28 37
28 38
28 39
28 40
28 41
28 42
28 43
28 44
28 45
28 46
28 47
28 48
28 49
28 54
28 63
28 68
28 69
28 70
28 72
28 77
28 78
28 80
28 137
28 140
28 145
28 102
28 107
28 115
28 116
28 118
28 120
28 122
28 126
28 160
28 166
28 171
28 180
28 184
28 185
28 191
28 209
28 214
28 216
28 221
28 224
28 241
28 243
28 245
28 247
29 30
29 31
29 32
29 33
29 34
29 35
29 36
29 38
29 39
29 40
29 41
29 44
29 45
29 46
29 47
29 48
29 49
29 58
29 60
29 63
29 65
29 68
29 83
29 85
29 90
29 92
29 101
29 109
29 152
29 166
29 174
29 175
29 190
29 191
29 201
29 205
29 210
29 218
29 220
29 221
29 222
29 224
29 227
29 236
30 31
30 32
30 33
30 34
30 35
30 37
30 38
30 39
30 40
30 41
30 42
30 44
30 45
30 46
30 47
30 48
30 49
30 51
30 54
30 71
30 77
30 78
30 79
30 84
30 86
30 90
30 94
30 128
30 137
30 140
30 101
30 120
30 122
30 170
30 180
30 185
30 200
30 203
30 204
30 205
30 210
30 216
30 220
30 236
31 32
31 33
31 34
31 35
31 36
31 38
31 39
31 40
31 41
31 42
31 44
31 45
31 46
31 47
31 48
31 49
31 52
31 53
31 63
31 70
31 71
31 72
31 73
31 79
31 84
31 86
31 133
31 139
31 143
31 106
31 122
31 123
31 125
31 126
31 127
31 160
31 166
31 174
31 177
31 181
31 191
31 195
31 200
31 211
31 218
31 219
31 224
31 225
31 233
31 235
31 242
31 247
31 248
31 249
32 33
32 34
32 35
32 36
32 37
32 38
32 39
32 40
32 41
32 43
32 44
32 45
32 46
32 47
32 48
32 49
32 91
32 94
32 96
32 137
32 139
32 145
32 146
32 113
32 115
32 155
32 163
32 165
32 174
32 177
32 184
32 194
32 198
32 205
32 208
32 217
32 227
32 230
32 231
32 234
32 237
32 238
32 239
32 240
32 241
32 245
32 247
32 248
33 35
33 36
33 37
33 38
33 39
33 41
33 42
33 43
33 44
33 45
33 46
33 47
33 49
33 51
33 53
33 55
33 73
33 74
33 77
33 81
33 91
33 92
33 97
33 129
33 133
33 140
33 143
33 146
33 103
33 118
33 150
33 154
33 164
33 167
33 172
33 180
33 187
33 192
33 206
33 208
33 223
33 233
33 235
33 238
33 246
33 247
33 248
34 35
34 36
34 37
34 38
34 39
34 40
34 42
34 43
34 44
34 45
34 46
34 47
34 48
34 49
34 50
34 51
34 55
34 64
34 70
34 75
34 78
34 89
34 90
34 91
34 93
34 129
34 135
34 148
34 149
34 113
34 118
34 167
34 173
34 189
34 191
34 202
34 205
34 215
34 218
34 219
34 224
34 236
34 240
34 241
34 244
35 36
35 38
35 39
35 40
35 41
35 42
35 43
35 44
35 45
35 46
35 47
35 49
35 65
35 67
35 74
35 80
35 86
35 87
35 89
35 99
35 128
35 129
35 130
35 133
35 134
35 146
35 113
35 124
35 158
35 168
35 169
35 175
35 178
35 179
35 197
35 200
35 201
35 202
35 204
35 213
35 228
35 231
35 237
35 242
35 245
35 247
36 37
36 38
36 39
36 40
36 41
36 42
36 43
36 44
36 45
36 46
36 47
36 49
36 51
36 52
36 56
36 61
36 62
36 67
36 71
36 76
36 78
36 82
36 90
36 95
36 130
36 136
36 144
36 101
36 102
36 103
36 107
36 111
36 119
36 123
36 125
36 127
36 153
36 154
36 156
36 164
36 169
36 172
36 184
36 187
36 188
36 189
36 191
36 192
36 193
36 199
36 204
36 207
36 208
36 213
36 215
36 221
36 224
36 227
36 237
36 239
37 38
37 39
37 40
37 41
37 43
37 44
37 45
37 46
37 47
37 48
37 49
37 50
37 56
37 58
37 80
37 82
37 86
37 129
37 139
37 144
37 148
37 149
37 119
37 155
37 165
37 170
37 184
37 188
37 200
37 209
37 214
37 221
37 229
37 230
37 233
38 39
38 40
38 41
38 42
38 43
38 45
38 46
38 47
38 48
38 49
38 57
38 76
38 80
38 81
38 134
38 135
38 136
38 137
38 140
38 142
38 146
38 103
38 110
38 114
38 121
38 161
38 166
38 176
38 193
38 195
38 213
38 217
38 228
38 231
38 238
38 241
38 244
38 245
39 40
39 41
39 42
39 43
39 44
39 45
39 46
39 47
39 48
39 49
39 55
39 56
39 58
39 60
39 61
39 82
39 83
39 86
39 89
39 133
39 135
39 137
39 138
39 118
39 122
39 124
39 160
39 164
39 169
39 179
39 180
39 182
39 186
39 189
39 194
39 203
39 205
39 206
39 222
39 223
39 230
39 231
39 238
39 240
39 241
40 41
40 42
40 43
40 44
40 45
40 46
40 47
40 49
40 54
40 57
40 73
40 76
40 81
40 82
40 89
40 90
40 130
40 138
40 149
40 111
40 114
40 115
40 121
40 127
40 173
40 175
40 176
40 179
40 180
40 181
40 196
40 200
40 221
40 229
40 235
40 243
40 249
41 42
41 43
41 44
41 45
41 46
41 47
41 48
41 49
41 52
41 63
41 64
41 66
41 74
41 85
41 86
41 88
41 92
41 97
41 130
41 138
41 142
41 145
41 105
41 108
41 114
41 119
41 127
41 162
41 168
41 171
41 177
41 178
41 195
41 211
41 217
41 220
41 223
41 224
41 228
42 44
42 46
42 47
42 48
42 49
42 52
42 58
42 79
42 82
42 90
42 96
42 131
42 138
42 144
42 149
42 103
42 105
42 116
42 154
42 161
42 178
42 179
42 187
42 190
42 199
42 207
42 209
42 215
42 220
42 230
42 231
42 233
42 236
42 237
42 242
42 249
43 44
43 45
43 46
43 47
43 48
43 49
43 53
43 65
43 79
43 80
43 134
43 138
43 146
43 104
43 107
43 118
43 152
43 162
43 177
43 185
43 186
43 187
43 192
43 229
43 240
43 245
43 248
44 45
44 46
44 48
44 61
44 69
44 77
44 80
44 88
44 90
44 107
44 115
44 150
44 153
44 154
44 158
44 160
44 166
44 170
44 173
44 176
44 208
44 226
44 229
44 238
44 240
45 46
45 47
45 48
45 49
45 59
45 62
45 63
45 64
45 67
45 68
45 72
45 75
45 80
45 82
45 89
45 91
45 132
45 135
45 111
45 114
45 120
45 126
45 150
45 157
45 159
45 162
45 163
45 168
45 173
45 178
45 201
45 204
45 208
45 211
45 213
45 215
45 216
45 228
45 235
45 240
46 47
46 48
46 49
46 55
46 72
46 73
46 74
46 87
46 89
46 94
46 133
46 136
46 138
46 148
46 149
46 101
46 125
46 157
46 163
46 164
46 180
46 190
46 198
46 202
46 207
46 214
46 216
46 217
46 223
46 229
46 230
46 232
46 239
46 247
47 48
47 49
47 62
47 64
47 66
47 70
47 71
47 73
47 76
47 85
47 138
47 139
47 102
47 125
47 158
47 166
47 167
47 168
47 185
47 188
47 195
47 223
47 228
47 230
48 49
48 72
48 79
48 86
48 97
48 140
48 103
48 107
48 120
48 123
48 153
48 183
48 187
48 188
48 195
48 211
48 213
48 215
48 217
48 227
48 236
48 238
48 240
48 243
48 246
49 50
49 52
49 53
49 57
49 62
49 77
49 78
49 84
49 98
49 138
49 140
49 105
49 110
49 119
49 120
49 121
49 151
49 154
49 156
49 159
49 160
49 163
49 171
49 176
49 179
49 181
49 184
49 188
49 196
49 197
49 201
49 204
49 206
49 221
49 228
49 230
49 236
49 241
50 51
50 52
50 53
50 54
50 55
50 56
50 57
50 58
50 59
50 60
50 61
50 62
50 63
50 64
50 65
50 67
50 68
50 69
50 70
50 71
50 73
50 74
50 75
50 76
50 77
50 78
50 79
50 80
50 81
50 82
50 83
50 84
50 85
50 86
50 87
50 88
50 89
50 90
50 91
50 92
50 93
50 94
50 95
50 96
50 97
50 98
50 99
50 137
50 143
50 148
50 104
50 117
50 119
50 154
50 159
50 161
50 173
50 176
50 186
50 197
50 213
50 214
50 216
50 217
50 219
50 223
50 230
50 233
50 234
50 240
50 241
50 249
51 52
51 53
51 54
51 55
51 56
51 57
51 58
51 59
51 60
51 61
51 62
51 64
51 65
51 66
51 67
51 68
51 69
51 70
51 71
51 72
51 73
51 75
51 77
51 78
51 79
51 80
51 81
51 82
51 83
51 84
51 86
51 87
51 88
51 89
51 90
51 91
51 92
51 94
51 95
51 96
51 97
51 98
51 99
51 129
51 136
51 147
51 112
51 127
51 162
51 171
51 178
51 180
51 184
51 186
51 187
51 196
51 201
51 203
51 214
51 226
51 235
51 239
51 246
51 248
52 53
52 54
52 55
52 56
52 57
52 58
52 59
52 60
52 61
52 62
52 63
52 64
52 65
52 66
52 67
52 68
52 69
52 70
52 71
52 72
52 73
52 74
52 75
52 76
52 77
52 78
52 79
52 80
52 82
52 83
52 84
52 86
52 87
52 88
52 89
52 90
52 91
52 92
52 93
52 94
52 95
52 96
52 97
52 98
52 129
52 131
52 132
52 136
52 138
52 145
52 105
52 110
52 112
52 113
52 115
52 118
52 120
52 125
52 151
52 153
52 158
52 163
52 185
52 188
52 189
52 190
52 191
52 210
52 227
52 235
52 241
53 54
53 55
53 56
53 57
53 58
53 59
53 60
53 61
53 62
53 63
53 64
53 65
53 66
53 67
53 68
53 69
53 71
53 72
53 73
53 74
53 75
53 77
53 78
53 79
53 80
53 81
53 82
53 83
53 84
53 85
53 86
53 87
53 88
53 89
53 90
53 91
53 92
53 93
53 94
53 95
53 96
53 97
53 99
53 131
53 133
53 134
53 139
53 101
53 106
53 108
53 110
53 112
53 113
53 116
53 122
53 124
53 160
53 163
53 165
53 171
53 179
53 206
53 210
53 211
53 215
53 229
53 232
53 241
53 242
53 244
54 55
54 57
54 58
54 59
54 60
54 61
54 62
54 63
54 64
54 65
54 66
54 67
54 68
54 69
54 70
54 71
54 72
54 73
54 74
54 75
54 76
54 77
54 78
54 79
54 80
54 81
54 82
54 83
54 84
54 85
54 86
54 87
54 88
54 89
54 91
54 93
54 94
54 96
54 97
54 99
54 132
54 140
54 100
54 108
54 120
54 121
54 122
54 150
54 165
54 179
54 180
54 181
54 195
54 209
54 212
54 217
54 223
54 229
54 233
54 236
54 243
54 244
54 246
55 56
55 58
55 59
55 60
55 61
55 62
55 63
55 65
55 66
55 67
55 68
55 70
55 71
55 72
55 73
55 74
55 75
55 76
55 77
55 79
55 80
55 81
55 82
55 83
55 84
55 86
55 87
55 88
55 89
55 90
55 91
55 92
55 93
55 96
55 97
55 98
55 141
55 147
55 149
55 108
55 113
55 126
55 127
55 151
55 153
55 156
55 159
55 166
55 170
55 186
55 190
55 192
55 194
55 201
55 205
55 208
55 209
55 238
55 241
55 247
56 57
56 58
56 59
56 60
56 61
56 62
56 63
56 64
56 65
56 66
56 67
56 68
56 69
56 70
56 71
56 72
56 74
56 75
56 76
56 77
56 78
56 79
56 80
56 81
56 83
56 84
56 85
56 86
56 87
56 88
56 89
56 90
56 92
56 93
56 94
56 95
56 96
56 97
56 98
56 99
56 133
56 100
56 102
56 105
56 107
56 110
56 111
56 118
56 119
56 122
56 123
56 152
56 179
56 184
56 196
56 214
56 217
56 228
56 229
56 231
56 240
56 246
57 58
57 59
57 60
57 61
57 62
57 63
57 64
57 65
57 66
57 67
57 68
57 69
57 70
57 71
57 72
57 73
57 74
57 76
57 77
57 78
57 79
57 80
57 81
57 83
57 85
57 86
57 87
57 89
57 90
57 91
57 93
57 94
57 95
57 96
57 97
57 98
57 99
57 132
57 137
57 138
57 141
57 144
57 145
57 147
57 102
57 115
57 117
57 119
57 120
57 125
57 157
57 161
57 163
57 167
57 168
57 169
57 170
57 172
57 182
57 186
57 193
57 198
57 200
57 203
57 215
57 220
57 233
57 235
57 240
57 241
57 248
58 60
58 61
58 62
58 64
58 65
58 66
58 67
58 68
58 70
58 71
58 72
58 74
58 75
58 76
58 78
58 79
58 80
58 81
58 82
58 83
58 84
58 85
58 86
58 87
58 88
58 89
58 90
58 91
58 92
58 93
58 94
58 96
58 97
58 98
58 99
58 139
58 102
58 105
58 115
58 118
58 120
58 122
58 156
58 158
58 162
58 165
58 168
58 173
58 203
58 205
58 207
58 208
58 211
58 213
58 231
58 234
58 248
59 60
59 62
59 63
59 64
59 65
59 66
59 67
59 68
59 69
59 70
59 71
59 72
59 73
59 75
59 76
59 77
59 78
59 79
59 80
59 81
59 82
59 83
59 84
59 85
59 86
59 87
59 88
59 89
59 90
59 91
59 92
59 94
59 95
59 96
59 97
59 98
59 99
59 128
59 133
59 102
59 107
59 118
59 125
59 153
59 154
59 155
59 159
59 171
59 184
59 185
59 191
59 192
59 198
59 208
59 214
59 217
59 223
59 235
59 236
59 244
60 61
60 62
60 63
60 64
60 65
60 66
60 67
60 68
60 69
60 70
60 71
60 72
60 73
60 74
60 75
60 76
60 77
60 78
60 79
60 80
60 81
60 82
60 83
60 85
60 86
60 87
60 88
60 90
60 91
60 92
60 94
60 95
60 96
60 97
60 98
60 128
60 136
60 141
60 142
60 145
60 104
60 111
60 120
60 124
60 152
60 156
60 160
60 164
60 165
60 167
60 188
60 191
60 194
60 201
60 204
60 210
60 213
60 221
60 224
60 233
60 238
60 240
61 62
61 63
61 64
61 65
61 66
61 67
61 68
61 69
61 70
61 71
61 72
61 73
61 74
61 76
61 77
61 78
61 79
61 80
61 81
61 82
61 83
61 85
61 86
61 87
61 88
61 89
61 90
61 91
61 92
61 93
61 94
61 95
61 96
61 97
61 98
61 99
61 138
61 139
61 100
61 112
61 150
61 158
61 167
61 174
61 178
61 186
61 190
61 193
61 203
61 205
61 208
61 211
61 216
61 218
61 220
61 232
61 241
61 246
62 63
62 64
62 65
62 66
62 68
62 69
62 71
62 72
62 73
62 74
62 75
62 76
62 77
62 78
62 79
62 80
62 81
62 82
62 84
62 85
62 88
62 89
62 90
62 91
62 92
62 93
62 94
62 95
62 96
62 97
62 98
62 99
62 131
62 132
62 141
62 143
62 146
62 147
62 120
62 123
62 125
62 152
62 159
62 165
62 169
62 176
62 179
62 183
62 189
62 196
62 202
62 213
62 214
62 219
62 220
62 226
62 231
62 233
62 235
62 242
62 246
63 64
63 65
63 66
63 67
63 69
63 70
63 71
63 72
63 73
63 74
63 76
63 77
63 78
63 79
63 80
63 81
63 82
63 83
63 84
63 85
63 86
63 88
63 89
63 90
63 91
63 92
63 93
63 94
63 95
63 96
63 97
63 98
63 99
63 129
63 132
63 134
63 105
63 116
63 120
63 123
63 124
63 162
63 169
63 185
63 187
63 191
63 199
63 201
63 203
63 205
63 212
63 215
63 223
63 227
63 236
63 248
63 249
64 65
64 66
64 67
64 68
64 69
64 70
64 71
64 72
64 73
64 74
64 75
64 76
64 79
64 80
64 81
64 82
64 83
64 84
64 85
64 86
64 87
64 88
64 89
64 90
64 91
64 92
64 93
64 94
64 95
64 96
64 97
64 98
64 99
64 147
64 110
64 125
64 127
64 154
64 155
64 167
64 172
64 190
64 197
64 202
64 207
64 238
64 243
64 247
65 66
65 68
65 69
65 71
65 72
65 73
65 74
65 75
65 76
65 77
65 78
65 79
65 80
65 81
65 82
65 84
65 85
65 86
65 87
65 88
65 89
65 90
65 91
65 93
65 94
65 95
65 96
65 97
65 98
65 99
65 136
65 143
65 145
65 105
65 157
65 158
65 159
65 175
65 186
65 210
65 212
65 234
65 237
65 240
66 67
66 68
66 69
66 70
66 71
66 72
66 73
66 75
66 76
66 78
66 79
66 80
66 81
66 82
66 83
66 84
66 85
66 86
66 88
66 89
66 90
66 91
66 92
66 93
66 94
66 95
66 96
66 98
66 99
66 143
66 109
66 110
66 111
66 113
66 120
66 123
66 125
66 150
66 161
66 169
66 174
66 175
66 180
66 187
66 190
66 196
66 200
66 211
66 219
66 225
66 226
66 232
66 240
66 241
66 246
66 249
67 69
67 70
67 71
67 72
67 73
67 74
67 75
67 77
67 78
67 79
67 80
67 81
67 82
67 83
67 84
67 85
67 86
67 88
67 89
67 90
67 91
67 92
67 93
67 94
67 95
67 96
67 97
67 98
67 128
67 140
67 142
67 148
67 101
67 102
67 108
67 114
67 123
67 127
67 150
67 154
67 156
67 162
67 166
67 169
67 173
67 177
67 181
67 202
67 208
67 212
67 221
67 224
67 226
67 231
67 233
67 246
68 69
68 70
68 71
68 73
68 74
68 76
68 78
68 79
68 80
68 82
68 83
68 84
68 85
68 86
68 87
68 88
68 89
68 90
68 91
68 92
68 93
68 95
68 96
68 97
68 98
68 130
68 148
68 105
68 108
68 115
68 117
68 120
68 121
68 124
68 153
68 155
68 156
68 162
68 163
68 164
68 166
68 177
68 179
68 181
68 184
68 190
68 191
68 193
68 204
68 211
68 212
68 213
68 217
68 219
68 228
68 232
68 235
68 237
68 242
68 243
69 70
69 73
69 74
69 75
69 76
69 77
69 78
69 79
69 80
69 81
69 82
69 84
69 85
69 87
69 88
69 89
69 90
69 91
69 92
69 93
69 94
69 95
69 96
69 98
69 99
69 147
69 149
69 100
69 102
69 103
69 109
69 110
69 111
69 115
69 116
69 122
69 151
69 168
69 169
69 175
69 178
69 179
69 184
69 186
69 192
69 199
69 200
69 201
69 213
69 215
69 220
69 221
69 224
69 227
69 235
70 71
70 73
70 74
70 75
70 76
70 77
70 78
70 79
70 80
70 81
70 82
70 83
70 85
70 86
70 87
70 89
70 90
70 91
70 92
70 93
70 95
70 96
70 97
70 98
70 99
70 130
70 109
70 112
70 123
70 126
70 154
70 155
70 157
70 192
70 198
70 203
70 205
70 228
70 238
71 73
71 74
71 75
71 76
71 77
71 79
71 80
71 81
71 82
71 83
71 84
71 85
71 87
71 88
71 89
71 90
71 91
71 92
71 93
71 94
71 95
71 96
71 97
71 98
71 99
71 129
71 131
71 137
71 139
71 146
71 101
71 106
71 114
71 120
71 122
71 123
71 127
71 154
71 157
71 163
71 183
71 188
71 194
71 198
71 200
71 215
71 219
71 220
71 222
71 241
71 243
72 73
72 74
72 75
72 76
72 78
72 79
72 80
72 81
72 82
72 83
72 85
72 87
72 88
72 89
72 90
72 91
72 92
72 93
72 94
72 95
72 96
72 97
72 98
72 99
72 128
72 135
72 137
72 148
72 100
72 105
72 106
72 111
72 117
72 119
72 120
72 127
72 163
72 169
72 198
72 207
72 217
72 221
72 227
72 234
72 235
72 242
72 247
73 74
73 75
73 76
73 77
73 78
73 79
73 80
73 81
73 82
73 83
73 84
73 85
73 86
73 88
73 90
73 91
73 92
73 93
73 94
73 95
73 96
73 98
73 99
73 130
73 140
73 142
73 143
73 101
73 112
73 116
73 118
73 152
73 154
73 157
73 159
73 164
73 179
73 193
73 199
73 201
73 210
73 221
73 224
73 225
73 230
73 234
73 242
73 248
74 75
74 76
74 77
74 78
74 79
74 80
74 81
74 82
74 83
74 84
74 85
74 86
74 87
74 89
74 91
74 92
74 93
74 94
74 95
74 96
74 97
74 98
74 99
74 135
74 145
74 146
74 106
74 118
74 119
74 124
74 154
74 155
74 157
74 162
74 165
74 172
74 202
74 203
74 210
74 232
74 233
75 76
75 77
75 78
75 79
75 80
75 82
75 83
75 84
75 85
75 86
75 87
75 88
75 89
75 90
75 91
75 92
75 93
75 94
75 95
75 96
75 97
75 98
75 99
75 128
75 103
75 107
75 109
75 113
75 157
75 160
75 165
75 171
75 176
75 198
75 206
75 208
75 212
75 215
75 229
75 232
75 233
75 236
75 237
75 238
75 242
75 244
75 246
75 247
75 248
76 77
76 78
76 79
76 80
76 81
76 82
76 83
76 85
76 86
76 87
76 88
76 89
76 90
76 91
76 92
76 93
76 94
76 95
76 96
76 97
76 98
76 99
76 135
76 136
76 138
76 142
76 149
76 113
76 118
76 119
76 122
76 151
76 161
76 163
76 167
76 176
76 195
76 199
76 207
76 208
76 209
76 212
76 213
76 214
76 216
76 217
76 222
76 230
76 249
77 78
77 80
77 81
77 82
77 83
77 84
77 85
77 86
77 87
77 88
77 89
77 90
77 91
77 92
77 93
77 94
77 95
77 96
77 97
77 98
77 99
77 140
77 146
77 100
77 101
77 102
77 110
77 127
77 150
77 157
77 163
77 165
77 167
77 168
77 171
77 174
77 176
77 178
77 182
77 188
77 190
77 192
77 193
77 194
77 200
77 203
77 209
77 210
77 214
77 218
77 234
77 239
77 240
77 241
77 247
78 79
78 80
78 81
78 82
78 83
78 84
78 85
78 86
78 87
78 88
78 89
78 90
78 91
78 92
78 93
78 94
78 95
78 96
78 97
78 98
78 128
78 130
78 135
78 136
78 106
78 125
78 151
78 176
78 180
78 181
78 185
78 190
78 199
78 214
78 221
78 229
78 232
78 235
78 238
78 244
79 80
79 81
79 82
79 83
79 84
79 85
79 87
79 88
79 89
79 90
79 91
79 92
79 93
79 94
79 95
79 96
79 97
79 99
79 130
79 100
79 104
79 108
79 113
79 117
79 119
79 124
79 162
79 166
79 171
79 181
79 188
79 189
79 201
79 206
79 219
79 223
79 224
79 231
79 232
79 245
80 81
80 82
80 83
80 84
80 85
80 86
80 87
80 88
80 89
80 90
80 91
80 92
80 93
80 94
80 95
80 96
80 97
80 98
80 99
80 130
80 131
80 135
80 104
80 108
80 112
80 177
80 179
80 182
80 183
80 197
80 202
80 206
80 225
80 232
80 233
80 234
80 242
80 248
81 82
81 83
81 84
81 85
81 86
81 87
81 88
81 89
81 90
81 91
81 92
81 93
81 94
81 95
81 96
81 97
81 98
81 99
81 134
81 139
81 144
81 145
81 148
81 113
81 116
81 122
81 123
81 151
81 157
81 158
81 165
81 169
81 178
81 188
81 194
81 197
81 204
82 83
82 84
82 85
82 86
82 89
82 90
82 91
82 92
82 93
82 94
82 95
82 96
82 97
82 98
82 99
82 136
82 137
82 101
82 103
82 116
82 119
82 124
82 155
82 159
82 163
82 171
82 174
82 180
82 190
82 208
82 210
82 223
82 229
82 236
83 84
83 85
83 86
83 87
83 88
83 89
83 90
83 91
83 92
83 93
83 94
83 95
83 96
83 98
83 99
83 129
83 132
83 134
83 139
83 143
83 146
83 148
83 102
83 104
83 107
83 111
83 115
83 124
83 125
83 160
83 162
83 171
83 177
83 184
83 185
83 194
83 198
83 202
83 207
83 215
83 228
83 230
83 245
84 85
84 86
84 87
84 88
84 89
84 90
84 91
84 92
84 93
84 95
84 97
84 98
84 99
84 128
84 130
84 137
84 146
84 102
84 107
84 110
84 118
84 121
84 127
84 152
84 155
84 162
84 165
84 171
84 172
84 184
84 185
84 187
84 188
84 199
84 200
84 204
84 213
84 217
84 224
84 226
84 227
84 228
84 233
84 234
85 86
85 87
85 88
85 89
85 90
85 91
85 92
85 93
85 94
85 95
85 96
85 97
85 98
85 99
85 128
85 129
85 135
85 142
85 147
85 148
85 101
85 102
85 107
85 112
85 118
85 123
85 124
85 126
85 127
85 152
85 156
85 171
85 172
85 188
85 191
85 192
85 193
85 198
85 201
85 203
85 205
85 210
85 220
85 231
86 87
86 88
86 89
86 90
86 91
86 92
86 93
86 94
86 96
86 97
86 98
86 99
86 136
86 147
86 109
86 118
86 121
86 151
86 155
86 159
86 162
86 167
86 181
86 201
86 224
86 228
86 229
86 238
87 88
87 91
87 92
87 93
87 94
87 95
87 96
87 97
87 98
87 99
87 133
87 134
87 139
87 141
87 105
87 114
87 118
87 119
87 153
87 162
87 165
87 175
87 183
87 193
87 214
87 220
87 221
87 222
87 227
87 235
87 244
87 248
88 89
88 90
88 91
88 92
88 93
88 94
88 95
88 96
88 97
88 98
88 99
88 134
88 137
88 147
88 108
88 111
88 113
88 118
88 127
88 152
88 154
88 161
88 165
88 177
88 181
88 188
88 198
88 201
88 214
88 235
88 237
88 241
88 242
88 246
88 248
89 90
89 91
89 92
89 93
89 94
89 95
89 96
89 97
89 98
89 99
89 130
89 134
89 135
89 137
89 109
89 111
89 151
89 159
89 172
89 179
89 190
89 194
89 201
89 219
89 225
89 244
89 248
90 91
90 92
90 93
90 94
90 95
90 96
90 97
90 98
90 99
90 131
90 134
90 145
90 103
90 104
90 112
90 118
90 120
90 127
90 151
90 154
90 156
90 158
90 165
90 166
90 171
90 181
90 186
90 199
90 202
90 209
90 211
90 215
90 227
90 232
90 238
90 241
90 245
90 249
91 92
91 93
91 94
91 96
91 97
91 98
91 99
91 128
91 132
91 135
91 142
91 143
91 100
91 105
91 108
91 109
91 110
91 118
91 119
91 123
91 126
91 165
91 170
91 171
91 178
91 194
91 207
91 209
91 210
91 211
91 225
91 228
91 237
92 93
92 94
92 95
92 96
92 97
92 98
92 99
92 129
92 131
92 138
92 102
92 105
92 127
92 151
92 152
92 154
92 157
92 164
92 165
92 173
92 179
92 189
92 197
92 203
92 209
92 214
92 215
92 217
92 219
92 230
92 233
92 241
93 95
93 97
93 98
93 99
93 128
93 129
93 136
93 148
93 115
93 117
93 119
93 121
93 156
93 176
93 178
93 185
93 201
93 230
93 231
93 232
93 236
93 238
94 96
94 97
94 98
94 99
94 136
94 142
94 144
94 147
94 110
94 112
94 116
94 124
94 151
94 160
94 173
94 184
94 187
94 190
94 198
94 211
94 212
94 220
94 221
94 223
94 225
94 234
94 242
94 249
95 96
95 97
95 98
95 99
95 135
95 138
95 140
95 142
95 143
95 101
95 105
95 106
95 160
95 165
95 187
95 201
95 208
95 210
95 214
95 217
95 236
95 241
95 243
95 248
95 249
96 97
96 98
96 99
96 131
96 133
96 135
96 144
96 101
96 103
96 112
96 113
96 120
96 124
96 125
96 150
96 155
96 159
96 169
96 172
96 184
96 204
96 216
96 223
96 239
96 240
96 245
97 98
97 99
97 134
97 144
97 103
97 110
97 114
97 118
97 121
97 150
97 151
97 154
97 175
97 179
97 180
97 182
97 190
97 194
97 202
97 204
97 213
97 215
97 217
97 222
97 230
97 232
97 239
97 247
98 99
98 135
98 146
98 147
98 100
98 107
98 114
98 123
98 127
98 151
98 153
98 163
98 167
98 170
98 171
98 175
98 183
98 190
98 197
98 209
98 230
98 232
98 238
98 244
98 246
99 102
99 104
99 110
99 111
99 115
99 118
99 120
99 125
99 127
99 152
99 158
99 169
99 181
99 185
99 186
99 189
99 200
99 204
99 206
99 212
99 214
99 224
99 231
99 244
128 129
128 131
128 132
128 133
128 134
128 135
128 136
128 137
128 138
128 139
128 140
128 141
128 142
128 143
128 144
128 145
128 146
128 147
128 148
128 149
128 100
128 101
128 102
128 103
128 104
128 105
128 106
128 107
128 108
128 110
128 111
128 112
128 113
128 114
128 115
128 116
128 117
128 118
128 119
128 120
128 121
128 122
128 123
128 125
128 126
128 127
128 168
128 174
128 177
128 180
128 181
128 186
128 195
128 203
128 205
128 206
128 217
128 218
128 226
128 233
128 241
129 130
129 131
129 132
129 134
129 135
129 136
129 137
129 138
129 139
129 140
129 141
129 142
129 143
129 145
129 146
129 148
129 149
129 100
129 102
129 103
129 104
129 105
129 106
129 107
129 108
129 109
129 110
129 112
129 113
129 114
129 115
129 117
129 118
129 120
129 121
129 122
129 123
129 124
129 125
129 126
129 127
129 150
129 165
129 169
129 186
129 187
129 197
129 203
129 215
129 217
129 219
129 224
129 227
129 236
129 237
129 248
130 131
130 132
130 133
130 134
130 135
130 136
130 137
130 138
130 140
130 141
130 142
130 143
130 144
130 145
130 146
130 147
130 149
130 100
130 102
130 103
130 104
130 105
130 106
130 107
130 108
130 109
130 110
130 111
130 112
130 113
130 114
130 115
130 116
130 117
130 118
130 119
130 120
130 121
130 122
130 123
130 124
130 125
130 126
130 127
130 156
130 162
130 166
130 172
130 173
130 174
130 178
130 182
130 184
130 192
130 193
130 195
130 196
130 197
130 198
130 210
130 212
130 213
130 216
130 218
130 244
131 132
131 133
131 135
131 136
131 137
131 138
131 139
131 140
131 141
131 142
131 143
131 144
131 145
131 146
131 147
131 148
131 149
131 100
131 101
131 102
131 103
131 104
131 105
131 106
131 107
131 108
131 109
131 110
131 111
131 112
131 114
131 115
131 116
131 117
131 118
131 119
131 120
131 121
131 122
131 123
131 124
131 126
131 127
131 159
131 171
131 172
131 188
131 200
131 203
131 227
131 228
131 238
132 133
132 134
132 135
132 136
132 137
132 138
132 139
132 140
132 141
132 142
132 143
132 144
132 146
132 147
132 148
132 149
132 100
132 101
132 102
132 103
132 104
132 105
132 106
132 107
132 108
132 109
132 113
132 114
132 115
132 116
132 117
132 118
132 119
132 120
132 121
132 122
132 123
132 124
132 125
132 126
132 127
132 151
132 152
132 157
132 166
132 171
132 172
132 176
132 180
132 185
132 188
132 208
132 220
132 225
132 227
132 240
132 249
133 134
133 135
133 137
133 138
133 139
133 140
133 141
133 142
133 143
133 144
133 145
133 146
133 148
133 149
133 100
133 101
133 102
133 103
133 104
133 105
133 106
133 107
133 108
133 109
133 110
133 111
133 112
133 113
133 114
133 116
133 117
133 118
133 119
133 120
133 121
133 122
133 123
133 125
133 126
133 127
133 154
133 157
133 165
133 177
133 196
133 215
133 216
133 217
133 220
133 228
133 245
133 247
134 135
134 136
134 137
134 138
134 139
134 140
134 142
134 144
134 145
134 146
134 147
134 148
134 149
134 100
134 102
134 104
134 105
134 106
134 107
134 109
134 110
134 111
134 113
134 114
134 115
134 116
134 117
134 118
134 119
134 120
134 121
134 123
134 124
134 125
134 126
134 127
134 161
134 166
134 176
134 179
134 188
134 193
134 199
134 208
134 211
134 215
134 219
134 221
134 234
134 239
134 247
135 137
135 138
135 139
135 141
135 142
135 143
135 144
135 145
135 146
135 148
135 100
135 101
135 103
135 104
135 105
135 106
135 107
135 108
135 109
135 110
135 111
135 112
135 113
135 114
135 115
135 117
135 118
135 120
135 121
135 122
135 123
135 124
135 125
135 126
135 127
135 163
135 176
135 191
135 192
135 194
135 200
135 218
135 242
135 245
136 137
136 138
136 139
136 140
136 141
136 142
136 143
136 144
136 145
136 146
136 147
136 148
136 149
136 101
136 103
136 104
136 105
136 106
136 107
136 108
136 109
136 111
136 112
136 113
136 114
136 115
136 116
136 117
136 118
136 119
136 121
136 122
136 123
136 124
136 125
136 127
136 156
136 168
136 171
136 179
136 184
136 186
136 193
136 199
136 202
136 208
136 217
136 222
136 224
136 230
136 238
136 240
136 246
137 138
137 139
137 140
137 141
137 142
137 143
137 144
137 145
137 146
137 147
137 148
137 149
137 100
137 101
137 102
137 103
137 105
137 106
137 107
137 108
137 109
137 110
137 111
137 112
137 113
137 114
137 115
137 116
137 117
137 118
137 119
137 120
137 121
137 122
137 123
137 124
137 125
137 126
137 151
137 155
137 157
137 182
137 185
137 196
137 197
137 199
137 200
137 203
137 205
137 212
137 237
137 244
137 245
138 139
138 140
138 141
138 142
138 143
138 144
138 145
138 146
138 147
138 148
138 100
138 101
138 102
138 103
138 104
138 105
138 106
138 107
138 108
138 109
138 110
138 111
138 112
138 113
138 114
138 115
138 116
138 117
138 118
138 119
138 120
138 121
138 122
138 123
138 124
138 125
138 126
138 127
138 151
138 152
138 156
138 161
138 182
138 198
138 201
138 207
138 209
138 216
138 222
138 224
138 225
138 234
138 238
138 242
138 246
139 140
139 141
139 142
139 143
139 144
139 145
139 146
139 147
139 148
139 149
139 100
139 101
139 102
139 103
139 104
139 105
139 107
139 108
139 109
139 110
139 111
139 112
139 113
139 114
139 115
139 116
139 117
139 118
139 119
139 120
139 122
139 123
139 124
139 125
139 126
139 127
139 154
139 156
139 158
139 168
139 170
139 175
139 176
139 186
139 190
139 207
139 208
139 220
139 227
139 230
139 232
139 240
139 244
140 141
140 142
140 144
140 145
140 146
140 147
140 148
140 149
140 100
140 101
140 102
140 103
140 104
140 105
140 106
140 107
140 108
140 109
140 110
140 112
140 113
140 116
140 117
140 118
140 119
140 120
140 121
140 122
140 123
140 124
140 125
140 126
140 127
140 152
140 175
140 178
140 185
140 186
140 189
140 191
140 197
140 204
140 229
140 232
140 233
140 242
140 243
140 244
140 248
141 143
141 144
141 145
141 146
141 147
141 148
141 149
141 100
141 101
141 102
141 103
141 105
141 106
141 108
141 109
141 110
141 112
141 113
141 114
141 115
141 116
141 118
141 119
141 120
141 121
141 122
141 123
141 124
141 125
141 127
141 152
141 168
141 171
141 179
141 182
141 183
141 185
141 192
141 196
141 204
141 205
141 208
141 215
141 216
141 223
141 224
141 229
141 234
141 238
142 143
142 144
142 146
142 147
142 148
142 149
142 100
142 102
142 103
142 104
142 106
142 107
142 108
142 110
142 111
142 112
142 113
142 114
142 115
142 116
142 117
142 118
142 119
142 120
142 121
142 122
142 123
142 124
142 125
142 127
142 152
142 154
142 158
142 168
142 177
142 183
142 188
142 191
142 219
142 231
142 233
142 242
142 243
142 244
142 248
143 144
143 145
143 146
143 147
143 148
143 149
143 100
143 102
143 105
143 106
143 108
143 110
143 111
143 112
143 113
143 114
143 115
143 116
143 118
143 119
143 120
143 121
143 122
143 123
143 124
143 125
143 126
143 127
143 156
143 161
143 165
143 169
143 175
143 177
143 179
143 192
143 198
143 202
143 204
143 206
143 209
143 211
143 225
143 236
143 244
144 145
144 146
144 147
144 148
144 149
144 100
144 101
144 102
144 103
144 104
144 105
144 106
144 107
144 108
144 110
144 111
144 112
144 113
144 114
144 115
144 116
144 117
144 118
144 119
144 120
144 121
144 122
144 124
144 125
144 126
144 127
144 150
144 152
144 156
144 179
144 210
144 212
144 219
144 225
144 244
145 146
145 147
145 149
145 100
145 101
145 102
145 103
145 104
145 105
145 106
145 107
145 108
145 109
145 110
145 111
145 112
145 113
145 114
145 115
145 116
145 117
145 118
145 119
145 120
145 121
145 122
145 123
145 125
145 126
145 127
145 155
145 158
145 160
145 161
145 169
145 170
145 176
145 178
145 184
145 192
145 193
145 202
145 204
145 211
145 241
145 244
146 147
146 148
146 149
146 100
146 101
146 102
146 104
146 105
146 106
146 107
146 108
146 109
146 111
146 112
146 113
146 114
146 115
146 116
146 117
146 118
146 119
146 120
146 121
146 122
146 123
146 125
146 126
146 127
146 154
146 157
146 161
146 173
146 202
146 211
146 216
146 218
146 227
146 229
146 244
146 248
147 148
147 149
147 100
147 101
147 102
147 103
147 104
147 105
147 106
147 107
147 108
147 109
147 110
147 111
147 113
147 114
147 115
147 116
147 117
147 118
147 119
147 120
147 121
147 122
147 123
147 124
147 125
147 126
147 127
147 150
147 153
147 182
147 185
147 190
147 191
147 193
147 197
147 199
147 202
147 211
147 217
147 218
147 227
147 234
147 238
147 240
147 242
148 149
148 100
148 101
148 102
148 103
148 105
148 106
148 107
148 109
148 110
148 111
148 112
148 113
148 114
148 115
148 116
148 117
148 118
148 119
148 120
148 121
148 122
148 123
148 124
148 125
148 126
148 152
148 153
148 162
148 175
148 176
148 185
148 189
148 194
148 199
148 202
148 208
148 212
148 215
148 216
148 218
148 219
148 223
148 224
148 236
148 239
148 246
149 100
149 101
149 103
149 104
149 105
149 106
149 107
149 108
149 109
149 110
149 111
149 112
149 113
149 114
149 116
149 117
149 118
149 119
149 120
149 121
149 122
149 123
149 124
149 126
149 127
149 161
149 176
149 180
149 181
149 182
149 186
149 188
149 195
149 223
149 225
149 226
149 232
149 242
149 243
149 246
100 101
100 102
100 103
100 104
100 105
100 106
100 107
100 108
100 109
100 110
100 111
100 112
100 113
100 114
100 115
100 116
100 117
100 118
100 119
100 120
100 122
100 123
100 124
100 125
100 126
100 127
100 151
100 159
100 163
100 168
100 171
100 174
100 175
100 180
100 183
100 199
100 202
100 211
100 213
100 217
100 218
100 219
100 221
100 232
100 237
100 242
100 243
101 102
101 103
101 104
101 106
101 107
101 108
101 110
101 111
101 112
101 113
101 114
101 115
101 116
101 117
101 119
101 120
101 121
101 123
101 124
101 125
101 126
101 127
101 150
101 160
101 164
101 172
101 186
101 190
101 195
101 196
101 212
101 213
101 216
101 227
101 228
101 235
102 103
102 104
102 105
102 106
102 107
102 108
102 109
102 110
102 111
102 112
102 114
102 115
102 116
102 117
102 118
102 119
102 120
102 122
102 123
102 124
102 125
102 126
102 127
102 154
102 158
102 164
102 176
102 182
102 183
102 184
102 188
102 195
102 217
102 223
102 227
102 228
102 229
102 234
102 235
102 236
102 239
102 243
102 247
103 104
103 105
103 107
103 108
103 109
103 111
103 113
103 114
103 115
103 116
103 117
103 118
103 119
103 120
103 121
103 122
103 123
103 124
103 125
103 126
103 127
103 171
103 173
103 186
103 194
103 226
103 236
103 245
103 247
104 105
104 106
104 107
104 108
104 109
104 110
104 111
104 112
104 114
104 115
104 116
104 118
104 119
104 120
104 121
104 122
104 123
104 124
104 125
104 126
104 127
104 165
104 175
104 176
104 188
104 191
104 195
104 216
104 217
104 220
104 221
104 225
104 228
104 229
104 232
104 242
104 245
105 106
105 107
105 108
105 109
105 110
105 111
105 112
105 113
105 114
105 115
105 116
105 117
105 118
105 119
105 120
105 121
105 122
105 123
105 124
105 125
105 126
105 127
105 161
105 165
105 181
105 182
105 185
105 186
105 191
105 207
105 210
105 217
105 218
105 222
105 228
105 243
106 107
106 108
106 109
106 110
106 111
106 112
106 113
106 114
106 115
106 116
106 117
106 118
106 119
106 120
106 121
106 122
106 123
106 124
106 126
106 127
106 156
106 168
106 208
106 215
106 217
106 221
106 226
106 227
106 233
106 246
107 108
107 109
107 110
107 111
107 112
107 113
107 114
107 115
107 116
107 117
107 118
107 119
107 120
107 121
107 122
107 123
107 124
107 125
107 126
107 127
107 162
107 177
107 178
107 180
107 195
107 207
107 208
107 223
107 231
107 234
107 235
107 246
108 109
108 110
108 111
108 112
108 113
108 114
108 115
108 116
108 117
108 118
108 119
108 120
108 121
108 122
108 123
108 124
108 125
108 126
108 127
108 165
108 169
108 182
108 188
108 192
108 195
108 196
108 207
108 218
108 230
108 232
108 235
108 240
108 243
109 110
109 112
109 113
109 114
109 115
109 116
109 117
109 118
109 119
109 120
109 121
109 122
109 123
109 124
109 125
109 126
109 127
109 156
109 159
109 166
109 168
109 172
109 176
109 188
109 196
109 198
109 205
109 209
109 210
109 211
109 218
109 222
109 226
109 229
109 237
109 246
109 249
110 111
110 112
110 113
110 114
110 115
110 116
110 117
110 118
110 119
110 120
110 121
110 122
110 123
110 124
110 125
110 126
110 127
110 153
110 168
110 170
110 172
110 180
110 188
110 190
110 199
110 200
110 211
110 221
110 226
110 228
110 234
110 237
110 239
110 243
110 245
111 112
111 113
111 114
111 115
111 116
111 117
111 118
111 119
111 120
111 121
111 122
111 123
111 124
111 125
111 126
111 127
111 150
111 155
111 165
111 171
111 186
111 188
111 198
111 204
111 216
111 229
111 230
112 113
112 114
112 115
112 116
112 117
112 119
112 120
112 121
112 122
112 123
112 124
112 125
112 126
112 127
112 153
112 154
112 157
112 158
112 169
112 180
112 188
112 189
112 190
112 205
112 207
112 220
112 221
112 223
112 224
112 225
112 233
112 234
112 237
112 239
112 248
112 249
113 114
113 115
113 116
113 117
113 119
113 120
113 121
113 122
113 123
113 124
113 125
113 126
113 127
113 150
113 154
113 159
113 166
113 171
113 190
113 194
113 210
113 221
113 226
113 231
113 232
113 234
113 236
113 243
113 246
113 249
114 115
114 116
114 117
114 118
114 119
114 120
114 122
114 123
114 126
114 127
114 154
114 155
114 157
114 171
114 194
114 195
114 197
114 203
114 206
114 222
114 224
114 228
114 242
114 243
114 244
114 245
114 248
115 116
115 117
115 118
115 119
115 120
115 121
115 122
115 123
115 126
115 127
115 152
115 160
115 176
115 184
115 190
115 201
115 209
115 211
115 215
115 225
115 231
115 237
115 238
115 239
116 118
116 119
116 120
116 121
116 122
116 123
116 125
116 126
116 127
116 150
116 182
116 183
116 189
116 190
116 193
116 206
116 207
116 212
116 216
116 220
116 230
116 234
116 235
116 239
116 241
117 119
117 120
117 121
117 122
117 123
117 124
117 125
117 126
117 127
117 160
117 166
117 168
117 182
117 187
117 199
117 205
117 206
117 213
117 217
117 220
117 222
117 225
117 231
117 232
117 245
117 247
118 119
118 120
118 121
118 122
118 123
118 124
118 125
118 126
118 150
118 159
118 166
118 167
118 170
118 176
118 197
118 211
118 230
118 234
118 245
119 120
119 121
119 122
119 123
119 124
119 125
119 126
119 127
119 161
119 163
119 170
119 178
119 180
119 182
119 185
119 189
119 193
119 200
119 205
119 206
119 215
119 217
119 229
119 241
119 249
120 121
120 122
120 123
120 124
120 125
120 127
120 153
120 155
120 158
120 173
120 193
120 194
120 201
120 205
120 206
120 212
120 213
120 244
120 245
121 123
121 125
121 127
121 150
121 155
121 168
121 183
121 184
121 186
121 194
121 199
121 204
121 207
121 212
121 213
121 215
121 216
121 218
121 228
121 234
121 235
121 239
121 241
122 123
122 124
122 126
122 127
122 164
122 170
122 181
122 183
122 189
122 198
122 201
122 211
122 222
122 233
122 249
123 124
123 125
123 126
123 127
123 150
123 159
123 160
123 166
123 170
123 175
123 177
123 193
123 203
123 205
123 215
123 221
123 224
123 225
123 230
123 233
123 234
123 245
124 125
124 127
124 158
124 182
124 188
124 190
124 193
124 194
124 196
124 204
124 214
124 225
124 229
124 237
124 245
125 127
125 155
125 165
125 170
125 175
125 176
125 178
125 204
125 212
125 222
125 226
125 239
125 240
125 245
126 127
126 153
126 157
126 165
126 182
126 185
126 187
126 188
126 212
126 216
126 223
126 241
126 242
127 151
127 176
127 177
127 193
127 196
127 204
127 206
127 207
127 211
127 215
127 217
127 224
127 235
127 236
127 241
127 242
150 151
150 152
150 154
150 155
150 156
150 157
150 158
150 160
150 161
150 162
150 163
150 164
150 165
150 166
150 167
150 168
150 170
150 171
150 172
150 173
150 174
150 175
150 176
150 177
150 178
150 179
150 180
150 181
150 182
150 183
150 184
150 185
150 186
150 187
150 188
150 189
150 190
150 191
150 192
150 193
150 194
150 195
150 196
150 197
150 198
150 199
150 205
150 206
150 208
150 212
150 217
150 219
150 224
150 226
150 235
150 244
150 245
150 248
151 152
151 153
151 154
151 155
151 156
151 157
151 158
151 159
151 160
151 161
151 162
151 163
151 164
151 165
151 167
151 168
151 169
151 171
151 172
151 173
151 177
151 178
151 179
151 180
151 181
151 183
151 184
151 185
151 186
151 187
151 188
151 189
151 190
151 191
151 192
151 193
151 195
151 196
151 197
151 199
151 200
151 207
151 208
151 221
151 229
151 236
151 241
151 243
152 153
152 154
152 155
152 156
152 157
152 159
152 160
152 162
152 163
152 164
152 165
152 166
152 168
152 171
152 172
152 173
152 174
152 175
152 176
152 177
152 178
152 179
152 180
152 182
152 183
152 184
152 185
152 186
152 188
152 189
152 190
152 192
152 193
152 197
152 198
152 199
152 201
152 214
152 219
152 224
152 228
152 231
152 232
152 233
152 239
152 243
153 154
153 155
153 156
153 158
153 159
153 161
153 162
153 163
153 165
153 166
153 167
153 168
153 170
153 171
153 172
153 173
153 174
153 175
153 176
153 177
153 178
153 179
153 180
153 181
153 182
153 183
153 184
153 185
153 186
153 187
153 188
153 189
153 190
153 191
153 192
153 193
153 194
153 195
153 196
153 197
153 198
153 199
153 201
153 208
153 210
153 215
153 235
153 241
153 244
153 247
153 248
154 155
154 156
154 157
154 158
154 159
154 160
154 161
154 162
154 163
154 164
154 165
154 166
154 167
154 168
154 170
154 171
154 172
154 173
154 174
154 175
154 176
154 177
154 178
154 179
154 181
154 183
154 184
154 185
154 186
154 187
154 188
154 189
154 190
154 191
154 192
154 193
154 194
154 196
154 197
154 198
154 201
154 212
154 213
154 222
154 226
154 228
154 233
154 234
154 235
154 240
154 243
155 156
155 157
155 158
155 159
155 160
155 161
155 162
155 163
155 164
155 166
155 167
155 168
155 169
155 170
155 171
155 172
155 173
155 174
155 175
155 176
155 177
155 178
155 179
155 180
155 181
155 182
155 183
155 184
155 185
155 186
155 187
155 188
155 189
155 190
155 191
155 192
155 193
155 194
155 195
155 196
155 197
155 198
155 199
155 202
155 203
155 204
155 205
155 207
155 209
155 210
155 213
155 217
155 235
155 242
155 247
156 157
156 158
156 160
156 161
156 162
156 163
156 164
156 165
156 166
156 167
156 168
156 169
156 170
156 171
156 172
156 173
156 174
156 175
156 176
156 177
156 178
156 179
156 180
156 181
156 182
156 183
156 184
156 185
156 186
156 187
156 188
156 189
156 190
156 191
156 193
156 194
156 195
156 196
156 197
156 198
156 199
156 200
156 204
156 205
156 214
156 223
156 224
156 234
156 238
156 244
156 246
156 248
156 249
157 158
157 159
157 160
157 161
157 163
157 164
157 165
157 166
157 167
157 168
157 169
157 170
157 172
157 173
157 174
157 175
157 176
157 177
157 178
157 179
157 180
157 181
157 182
157 184
157 185
157 186
157 187
157 188
157 189
157 190
157 191
157 192
157 193
157 194
157 195
157 197
157 198
157 199
157 207
157 209
157 213
157 218
157 222
157 227
157 232
157 236
157 239
157 245
157 246
158 159
158 161
158 162
158 163
158 164
158 165
158 166
158 167
158 169
158 170
158 171
158 172
158 174
158 175
158 176
158 177
158 178
158 179
158 180
158 181
158 182
158 183
158 185
158 186
158 187
158 188
158 189
158 190
158 191
158 192
158 193
158 194
158 195
158 196
158 198
158 199
158 200
158 204
158 205
158 208
158 214
158 220
158 226
158 230
158 234
159 160
159 161
159 162
159 163
159 164
159 165
159 166
159 167
159 168
159 169
159 170
159 172
159 174
159 175
159 176
159 177
159 178
159 179
159 181
159 182
159 183
159 184
159 185
159 186
159 187
159 188
159 189
159 190
159 191
159 192
159 193
159 194
159 196
159 197
159 198
159 199
159 205
159 224
159 228
159 230
159 242
159 248
160 162
160 163
160 165
160 166
160 167
160 168
160 169
160 170
160 171
160 172
160 173
160 174
160 175
160 176
160 177
160 178
160 179
160 180
160 181
160 182
160 183
160 185
160 186
160 187
160 188
160 189
160 190
160 191
160 192
160 193
160 194
160 195
160 196
160 197
160 198
160 199
160 205
160 208
160 218
160 228
160 229
160 237
160 240
160 245
161 162
161 163
161 164
161 165
161 166
161 167
161 168
161 169
161 170
161 172
161 173
161 174
161 175
161 176
161 177
161 178
161 180
161 181
161 182
161 183
161 185
161 186
161 187
161 189
161 190
161 191
161 192
161 193
161 194
161 195
161 196
161 197
161 198
161 199
161 205
161 224
161 234
161 235
161 237
161 238
162 163
162 164
162 165
162 166
162 167
162 168
162 169
162 170
162 171
162 172
162 173
162 175
162 176
162 177
162 178
162 179
162 181
162 182
162 183
162 184
162 185
162 186
162 187
162 190
162 191
162 192
162 193
162 194
162 195
162 196
162 197
162 198
162 199
162 212
162 224
162 235
162 237
162 238
162 245
163 164
163 165
163 167
163 168
163 169
163 170
163 171
163 172
163 174
163 175
163 176
163 178
163 179
163 180
163 181
163 182
163 183
163 185
163 186
163 187
163 188
163 190
163 191
163 192
163 193
163 194
163 195
163 196
163 197
163 198
163 199
163 209
163 223
163 235
163 240
163 247
163 248
164 165
164 166
164 167
164 168
164 169
164 170
164 171
164 172
164 173
164 175
164 176
164 177
164 178
164 179
164 180
164 181
164 182
164 183
164 184
164 185
164 186
164 187
164 188
164 189
164 190
164 191
164 192
164 193
164 194
164 195
164 196
164 197
164 198
164 199
164 204
164 213
164 221
164 230
164 231
164 233
164 234
165 166
165 167
165 168
165 169
165 170
165 171
165 172
165 173
165 174
165 175
165 176
165 177
165 178
165 179
165 180
165 181
165 182
165 183
165 184
165 185
165 186
165 187
165 189
165 190
165 191
165 193
165 194
165 195
165 196
165 197
165 198
165 199
165 201
165 202
165 206
165 209
165 210
165 222
165 226
165 238
165 241
165 244
165 249
166 167
166 169
166 170
166 171
166 172
166 173
166 174
166 175
166 176
166 177
166 178
166 179
166 180
166 181
166 182
166 183
166 184
166 185
166 186
166 187
166 189
166 190
166 191
166 192
166 193
166 194
166 195
166 196
166 197
166 198
166 199
166 219
166 222
166 227
166 230
166 237
166 240
166 248
167 168
167 169
167 170
167 171
167 172
167 173
167 174
167 175
167 176
167 177
167 178
167 180
167 181
167 182
167 183
167 184
167 185
167 186
167 187
167 188
167 189
167 190
167 191
167 192
167 194
167 195
167 196
167 197
167 198
167 199
167 203
167 209
167 220
167 222
167 231
167 234
167 248
168 169
168 171
168 172
168 173
168 174
168 175
168 176
168 177
168 178
168 179
168 180
168 181
168 182
168 185
168 186
168 187
168 189
168 190
168 191
168 193
168 194
168 196
168 198
168 222
168 236
168 239
169 170
169 171
169 172
169 173
169 174
169 175
169 176
169 177
169 178
169 179
169 180
169 181
169 182
169 183
169 184
169 185
169 186
169 187
169 188
169 189
169 190
169 192
169 194
169 195
169 196
169 197
169 198
169 199
169 213
169 229
169 237
170 171
170 173
170 174
170 175
170 176
170 177
170 178
170 179
170 180
170 181
170 182
170 183
170 184
170 185
170 186
170 187
170 188
170 189
170 191
170 192
170 193
170 194
170 195
170 196
170 199
170 202
170 210
170 213
170 222
170 228
170 229
170 235
170 238
170 243
171 172
171 173
171 174
171 176
171 177
171 178
171 179
171 180
171 181
171 182
171 183
171 184
171 185
171 186
171 187
171 188
171 189
171 190
171 191
171 192
171 193
171 194
171 195
171 196
171 197
171 198
171 199
171 204
171 205
171 211
171 212
171 220
171 237
171 247
172 173
172 174
172 175
172 176
172 177
172 178
172 179
172 180
172 181
172 182
172 183
172 184
172 185
172 187
172 189
172 190
172 191
172 192
172 193
172 194
172 195
172 196
172 197
172 198
172 201
172 202
172 226
172 237
172 239
172 240
172 247
173 174
173 175
173 176
173 177
173 178
173 179
173 180
173 181
173 182
173 183
173 184
173 185
173 186
173 187
173 188
173 189
173 190
173 191
173 192
173 193
173 194
173 195
173 196
173 197
173 198
173 199
173 203
173 214
173 227
173 248
174 175
174 176
174 177
174 178
174 179
174 180
174 181
174 182
174 183
174 184
174 185
174 187
174 189
174 190
174 191
174 192
174 193
174 194
174 195
174 196
174 197
174 198
174 199
174 200
174 202
174 203
174 221
174 222
174 225
174 230
174 237
175 177
175 178
175 179
175 181
175 182
175 183
175 184
175 185
175 186
175 188
175 190
175 192
175 194
175 197
175 198
175 199
175 218
175 234
175 238
175 249
176 177
176 178
176 179
176 180
176 181
176 182
176 183
176 184
176 185
176 186
176 188
176 189
176 191
176 193
176 194
176 195
176 196
176 197
176 199
176 205
176 226
176 235
177 178
177 179
177 180
177 182
177 183
177 184
177 186
177 187
177 188
177 189
177 190
177 191
177 193
177 194
177 195
177 196
177 197
177 198
177 199
177 204
177 211
177 214
177 220
177 223
177 234
177 242
177 246
178 179
178 180
178 181
178 182
178 183
178 184
178 185
178 186
178 187
178 188
178 189
178 190
178 191
178 192
178 193
178 194
178 195
178 196
178 197
178 198
178 199
178 200
178 203
178 204
178 212
178 226
178 237
178 242
178 243
178 246
178 247
179 180
179 181
179 182
179 183
179 184
179 185
179 186
179 187
179 188
179 189
179 190
179 191
179 192
179 193
179 194
179 195
179 196
179 197
179 198
179 199
179 209
179 240
179 244
180 181
180 182
180 184
180 185
180 186
180 187
180 188
180 189
180 190
180 191
180 192
180 193
180 194
180 196
180 197
180 198
180 199
180 203
180 218
180 228
180 231
180 234
180 235
180 238
180 241
181 182
181 183
181 184
181 185
181 186
181 188
181 189
181 190
181 191
181 192
181 193
181 194
181 196
181 197
181 198
181 199
181 200
181 204
181 205
181 208
181 210
181 219
181 232
181 233
181 246
182 183
182 185
182 186
182 187
182 188
182 190
182 191
182 192
182 193
182 194
182 196
182 197
182 198
182 199
182 203
182 209
182 215
182 222
182 228
182 229
182 231
182 233
183 184
183 185
183 186
183 187
183 188
183 189
183 190
183 191
183 192
183 193
183 194
183 196
183 197
183 198
183 199
183 206
183 226
183 241
183 249
184 185
184 186
184 187
184 188
184 189
184 190
184 191
184 192
184 193
184 194
184 195
184 196
184 197
184 198
184 199
184 200
184 201
184 202
184 208
184 223
184 229
185 186
185 187
185 188
185 189
185 191
185 192
185 193
185 194
185 195
185 197
185 208
185 215
185 219
185 229
185 243
185 247
186 187
186 188
186 189
186 190
186 191
186 192
186 194
186 195
186 196
186 197
186 198
186 199
186 202
186 212
186 217
186 218
186 221
186 222
186 233
186 234
186 240
186 246
187 189
187 190
187 192
187 193
187 194
187 195
187 196
187 197
187 198
187 199
187 200
187 203
187 205
187 211
187 221
187 223
187 234
187 238
187 241
187 242
187 243
188 189
188 190
188 191
188 192
188 193
188 194
188 195
188 197
188 198
188 208
188 212
188 224
188 225
188 234
189 190
189 191
189 192
189 193
189 194
189 195
189 196
189 197
189 198
189 200
189 226
189 236
189 242
189 244
190 191
190 192
190 193
190 194
190 195
190 197
190 198
190 199
190 200
190 203
190 206
190 214
190 225
190 248
191 192
191 193
191 194
191 195
191 196
191 197
191 198
191 199
191 212
191 236
191 247
192 193
192 194
192 195
192 196
192 197
192 198
192 199
192 203
192 204
192 211
192 214
192 217
192 221
192 228
192 230
192 241
192 247
193 194
193 195
193 196
193 198
193 207
193 220
193 222
193 223
193 226
193 228
193 233
193 234
193 235
193 236
194 195
194 196
194 197
194 198
194 199
194 210
194 226
194 227
194 229
194 230
194 237
195 196
195 197
195 198
195 199
195 206
195 214
195 215
195 224
195 246
195 249
196 197
196 198
196 199
196 212
196 219
196 220
196 224
196 228
196 248
197 198
197 199
197 212
197 221
197 227
198 199
198 206
198 212
198 224
198 230
198 243
198 244
199 204
199 205
199 208
199 209
199 214
199 219
199 224
199 234
200 201
200 202
200 203
200 206
200 207
200 208
200 209
200 210
200 211
200 212
200 213
200 214
200 215
200 217
200 218
200 219
200 220
200 221
200 222
200 223
200 224
200 225
200 226
200 227
200 228
200 229
200 230
200 231
200 232
200 233
200 234
200 235
200 236
200 237
200 238
200 239
200 240
200 241
200 242
200 243
200 244
200 245
200 246
200 247
200 248
200 249
201 202
201 203
201 204
201 205
201 206
201 207
201 208
201 209
201 211
201 212
201 213
201 214
201 215
201 216
201 217
201 218
201 219
201 220
201 222
201 224
201 225
201 226
201 227
201 228
201 229
201 231
201 232
201 233
201 234
201 236
201 237
201 239
201 240
201 241
201 242
201 243
201 244
201 245
201 246
201 247
201 248
201 249
202 203
202 204
202 205
202 206
202 207
202 208
202 209
202 210
202 212
202 213
202 215
202 216
202 218
202 219
202 220
202 221
202 222
202 223
202 224
202 225
202 226
202 227
202 228
202 229
202 230
202 231
202 232
202 233
202 234
202 235
202 236
202 237
202 239
202 240
202 241
202 242
202 243
202 244
202 245
202 246
202 247
202 248
203 204
203 205
203 206
203 208
203 209
203 210
203 211
203 212
203 213
203 214
203 215
203 216
203 217
203 218
203 219
203 220
203 221
203 222
203 223
203 224
203 225
203 226
203 227
203 228
203 229
203 230
203 231
203 232
203 233
203 234
203 235
203 236
203 237
203 238
203 239
203 240
203 241
203 242
203 243
203 244
203 245
203 246
203 247
203 248
203 249
204 206
204 207
204 209
204 210
204 211
204 212
204 213
204 214
204 215
204 216
204 217
204 218
204 219
204 220
204 221
204 222
204 223
204 224
204 225
204 226
204 229
204 230
204 231
204 232
204 233
204 234
204 235
204 236
204 238
204 239
204 240
204 242
204 243
204 244
204 245
204 246
204 249
205 206
205 207
205 208
205 210
205 211
205 212
205 213
205 214
205 215
205 216
205 218
205 219
205 222
205 223
205 224
205 226
205 227
205 228
205 230
205 231
205 232
205 233
205 234
205 235
205 238
205 239
205 240
205 241
205 242
205 244
205 245
205 246
205 247
205 248
205 249
206 207
206 209
206 211
206 212
206 214
206 215
206 216
206 217
206 218
206 219
206 220
206 221
206 222
206 223
206 224
206 225
206 226
206 228
206 229
206 230
206 231
206 232
206 235
206 236
206 237
206 239
206 240
206 241
206 242
206 243
206 244
206 245
206 246
206 247
206 248
206 249
207 208
207 210
207 211
207 213
207 214
207 215
207 216
207 217
207 218
207 219
207 220
207 221
207 222
207 223
207 224
207 225
207 226
207 227
207 228
207 229
207 230
207 231
207 232
207 233
207 234
207 235
207 236
207 237
207 238
207 239
207 240
207 241
207 242
207 244
207 245
207 246
207 247
207 248
207 249
208 209
208 210
208 211
208 212
208 213
208 214
208 215
208 216
208 217
208 218
208 219
208 220
208 221
208 222
208 223
208 225
208 226
208 227
208 228
208 230
208 231
208 232
208 235
208 236
208 237
208 239
208 241
208 242
208 243
208 244
208 246
208 247
208 248
208 249
209 210
209 211
209 213
209 214
209 215
209 216
209 217
209 218
209 219
209 220
209 221
209 222
209 224
209 225
209 226
209 227
209 228
209 229
209 230
209 231
209 232
209 233
209 234
209 235
209 236
209 237
209 238
209 239
209 240
209 241
209 242
209 244
209 245
209 246
209 247
209 248
209 249
210 211
210 212
210 213
210 215
210 217
210 218
210 219
210 220
210 221
210 222
210 223
210 224
210 225
210 226
210 227
210 228
210 229
210 230
210 231
210 232
210 233
210 234
210 235
210 236
210 237
210 238
210 239
210 240
210 241
210 242
210 243
210 244
210 245
210 246
210 247
210 248
210 249
211 212
211 213
211 214
211 215
211 216
211 217
211 218
211 219
211 220
211 221
211 222
211 223
211 224
211 225
211 226
211 228
211 229
211 230
211 231
211 232
211 233
211 234
211 236
211 237
211 238
211 239
211 240
211 241
211 242
211 243
211 244
211 245
211 246
211 247
211 248
211 249
212 213
212 214
212 215
212 216
212 217
212 219
212 221
212 223
212 224
212 225
212 226
212 227
212 228
212 229
212 230
212 231
212 232
212 233
212 234
212 235
212 237
212 238
212 239
212 240
212 241
212 243
212 244
212 245
212 246
212 247
212 248
212 249
213 214
213 215
213 216
213 218
213 219
213 220
213 222
213 224
213 225
213 226
213 228
213 229
213 230
213 232
213 233
213 234
213 235
213 236
213 237
213 238
213 239
213 240
213 241
213 242
213 243
213 244
213 245
213 246
213 247
213 248
213 249
214 215
214 216
214 217
214 218
214 219
214 220
214 221
214 222
214 223
214 224
214 225
214 226
214 227
214 228
214 230
214 232
214 233
214 234
214 235
214 236
214 237
214 239
214 240
214 241
214 242
214 243
214 244
214 245
214 246
214 247
214 248
214 249
215 216
215 217
215 218
215 219
215 220
215 221
215 222
215 224
215 225
215 226
215 228
215 229
215 230
215 231
215 232
215 233
215 234
215 236
215 237
215 238
215 239
215 240
215 241
215 242
215 243
215 244
215 245
215 246
215 247
215 248
215 249
216 217
216 218
216 219
216 221
216 222
216 223
216 224
216 225
216 226
216 227
216 228
216 229
216 230
216 231
216 232
216 233
216 234
216 235
216 236
216 237
216 238
216 239
216 240
216 241
216 242
216 244
216 245
216 246
216 248
216 249
217 218
217 219
217 221
217 222
217 223
217 224
217 225
217 226
217 227
217 229
217 230
217 231
217 233
217 234
217 235
217 237
217 238
217 239
217 240
217 241
217 242
217 243
217 244
217 245
217 246
217 247
217 248
217 249
218 220
218 221
218 222
218 223
218 224
218 225
218 226
218 227
218 229
218 230
218 231
218 232
218 233
218 234
218 235
218 236
218 237
218 238
218 240
218 241
218 242
218 243
218 244
218 245
218 246
218 247
218 248
218 249
219 220
219 221
219 222
219 223
219 224
219 225
219 226
219 227
219 228
219 229
219 230
219 231
219 232
219 233
219 234
219 235
219 236
219 237
219 238
219 239
219 240
219 241
219 242
219 244
219 245
219 246
219 247
219 249
220 221
220 223
220 224
220 225
220 226
220 227
220 228
220 229
220 230
220 231
220 232
220 233
220 234
220 235
220 236
220 237
220 238
220 239
220 240
220 241
220 242
220 243
220 244
220 245
220 246
220 247
220 248
220 249
221 222
221 224
221 225
221 226
221 227
221 228
221 230
221 231
221 232
221 233
221 234
221 235
221 236
221 238
221 239
221 240
221 242
221 243
221 244
221 245
221 246
221 247
221 248
221 249
222 223
222 224
222 226
222 227
222 228
222 229
222 231
222 232
222 233
222 234
222 235
222 236
222 237
222 238
222 239
222 240
222 241
222 244
222 245
222 246
222 247
222 248
222 249
223 224
223 225
223 226
223 227
223 228
223 230
223 231
223 232
223 233
223 234
223 235
223 236
223 237
223 238
223 239
223 240
223 241
223 242
223 244
223 245
223 246
223 248
223 249
224 225
224 226
224 227
224 228
224 229
224 230
224 231
224 232
224 233
224 234
224 235
224 236
224 237
224 238
224 239
224 240
224 241
224 242
224 243
224 244
224 245
224 246
224 247
224 248
224 249
225 226
225 227
225 228
225 229
225 230
225 231
225 232
225 233
225 235
225 236
225 237
225 238
225 239
225 241
225 243
225 244
225 246
225 247
225 248
225 249
226 227
226 228
226 229
226 230
226 231
226 232
226 233
226 235
226 236
226 237
226 239
226 240
226 241
226 242
226 244
226 245
226 246
226 247
226 248
226 249
227 228
227 229
227 230
227 231
227 232
227 234
227 235
227 236
227 237
227 238
227 239
227 240
227 241
227 242
227 243
227 244
227 245
227 246
227 247
227 248
228 229
228 231
228 232
228 233
228 234
228 235
228 236
228 237
228 238
228 239
228 240
228 242
228 243
228 244
228 245
228 247
228 248
228 249
229 230
229 231
229 232
229 233
229 234
229 235
229 236
229 237
229 238
229 239
229 240
229 241
229 242
229 243
229 245
229 246
229 247
229 249
230 231
230 232
230 233
230 234
230 235
230 236
230 237
230 238
230 239
230 240
230 241
230 242
230 243
230 244
230 245
230 246
230 247
230 248
230 249
231 233
231 234
231 235
231 236
231 237
231 238
231 239
231 240
231 241
231 242
231 243
231 245
231 246
231 247
231 248
232 234
232 235
232 236
232 237
232 238
232 239
232 240
232 241
232 242
232 243
232 244
232 245
232 246
232 247
232 248
232 249
233 234
233 235
233 237
233 238
233 239
233 240
233 241
233 242
233 243
233 244
233 245
233 246
233 248
233 249
234 235
234 236
234 237
234 238
234 239
234 240
234 243
234 244
234 245
234 246
234 247
234 248
234 249
235 236
235 237
235 238
235 239
235 240
235 242
235 243
235 244
235 245
235 246
235 248
235 249
236 237
236 238
236 240
236 241
236 243
236 244
236 245
236 246
236 247
236 248
236 249
237 238
237 239
237 240
237 241
237 242
237 243
237 244
237 245
237 246
237 247
237 248
237 249
238 239
238 240
238 241
238 242
238 243
238 244
238 245
238 247
238 248
238 249
239 240
239 241
239 242
239 243
239 244
239 245
239 246
239 248
239 249
240 241
240 242
240 243
240 244
240 246
240 247
240 248
240 249
241 242
241 243
241 244
241 245
241 246
241 247
241 248
241 249
242 243
242 244
242 245
242 246
242 247
242 249
243 245
243 246
243 247
243 249
244 245
244 246
244 247
244 248
244 249
245 247
245 248
245 249
246 247
246 248
246 249
247 248
247 249
