0 1
0 2
0 3
0 4
0 5
0 7
0 8
0 9
0 10
0 11
0 12
0 13
0 14
0 15
0 16
0 18
0 19
0 20
0 21
0 22
0 23
0 24
0 25
0 26
0 27
0 28
0 29
0 30
0 32
0 33
0 34
0 35
0 36
0 37
0 38
0 39
0 40
0 41
0 42
0 43
0 44
0 45
0 46
0 47
0 48
0 49
0 52
0 53
0 57
0 63
0 64
0 71
0 73
0 80
0 81
0 88
0 89
0 94
0 95
0 99
0 130
0 131
0 135
0 147
0 101
0 106
0 122
0 124
0 126
0 153
0 154
0 157
0 158
0 159
0 160
0 164
0 165
0 170
0 172
0 177
0 178
0 179
0 181
0 186
0 187
0 192
0 196
0 201
0 202
0 204
0 206
0 213
0 214
0 216
0 217
0 221
0 223
0 228
0 229
0 232
0 236
0 240
1 2
1 3
1 4
1 5
1 6
1 7
1 8
1 9
1 10
1 11
1 12
1 13
1 14
1 15
1 16
1 17
1 18
1 19
1 20
1 21
1 22
1 23
1 24
1 26
1 27
1 28
1 29
1 30
1 31
1 32
1 33
1 34
1 35
1 36
1 37
1 38
1 39
1 40
1 41
1 42
1 43
1 44
1 45
1 46
1 47
1 49
1 54
1 55
1 61
1 66
1 67
1 68
1 72
1 79
1 83
1 92
1 93
1 129
1 141
1 146
1 100
1 101
1 104
1 109
1 111
1 115
1 127
1 150
1 154
1 157
1 158
1 163
1 166
1 168
1 171
1 172
1 174
1 176
1 179
1 180
1 183
1 190
1 199
1 200
1 208
1 212
1 214
1 218
1 222
1 231
1 244
1 246
1 248
2 3
2 4
2 5
2 6
2 7
2 8
2 9
2 11
2 12
2 13
2 14
2 15
2 17
2 18
2 19
2 20
2 21
2 22
2 23
2 24
2 25
2 26
2 27
2 28
2 29
2 30
2 31
2 32
2 33
2 34
2 35
2 37
2 38
2 39
2 40
2 41
2 42
2 43
2 44
2 45
2 46
2 47
2 48
2 49
2 51
2 59
2 60
2 62
2 66
2 73
2 81
2 87
2 95
2 97
2 129
2 133
2 134
2 135
2 137
2 144
2 100
2 101
2 103
2 110
2 112
2 113
2 115
2 116
2 119
2 120
2 152
2 155
2 157
2 162
2 163
2 167
2 168
2 169
2 171
2 172
2 175
2 176
2 178
2 191
2 192
2 196
2 200
2 203
2 212
2 215
2 220
2 222
2 226
2 227
2 232
3 5
3 7
3 8
3 9
3 10
3 12
3 13
3 14
3 15
3 16
3 17
3 19
3 20
3 21
3 22
3 23
3 24
3 25
3 26
3 27
3 28
3 29
3 30
3 31
3 32
3 33
3 34
3 35
3 36
3 37
3 39
3 40
3 41
3 42
3 43
3 44
3 45
3 46
3 48
3 49
3 52
3 56
3 58
3 60
3 65
3 70
3 72
3 78
3 79
3 81
3 84
3 92
3 95
3 98
3 131
3 135
3 138
3 142
3 144
3 148
3 149
3 104
3 106
3 107
3 109
3 111
3 115
3 116
3 119
3 120
3 124
3 155
3 161
3 162
3 167
3 169
3 174
3 178
3 179
3 190
3 191
3 192
3 193
3 197
3 201
3 203
3 205
3 210
3 213
3 217
3 219
3 223
3 233
3 237
3 238
3 240
3 243
3 246
4 5
4 6
4 7
4 8
4 9
4 11
4 12
4 13
4 14
4 16
4 18
4 19
4 20
4 21
4 22
4 24
4 25
4 26
4 27
4 28
4 29
4 30
4 31
4 32
4 33
4 34
4 35
4 36
4 37
4 38
4 39
4 40
4 41
4 43
4 45
4 46
4 47
4 48
4 49
4 56
4 62
4 63
4 75
4 81
4 84
4 85
4 87
4 92
4 93
4 95
4 99
4 128
4 133
4 134
4 135
4 140
4 141
4 144
4 146
4 100
4 102
4 106
4 108
4 109
4 111
4 115
4 118
4 125
4 126
4 150
4 151
4 152
4 163
4 168
4 176
4 178
4 181
4 185
4 190
4 191
4 194
4 195
4 206
4 213
4 215
4 216
4 218
4 220
4 221
4 238
4 240
4 241
4 247
4 248
5 6
5 8
5 9
5 10
5 11
5 12
5 13
5 14
5 15
5 17
5 18
5 20
5 21
5 22
5 23
5 24
5 26
5 27
5 28
5 29
5 30
5 32
5 33
5 34
5 36
5 37
5 38
5 39
5 40
5 41
5 42
5 43
5 44
5 46
5 47
5 48
5 61
5 62
5 67
5 70
5 75
5 77
5 78
5 81
5 89
5 90
5 92
5 128
5 129
5 131
5 137
5 138
5 141
5 143
5 146
5 149
5 102
5 103
5 104
5 113
5 114
5 117
5 118
5 119
5 121
5 123
5 125
5 154
5 163
5 168
5 170
5 173
5 175
5 177
5 178
5 181
5 182
5 191
5 192
5 193
5 201
5 206
5 207
5 208
5 209
5 211
5 214
5 215
5 216
5 217
5 222
5 225
5 233
5 235
5 237
5 238
5 242
5 245
5 247
6 7
6 8
6 9
6 10
6 11
6 12
6 13
6 14
6 15
6 16
6 17
6 18
6 19
6 20
6 22
6 24
6 25
6 26
6 27
6 28
6 29
6 30
6 31
6 32
6 33
6 35
6 36
6 37
6 38
6 39
6 40
6 41
6 43
6 45
6 46
6 47
6 48
6 49
6 50
6 52
6 61
6 62
6 64
6 67
6 69
6 73
6 76
6 81
6 85
6 86
6 90
6 94
6 96
6 131
6 139
6 100
6 102
6 112
6 115
6 116
6 121
6 124
6 126
6 155
6 156
6 160
6 166
6 169
6 170
6 174
6 182
6 184
6 186
6 198
6 200
6 201
6 202
6 207
6 208
6 211
6 216
6 219
6 221
6 223
6 228
6 230
6 232
6 233
6 236
6 238
7 8
7 9
7 10
7 11
7 12
7 13
7 14
7 15
7 17
7 18
7 19
7 20
7 21
7 24
7 25
7 26
7 27
7 28
7 29
7 30
7 31
7 32
7 33
7 34
7 35
7 36
7 37
7 38
7 40
7 42
7 43
7 44
7 45
7 46
7 47
7 48
7 49
7 50
7 52
7 54
7 63
7 64
7 68
7 71
7 72
7 77
7 83
7 84
7 92
7 94
7 96
7 98
7 131
7 134
7 139
7 140
7 143
7 147
7 101
7 104
7 120
7 126
7 153
7 155
7 165
7 174
7 175
7 178
7 180
7 181
7 183
7 192
7 202
7 205
7 215
7 222
7 223
7 226
7 227
7 229
7 232
7 236
7 237
7 240
7 242
7 244
7 248
8 9
8 10
8 11
8 12
8 13
8 14
8 15
8 16
8 18
8 19
8 20
8 21
8 22
8 23
8 24
8 25
8 26
8 27
8 28
8 29
8 30
8 31
8 32
8 33
8 34
8 35
8 36
8 37
8 38
8 39
8 40
8 41
8 42
8 43
8 44
8 45
8 46
8 47
8 48
8 49
8 51
8 53
8 58
8 62
8 73
8 88
8 91
8 92
8 95
8 132
8 135
8 142
8 143
8 148
8 110
8 111
8 112
8 122
8 125
8 153
8 162
8 163
8 166
8 172
8 175
8 176
8 184
8 185
8 189
8 192
8 206
8 207
8 211
8 216
8 217
8 220
8 221
8 223
8 224
8 230
8 239
8 242
8 247
8 249
9 10
9 11
9 12
9 13
9 14
9 15
9 16
9 17
9 18
9 19
9 20
9 21
9 22
9 23
9 24
9 25
9 26
9 27
9 28
9 31
9 32
9 33
9 34
9 35
9 36
9 37
9 38
9 39
9 40
9 41
9 42
9 43
9 44
9 45
9 46
9 47
9 48
9 49
9 55
9 56
9 57
9 61
9 62
9 63
9 64
9 65
9 72
9 82
9 86
9 91
9 130
9 133
9 135
9 138
9 142
9 145
9 105
9 106
9 112
9 118
9 125
9 150
9 153
9 156
9 157
9 162
9 163
9 166
9 176
9 177
9 180
9 185
9 190
9 195
9 201
9 206
9 217
9 219
9 234
9 236
9 237
9 239
9 242
9 245
9 246
9 247
10 11
10 12
10 13
10 14
10 15
10 16
10 17
10 19
10 21
10 23
10 25
10 26
10 27
10 28
10 29
10 30
10 31
10 32
10 34
10 35
10 36
10 37
10 38
10 39
10 41
10 42
10 43
10 44
10 45
10 46
10 47
10 48
10 54
10 59
10 64
10 65
10 72
10 75
10 80
10 84
10 97
10 128
10 130
10 131
10 142
10 146
10 100
10 101
10 105
10 107
10 109
10 110
10 113
10 114
10 119
10 121
10 122
10 125
10 153
10 154
10 157
10 161
10 173
10 176
10 181
10 182
10 183
10 196
10 202
10 210
10 214
10 216
10 220
10 221
10 226
10 227
10 233
10 235
10 236
10 238
10 239
10 249
11 12
11 13
11 14
11 16
11 17
11 19
11 20
11 21
11 22
11 23
11 24
11 25
11 26
11 27
11 28
11 29
11 31
11 32
11 33
11 34
11 35
11 36
11 37
11 39
11 40
11 41
11 42
11 43
11 44
11 46
11 47
11 48
11 49
11 59
11 61
11 62
11 70
11 78
11 81
11 86
11 87
11 88
11 89
11 91
11 95
11 129
11 130
11 135
11 140
11 144
11 149
11 100
11 101
11 104
11 110
11 115
11 120
11 123
11 125
11 127
11 150
11 153
11 158
11 160
11 162
11 164
11 168
11 177
11 183
11 185
11 186
11 188
11 195
11 204
11 212
11 218
11 219
11 221
11 226
11 228
11 242
11 244
11 249
12 13
12 14
12 15
12 16
12 17
12 18
12 20
12 21
12 22
12 23
12 24
12 25
12 26
12 27
12 28
12 29
12 30
12 31
12 33
12 34
12 35
12 36
12 37
12 38
12 41
12 42
12 43
12 44
12 45
12 46
12 47
12 48
12 49
12 54
12 56
12 59
12 62
12 63
12 70
12 76
12 77
12 79
12 82
12 86
12 90
12 96
12 132
12 133
12 142
12 144
12 146
12 149
12 102
12 106
12 107
12 113
12 115
12 117
12 153
12 161
12 162
12 170
12 174
12 175
12 177
12 179
12 188
12 191
12 195
12 199
12 204
12 205
12 208
12 211
12 217
12 232
12 246
13 14
13 15
13 16
13 17
13 18
13 20
13 21
13 22
13 24
13 25
13 26
13 27
13 29
13 30
13 31
13 32
13 33
13 34
13 35
13 36
13 37
13 39
13 40
13 41
13 42
13 43
13 44
13 45
13 46
13 47
13 48
13 49
13 50
13 52
13 58
13 60
13 63
13 69
13 73
13 76
13 78
13 80
13 82
13 88
13 90
13 96
13 130
13 131
13 133
13 135
13 137
13 138
13 139
13 144
13 145
13 147
13 149
13 101
13 111
13 113
13 116
13 124
13 157
13 163
13 166
13 167
13 169
13 170
13 176
13 177
13 179
13 185
13 190
13 196
13 203
13 208
13 210
13 214
13 217
13 224
13 226
13 230
13 235
13 237
13 240
13 241
13 246
13 249
14 15
14 16
14 20
14 21
14 22
14 23
14 25
14 27
14 28
14 29
14 30
14 31
14 32
14 33
14 34
14 35
14 36
14 37
14 38
14 39
14 40
14 42
14 43
14 44
14 45
14 46
14 47
14 49
14 52
14 55
14 58
14 61
14 64
14 66
14 72
14 73
14 74
14 79
14 81
14 84
14 91
14 94
14 99
14 137
14 139
14 148
14 105
14 106
14 108
14 109
14 110
14 111
14 113
14 121
14 124
14 151
14 152
14 160
14 163
14 165
14 167
14 174
14 175
14 176
14 181
14 183
14 184
14 193
14 195
14 197
14 198
14 210
14 212
14 213
14 216
14 241
14 249
15 16
15 17
15 18
15 19
15 21
15 22
15 23
15 24
15 25
15 27
15 28
15 30
15 31
15 32
15 33
15 34
15 35
15 36
15 37
15 39
15 40
15 42
15 44
15 45
15 46
15 47
15 48
15 49
15 50
15 51
15 53
15 59
15 60
15 67
15 72
15 77
15 89
15 97
15 98
15 128
15 129
15 130
15 136
15 142
15 145
15 148
15 149
15 101
15 111
15 113
15 153
15 154
15 156
15 157
15 158
15 159
15 166
15 168
15 172
15 173
15 174
15 175
15 185
15 187
15 189
15 190
15 199
15 201
15 204
15 206
15 210
15 212
15 220
15 221
15 228
15 232
15 233
15 237
15 239
15 242
15 244
15 248
16 17
16 18
16 19
16 20
16 21
16 22
16 23
16 24
16 25
16 26
16 27
16 28
16 29
16 30
16 31
16 32
16 33
16 34
16 35
16 36
16 37
16 38
16 39
16 40
16 41
16 43
16 44
16 45
16 46
16 47
16 48
16 49
16 52
16 58
16 60
16 67
16 74
16 76
16 84
16 88
16 94
16 128
16 138
16 141
16 144
16 114
16 115
16 125
16 127
16 164
16 169
16 170
16 173
16 175
16 183
16 187
16 188
16 191
16 194
16 202
16 207
16 208
16 211
16 217
16 219
16 221
16 224
16 226
16 227
16 228
16 243
16 246
16 247
17 18
17 19
17 20
17 21
17 22
17 23
17 24
17 25
17 26
17 27
17 28
17 29
17 30
17 32
17 33
17 34
17 35
17 36
17 37
17 38
17 39
17 40
17 41
17 42
17 43
17 44
17 45
17 46
17 47
17 48
17 49
17 54
17 56
17 58
17 66
17 70
17 73
17 76
17 77
17 88
17 91
17 94
17 95
17 131
17 134
17 135
17 139
17 141
17 101
17 102
17 109
17 113
17 116
17 125
17 151
17 152
17 154
17 155
17 156
17 157
17 160
17 161
17 164
17 165
17 166
17 170
17 174
17 178
17 188
17 189
17 190
17 197
17 199
17 201
17 203
17 210
17 214
17 219
17 225
17 228
17 230
17 239
17 242
18 19
18 21
18 22
18 23
18 24
18 25
18 27
18 28
18 29
18 30
18 31
18 32
18 33
18 34
18 35
18 36
18 37
18 38
18 39
18 40
18 41
18 43
18 44
18 45
18 46
18 49
18 55
18 58
18 61
18 62
18 65
18 70
18 72
18 77
18 81
18 82
18 83
18 84
18 85
18 86
18 89
18 94
18 98
18 129
18 135
18 138
18 141
18 102
18 111
18 116
18 124
18 150
18 157
18 160
18 161
18 162
18 166
18 167
18 169
18 178
18 180
18 194
18 199
18 205
18 209
18 216
18 221
18 224
18 228
18 229
18 232
18 235
18 240
18 241
18 242
18 245
18 246
18 247
19 21
19 22
19 23
19 24
19 25
19 26
19 27
19 28
19 29
19 30
19 31
19 32
19 33
19 34
19 35
19 36
19 37
19 38
19 39
19 40
19 41
19 42
19 43
19 44
19 45
19 46
19 47
19 48
19 49
19 50
19 51
19 55
19 60
19 62
19 64
19 69
19 72
19 75
19 88
19 90
19 95
19 96
19 97
19 99
19 135
19 136
19 137
19 139
19 144
19 107
19 112
19 116
19 125
19 153
19 159
19 161
19 164
19 166
19 167
19 169
19 180
19 181
19 186
19 189
19 196
19 197
19 206
19 208
19 210
19 211
19 223
19 224
19 226
19 228
19 239
19 241
20 21
20 23
20 24
20 25
20 26
20 27
20 28
20 29
20 30
20 31
20 32
20 34
20 35
20 36
20 37
20 38
20 39
20 40
20 41
20 42
20 44
20 45
20 46
20 47
20 49
20 56
20 58
20 59
20 63
20 72
20 74
20 86
20 88
20 92
20 93
20 95
20 128
20 131
20 134
20 143
20 147
20 149
20 100
20 102
20 106
20 107
20 108
20 109
20 112
20 116
20 119
20 122
20 124
20 125
20 151
20 152
20 154
20 155
20 159
20 160
20 171
20 176
20 177
20 179
20 180
20 184
20 185
20 187
20 191
20 200
20 208
20 209
20 212
20 215
20 220
20 221
20 225
20 229
20 233
20 240
20 242
21 22
21 23
21 24
21 25
21 26
21 27
21 28
21 29
21 30
21 31
21 32
21 33
21 34
21 35
21 36
21 37
21 38
21 39
21 40
21 41
21 42
21 43
21 44
21 45
21 46
21 47
21 48
21 49
21 54
21 55
21 57
21 59
21 68
21 70
21 82
21 84
21 86
21 88
21 90
21 93
21 94
21 95
21 128
21 130
21 135
21 137
21 139
21 145
21 105
21 106
21 112
21 115
21 168
21 173
21 178
21 180
21 181
21 183
21 186
21 190
21 199
21 210
21 215
21 217
21 220
21 221
21 223
21 225
21 226
21 228
21 238
21 241
22 23
22 24
22 25
22 26
22 27
22 28
22 29
22 30
22 31
22 32
22 33
22 34
22 35
22 36
22 37
22 38
22 39
22 40
22 41
22 42
22 43
22 44
22 45
22 46
22 47
22 48
22 49
22 54
22 55
22 63
22 64
22 65
22 68
22 69
22 70
22 74
22 75
22 86
22 90
22 92
22 96
22 136
22 143
22 145
22 149
22 100
22 115
22 123
22 124
22 127
22 152
22 163
22 166
22 169
22 172
22 176
22 186
22 191
22 194
22 196
22 202
22 211
22 213
22 216
22 229
22 234
22 235
22 236
22 237
22 238
22 247
23 24
23 25
23 26
23 27
23 28
23 29
23 30
23 31
23 32
23 33
23 34
23 35
23 36
23 37
23 38
23 40
23 41
23 42
23 43
23 44
23 45
23 46
23 47
23 48
23 49
23 52
23 57
23 64
23 66
23 69
23 72
23 73
23 76
23 80
23 82
23 91
23 99
23 135
23 136
23 139
23 105
23 106
23 107
23 111
23 124
23 127
23 150
23 154
23 156
23 161
23 162
23 165
23 168
23 175
23 176
23 178
23 182
23 183
23 184
23 188
23 190
23 195
23 197
23 204
23 208
23 215
23 218
23 224
23 227
23 231
23 235
23 241
23 242
23 246
23 249
24 25
24 26
24 27
24 28
24 29
24 30
24 31
24 32
24 33
24 34
24 35
24 36
24 37
24 38
24 40
24 41
24 42
24 43
24 44
24 45
24 46
24 47
24 48
24 49
24 66
24 70
24 72
24 74
24 76
24 77
24 78
24 84
24 88
24 89
24 92
24 93
24 94
24 99
24 131
24 132
24 139
24 141
24 143
24 106
24 108
24 113
24 120
24 122
24 126
24 152
24 153
24 158
24 166
24 168
24 176
24 178
24 181
24 187
24 188
24 189
24 193
24 204
24 208
24 210
24 211
24 213
24 214
24 217
24 219
24 223
24 228
24 229
24 230
24 231
24 239
24 244
24 245
24 247
25 26
25 27
25 28
25 29
25 30
25 31
25 32
25 33
25 34
25 35
25 36
25 37
25 38
25 39
25 42
25 43
25 44
25 46
25 47
25 48
25 49
25 52
25 55
25 58
25 62
25 63
25 64
25 65
25 72
25 79
25 81
25 90
25 96
25 99
25 129
25 137
25 139
25 145
25 147
25 103
25 108
25 116
25 121
25 122
25 123
25 126
25 160
25 161
25 162
25 170
25 172
25 182
25 186
25 191
25 192
25 203
25 206
25 210
25 213
25 216
25 218
25 221
25 222
25 224
25 225
25 230
25 240
25 243
25 247
25 248
26 27
26 28
26 29
26 30
26 31
26 32
26 33
26 34
26 35
26 36
26 37
26 39
26 40
26 41
26 42
26 43
26 45
26 46
26 47
26 48
26 49
26 56
26 58
26 61
26 63
26 66
26 68
26 71
26 72
26 73
26 75
26 82
26 85
26 88
26 89
26 95
26 97
26 130
26 131
26 138
26 139
26 143
26 144
26 146
26 147
26 148
26 103
26 109
26 116
26 126
26 127
26 159
26 160
26 162
26 173
26 179
26 182
26 185
26 186
26 188
26 192
26 198
26 202
26 205
26 206
26 211
26 212
26 213
26 216
26 218
26 228
26 229
26 235
26 237
26 246
27 28
27 30
27 31
27 32
27 33
27 34
27 35
27 36
27 37
27 38
27 39
27 40
27 41
27 42
27 43
27 44
27 45
27 46
27 48
27 49
27 62
27 67
27 68
27 69
27 73
27 76
27 77
27 84
27 86
27 95
27 96
27 129
27 132
27 133
27 135
27 138
27 139
27 140
27 142
27 144
27 145
27 109
27 110
27 152
27 155
27 159
27 162
27 163
27 165
27 166
27 168
27 174
27 183
27 184
27 185
27 187
27 189
27 192
27 194
27 203
27 205
27 214
27 215
27 216
27 226
27 227
27 229
27 233
27 237
27 244
27 246
27 247
28 30
28 31
28 32
28 33
28 35
28 36
28 37
28 38
28 39
28 40
28 41
28 42
28 43
28 44
28 45
28 46
28 47
28 48
28 53
28 56
28 62
28 63
28 69
28 71
28 72
28 80
28 88
28 95
28 132
28 134
28 141
28 144
28 100
28 111
28 112
28 119
28 122
28 124
28 150
28 152
28 154
28 155
28 158
28 169
28 176
28 180
28 182
28 186
28 187
28 191
28 200
28 201
28 205
28 206
28 213
28 214
28 221
28 224
28 225
28 226
28 229
28 231
28 232
28 235
28 237
28 244
28 246
28 249
29 30
29 31
29 32
29 33
29 34
29 35
29 36
29 37
29 38
29 40
29 41
29 42
29 43
29 44
29 45
29 46
29 47
29 48
29 49
29 50
29 53
29 55
29 57
29 60
29 62
29 64
29 74
29 78
29 85
29 91
29 97
29 130
29 141
29 142
29 145
29 148
29 101
29 105
29 106
29 108
29 111
29 114
29 115
29 123
29 124
29 125
29 127
29 151
29 153
29 166
29 168
29 170
29 172
29 179
29 182
29 185
29 196
29 200
29 204
29 210
29 217
29 222
29 226
29 231
29 232
29 243
29 244
29 245
29 246
29 247
30 31
30 32
30 33
30 34
30 36
30 37
30 38
30 39
30 40
30 41
30 42
30 43
30 44
30 45
30 46
30 47
30 48
30 49
30 52
30 58
30 59
30 62
30 65
30 67
30 71
30 72
30 76
30 81
30 84
30 95
30 132
30 134
30 138
30 119
30 120
30 122
30 150
30 155
30 159
30 165
30 172
30 177
30 182
30 186
30 187
30 193
30 199
30 202
30 205
30 207
30 209
30 210
30 214
30 215
30 223
30 224
30 227
30 233
30 235
30 237
30 240
30 241
30 248
31 32
31 33
31 34
31 35
31 36
31 37
31 38
31 39
31 40
31 41
31 42
31 43
31 45
31 46
31 47
31 48
31 49
31 52
31 56
31 59
31 61
31 64
31 65
31 66
31 67
31 77
31 80
31 84
31 92
31 95
31 99
31 131
31 143
31 148
31 149
31 104
31 108
31 111
31 117
31 123
31 124
31 153
31 156
31 157
31 158
31 174
31 177
31 181
31 185
31 188
31 195
31 198
31 199
31 200
31 201
31 202
31 206
31 211
31 220
31 221
31 223
31 225
31 229
31 236
31 241
31 242
31 243
31 244
31 246
32 33
32 34
32 35
32 36
32 37
32 38
32 39
32 40
32 41
32 42
32 43
32 45
32 46
32 47
32 49
32 50
32 51
32 54
32 59
32 60
32 66
32 67
32 70
32 71
32 72
32 76
32 77
32 78
32 81
32 82
32 83
32 86
32 91
32 99
32 128
32 131
32 140
32 143
32 146
32 147
32 149
32 104
32 108
32 110
32 112
32 121
32 127
32 164
32 167
32 175
32 180
32 183
32 185
32 188
32 199
32 200
32 204
32 207
32 210
32 211
32 212
32 218
32 219
32 220
32 224
32 228
32 232
32 242
32 243
32 247
33 34
33 35
33 36
33 39
33 40
33 42
33 43
33 44
33 45
33 46
33 47
33 48
33 49
33 54
33 57
33 61
33 62
33 64
33 66
33 78
33 83
33 86
33 87
33 94
33 97
33 129
33 131
33 133
33 142
33 146
33 101
33 103
33 105
33 108
33 111
33 117
33 157
33 159
33 162
33 172
33 173
33 174
33 189
33 191
33 193
33 194
33 200
33 201
33 203
33 204
33 211
33 212
33 220
33 226
33 235
33 238
33 240
33 241
33 247
33 248
33 249
34 35
34 36
34 38
34 39
34 40
34 41
34 42
34 43
34 44
34 45
34 47
34 48
34 49
34 52
34 54
34 55
34 57
34 64
34 66
34 71
34 82
34 88
34 92
34 93
34 94
34 96
34 98
34 129
34 134
34 135
34 136
34 137
34 138
34 139
34 143
34 149
34 100
34 104
34 110
34 122
34 152
34 162
34 175
34 176
34 181
34 213
34 222
34 223
34 228
34 229
34 230
34 237
34 243
34 245
34 248
35 37
35 38
35 39
35 40
35 41
35 42
35 43
35 44
35 45
35 46
35 47
35 48
35 49
35 50
35 53
35 56
35 59
35 60
35 63
35 66
35 73
35 88
35 92
35 93
35 99
35 130
35 131
35 133
35 135
35 140
35 148
35 109
35 113
35 116
35 117
35 152
35 153
35 154
35 161
35 162
35 165
35 169
35 170
35 173
35 175
35 176
35 180
35 181
35 186
35 187
35 193
35 194
35 195
35 197
35 198
35 204
35 209
35 222
35 232
35 236
35 239
35 241
35 249
36 37
36 39
36 40
36 41
36 42
36 44
36 45
36 46
36 47
36 48
36 53
36 62
36 63
36 75
36 77
36 80
36 84
36 87
36 94
36 130
36 135
36 141
36 104
36 105
36 108
36 114
36 122
36 124
36 154
36 156
36 161
36 162
36 166
36 175
36 178
36 181
36 188
36 189
36 193
36 201
36 203
36 206
36 211
36 212
36 216
36 220
36 223
36 224
36 225
36 233
36 244
36 247
37 38
37 39
37 40
37 41
37 42
37 43
37 44
37 45
37 46
37 47
37 48
37 49
37 55
37 57
37 58
37 59
37 60
37 68
37 70
37 74
37 83
37 86
37 95
37 97
37 98
37 131
37 137
37 141
37 142
37 147
37 149
37 104
37 106
37 110
37 111
37 116
37 118
37 123
37 151
37 152
37 162
37 166
37 173
37 174
37 176
37 180
37 187
37 188
37 195
37 199
37 200
37 202
37 207
37 209
37 221
37 225
37 226
37 228
37 242
37 243
37 247
38 39
38 40
38 41
38 42
38 44
38 45
38 46
38 47
38 48
38 49
38 61
38 73
38 75
38 77
38 79
38 80
38 90
38 95
38 137
38 139
38 144
38 146
38 102
38 104
38 107
38 108
38 116
38 124
38 125
38 126
38 151
38 152
38 155
38 156
38 171
38 173
38 175
38 182
38 185
38 186
38 189
38 190
38 192
38 197
38 198
38 201
38 205
38 207
38 212
38 213
38 216
38 217
38 224
38 225
38 233
38 236
38 240
38 241
38 242
38 245
39 40
39 41
39 42
39 43
39 44
39 45
39 46
39 47
39 48
39 49
39 51
39 54
39 57
39 61
39 63
39 65
39 68
39 71
39 83
39 84
39 88
39 96
39 99
39 128
39 130
39 133
39 134
39 135
39 139
39 146
39 100
39 105
39 110
39 112
39 158
39 162
39 163
39 180
39 185
39 188
39 190
39 194
39 195
39 196
39 198
39 200
39 206
39 210
39 214
39 215
39 218
39 222
39 225
39 229
39 232
39 246
39 249
40 41
40 42
40 43
40 44
40 45
40 46
40 47
40 48
40 49
40 57
40 59
40 60
40 63
40 66
40 68
40 77
40 81
40 84
40 87
40 91
40 93
40 94
40 96
40 97
40 128
40 131
40 132
40 135
40 140
40 142
40 146
40 113
40 119
40 121
40 150
40 158
40 165
40 166
40 170
40 174
40 175
40 177
40 179
40 185
40 186
40 189
40 190
40 197
40 200
40 212
40 214
40 215
40 227
40 228
40 235
40 243
40 245
40 246
41 42
41 43
41 44
41 45
41 46
41 47
41 48
41 49
41 50
41 52
41 53
41 60
41 66
41 73
41 81
41 82
41 83
41 86
41 99
41 130
41 132
41 138
41 139
41 142
41 143
41 145
41 102
41 115
41 116
41 118
41 120
41 160
41 161
41 169
41 174
41 179
41 182
41 190
41 193
41 199
41 200
41 201
41 203
41 205
41 208
41 210
41 217
41 226
41 241
41 242
41 248
42 43
42 44
42 45
42 46
42 47
42 48
42 49
42 53
42 54
42 66
42 71
42 73
42 75
42 76
42 79
42 82
42 84
42 87
42 93
42 131
42 134
42 137
42 139
42 140
42 142
42 103
42 104
42 110
42 115
42 121
42 153
42 158
42 160
42 161
42 165
42 173
42 179
42 180
42 183
42 185
42 190
42 192
42 196
42 199
42 201
42 203
42 212
42 214
42 227
42 231
42 234
42 236
42 240
42 241
42 242
42 247
43 44
43 45
43 46
43 47
43 48
43 49
43 50
43 56
43 57
43 58
43 60
43 62
43 63
43 64
43 65
43 67
43 68
43 87
43 91
43 93
43 98
43 99
43 129
43 133
43 138
43 146
43 148
43 101
43 103
43 106
43 112
43 115
43 116
43 123
43 127
43 150
43 155
43 159
43 162
43 163
43 165
43 166
43 168
43 171
43 172
43 174
43 176
43 177
43 178
43 180
43 186
43 187
43 190
43 198
43 200
43 201
43 206
43 212
43 217
43 218
43 234
43 241
43 248
44 45
44 46
44 47
44 48
44 49
44 54
44 55
44 61
44 63
44 69
44 80
44 82
44 99
44 128
44 130
44 134
44 135
44 138
44 143
44 144
44 145
44 147
44 149
44 101
44 102
44 106
44 112
44 121
44 124
44 125
44 153
44 156
44 164
44 172
44 176
44 178
44 180
44 184
44 185
44 191
44 192
44 196
44 197
44 207
44 208
44 209
44 210
44 212
44 214
44 216
44 226
44 227
44 228
44 230
44 232
44 233
44 237
44 246
44 249
45 46
45 47
45 49
45 54
45 55
45 65
45 66
45 77
45 80
45 89
45 97
45 128
45 131
45 132
45 133
45 139
45 142
45 145
45 147
45 100
45 108
45 109
45 110
45 111
45 115
45 116
45 117
45 118
45 155
45 163
45 168
45 174
45 175
45 177
45 178
45 185
45 186
45 192
45 193
45 195
45 197
45 204
45 205
45 208
45 210
45 213
45 216
45 217
45 218
45 229
45 231
45 233
45 234
45 238
45 240
45 241
46 48
46 49
46 53
46 55
46 61
46 70
46 71
46 77
46 79
46 83
46 90
46 95
46 129
46 135
46 137
46 139
46 141
46 142
46 144
46 145
46 148
46 149
46 104
46 107
46 108
46 109
46 117
46 126
46 151
46 153
46 155
46 157
46 159
46 161
46 162
46 165
46 166
46 167
46 169
46 174
46 182
46 184
46 185
46 189
46 192
46 193
46 194
46 198
46 202
46 205
46 207
46 209
46 220
46 222
46 226
46 235
46 239
46 242
46 246
46 248
47 48
47 49
47 52
47 57
47 63
47 65
47 66
47 70
47 76
47 82
47 86
47 90
47 93
47 99
47 137
47 149
47 100
47 103
47 104
47 105
47 107
47 109
47 121
47 124
47 125
47 126
47 151
47 165
47 173
47 174
47 178
47 182
47 184
47 195
47 198
47 199
47 203
47 205
47 230
47 234
47 236
47 237
47 241
47 244
48 49
48 57
48 63
48 64
48 70
48 71
48 75
48 84
48 88
48 128
48 132
48 135
48 136
48 148
48 111
48 115
48 120
48 124
48 150
48 151
48 154
48 155
48 159
48 161
48 163
48 167
48 168
48 169
48 184
48 191
48 195
48 201
48 202
48 203
48 214
48 216
48 235
48 239
49 55
49 64
49 66
49 74
49 76
49 78
49 80
49 81
49 84
49 85
49 87
49 88
49 89
49 95
49 98
49 99
49 129
49 134
49 136
49 137
49 145
49 148
49 149
49 102
49 107
49 120
49 123
49 156
49 166
49 170
49 179
49 181
49 186
49 191
49 195
49 198
49 206
49 207
49 210
49 229
49 230
49 233
49 235
49 236
49 238
49 243
49 245
50 51
50 52
50 53
50 54
50 55
50 56
50 57
50 58
50 59
50 60
50 61
50 62
50 63
50 65
50 66
50 67
50 68
50 69
50 70
50 71
50 73
50 74
50 75
50 76
50 77
50 78
50 79
50 80
50 81
50 82
50 84
50 85
50 86
50 87
50 89
50 90
50 91
50 92
50 93
50 94
50 95
50 96
50 97
50 98
50 99
50 136
50 138
50 140
50 144
50 100
50 101
50 107
50 108
50 109
50 111
50 114
50 115
50 121
50 125
50 126
50 160
50 163
50 169
50 175
50 176
50 178
50 187
50 196
50 197
50 202
50 204
50 205
50 206
50 209
50 213
50 215
50 217
50 218
50 225
50 226
50 227
50 231
50 234
50 236
50 241
50 243
50 245
51 52
51 53
51 54
51 55
51 56
51 57
51 58
51 60
51 61
51 62
51 63
51 64
51 65
51 66
51 67
51 68
51 69
51 70
51 71
51 72
51 73
51 74
51 75
51 76
51 77
51 78
51 79
51 80
51 81
51 82
51 83
51 84
51 85
51 86
51 87
51 88
51 89
51 91
51 92
51 93
51 94
51 95
51 96
51 97
51 98
51 99
51 129
51 130
51 133
51 136
51 137
51 138
51 140
51 147
51 101
51 107
51 109
51 115
51 116
51 119
51 123
51 126
51 156
51 157
51 162
51 168
51 171
51 172
51 173
51 180
51 184
51 187
51 215
51 219
51 220
51 221
51 223
51 236
51 239
51 241
51 242
52 53
52 54
52 55
52 56
52 57
52 58
52 59
52 60
52 62
52 63
52 64
52 65
52 66
52 67
52 68
52 69
52 70
52 71
52 72
52 73
52 74
52 75
52 76
52 77
52 78
52 79
52 80
52 81
52 82
52 83
52 84
52 85
52 86
52 87
52 88
52 89
52 90
52 91
52 92
52 93
52 94
52 95
52 96
52 97
52 98
52 99
52 129
52 132
52 139
52 141
52 143
52 100
52 104
52 106
52 111
52 112
52 114
52 121
52 122
52 150
52 151
52 152
52 162
52 166
52 167
52 168
52 174
52 180
52 186
52 193
52 194
52 199
52 200
52 204
52 213
52 214
52 215
52 216
52 217
52 220
52 222
52 231
52 232
52 233
52 236
52 247
52 249
53 54
53 55
53 57
53 58
53 59
53 60
53 62
53 63
53 64
53 65
53 67
53 68
53 69
53 70
53 71
53 72
53 73
53 74
53 75
53 76
53 77
53 78
53 79
53 80
53 81
53 82
53 83
53 84
53 85
53 86
53 87
53 90
53 91
53 92
53 93
53 94
53 95
53 96
53 97
53 98
53 99
53 128
53 136
53 145
53 149
53 100
53 101
53 102
53 113
53 116
53 118
53 125
53 152
53 153
53 156
53 157
53 158
53 161
53 166
53 167
53 169
53 175
53 176
53 177
53 179
53 182
53 183
53 184
53 186
53 193
53 197
53 202
53 203
53 204
53 206
53 208
53 212
53 217
53 220
53 222
53 226
53 235
53 237
53 238
53 241
53 242
53 247
54 56
54 57
54 58
54 59
54 60
54 61
54 62
54 63
54 64
54 65
54 66
54 67
54 68
54 70
54 71
54 72
54 73
54 74
54 75
54 76
54 78
54 79
54 80
54 81
54 82
54 84
54 86
54 88
54 89
54 90
54 91
54 92
54 93
54 94
54 95
54 97
54 98
54 99
54 129
54 132
54 135
54 137
54 139
54 140
54 143
54 148
54 100
54 105
54 114
54 115
54 117
54 120
54 155
54 157
54 159
54 162
54 164
54 182
54 200
54 202
54 206
54 208
54 215
54 217
54 220
54 223
54 240
54 241
54 245
54 248
55 58
55 59
55 60
55 61
55 62
55 63
55 64
55 65
55 66
55 67
55 68
55 69
55 70
55 71
55 72
55 74
55 75
55 76
55 77
55 78
55 79
55 80
55 81
55 82
55 83
55 84
55 85
55 86
55 87
55 88
55 89
55 90
55 91
55 92
55 93
55 94
55 95
55 97
55 99
55 128
55 130
55 132
55 134
55 138
55 139
55 142
55 143
55 145
55 149
55 101
55 108
55 113
55 116
55 118
55 119
55 125
55 150
55 156
55 159
55 165
55 170
55 172
55 174
55 184
55 188
55 189
55 190
55 193
55 205
55 207
55 218
55 221
55 223
55 226
55 229
55 233
55 237
55 238
55 242
55 244
55 247
56 57
56 58
56 59
56 60
56 61
56 62
56 63
56 64
56 65
56 66
56 67
56 68
56 69
56 70
56 71
56 72
56 73
56 74
56 75
56 77
56 78
56 79
56 80
56 81
56 82
56 83
56 84
56 85
56 86
56 88
56 89
56 90
56 92
56 93
56 94
56 95
56 96
56 97
56 98
56 129
56 134
56 136
56 140
56 141
56 142
56 102
56 103
56 105
56 106
56 107
56 109
56 114
56 118
56 121
56 150
56 151
56 152
56 161
56 173
56 177
56 178
56 179
56 182
56 184
56 186
56 187
56 188
56 189
56 192
56 194
56 195
56 202
56 203
56 207
56 208
56 218
56 225
56 227
56 240
56 241
56 242
56 243
56 244
56 249
57 58
57 59
57 61
57 63
57 64
57 65
57 66
57 67
57 69
57 70
57 71
57 72
57 73
57 74
57 75
57 76
57 77
57 79
57 80
57 81
57 82
57 85
57 86
57 88
57 89
57 90
57 91
57 92
57 93
57 94
57 95
57 96
57 97
57 98
57 99
57 132
57 134
57 138
57 139
57 142
57 145
57 146
57 147
57 102
57 103
57 106
57 108
57 110
57 114
57 115
57 121
57 126
57 150
57 154
57 158
57 161
57 165
57 167
57 168
57 170
57 174
57 192
57 200
57 201
57 205
57 224
57 227
57 231
57 242
58 59
58 60
58 61
58 62
58 63
58 65
58 66
58 67
58 68
58 71
58 72
58 73
58 74
58 75
58 76
58 77
58 78
58 80
58 81
58 82
58 83
58 84
58 85
58 86
58 87
58 88
58 89
58 90
58 91
58 93
58 94
58 95
58 96
58 97
58 98
58 99
58 130
58 139
58 147
58 101
58 105
58 110
58 111
58 114
58 120
58 121
58 123
58 124
58 125
58 153
58 168
58 173
58 175
58 178
58 182
58 191
58 194
58 200
58 202
58 204
58 206
58 221
58 222
58 227
58 230
58 236
58 238
58 243
59 60
59 61
59 62
59 63
59 64
59 65
59 66
59 67
59 69
59 70
59 71
59 72
59 74
59 76
59 77
59 78
59 79
59 80
59 81
59 82
59 84
59 86
59 87
59 88
59 89
59 90
59 91
59 92
59 95
59 96
59 98
59 99
59 128
59 131
59 132
59 139
59 142
59 109
59 110
59 111
59 114
59 120
59 121
59 123
59 126
59 150
59 159
59 170
59 175
59 176
59 184
59 189
59 193
59 200
59 202
59 206
59 207
59 211
59 213
59 214
59 228
59 229
59 238
59 248
59 249
60 61
60 63
60 64
60 66
60 67
60 68
60 69
60 70
60 71
60 72
60 73
60 74
60 75
60 76
60 77
60 80
60 81
60 82
60 83
60 85
60 86
60 87
60 88
60 89
60 90
60 91
60 92
60 94
60 95
60 97
60 98
60 99
60 129
60 130
60 131
60 137
60 138
60 140
60 144
60 145
60 100
60 113
60 121
60 150
60 155
60 158
60 162
60 164
60 165
60 172
60 175
60 183
60 187
60 192
60 194
60 195
60 197
60 200
60 203
60 210
60 212
60 214
60 217
60 219
60 226
60 232
60 236
60 239
60 241
60 244
60 245
61 62
61 63
61 64
61 65
61 66
61 67
61 68
61 69
61 70
61 71
61 73
61 74
61 75
61 76
61 78
61 79
61 80
61 81
61 82
61 83
61 84
61 86
61 87
61 88
61 89
61 90
61 91
61 92
61 94
61 95
61 96
61 97
61 98
61 99
61 129
61 134
61 137
61 140
61 141
61 148
61 101
61 102
61 103
61 104
61 115
61 116
61 122
61 123
61 125
61 151
61 153
61 161
61 162
61 168
61 169
61 171
61 172
61 173
61 176
61 184
61 185
61 186
61 188
61 191
61 193
61 196
61 201
61 203
61 205
61 210
61 212
61 219
61 221
61 226
61 232
61 239
61 243
61 247
62 63
62 64
62 65
62 67
62 68
62 69
62 70
62 71
62 72
62 73
62 74
62 75
62 76
62 77
62 78
62 79
62 80
62 82
62 83
62 85
62 86
62 87
62 88
62 89
62 91
62 92
62 93
62 94
62 95
62 96
62 97
62 99
62 131
62 132
62 137
62 141
62 102
62 104
62 108
62 109
62 111
62 113
62 115
62 116
62 117
62 124
62 151
62 153
62 155
62 162
62 163
62 166
62 175
62 178
62 183
62 188
62 190
62 219
62 223
62 224
62 226
62 230
62 234
62 247
63 64
63 65
63 66
63 67
63 68
63 69
63 70
63 71
63 73
63 74
63 75
63 76
63 77
63 78
63 79
63 80
63 81
63 82
63 84
63 85
63 86
63 87
63 88
63 89
63 90
63 91
63 92
63 93
63 94
63 95
63 96
63 97
63 98
63 99
63 135
63 136
63 137
63 139
63 142
63 146
63 100
63 101
63 107
63 120
63 151
63 157
63 164
63 165
63 166
63 175
63 176
63 177
63 183
63 184
63 192
63 195
63 199
63 202
63 204
63 206
63 208
63 211
63 214
63 216
63 218
63 223
63 225
63 228
63 235
63 244
63 245
63 247
64 66
64 67
64 68
64 69
64 70
64 71
64 72
64 73
64 76
64 77
64 78
64 79
64 80
64 81
64 82
64 83
64 84
64 85
64 86
64 87
64 88
64 89
64 90
64 92
64 93
64 94
64 95
64 96
64 97
64 98
64 99
64 128
64 131
64 132
64 136
64 140
64 141
64 148
64 102
64 108
64 114
64 119
64 122
64 150
64 154
64 163
64 166
64 167
64 170
64 171
64 178
64 185
64 206
64 208
64 213
64 216
64 218
64 222
64 231
64 232
64 234
64 238
64 241
64 246
64 249
65 66
65 67
65 68
65 69
65 70
65 71
65 72
65 73
65 74
65 75
65 76
65 77
65 78
65 79
65 80
65 81
65 82
65 83
65 84
65 85
65 86
65 88
65 89
65 90
65 92
65 93
65 95
65 97
65 98
65 130
65 134
65 138
65 140
65 141
65 102
65 111
65 114
65 125
65 126
65 151
65 156
65 157
65 160
65 162
65 164
65 171
65 175
65 176
65 177
65 178
65 180
65 185
65 188
65 197
65 198
65 202
65 207
65 211
65 219
65 222
65 226
65 227
65 232
65 233
65 235
65 238
65 239
65 246
66 67
66 69
66 70
66 71
66 72
66 73
66 74
66 75
66 76
66 77
66 78
66 79
66 80
66 81
66 82
66 84
66 85
66 86
66 87
66 88
66 89
66 90
66 91
66 92
66 93
66 94
66 95
66 96
66 97
66 98
66 99
66 135
66 139
66 141
66 142
66 143
66 145
66 146
66 148
66 104
66 105
66 112
66 117
66 122
66 123
66 163
66 168
66 172
66 174
66 184
66 187
66 189
66 190
66 197
66 200
66 206
66 209
66 211
66 214
66 217
66 220
66 221
66 222
66 223
66 230
66 237
66 247
66 248
67 68
67 69
67 70
67 71
67 72
67 73
67 74
67 75
67 76
67 77
67 78
67 79
67 80
67 81
67 83
67 84
67 85
67 87
67 88
67 89
67 90
67 91
67 92
67 93
67 94
67 95
67 96
67 97
67 98
67 99
67 130
67 131
67 133
67 147
67 100
67 106
67 108
67 110
67 112
67 120
67 125
67 154
67 161
67 163
67 164
67 165
67 169
67 174
67 177
67 186
67 188
67 189
67 190
67 196
67 199
67 200
67 205
67 207
67 211
67 212
67 213
67 215
67 223
67 224
67 231
67 232
67 234
67 239
67 241
67 242
67 249
68 69
68 70
68 71
68 72
68 73
68 74
68 75
68 76
68 77
68 78
68 79
68 80
68 81
68 82
68 83
68 84
68 85
68 86
68 87
68 88
68 89
68 90
68 91
68 92
68 93
68 94
68 96
68 98
68 128
68 136
68 139
68 140
68 149
68 102
68 107
68 111
68 113
68 115
68 119
68 120
68 152
68 153
68 157
68 167
68 169
68 174
68 186
68 187
68 197
68 205
68 207
68 210
68 211
68 220
68 222
68 225
68 235
68 239
68 245
68 246
69 70
69 71
69 72
69 73
69 74
69 76
69 77
69 78
69 79
69 80
69 81
69 82
69 83
69 84
69 85
69 86
69 87
69 88
69 90
69 91
69 92
69 93
69 94
69 95
69 96
69 98
69 99
69 131
69 143
69 145
69 104
69 114
69 117
69 122
69 155
69 156
69 157
69 165
69 171
69 178
69 197
69 203
69 204
69 205
69 212
69 214
69 217
69 219
69 220
69 222
69 223
69 231
69 235
69 237
70 71
70 72
70 73
70 74
70 75
70 76
70 77
70 78
70 79
70 81
70 82
70 83
70 84
70 85
70 86
70 87
70 88
70 89
70 90
70 92
70 93
70 94
70 95
70 97
70 98
70 99
70 132
70 137
70 103
70 110
70 116
70 118
70 119
70 121
70 123
70 150
70 154
70 170
70 171
70 173
70 175
70 177
70 180
70 185
70 187
70 197
70 198
70 209
70 211
70 212
70 213
70 227
70 235
70 242
70 245
71 72
71 73
71 74
71 75
71 76
71 77
71 78
71 79
71 80
71 81
71 82
71 83
71 84
71 85
71 86
71 87
71 88
71 89
71 90
71 91
71 92
71 93
71 94
71 95
71 96
71 97
71 98
71 99
71 129
71 131
71 135
71 146
71 147
71 149
71 101
71 104
71 119
71 121
71 150
71 152
71 153
71 154
71 178
71 181
71 184
71 185
71 192
71 195
71 198
71 203
71 204
71 207
71 211
71 214
71 216
71 219
71 225
71 228
71 233
71 247
72 73
72 74
72 75
72 76
72 77
72 78
72 79
72 80
72 81
72 82
72 84
72 85
72 86
72 87
72 88
72 90
72 92
72 93
72 94
72 95
72 97
72 98
72 99
72 132
72 136
72 144
72 147
72 100
72 105
72 106
72 109
72 123
72 155
72 160
72 161
72 165
72 171
72 175
72 176
72 177
72 182
72 183
72 187
72 195
72 197
72 200
72 205
72 209
72 211
72 214
72 216
72 220
72 225
72 227
72 238
72 239
72 242
72 243
72 244
73 74
73 75
73 76
73 77
73 78
73 79
73 80
73 82
73 83
73 84
73 85
73 86
73 87
73 88
73 89
73 90
73 91
73 92
73 93
73 94
73 95
73 96
73 97
73 98
73 99
73 129
73 133
73 134
73 141
73 142
73 143
73 102
73 103
73 105
73 106
73 112
73 115
73 119
73 122
73 150
73 153
73 157
73 158
73 165
73 166
73 170
73 171
73 172
73 180
73 183
73 190
73 198
73 203
73 208
73 211
73 218
73 223
73 227
73 235
73 236
73 243
73 249
74 75
74 76
74 77
74 78
74 80
74 81
74 82
74 83
74 85
74 86
74 88
74 89
74 90
74 91
74 93
74 94
74 95
74 96
74 97
74 99
74 130
74 132
74 135
74 138
74 140
74 141
74 146
74 149
74 117
74 118
74 119
74 120
74 121
74 124
74 157
74 163
74 165
74 167
74 172
74 176
74 178
74 180
74 183
74 186
74 188
74 197
74 199
74 204
74 208
74 209
74 211
74 212
74 217
74 220
74 221
74 226
74 227
74 230
74 242
74 248
74 249
75 77
75 78
75 80
75 81
75 82
75 83
75 84
75 85
75 86
75 87
75 88
75 89
75 91
75 92
75 94
75 95
75 96
75 97
75 98
75 133
75 134
75 136
75 137
75 142
75 148
75 100
75 101
75 103
75 105
75 106
75 107
75 112
75 114
75 116
75 120
75 123
75 126
75 154
75 157
75 170
75 191
75 192
75 197
75 198
75 199
75 201
75 203
75 205
75 210
75 213
75 216
75 221
75 230
75 231
75 234
75 237
75 238
75 243
75 247
76 77
76 78
76 80
76 81
76 82
76 83
76 84
76 85
76 86
76 87
76 88
76 89
76 90
76 91
76 92
76 93
76 94
76 95
76 96
76 97
76 98
76 99
76 134
76 136
76 140
76 144
76 147
76 148
76 149
76 106
76 109
76 113
76 119
76 121
76 126
76 127
76 151
76 153
76 154
76 159
76 161
76 166
76 167
76 171
76 172
76 180
76 181
76 182
76 191
76 200
76 201
76 208
76 209
76 210
76 216
76 219
76 223
76 227
76 229
76 230
76 232
76 233
76 235
76 236
76 240
76 241
76 247
77 78
77 79
77 80
77 81
77 82
77 83
77 84
77 85
77 87
77 88
77 89
77 90
77 91
77 92
77 94
77 95
77 96
77 97
77 99
77 138
77 139
77 143
77 144
77 145
77 120
77 123
77 124
77 150
77 152
77 154
77 159
77 161
77 163
77 173
77 176
77 179
77 184
77 186
77 187
77 191
77 197
77 201
77 203
77 224
77 225
77 226
77 227
77 228
77 233
77 236
77 238
77 244
78 79
78 80
78 81
78 82
78 83
78 84
78 85
78 86
78 87
78 88
78 89
78 91
78 92
78 93
78 94
78 95
78 96
78 97
78 98
78 99
78 131
78 136
78 139
78 144
78 145
78 147
78 109
78 112
78 113
78 114
78 121
78 123
78 125
78 150
78 152
78 153
78 160
78 163
78 171
78 172
78 173
78 176
78 178
78 179
78 183
78 187
78 192
78 194
78 195
78 197
78 202
78 205
78 206
78 211
78 226
78 229
78 230
78 231
78 241
78 246
79 80
79 81
79 83
79 84
79 85
79 86
79 87
79 88
79 89
79 90
79 91
79 92
79 93
79 94
79 95
79 96
79 97
79 98
79 99
79 134
79 137
79 146
79 147
79 148
79 105
79 107
79 111
79 112
79 119
79 120
79 122
79 154
79 158
79 159
79 163
79 165
79 167
79 168
79 169
79 181
79 183
79 184
79 188
79 189
79 191
79 192
79 201
79 203
79 204
79 214
79 219
79 234
79 236
80 81
80 82
80 83
80 84
80 85
80 86
80 87
80 89
80 90
80 92
80 93
80 95
80 96
80 97
80 98
80 99
80 128
80 130
80 132
80 134
80 138
80 142
80 143
80 144
80 147
80 100
80 101
80 102
80 108
80 109
80 113
80 118
80 121
80 126
80 152
80 154
80 156
80 159
80 167
80 168
80 175
80 178
80 179
80 181
80 185
80 188
80 197
80 198
80 202
80 211
80 214
80 227
80 234
80 243
80 249
81 82
81 83
81 84
81 85
81 86
81 87
81 88
81 89
81 90
81 91
81 92
81 93
81 94
81 95
81 96
81 97
81 98
81 99
81 128
81 129
81 131
81 142
81 148
81 149
81 101
81 109
81 111
81 113
81 117
81 122
81 123
81 125
81 126
81 152
81 154
81 165
81 170
81 176
81 178
81 179
81 183
81 195
81 197
81 199
81 200
81 202
81 203
81 206
81 208
81 215
81 220
81 222
81 223
81 227
81 231
81 232
81 234
81 239
81 243
81 247
82 83
82 84
82 85
82 86
82 87
82 88
82 89
82 91
82 92
82 93
82 95
82 96
82 97
82 98
82 99
82 131
82 133
82 140
82 149
82 122
82 125
82 156
82 160
82 164
82 166
82 167
82 170
82 172
82 179
82 191
82 192
82 204
82 211
82 212
82 216
82 220
82 222
82 230
82 231
82 234
82 239
82 240
82 243
82 244
82 246
82 248
82 249
83 85
83 87
83 88
83 90
83 91
83 92
83 93
83 94
83 95
83 97
83 99
83 129
83 132
83 135
83 143
83 149
83 105
83 108
83 109
83 123
83 124
83 156
83 160
83 163
83 168
83 169
83 170
83 173
83 195
83 198
83 202
83 203
83 204
83 207
83 215
83 222
83 225
83 229
83 230
83 231
83 233
83 236
83 238
83 244
84 85
84 86
84 88
84 89
84 90
84 91
84 92
84 93
84 94
84 95
84 96
84 97
84 98
84 99
84 128
84 129
84 130
84 131
84 133
84 134
84 139
84 142
84 146
84 101
84 102
84 107
84 113
84 116
84 118
84 127
84 150
84 152
84 155
84 163
84 170
84 174
84 175
84 179
84 183
84 184
84 190
84 191
84 196
84 198
84 199
84 202
84 211
84 212
84 213
84 216
84 220
84 224
84 227
84 231
84 235
84 236
84 240
84 242
84 243
85 86
85 87
85 88
85 89
85 90
85 91
85 92
85 93
85 94
85 95
85 96
85 97
85 98
85 99
85 129
85 131
85 138
85 142
85 147
85 102
85 120
85 122
85 125
85 154
85 156
85 163
85 176
85 178
85 179
85 183
85 184
85 185
85 186
85 188
85 190
85 193
85 196
85 198
85 200
85 202
85 213
85 214
85 217
85 221
85 223
85 226
85 227
85 230
85 231
85 234
85 244
86 87
86 88
86 89
86 90
86 91
86 92
86 93
86 94
86 95
86 96
86 97
86 98
86 99
86 128
86 129
86 132
86 133
86 135
86 101
86 102
86 103
86 105
86 107
86 111
86 114
86 118
86 121
86 123
86 124
86 127
86 152
86 153
86 155
86 156
86 165
86 171
86 175
86 181
86 183
86 186
86 188
86 190
86 194
86 197
86 203
86 207
86 210
86 218
86 220
86 228
86 229
86 233
86 242
86 247
87 88
87 89
87 90
87 91
87 92
87 93
87 94
87 95
87 96
87 97
87 98
87 99
87 130
87 132
87 144
87 145
87 100
87 107
87 109
87 110
87 112
87 113
87 114
87 115
87 120
87 127
87 150
87 151
87 162
87 165
87 169
87 178
87 180
87 182
87 183
87 186
87 192
87 195
87 197
87 205
87 212
87 217
87 219
87 221
87 222
87 227
87 228
87 231
87 235
87 237
87 238
87 240
87 241
87 243
87 245
87 246
87 248
88 89
88 90
88 91
88 92
88 93
88 94
88 95
88 96
88 97
88 98
88 99
88 133
88 134
88 135
88 139
88 140
88 142
88 106
88 108
88 116
88 121
88 126
88 127
88 156
88 180
88 181
88 187
88 191
88 192
88 199
88 206
88 209
88 212
88 215
88 217
88 218
88 219
88 222
88 223
88 227
88 230
88 232
88 233
88 237
88 240
88 241
88 249
89 90
89 91
89 92
89 93
89 94
89 95
89 96
89 97
89 98
89 128
89 131
89 138
89 140
89 147
89 103
89 107
89 110
89 117
89 119
89 120
89 121
89 127
89 150
89 166
89 171
89 177
89 178
89 180
89 184
89 187
89 190
89 191
89 198
89 204
89 205
89 206
89 209
89 212
89 224
89 229
89 230
89 247
90 91
90 92
90 93
90 94
90 96
90 97
90 98
90 99
90 130
90 135
90 145
90 115
90 120
90 126
90 152
90 154
90 164
90 167
90 168
90 170
90 172
90 177
90 180
90 183
90 185
90 188
90 194
90 196
90 197
90 200
90 202
90 203
90 204
90 206
90 211
90 222
90 226
90 227
90 231
90 232
90 236
90 237
90 238
90 243
90 246
91 92
91 93
91 94
91 96
91 97
91 98
91 99
91 130
91 133
91 135
91 146
91 148
91 149
91 100
91 102
91 105
91 107
91 113
91 124
91 153
91 154
91 162
91 164
91 165
91 166
91 168
91 175
91 184
91 185
91 186
91 190
91 193
91 195
91 207
91 212
91 213
91 217
91 222
91 233
91 236
91 238
91 244
91 247
91 249
92 93
92 94
92 95
92 96
92 97
92 99
92 128
92 133
92 135
92 137
92 141
92 144
92 146
92 101
92 102
92 103
92 105
92 107
92 109
92 113
92 116
92 117
92 119
92 123
92 124
92 156
92 157
92 158
92 159
92 167
92 170
92 172
92 183
92 184
92 188
92 192
92 205
92 211
92 214
92 215
92 216
92 217
92 218
92 222
92 229
92 231
92 246
93 94
93 95
93 96
93 97
93 98
93 99
93 129
93 131
93 140
93 145
93 146
93 106
93 110
93 114
93 117
93 118
93 119
93 124
93 153
93 159
93 160
93 164
93 167
93 170
93 178
93 179
93 182
93 190
93 191
93 195
93 196
93 198
93 207
93 217
93 224
93 229
93 233
93 236
93 240
93 241
93 246
93 247
94 96
94 97
94 98
94 99
94 139
94 140
94 141
94 149
94 103
94 108
94 116
94 119
94 120
94 122
94 123
94 157
94 162
94 172
94 175
94 193
94 196
94 197
94 199
94 203
94 210
94 212
94 218
94 222
94 224
94 230
94 232
94 234
94 235
94 241
94 242
94 243
94 247
94 249
95 96
95 98
95 99
95 128
95 129
95 135
95 140
95 142
95 144
95 100
95 101
95 105
95 111
95 113
95 114
95 125
95 151
95 152
95 153
95 154
95 155
95 159
95 162
95 164
95 168
95 171
95 178
95 184
95 185
95 187
95 189
95 192
95 194
95 203
95 205
95 209
95 210
95 217
95 227
95 229
95 241
95 247
96 97
96 98
96 99
96 133
96 135
96 139
96 141
96 142
96 143
96 147
96 149
96 100
96 101
96 103
96 111
96 121
96 124
96 156
96 158
96 160
96 161
96 169
96 170
96 172
96 192
96 195
96 196
96 198
96 206
96 218
96 219
96 220
96 226
96 227
96 228
96 229
96 232
96 237
96 242
96 243
96 244
96 245
97 98
97 99
97 128
97 130
97 134
97 136
97 137
97 142
97 146
97 104
97 106
97 108
97 111
97 114
97 123
97 154
97 156
97 161
97 164
97 169
97 174
97 175
97 179
97 182
97 183
97 185
97 188
97 189
97 191
97 192
97 195
97 210
97 216
97 217
97 219
97 220
97 223
97 231
97 232
97 233
97 234
97 236
97 237
97 240
97 243
97 245
98 99
98 128
98 133
98 144
98 149
98 100
98 103
98 108
98 113
98 122
98 123
98 126
98 150
98 154
98 156
98 159
98 168
98 171
98 173
98 178
98 180
98 183
98 184
98 193
98 194
98 205
98 207
98 213
98 218
98 219
98 221
98 224
98 225
98 229
98 233
98 234
98 237
98 240
98 249
99 132
99 134
99 137
99 138
99 139
99 147
99 106
99 114
99 116
99 119
99 120
99 126
99 151
99 153
99 161
99 163
99 164
99 167
99 168
99 172
99 173
99 174
99 178
99 182
99 183
99 198
99 199
99 207
99 214
99 215
99 219
99 221
99 229
99 231
99 232
99 233
99 238
99 245
128 129
128 130
128 131
128 132
128 133
128 134
128 135
128 136
128 137
128 138
128 139
128 141
128 142
128 143
128 144
128 145
128 146
128 147
128 148
128 149
128 100
128 101
128 102
128 103
128 105
128 106
128 107
128 109
128 110
128 111
128 112
128 113
128 114
128 115
128 117
128 118
128 119
128 120
128 121
128 122
128 123
128 124
128 125
128 126
128 150
128 164
128 166
128 168
128 169
128 176
128 180
128 187
128 192
128 199
128 200
128 201
128 204
128 205
128 208
128 212
128 217
128 224
128 228
128 229
128 235
128 238
128 240
128 244
128 247
129 130
129 131
129 132
129 133
129 134
129 135
129 136
129 137
129 138
129 139
129 140
129 141
129 142
129 143
129 144
129 145
129 146
129 147
129 148
129 149
129 100
129 101
129 102
129 103
129 105
129 106
129 107
129 108
129 109
129 110
129 111
129 112
129 113
129 114
129 115
129 116
129 117
129 118
129 119
129 120
129 121
129 122
129 124
129 125
129 126
129 127
129 150
129 155
129 156
129 159
129 163
129 164
129 167
129 174
129 176
129 180
129 181
129 192
129 204
129 205
129 206
129 213
129 214
129 216
129 224
129 235
129 241
129 248
129 249
130 132
130 133
130 135
130 136
130 137
130 138
130 139
130 140
130 142
130 143
130 144
130 145
130 146
130 147
130 148
130 149
130 100
130 101
130 103
130 104
130 105
130 106
130 107
130 108
130 109
130 110
130 111
130 112
130 113
130 114
130 115
130 116
130 117
130 118
130 119
130 120
130 121
130 122
130 123
130 124
130 125
130 126
130 127
130 166
130 168
130 170
130 172
130 179
130 184
130 187
130 195
130 197
130 205
130 215
130 224
130 225
130 227
130 228
130 242
130 245
131 132
131 133
131 134
131 135
131 136
131 137
131 138
131 139
131 140
131 141
131 142
131 144
131 145
131 146
131 147
131 148
131 149
131 100
131 101
131 102
131 103
131 104
131 105
131 106
131 107
131 108
131 109
131 110
131 111
131 112
131 113
131 114
131 115
131 116
131 117
131 118
131 119
131 120
131 121
131 122
131 123
131 124
131 125
131 126
131 127
131 150
131 152
131 155
131 157
131 158
131 159
131 161
131 168
131 170
131 171
131 175
131 178
131 180
131 184
131 185
131 186
131 187
131 189
131 197
131 200
131 204
131 205
131 208
131 209
131 212
131 214
131 219
131 221
131 235
131 238
131 242
131 243
131 245
131 246
131 247
131 249
132 133
132 134
132 135
132 136
132 137
132 138
132 139
132 140
132 141
132 142
132 143
132 144
132 145
132 146
132 147
132 148
132 149
132 101
132 103
132 104
132 105
132 106
132 107
132 108
132 109
132 111
132 112
132 113
132 114
132 115
132 116
132 118
132 119
132 120
132 121
132 122
132 123
132 125
132 126
132 127
132 151
132 152
132 154
132 162
132 167
132 170
132 171
132 173
132 175
132 179
132 182
132 185
132 188
132 189
132 201
132 202
132 205
132 207
132 221
132 226
132 230
132 235
132 238
132 244
132 247
133 134
133 135
133 136
133 138
133 139
133 140
133 143
133 144
133 145
133 146
133 147
133 100
133 101
133 102
133 103
133 105
133 106
133 107
133 108
133 109
133 110
133 111
133 112
133 113
133 114
133 115
133 116
133 117
133 118
133 119
133 120
133 121
133 122
133 123
133 124
133 125
133 126
133 127
133 157
133 159
133 166
133 168
133 175
133 176
133 181
133 182
133 183
133 184
133 193
133 195
133 203
133 204
133 211
133 215
133 217
133 229
133 231
133 240
133 248
134 135
134 136
134 137
134 138
134 139
134 140
134 141
134 142
134 143
134 144
134 145
134 146
134 147
134 148
134 149
134 100
134 101
134 102
134 103
134 104
134 105
134 106
134 107
134 108
134 109
134 110
134 111
134 113
134 114
134 115
134 116
134 117
134 118
134 119
134 120
134 121
134 122
134 124
134 125
134 126
134 127
134 157
134 161
134 166
134 168
134 169
134 173
134 174
134 178
134 182
134 185
134 188
134 190
134 195
134 196
134 198
134 204
134 206
134 222
134 224
134 225
134 226
134 229
134 233
134 237
134 242
134 243
134 244
135 136
135 137
135 138
135 139
135 140
135 141
135 142
135 144
135 145
135 146
135 147
135 148
135 149
135 100
135 102
135 103
135 104
135 105
135 106
135 107
135 108
135 109
135 110
135 111
135 112
135 113
135 114
135 115
135 116
135 117
135 118
135 119
135 120
135 121
135 122
135 123
135 124
135 125
135 126
135 127
135 152
135 153
135 154
135 172
135 174
135 179
135 180
135 182
135 187
135 192
135 200
135 204
135 206
135 208
135 209
135 218
135 227
135 241
135 245
135 246
135 248
136 137
136 138
136 139
136 141
136 142
136 143
136 144
136 145
136 146
136 147
136 148
136 149
136 100
136 101
136 102
136 103
136 105
136 106
136 107
136 108
136 109
136 110
136 111
136 112
136 113
136 114
136 115
136 116
136 117
136 118
136 119
136 122
136 123
136 124
136 125
136 126
136 127
136 150
136 154
136 158
136 160
136 161
136 164
136 167
136 168
136 169
136 178
136 180
136 182
136 183
136 193
136 194
136 197
136 200
136 203
136 206
136 211
136 213
136 217
136 224
136 225
136 227
136 232
136 235
136 237
136 238
136 240
136 241
136 243
136 244
137 139
137 140
137 141
137 142
137 143
137 144
137 145
137 146
137 147
137 148
137 100
137 101
137 102
137 103
137 104
137 105
137 107
137 108
137 109
137 110
137 111
137 112
137 113
137 114
137 115
137 116
137 117
137 118
137 120
137 121
137 123
137 124
137 127
137 150
137 152
137 157
137 163
137 181
137 182
137 187
137 189
137 190
137 193
137 200
137 203
137 205
137 211
137 213
137 218
137 219
137 220
137 222
137 230
137 239
137 240
137 247
137 249
138 139
138 141
138 142
138 143
138 144
138 145
138 146
138 147
138 148
138 149
138 100
138 101
138 102
138 103
138 104
138 105
138 106
138 107
138 108
138 109
138 110
138 113
138 114
138 115
138 117
138 118
138 119
138 121
138 122
138 123
138 125
138 126
138 127
138 152
138 153
138 155
138 157
138 159
138 161
138 167
138 169
138 179
138 182
138 210
138 219
138 223
138 227
138 229
138 233
138 235
138 243
138 245
138 246
139 140
139 141
139 142
139 143
139 144
139 145
139 146
139 147
139 149
139 101
139 102
139 103
139 104
139 106
139 107
139 108
139 109
139 110
139 111
139 112
139 113
139 114
139 115
139 116
139 117
139 119
139 120
139 121
139 122
139 123
139 124
139 125
139 126
139 127
139 152
139 153
139 155
139 156
139 161
139 162
139 168
139 172
139 175
139 176
139 177
139 180
139 187
139 188
139 192
139 195
139 202
139 203
139 209
139 216
139 217
139 220
139 223
139 225
139 228
139 231
139 235
139 236
139 239
139 240
139 241
139 242
139 244
139 245
139 248
140 141
140 143
140 144
140 145
140 146
140 148
140 149
140 101
140 103
140 104
140 105
140 106
140 107
140 109
140 110
140 111
140 112
140 113
140 114
140 115
140 116
140 117
140 118
140 119
140 120
140 121
140 122
140 123
140 124
140 125
140 126
140 127
140 154
140 156
140 159
140 163
140 169
140 170
140 177
140 178
140 179
140 182
140 186
140 192
140 193
140 195
140 196
140 197
140 201
140 204
140 205
140 208
140 211
140 212
140 213
140 218
140 224
140 228
140 229
140 231
140 233
140 242
140 243
141 142
141 143
141 145
141 148
141 149
141 100
141 101
141 102
141 103
141 105
141 107
141 108
141 109
141 110
141 111
141 112
141 113
141 115
141 116
141 117
141 118
141 119
141 120
141 121
141 122
141 123
141 124
141 125
141 126
141 127
141 151
141 161
141 170
141 183
141 184
141 185
141 189
141 190
141 196
141 198
141 207
141 213
141 214
141 215
141 217
141 219
141 227
141 247
142 143
142 145
142 146
142 147
142 148
142 149
142 100
142 101
142 103
142 104
142 105
142 106
142 107
142 108
142 109
142 111
142 112
142 113
142 114
142 115
142 116
142 117
142 118
142 119
142 121
142 122
142 123
142 124
142 125
142 126
142 127
142 150
142 157
142 161
142 166
142 170
142 171
142 185
142 187
142 190
142 192
142 195
142 196
142 197
142 202
142 205
142 209
142 220
142 221
142 222
142 228
142 229
142 235
142 238
142 240
142 242
142 245
142 246
143 144
143 145
143 146
143 147
143 148
143 149
143 100
143 101
143 102
143 103
143 104
143 105
143 107
143 108
143 109
143 110
143 111
143 112
143 113
143 114
143 115
143 116
143 117
143 118
143 119
143 121
143 122
143 123
143 125
143 126
143 127
143 160
143 163
143 165
143 167
143 170
143 171
143 173
143 174
143 184
143 188
143 189
143 192
143 199
143 202
143 204
143 206
143 212
143 213
143 233
143 235
143 243
143 244
144 145
144 146
144 147
144 148
144 149
144 100
144 101
144 102
144 103
144 104
144 105
144 106
144 107
144 108
144 109
144 110
144 111
144 112
144 113
144 114
144 115
144 116
144 117
144 118
144 119
144 120
144 121
144 122
144 123
144 124
144 125
144 126
144 127
144 151
144 155
144 157
144 160
144 165
144 168
144 170
144 172
144 173
144 184
144 186
144 187
144 188
144 189
144 190
144 194
144 195
144 205
144 207
144 218
144 227
144 229
144 230
144 234
144 237
144 240
145 146
145 148
145 149
145 100
145 101
145 102
145 103
145 104
145 105
145 106
145 107
145 108
145 109
145 111
145 112
145 113
145 114
145 115
145 116
145 117
145 118
145 119
145 120
145 121
145 122
145 123
145 124
145 125
145 126
145 127
145 150
145 151
145 153
145 154
145 160
145 161
145 162
145 164
145 170
145 171
145 186
145 190
145 192
145 197
145 198
145 199
145 201
145 203
145 215
145 218
145 221
145 224
145 225
145 232
145 243
146 147
146 148
146 149
146 100
146 101
146 102
146 103
146 104
146 105
146 106
146 107
146 108
146 109
146 110
146 111
146 112
146 113
146 114
146 115
146 116
146 117
146 118
146 119
146 120
146 121
146 122
146 123
146 125
146 126
146 127
146 150
146 151
146 153
146 169
146 171
146 177
146 178
146 182
146 185
146 200
146 205
146 208
146 214
146 216
146 221
146 224
146 225
146 235
146 245
147 149
147 100
147 101
147 102
147 103
147 104
147 105
147 106
147 107
147 108
147 109
147 110
147 111
147 112
147 113
147 114
147 115
147 116
147 117
147 118
147 119
147 120
147 121
147 122
147 123
147 124
147 125
147 126
147 127
147 153
147 162
147 164
147 167
147 170
147 180
147 183
147 184
147 186
147 194
147 198
147 199
147 201
147 204
147 206
147 209
147 211
147 216
147 222
147 223
147 228
147 231
147 237
147 238
147 240
147 246
147 247
147 248
147 249
148 149
148 101
148 102
148 103
148 104
148 105
148 106
148 107
148 108
148 109
148 110
148 111
148 112
148 113
148 114
148 115
148 116
148 117
148 118
148 119
148 120
148 121
148 122
148 123
148 125
148 126
148 127
148 151
148 153
148 158
148 160
148 161
148 162
148 164
148 180
148 190
148 200
148 203
148 208
148 209
148 210
148 212
148 234
148 237
148 242
148 245
149 100
149 101
149 102
149 103
149 104
149 105
149 106
149 107
149 108
149 109
149 110
149 111
149 112
149 113
149 114
149 115
149 116
149 117
149 118
149 119
149 120
149 121
149 122
149 123
149 124
149 125
149 126
149 127
149 150
149 153
149 154
149 157
149 160
149 164
149 169
149 173
149 175
149 183
149 193
149 194
149 196
149 198
149 199
149 201
149 205
149 210
149 214
149 216
149 217
149 219
149 228
149 231
149 235
149 236
149 242
149 244
100 101
100 102
100 103
100 105
100 106
100 107
100 108
100 109
100 111
100 113
100 114
100 115
100 116
100 117
100 118
100 120
100 121
100 122
100 123
100 124
100 125
100 126
100 127
100 152
100 163
100 164
100 170
100 174
100 175
100 182
100 185
100 194
100 197
100 198
100 205
100 206
100 210
100 214
100 220
100 226
100 231
100 233
100 236
100 241
100 247
100 248
101 102
101 103
101 105
101 106
101 107
101 108
101 109
101 111
101 112
101 113
101 114
101 115
101 116
101 117
101 118
101 119
101 120
101 121
101 122
101 123
101 124
101 125
101 126
101 127
101 150
101 155
101 159
101 164
101 174
101 178
101 179
101 182
101 189
101 194
101 196
101 202
101 203
101 205
101 206
101 211
101 214
101 217
101 218
101 221
101 225
101 232
101 235
101 242
101 243
101 249
102 104
102 106
102 108
102 109
102 111
102 112
102 113
102 115
102 116
102 117
102 118
102 119
102 120
102 121
102 122
102 123
102 124
102 125
102 126
102 127
102 151
102 161
102 163
102 166
102 171
102 176
102 178
102 202
102 203
102 206
102 207
102 217
102 222
102 223
102 233
102 234
102 238
102 240
102 245
102 246
103 104
103 105
103 106
103 107
103 108
103 109
103 110
103 111
103 112
103 113
103 114
103 115
103 116
103 117
103 118
103 119
103 120
103 121
103 122
103 123
103 124
103 125
103 126
103 127
103 161
103 168
103 171
103 178
103 181
103 183
103 185
103 197
103 200
103 201
103 204
103 211
103 212
103 213
103 216
103 221
103 233
103 236
103 238
103 248
103 249
104 105
104 106
104 107
104 108
104 109
104 110
104 111
104 112
104 113
104 114
104 115
104 116
104 117
104 118
104 119
104 120
104 121
104 122
104 123
104 124
104 125
104 126
104 127
104 153
104 155
104 156
104 162
104 165
104 177
104 179
104 186
104 187
104 188
104 191
104 196
104 200
104 208
104 216
104 217
104 218
104 219
104 233
104 234
104 239
104 242
104 245
104 246
105 106
105 107
105 108
105 109
105 111
105 113
105 114
105 115
105 116
105 117
105 118
105 119
105 120
105 122
105 123
105 124
105 125
105 126
105 127
105 153
105 160
105 162
105 167
105 172
105 182
105 184
105 187
105 189
105 191
105 192
105 193
105 204
105 207
105 214
105 215
105 223
105 226
105 232
105 238
105 239
105 242
106 107
106 108
106 109
106 110
106 111
106 112
106 113
106 114
106 115
106 116
106 117
106 118
106 119
106 120
106 121
106 122
106 123
106 124
106 125
106 126
106 127
106 153
106 157
106 174
106 177
106 178
106 179
106 182
106 186
106 190
106 200
106 201
106 204
106 216
106 218
106 219
106 221
106 227
106 229
106 233
106 237
106 242
107 108
107 109
107 110
107 111
107 112
107 113
107 114
107 115
107 116
107 117
107 119
107 120
107 121
107 122
107 123
107 124
107 126
107 127
107 150
107 156
107 159
107 166
107 173
107 177
107 181
107 184
107 189
107 193
107 194
107 195
107 202
107 204
107 209
107 210
107 211
107 219
107 222
107 227
107 235
107 244
107 248
107 249
108 109
108 110
108 111
108 112
108 113
108 116
108 117
108 118
108 120
108 121
108 122
108 123
108 124
108 125
108 127
108 150
108 154
108 159
108 163
108 166
108 167
108 171
108 174
108 176
108 178
108 186
108 187
108 193
108 196
108 204
108 207
108 214
108 219
108 220
108 223
108 224
108 226
108 228
108 237
108 239
108 242
108 243
109 110
109 111
109 112
109 113
109 114
109 115
109 116
109 117
109 118
109 119
109 120
109 121
109 122
109 123
109 124
109 125
109 126
109 127
109 152
109 158
109 163
109 168
109 173
109 176
109 181
109 184
109 192
109 204
109 215
109 217
109 218
109 219
109 221
109 226
109 227
109 228
109 229
109 233
109 235
109 240
109 241
109 247
110 111
110 112
110 113
110 114
110 115
110 116
110 117
110 118
110 119
110 120
110 121
110 122
110 123
110 124
110 125
110 126
110 127
110 151
110 156
110 157
110 167
110 168
110 172
110 176
110 183
110 186
110 190
110 197
110 199
110 204
110 206
110 213
110 223
110 228
110 232
110 236
110 237
110 240
110 243
110 246
110 248
111 113
111 115
111 116
111 117
111 118
111 119
111 120
111 121
111 122
111 123
111 124
111 125
111 126
111 127
111 150
111 153
111 154
111 157
111 160
111 166
111 174
111 178
111 179
111 183
111 184
111 208
111 209
111 212
111 219
111 222
111 223
111 230
111 233
111 239
111 242
112 114
112 115
112 116
112 117
112 118
112 119
112 120
112 121
112 123
112 124
112 125
112 126
112 127
112 150
112 152
112 154
112 155
112 161
112 169
112 171
112 172
112 180
112 183
112 186
112 187
112 188
112 189
112 190
112 191
112 194
112 197
112 208
112 210
112 213
112 216
112 219
112 221
112 223
112 232
112 233
112 237
112 240
112 249
113 114
113 115
113 116
113 117
113 118
113 119
113 120
113 121
113 122
113 123
113 124
113 125
113 126
113 127
113 150
113 151
113 154
113 155
113 157
113 169
113 172
113 180
113 182
113 183
113 190
113 192
113 193
113 203
113 213
113 218
113 220
113 221
113 225
113 227
113 228
113 229
113 237
113 249
114 115
114 117
114 118
114 119
114 120
114 121
114 123
114 124
114 125
114 126
114 127
114 151
114 158
114 159
114 169
114 199
114 203
114 206
114 208
114 211
114 216
114 219
114 230
114 236
114 237
114 238
114 244
115 116
115 117
115 118
115 119
115 120
115 121
115 122
115 124
115 125
115 126
115 127
115 164
115 170
115 171
115 183
115 186
115 191
115 196
115 201
115 204
115 206
115 211
115 225
115 227
115 228
115 230
115 240
115 244
115 245
115 248
115 249
116 118
116 119
116 120
116 121
116 122
116 123
116 124
116 125
116 126
116 127
116 158
116 159
116 161
116 165
116 166
116 169
116 171
116 172
116 179
116 210
116 218
116 220
116 226
116 227
116 230
116 231
116 232
116 238
116 244
117 119
117 120
117 121
117 122
117 124
117 125
117 126
117 127
117 154
117 158
117 165
117 167
117 171
117 176
117 187
117 188
117 190
117 195
117 200
117 202
117 206
117 210
117 211
117 219
117 224
117 232
117 233
117 238
117 242
117 244
117 248
117 249
118 119
118 120
118 121
118 122
118 123
118 124
118 125
118 126
118 127
118 152
118 155
118 164
118 168
118 172
118 173
118 176
118 177
118 179
118 181
118 190
118 198
118 199
118 201
118 213
118 219
118 222
118 223
118 228
118 230
118 233
118 240
118 248
118 249
119 120
119 121
119 122
119 123
119 124
119 125
119 126
119 127
119 156
119 157
119 158
119 159
119 163
119 164
119 166
119 167
119 170
119 172
119 173
119 178
119 182
119 187
119 196
119 202
119 206
119 208
119 211
119 216
119 222
119 223
119 227
119 231
119 232
119 234
119 236
119 247
120 121
120 122
120 123
120 124
120 125
120 126
120 127
120 150
120 151
120 152
120 164
120 169
120 170
120 176
120 179
120 181
120 185
120 188
120 191
120 196
120 197
120 199
120 204
120 206
120 220
120 225
120 229
120 230
120 235
120 237
120 238
120 240
120 242
120 243
120 244
120 246
121 123
121 124
121 125
121 126
121 151
121 160
121 161
121 162
121 164
121 167
121 171
121 173
121 174
121 175
121 176
121 178
121 181
121 192
121 199
121 203
121 204
121 207
121 209
121 210
121 217
121 220
121 225
121 228
121 233
121 243
121 244
121 245
122 123
122 125
122 126
122 127
122 155
122 156
122 162
122 168
122 173
122 174
122 177
122 184
122 188
122 200
122 201
122 205
122 207
122 211
122 219
122 221
122 225
122 228
122 229
122 234
122 235
122 236
122 238
122 245
122 249
123 125
123 126
123 127
123 153
123 155
123 161
123 165
123 167
123 169
123 175
123 176
123 182
123 184
123 191
123 194
123 204
123 207
123 212
123 213
123 215
123 216
123 220
123 222
123 223
123 226
123 227
123 228
123 234
123 237
124 125
124 126
124 151
124 153
124 162
124 164
124 166
124 171
124 173
124 179
124 181
124 189
124 192
124 194
124 200
124 206
124 207
124 208
124 210
124 216
124 218
124 221
124 223
124 227
124 229
124 236
124 237
124 243
124 247
125 126
125 127
125 151
125 153
125 156
125 159
125 163
125 171
125 178
125 179
125 182
125 196
125 203
125 204
125 211
125 213
125 216
125 219
125 223
125 233
125 238
125 240
125 245
126 127
126 156
126 157
126 161
126 162
126 164
126 171
126 183
126 187
126 188
126 190
126 192
126 213
126 214
126 215
126 225
126 227
126 229
126 230
126 231
126 234
126 236
126 246
126 249
127 155
127 159
127 164
127 168
127 170
127 171
127 172
127 173
127 174
127 180
127 189
127 192
127 193
127 195
127 196
127 199
127 210
127 218
127 226
127 230
127 243
127 245
150 151
150 155
150 156
150 157
150 158
150 159
150 160
150 161
150 162
150 163
150 164
150 165
150 166
150 167
150 168
150 170
150 171
150 172
150 173
150 174
150 175
150 176
150 177
150 178
150 179
150 180
150 181
150 182
150 183
150 184
150 187
150 188
150 189
150 190
150 191
150 192
150 194
150 195
150 196
150 197
150 198
150 199
150 200
150 203
150 205
150 216
150 218
150 219
150 222
150 225
150 227
150 234
150 241
150 242
150 243
150 247
150 248
151 152
151 153
151 154
151 155
151 156
151 157
151 158
151 159
151 160
151 161
151 162
151 163
151 166
151 167
151 168
151 169
151 170
151 171
151 172
151 173
151 175
151 176
151 177
151 178
151 179
151 180
151 182
151 183
151 184
151 185
151 186
151 187
151 188
151 189
151 190
151 191
151 192
151 193
151 194
151 195
151 196
151 197
151 198
151 199
151 200
151 202
151 207
151 211
151 216
151 219
151 222
151 226
151 227
151 233
151 234
151 238
151 239
151 241
151 242
151 245
152 153
152 154
152 155
152 156
152 157
152 158
152 160
152 161
152 162
152 163
152 164
152 165
152 166
152 167
152 168
152 169
152 170
152 171
152 172
152 173
152 174
152 175
152 176
152 177
152 178
152 179
152 180
152 181
152 182
152 183
152 184
152 186
152 187
152 188
152 189
152 190
152 191
152 192
152 193
152 194
152 195
152 196
152 197
152 198
152 199
152 200
152 201
152 204
152 217
152 219
152 220
152 225
152 227
152 229
152 231
152 238
152 240
152 245
152 247
152 248
153 154
153 155
153 156
153 157
153 158
153 159
153 160
153 161
153 162
153 163
153 164
153 165
153 166
153 167
153 168
153 169
153 171
153 173
153 174
153 175
153 176
153 177
153 178
153 179
153 180
153 181
153 182
153 183
153 184
153 186
153 188
153 189
153 190
153 192
153 193
153 194
153 195
153 196
153 197
153 198
153 199
153 205
153 206
153 228
153 229
153 234
153 237
153 244
153 245
153 247
153 249
154 155
154 156
154 157
154 158
154 159
154 160
154 161
154 162
154 163
154 164
154 165
154 166
154 167
154 168
154 169
154 170
154 171
154 172
154 173
154 174
154 175
154 176
154 177
154 178
154 179
154 180
154 181
154 182
154 183
154 184
154 185
154 186
154 187
154 188
154 189
154 190
154 191
154 192
154 193
154 194
154 195
154 196
154 197
154 198
154 199
154 207
154 208
154 210
154 211
154 214
154 221
154 225
154 228
154 231
154 232
154 236
154 238
154 241
154 242
155 156
155 157
155 158
155 159
155 160
155 161
155 162
155 163
155 164
155 165
155 166
155 167
155 168
155 169
155 170
155 171
155 173
155 174
155 175
155 176
155 177
155 178
155 179
155 180
155 181
155 182
155 183
155 184
155 185
155 186
155 188
155 191
155 192
155 193
155 196
155 197
155 198
155 199
155 201
155 210
155 218
155 224
155 227
155 229
155 232
155 234
155 236
155 242
155 243
155 245
155 247
155 248
156 157
156 158
156 159
156 160
156 161
156 162
156 163
156 164
156 165
156 166
156 167
156 168
156 169
156 170
156 171
156 173
156 174
156 175
156 176
156 177
156 178
156 179
156 180
156 181
156 182
156 183
156 184
156 185
156 186
156 187
156 188
156 189
156 190
156 191
156 192
156 193
156 195
156 196
156 197
156 198
156 199
156 204
156 213
156 214
156 215
156 216
156 217
156 220
156 222
156 223
156 227
156 228
156 231
156 234
156 236
156 240
156 247
157 158
157 159
157 160
157 161
157 162
157 163
157 164
157 165
157 166
157 167
157 168
157 169
157 170
157 171
157 172
157 173
157 174
157 175
157 176
157 177
157 178
157 179
157 180
157 181
157 182
157 183
157 184
157 185
157 186
157 187
157 188
157 189
157 190
157 191
157 192
157 193
157 194
157 195
157 197
157 198
157 199
157 200
157 204
157 218
157 223
157 225
157 227
157 233
157 242
157 249
158 159
158 160
158 161
158 162
158 163
158 164
158 165
158 166
158 168
158 169
158 170
158 171
158 172
158 173
158 175
158 176
158 177
158 178
158 180
158 181
158 182
158 183
158 184
158 185
158 186
158 187
158 188
158 189
158 190
158 191
158 192
158 193
158 194
158 195
158 197
158 198
158 199
158 203
158 204
158 214
158 219
158 222
158 225
158 230
158 233
158 234
158 238
158 239
159 160
159 161
159 162
159 163
159 164
159 165
159 166
159 167
159 168
159 169
159 170
159 171
159 172
159 173
159 175
159 176
159 177
159 178
159 179
159 181
159 182
159 183
159 184
159 185
159 186
159 187
159 188
159 189
159 190
159 191
159 192
159 193
159 194
159 195
159 196
159 197
159 198
159 199
159 208
159 212
159 216
159 220
159 222
159 241
159 243
159 249
160 161
160 162
160 163
160 164
160 166
160 167
160 168
160 169
160 170
160 171
160 172
160 173
160 175
160 176
160 177
160 178
160 179
160 182
160 183
160 184
160 185
160 186
160 187
160 188
160 189
160 191
160 192
160 193
160 194
160 195
160 196
160 197
160 198
160 199
160 202
160 207
160 214
160 220
160 221
160 235
160 238
160 244
160 247
161 162
161 164
161 165
161 166
161 167
161 169
161 170
161 171
161 172
161 174
161 175
161 176
161 177
161 178
161 179
161 180
161 181
161 182
161 184
161 185
161 186
161 187
161 188
161 189
161 190
161 191
161 192
161 193
161 194
161 195
161 196
161 197
161 198
161 199
161 202
161 203
161 204
161 206
161 212
161 220
161 221
161 229
161 233
161 237
161 242
162 163
162 164
162 165
162 166
162 167
162 168
162 170
162 171
162 172
162 173
162 175
162 176
162 177
162 178
162 179
162 180
162 182
162 183
162 184
162 186
162 187
162 188
162 189
162 190
162 191
162 192
162 193
162 194
162 195
162 196
162 197
162 199
162 200
162 210
162 217
162 219
162 220
162 229
162 234
162 236
162 239
162 241
162 242
162 243
163 164
163 165
163 166
163 167
163 168
163 169
163 171
163 172
163 173
163 174
163 175
163 177
163 178
163 180
163 181
163 182
163 183
163 184
163 185
163 187
163 188
163 189
163 190
163 191
163 192
163 193
163 194
163 195
163 196
163 197
163 198
163 199
163 201
163 212
163 214
163 215
163 224
163 231
163 234
163 248
163 249
164 165
164 166
164 167
164 169
164 170
164 171
164 172
164 173
164 174
164 175
164 176
164 177
164 178
164 179
164 180
164 181
164 182
164 185
164 186
164 187
164 188
164 189
164 190
164 191
164 192
164 194
164 195
164 196
164 197
164 199
164 201
164 202
164 207
164 209
164 211
164 214
164 219
164 220
164 226
164 227
164 230
164 233
164 237
164 247
164 249
165 166
165 167
165 169
165 170
165 171
165 172
165 173
165 175
165 176
165 178
165 179
165 180
165 181
165 182
165 183
165 184
165 185
165 186
165 187
165 188
165 189
165 190
165 191
165 192
165 193
165 194
165 195
165 196
165 197
165 198
165 199
165 200
165 203
165 205
165 212
165 213
165 214
165 217
165 229
165 230
165 235
165 237
165 238
165 241
165 242
165 244
166 167
166 168
166 169
166 170
166 171
166 172
166 173
166 174
166 175
166 176
166 177
166 178
166 181
166 182
166 183
166 184
166 185
166 187
166 188
166 190
166 192
166 193
166 194
166 196
166 197
166 198
166 199
166 204
166 206
166 211
166 214
166 216
166 218
166 221
166 222
166 224
166 233
166 234
166 243
166 247
167 169
167 170
167 171
167 172
167 173
167 174
167 175
167 176
167 177
167 178
167 179
167 180
167 181
167 182
167 183
167 184
167 185
167 186
167 187
167 188
167 190
167 191
167 192
167 193
167 194
167 195
167 196
167 197
167 198
167 199
167 200
167 201
167 203
167 207
167 210
167 212
167 219
167 220
167 221
167 225
167 227
167 228
167 235
167 237
167 240
167 242
168 169
168 170
168 171
168 172
168 173
168 174
168 175
168 176
168 178
168 180
168 182
168 183
168 184
168 185
168 186
168 187
168 188
168 189
168 190
168 192
168 194
168 195
168 196
168 197
168 198
168 199
168 204
168 208
168 213
168 216
168 219
168 223
168 224
168 226
168 228
168 229
168 232
168 236
168 243
168 246
168 248
169 170
169 171
169 172
169 173
169 174
169 175
169 176
169 177
169 178
169 179
169 180
169 181
169 182
169 183
169 184
169 185
169 186
169 187
169 188
169 189
169 190
169 191
169 192
169 193
169 194
169 195
169 197
169 198
169 199
169 204
169 206
169 213
169 225
169 226
169 235
169 237
169 240
170 171
170 173
170 174
170 175
170 176
170 177
170 178
170 179
170 180
170 183
170 184
170 185
170 186
170 187
170 188
170 189
170 190
170 191
170 192
170 193
170 194
170 195
170 196
170 197
170 199
170 207
170 215
170 221
170 224
170 228
170 233
170 242
170 244
171 173
171 174
171 175
171 176
171 177
171 178
171 180
171 181
171 182
171 184
171 185
171 186
171 187
171 188
171 189
171 190
171 191
171 192
171 193
171 194
171 195
171 196
171 198
171 199
171 209
171 213
171 217
171 226
171 233
171 235
171 237
171 239
171 240
171 244
171 245
171 248
172 173
172 174
172 175
172 176
172 179
172 180
172 181
172 182
172 183
172 184
172 185
172 186
172 187
172 188
172 189
172 190
172 191
172 193
172 194
172 195
172 196
172 197
172 198
172 203
172 205
172 207
172 210
172 219
172 222
172 228
172 230
172 235
172 236
172 241
172 243
172 248
173 174
173 175
173 177
173 178
173 179
173 180
173 181
173 182
173 183
173 184
173 185
173 186
173 188
173 189
173 190
173 192
173 193
173 194
173 195
173 196
173 197
173 198
173 199
173 204
173 205
173 209
173 210
173 211
173 213
173 219
173 226
173 233
173 239
173 241
173 243
173 244
174 176
174 177
174 178
174 179
174 181
174 182
174 184
174 185
174 186
174 187
174 188
174 189
174 190
174 191
174 193
174 194
174 195
174 196
174 197
174 198
174 199
174 202
174 204
174 207
174 209
174 211
174 217
174 219
174 221
174 223
174 226
174 227
174 241
174 243
174 244
174 245
174 246
174 249
175 176
175 178
175 179
175 180
175 181
175 182
175 183
175 184
175 185
175 186
175 187
175 188
175 189
175 190
175 191
175 192
175 193
175 195
175 196
175 197
175 198
175 199
175 204
175 207
175 208
175 216
175 217
175 219
175 220
175 221
175 227
175 229
175 232
175 236
175 238
176 177
176 179
176 180
176 181
176 182
176 183
176 184
176 185
176 186
176 187
176 188
176 189
176 190
176 191
176 192
176 193
176 194
176 195
176 196
176 197
176 198
176 199
176 200
176 205
176 206
176 209
176 210
176 215
176 218
176 222
176 231
176 233
176 235
176 243
176 246
177 178
177 179
177 180
177 182
177 183
177 184
177 185
177 186
177 187
177 188
177 189
177 190
177 191
177 192
177 193
177 194
177 195
177 196
177 197
177 198
177 199
177 202
177 203
177 205
177 217
177 218
177 220
177 223
177 226
177 232
177 234
177 235
177 249
178 179
178 180
178 181
178 184
178 185
178 186
178 187
178 188
178 189
178 190
178 191
178 193
178 194
178 195
178 196
178 197
178 198
178 206
178 210
178 211
178 215
178 218
178 225
178 226
178 237
178 247
179 180
179 181
179 183
179 184
179 185
179 186
179 187
179 188
179 189
179 190
179 191
179 192
179 193
179 194
179 195
179 196
179 198
179 208
179 211
179 213
179 215
179 216
179 218
179 219
179 224
179 228
179 229
179 230
179 231
179 233
179 235
179 243
179 244
180 181
180 182
180 183
180 184
180 185
180 186
180 187
180 188
180 189
180 190
180 191
180 192
180 193
180 194
180 195
180 196
180 197
180 198
180 200
180 206
180 207
180 210
180 214
180 220
180 222
180 223
180 224
180 244
180 247
181 182
181 183
181 184
181 185
181 186
181 187
181 189
181 190
181 191
181 192
181 193
181 194
181 195
181 196
181 197
181 198
181 199
181 200
181 203
181 208
181 212
181 213
181 218
181 226
181 230
181 242
181 243
181 248
182 183
182 184
182 186
182 187
182 188
182 189
182 190
182 191
182 192
182 193
182 194
182 195
182 197
182 198
182 199
182 200
182 204
182 206
182 208
182 211
182 214
182 217
182 227
182 229
182 231
182 233
182 234
182 235
182 236
182 242
182 243
182 248
183 184
183 185
183 186
183 187
183 188
183 189
183 190
183 191
183 192
183 193
183 194
183 195
183 196
183 197
183 199
183 200
183 203
183 212
183 215
183 224
183 228
183 242
183 244
184 185
184 186
184 187
184 188
184 189
184 190
184 191
184 192
184 194
184 195
184 196
184 197
184 198
184 199
184 208
184 213
184 214
184 222
184 224
184 225
184 228
184 229
184 230
184 231
184 239
184 240
184 244
184 245
184 246
184 247
184 249
185 187
185 188
185 189
185 190
185 191
185 192
185 193
185 194
185 195
185 196
185 197
185 198
185 201
185 204
185 205
185 210
185 213
185 215
185 216
185 221
185 222
185 239
185 240
185 244
186 187
186 188
186 189
186 190
186 191
186 192
186 193
186 194
186 195
186 196
186 197
186 198
186 199
186 200
186 202
186 206
186 209
186 212
186 214
186 216
186 220
186 223
186 228
186 229
186 236
186 241
186 247
186 248
187 188
187 190
187 191
187 192
187 193
187 194
187 195
187 196
187 197
187 198
187 199
187 207
187 208
187 217
187 218
187 220
187 221
187 225
187 227
187 228
187 231
187 242
187 249
188 189
188 190
188 191
188 192
188 193
188 195
188 196
188 197
188 198
188 199
188 201
188 203
188 204
188 206
188 208
188 209
188 216
188 218
188 222
188 223
188 224
188 238
188 239
188 242
188 244
188 245
188 246
188 248
188 249
189 190
189 191
189 193
189 194
189 195
189 196
189 197
189 202
189 205
189 222
189 226
189 231
189 232
189 239
189 242
189 249
190 191
190 192
190 194
190 196
190 197
190 199
190 202
190 203
190 204
190 211
190 212
190 214
190 216
190 222
190 225
190 227
190 231
190 232
190 234
190 236
190 237
190 238
190 240
190 242
190 245
190 247
191 192
191 193
191 195
191 196
191 197
191 199
191 201
191 203
191 204
191 208
191 216
191 218
191 219
191 222
191 226
191 229
191 232
191 233
191 237
191 239
191 242
192 193
192 195
192 196
192 197
192 199
192 202
192 209
192 222
192 223
192 229
192 233
192 234
192 236
192 239
192 240
192 241
192 243
192 245
193 194
193 195
193 196
193 197
193 198
193 199
193 200
193 203
193 207
193 208
193 211
193 212
193 215
193 220
193 221
193 222
193 225
193 231
193 236
193 237
193 241
193 246
193 249
194 195
194 196
194 197
194 198
194 199
194 204
194 210
194 212
194 217
194 225
194 227
194 233
194 234
194 236
194 242
194 248
195 196
195 197
195 198
195 199
195 203
195 209
195 217
195 219
195 229
195 234
195 242
195 245
195 248
196 197
196 198
196 199
196 203
196 206
196 211
196 219
196 221
196 226
196 227
196 231
196 237
196 239
196 241
196 242
197 198
197 199
197 206
197 214
197 221
197 222
197 225
197 227
197 228
197 240
197 241
197 242
197 245
198 199
198 205
198 206
198 207
198 211
198 212
198 220
198 222
198 236
198 239
199 201
199 203
199 204
199 209
199 211
199 213
199 214
199 215
199 220
199 222
199 231
199 232
199 236
199 237
199 239
199 240
199 245
199 247
199 249
200 201
200 203
200 204
200 205
200 206
200 207
200 208
200 209
200 211
200 212
200 213
200 214
200 215
200 216
200 217
200 218
200 219
200 220
200 221
200 222
200 223
200 224
200 225
200 229
200 230
200 231
200 232
200 233
200 234
200 235
200 236
200 237
200 238
200 239
200 240
200 241
200 242
200 244
200 245
200 246
200 247
200 248
200 249
201 202
201 203
201 204
201 205
201 206
201 207
201 208
201 209
201 210
201 211
201 212
201 214
201 215
201 216
201 217
201 218
201 219
201 220
201 221
201 222
201 224
201 225
201 226
201 227
201 228
201 229
201 230
201 231
201 232
201 233
201 234
201 235
201 237
201 238
201 239
201 240
201 241
201 242
201 243
201 245
201 246
201 248
201 249
202 203
202 204
202 205
202 206
202 207
202 209
202 210
202 212
202 214
202 215
202 216
202 217
202 218
202 219
202 220
202 222
202 223
202 224
202 225
202 226
202 227
202 228
202 229
202 230
202 231
202 232
202 233
202 234
202 235
202 236
202 237
202 238
202 239
202 240
202 241
202 242
202 243
202 244
202 245
202 246
202 247
202 248
203 204
203 205
203 206
203 207
203 208
203 209
203 210
203 211
203 212
203 213
203 214
203 215
203 216
203 217
203 218
203 219
203 220
203 221
203 222
203 223
203 224
203 225
203 226
203 227
203 228
203 229
203 230
203 231
203 233
203 235
203 236
203 237
203 238
203 239
203 241
203 242
203 243
203 244
203 245
203 246
203 248
203 249
204 205
204 206
204 207
204 210
204 211
204 212
204 213
204 214
204 215
204 217
204 218
204 220
204 222
204 224
204 225
204 226
204 227
204 229
204 230
204 232
204 233
204 234
204 235
204 236
204 237
204 238
204 239
204 240
204 241
204 242
204 243
204 244
204 245
204 246
204 247
204 248
204 249
205 206
205 207
205 208
205 209
205 210
205 211
205 212
205 213
205 214
205 215
205 216
205 217
205 218
205 219
205 220
205 221
205 222
205 224
205 225
205 226
205 227
205 228
205 229
205 230
205 231
205 232
205 233
205 234
205 235
205 236
205 237
205 238
205 239
205 240
205 241
205 242
205 243
205 244
205 245
205 246
205 247
205 248
205 249
206 207
206 208
206 209
206 210
206 211
206 212
206 214
206 215
206 216
206 217
206 218
206 219
206 220
206 221
206 222
206 223
206 224
206 225
206 226
206 227
206 230
206 231
206 232
206 233
206 234
206 235
206 236
206 237
206 238
206 239
206 240
206 241
206 242
206 243
206 244
206 245
206 246
206 247
206 248
206 249
207 208
207 209
207 210
207 211
207 212
207 214
207 215
207 216
207 217
207 218
207 219
207 220
207 221
207 222
207 223
207 224
207 225
207 231
207 232
207 233
207 234
207 235
207 236
207 237
207 238
207 239
207 240
207 241
207 242
207 243
207 244
207 245
207 246
207 247
207 248
207 249
208 209
208 210
208 211
208 212
208 213
208 214
208 215
208 216
208 217
208 218
208 219
208 220
208 221
208 223
208 224
208 225
208 227
208 228
208 230
208 231
208 232
208 233
208 234
208 235
208 236
208 237
208 238
208 239
208 240
208 241
208 242
208 243
208 244
208 245
208 246
208 247
208 248
208 249
209 210
209 211
209 212
209 213
209 214
209 215
209 216
209 217
209 219
209 221
209 222
209 223
209 224
209 225
209 226
209 227
209 228
209 229
209 230
209 231
209 232
209 233
209 234
209 235
209 236
209 237
209 238
209 239
209 241
209 242
209 243
209 244
209 245
209 246
209 247
209 248
209 249
210 211
210 212
210 213
210 214
210 215
210 216
210 217
210 218
210 219
210 220
210 221
210 222
210 223
210 224
210 225
210 226
210 227
210 228
210 229
210 230
210 231
210 234
210 235
210 236
210 237
210 238
210 239
210 241
210 243
210 244
210 246
210 247
210 248
210 249
211 212
211 213
211 214
211 215
211 216
211 217
211 218
211 220
211 221
211 222
211 223
211 225
211 226
211 229
211 231
211 232
211 233
211 234
211 235
211 236
211 237
211 238
211 239
211 240
211 242
211 243
211 244
211 245
211 246
211 247
211 248
211 249
212 213
212 214
212 215
212 216
212 217
212 218
212 219
212 220
212 221
212 222
212 223
212 224
212 225
212 226
212 227
212 228
212 229
212 230
212 231
212 233
212 234
212 235
212 236
212 237
212 238
212 239
212 240
212 241
212 242
212 244
212 246
212 247
212 249
213 214
213 215
213 216
213 217
213 218
213 219
213 220
213 221
213 222
213 223
213 224
213 225
213 226
213 227
213 230
213 231
213 233
213 234
213 235
213 236
213 237
213 238
213 240
213 241
213 242
213 243
213 244
213 245
213 246
213 248
213 249
214 215
214 216
214 217
214 218
214 219
214 220
214 221
214 222
214 224
214 226
214 227
214 228
214 229
214 231
214 232
214 233
214 234
214 235
214 236
214 237
214 238
214 239
214 240
214 241
214 242
214 243
214 244
214 246
214 247
214 248
214 249
215 216
215 217
215 218
215 219
215 221
215 222
215 223
215 224
215 225
215 226
215 227
215 228
215 229
215 230
215 231
215 232
215 233
215 234
215 235
215 236
215 238
215 239
215 240
215 241
215 242
215 243
215 244
215 245
215 246
215 247
215 248
215 249
216 217
216 218
216 219
216 220
216 222
216 223
216 224
216 225
216 226
216 227
216 229
216 230
216 231
216 232
216 233
216 234
216 235
216 237
216 238
216 239
216 241
216 242
216 243
216 244
216 245
216 247
216 248
216 249
217 218
217 219
217 220
217 221
217 223
217 224
217 225
217 226
217 227
217 228
217 229
217 230
217 232
217 233
217 234
217 235
217 236
217 237
217 238
217 239
217 240
217 241
217 242
217 243
217 245
217 246
217 247
217 248
217 249
218 219
218 220
218 221
218 222
218 223
218 224
218 225
218 226
218 227
218 228
218 229
218 230
218 231
218 232
218 233
218 234
218 235
218 236
218 237
218 239
218 240
218 241
218 242
218 243
218 244
218 245
218 246
218 247
218 248
218 249
219 220
219 222
219 223
219 224
219 225
219 226
219 227
219 228
219 229
219 230
219 231
219 232
219 233
219 234
219 235
219 237
219 240
219 241
219 242
219 243
219 245
219 246
219 247
219 248
219 249
220 221
220 222
220 223
220 224
220 225
220 226
220 227
220 228
220 229
220 230
220 231
220 232
220 233
220 234
220 235
220 236
220 237
220 238
220 239
220 240
220 241
220 242
220 243
220 244
220 245
220 246
220 248
221 222
221 223
221 224
221 225
221 226
221 227
221 228
221 229
221 230
221 231
221 232
221 233
221 235
221 236
221 237
221 239
221 240
221 241
221 243
221 244
221 245
221 246
221 247
221 248
221 249
222 225
222 226
222 228
222 229
222 230
222 231
222 232
222 233
222 234
222 235
222 236
222 237
222 238
222 239
222 240
222 241
222 242
222 243
222 244
222 245
222 246
222 247
222 249
223 224
223 225
223 226
223 227
223 228
223 229
223 230
223 231
223 233
223 234
223 235
223 236
223 238
223 239
223 240
223 241
223 242
223 243
223 244
223 245
223 246
223 247
223 248
223 249
224 225
224 226
224 227
224 229
224 231
224 232
224 233
224 234
224 235
224 237
224 239
224 240
224 241
224 242
224 243
224 244
224 245
224 246
224 247
224 248
224 249
225 226
225 228
225 229
225 230
225 231
225 232
225 233
225 234
225 235
225 236
225 238
225 239
225 240
225 241
225 242
225 243
225 244
225 245
225 246
225 247
225 248
225 249
226 227
226 228
226 230
226 231
226 232
226 233
226 234
226 235
226 236
226 237
226 238
226 239
226 240
226 241
226 242
226 244
226 245
226 246
226 247
226 248
226 249
227 229
227 230
227 232
227 233
227 234
227 235
227 236
227 237
227 238
227 239
227 240
227 241
227 242
227 243
227 244
227 245
227 246
227 247
228 230
228 231
228 232
228 234
228 235
228 236
228 237
228 238
228 239
228 240
228 241
228 242
228 243
228 244
228 245
228 246
228 247
228 248
228 249
229 230
229 231
229 233
229 235
229 236
229 237
229 238
229 239
229 240
229 241
229 242
229 243
229 244
229 245
229 246
229 247
229 248
229 249
230 232
230 233
230 234
230 235
230 236
230 237
230 238
230 239
230 240
230 241
230 242
230 245
230 246
230 247
230 248
230 249
231 232
231 233
231 234
231 235
231 236
231 237
231 238
231 239
231 240
231 241
231 242
231 243
231 244
231 245
231 246
231 247
231 248
231 249
232 233
232 235
232 236
232 237
232 238
232 239
232 240
232 241
232 242
232 243
232 244
232 246
232 247
232 248
232 249
233 234
233 235
233 236
233 237
233 238
233 239
233 240
233 241
233 242
233 243
233 244
233 245
233 247
233 248
233 249
234 235
234 236
234 237
234 238
234 239
234 240
234 241
234 242
234 243
234 244
234 245
234 246
234 247
234 248
234 249
235 236
235 237
235 238
235 239
235 240
235 241
235 242
235 243
235 244
235 245
235 246
235 247
235 248
235 249
236 237
236 238
236 240
236 241
236 242
236 243
236 244
236 245
236 246
236 247
236 248
236 249
237 238
237 239
237 240
237 241
237 242
237 243
237 244
237 245
237 246
237 247
237 248
237 249
238 240
238 241
238 242
238 243
238 244
238 245
238 246
238 248
238 249
239 240
239 241
239 244
239 245
239 246
239 247
239 248
239 249
240 241
240 242
240 243
240 244
240 245
240 246
240 247
240 248
241 242
241 243
241 244
241 245
241 246
241 247
241 248
241 249
242 243
242 244
242 246
242 247
242 248
242 249
243 245
243 246
243 247
243 248
243 249
244 245
244 246
244 247
244 248
244 249
245 246
245 247
245 248
245 249
246 247
246 248
246 249
247 248
247 249
248 249
