0 1
0 2
0 3
0 4
0 6
0 7
0 8
0 9
0 10
0 11
0 12
0 13
0 14
0 15
0 16
0 17
0 18
0 19
0 20
0 21
0 23
0 24
0 25
0 26
0 28
0 29
0 31
0 32
0 34
0 35
0 36
0 38
0 39
0 40
0 41
0 42
0 43
0 44
0 45
0 47
0 48
0 49
0 54
0 55
0 62
0 78
0 79
0 88
0 97
0 133
0 135
0 137
0 144
0 105
0 106
0 110
0 115
0 116
0 121
0 122
0 150
0 162
0 163
0 166
0 180
0 181
0 196
0 203
0 204
0 205
0 215
0 232
0 234
0 235
0 243
0 246
0 249
1 2
1 3
1 4
1 5
1 6
1 7
1 8
1 9
1 10
1 11
1 14
1 15
1 16
1 17
1 18
1 19
1 20
1 21
1 22
1 23
1 24
1 25
1 26
1 27
1 28
1 29
1 30
1 32
1 33
1 34
1 35
1 36
1 37
1 38
1 39
1 41
1 42
1 43
1 44
1 45
1 46
1 47
1 48
1 49
1 51
1 61
1 62
1 70
1 71
1 76
1 80
1 85
1 88
1 99
1 128
1 134
1 139
1 143
1 147
1 149
1 101
1 102
1 105
1 122
1 124
1 150
1 155
1 160
1 162
1 176
1 187
1 194
1 197
1 200
1 201
1 202
1 205
1 206
1 208
1 211
1 217
1 218
1 221
1 222
1 232
1 241
1 248
2 3
2 4
2 6
2 7
2 8
2 12
2 13
2 14
2 15
2 16
2 17
2 18
2 19
2 20
2 21
2 22
2 23
2 24
2 25
2 26
2 27
2 28
2 29
2 30
2 31
2 32
2 33
2 34
2 36
2 37
2 38
2 39
2 40
2 41
2 42
2 43
2 44
2 45
2 46
2 47
2 48
2 49
2 50
2 60
2 65
2 69
2 70
2 77
2 78
2 79
2 87
2 91
2 94
2 96
2 128
2 130
2 143
2 145
2 147
2 101
2 102
2 104
2 105
2 106
2 107
2 124
2 126
2 154
2 155
2 157
2 158
2 163
2 166
2 175
2 176
2 180
2 185
2 190
2 191
2 194
2 195
2 199
2 204
2 212
2 218
2 233
2 236
2 242
3 4
3 5
3 7
3 8
3 10
3 11
3 12
3 13
3 14
3 15
3 16
3 17
3 18
3 19
3 20
3 21
3 22
3 23
3 24
3 25
3 26
3 27
3 28
3 29
3 30
3 31
3 32
3 33
3 34
3 35
3 36
3 37
3 38
3 40
3 41
3 42
3 43
3 44
3 45
3 47
3 48
3 49
3 53
3 69
3 79
3 90
3 92
3 94
3 95
3 128
3 129
3 131
3 133
3 136
3 141
3 145
3 105
3 107
3 114
3 119
3 120
3 122
3 127
3 153
3 154
3 155
3 164
3 166
3 178
3 179
3 198
3 206
3 207
3 215
3 221
3 236
3 240
3 247
3 248
4 5
4 6
4 7
4 8
4 9
4 10
4 11
4 12
4 14
4 16
4 18
4 19
4 20
4 21
4 22
4 23
4 24
4 25
4 26
4 27
4 28
4 29
4 30
4 31
4 32
4 33
4 34
4 35
4 36
4 37
4 38
4 39
4 40
4 41
4 42
4 43
4 44
4 45
4 47
4 48
4 49
4 50
4 54
4 55
4 61
4 63
4 69
4 87
4 92
4 98
4 134
4 136
4 140
4 144
4 145
4 146
4 100
4 102
4 106
4 111
4 114
4 116
4 117
4 120
4 122
4 124
4 152
4 153
4 156
4 163
4 166
4 170
4 171
4 172
4 177
4 190
4 192
4 195
4 199
4 201
4 207
4 214
4 227
4 233
4 237
4 245
4 249
5 6
5 7
5 9
5 10
5 11
5 12
5 13
5 14
5 15
5 16
5 17
5 20
5 21
5 22
5 23
5 24
5 25
5 27
5 30
5 32
5 33
5 34
5 35
5 36
5 37
5 38
5 39
5 40
5 41
5 42
5 44
5 45
5 46
5 47
5 48
5 49
5 53
5 56
5 67
5 68
5 75
5 81
5 82
5 83
5 90
5 91
5 94
5 135
5 143
5 147
5 106
5 113
5 118
5 119
5 125
5 150
5 159
5 161
5 162
5 164
5 166
5 167
5 172
5 175
5 176
5 177
5 182
5 189
5 202
5 210
5 213
5 215
5 222
5 231
5 233
5 234
5 237
5 241
6 7
6 9
6 10
6 11
6 12
6 13
6 14
6 15
6 16
6 17
6 18
6 19
6 20
6 21
6 22
6 23
6 24
6 25
6 26
6 27
6 28
6 29
6 30
6 31
6 32
6 33
6 34
6 35
6 36
6 37
6 38
6 39
6 40
6 41
6 42
6 43
6 44
6 45
6 46
6 47
6 48
6 49
6 58
6 60
6 61
6 64
6 68
6 69
6 74
6 76
6 82
6 88
6 95
6 97
6 98
6 133
6 135
6 138
6 140
6 142
6 111
6 116
6 118
6 122
6 123
6 125
6 151
6 153
6 155
6 158
6 159
6 170
6 172
6 178
6 188
6 193
6 195
6 201
6 204
6 209
6 219
6 220
6 222
6 235
6 239
6 245
7 9
7 10
7 11
7 12
7 13
7 14
7 16
7 17
7 18
7 19
7 20
7 21
7 22
7 23
7 24
7 25
7 28
7 29
7 30
7 31
7 32
7 34
7 35
7 36
7 37
7 39
7 40
7 41
7 42
7 43
7 44
7 45
7 46
7 47
7 48
7 49
7 50
7 55
7 58
7 60
7 63
7 76
7 84
7 90
7 92
7 94
7 97
7 99
7 132
7 134
7 143
7 145
7 104
7 108
7 112
7 115
7 122
7 127
7 151
7 162
7 163
7 164
7 169
7 170
7 174
7 178
7 182
7 183
7 191
7 198
7 202
7 207
7 208
7 210
7 214
7 225
7 226
7 228
7 232
7 234
8 9
8 10
8 11
8 12
8 13
8 14
8 15
8 16
8 17
8 19
8 20
8 21
8 22
8 23
8 25
8 26
8 27
8 28
8 29
8 30
8 31
8 32
8 33
8 34
8 35
8 36
8 37
8 38
8 40
8 41
8 42
8 43
8 45
8 46
8 47
8 48
8 49
8 56
8 59
8 63
8 65
8 66
8 73
8 76
8 81
8 86
8 92
8 98
8 134
8 138
8 148
8 110
8 111
8 112
8 116
8 119
8 120
8 125
8 153
8 159
8 164
8 170
8 172
8 174
8 181
8 182
8 198
8 209
8 210
8 213
8 218
8 221
8 222
8 226
8 243
8 245
9 10
9 12
9 13
9 14
9 15
9 16
9 18
9 19
9 20
9 21
9 23
9 24
9 25
9 27
9 28
9 30
9 31
9 32
9 33
9 34
9 35
9 36
9 37
9 38
9 39
9 40
9 41
9 42
9 43
9 44
9 45
9 46
9 47
9 48
9 52
9 54
9 55
9 60
9 61
9 66
9 67
9 68
9 73
9 75
9 78
9 83
9 87
9 91
9 94
9 129
9 136
9 137
9 142
9 144
9 146
9 125
9 126
9 155
9 166
9 178
9 182
9 191
9 196
9 199
9 204
9 208
9 217
9 235
9 236
9 237
9 247
10 11
10 12
10 13
10 14
10 15
10 16
10 17
10 18
10 19
10 20
10 21
10 22
10 23
10 24
10 25
10 26
10 27
10 28
10 29
10 30
10 31
10 32
10 33
10 34
10 35
10 36
10 37
10 38
10 41
10 42
10 43
10 44
10 45
10 46
10 47
10 48
10 49
10 57
10 62
10 64
10 67
10 70
10 80
10 82
10 83
10 85
10 99
10 141
10 146
10 147
10 109
10 115
10 120
10 122
10 124
10 126
10 127
10 154
10 159
10 164
10 167
10 169
10 170
10 175
10 187
10 191
10 197
10 198
10 204
10 208
10 210
10 213
10 214
10 236
10 238
10 242
10 249
11 12
11 13
11 14
11 15
11 16
11 17
11 18
11 20
11 21
11 22
11 23
11 25
11 26
11 28
11 30
11 31
11 34
11 35
11 36
11 37
11 38
11 39
11 40
11 42
11 43
11 44
11 45
11 46
11 47
11 48
11 49
11 55
11 59
11 61
11 63
11 64
11 66
11 67
11 76
11 80
11 86
11 90
11 133
11 139
11 140
11 144
11 149
11 103
11 111
11 118
11 119
11 150
11 162
11 169
11 170
11 172
11 174
11 185
11 191
11 196
11 197
11 199
11 203
11 209
11 217
11 218
11 219
11 221
11 227
11 231
11 238
12 13
12 14
12 15
12 16
12 17
12 18
12 19
12 20
12 21
12 22
12 23
12 24
12 25
12 27
12 28
12 30
12 31
12 33
12 34
12 35
12 36
12 37
12 38
12 39
12 40
12 41
12 43
12 44
12 45
12 46
12 47
12 48
12 49
12 51
12 53
12 54
12 55
12 56
12 57
12 65
12 66
12 69
12 72
12 81
12 96
12 132
12 138
12 142
12 104
12 111
12 117
12 123
12 124
12 125
12 152
12 154
12 158
12 177
12 179
12 181
12 203
12 205
12 216
12 219
12 231
12 235
12 249
13 14
13 15
13 16
13 17
13 18
13 19
13 20
13 21
13 22
13 23
13 24
13 25
13 26
13 28
13 30
13 31
13 32
13 33
13 34
13 35
13 36
13 37
13 38
13 39
13 40
13 41
13 42
13 43
13 44
13 46
13 47
13 48
13 49
13 52
13 54
13 65
13 68
13 76
13 78
13 79
13 87
13 89
13 90
13 99
13 140
13 145
13 147
13 148
13 100
13 105
13 108
13 112
13 118
13 127
13 155
13 170
13 176
13 187
13 190
13 197
13 205
13 209
13 213
13 216
13 219
13 227
13 233
13 235
13 237
13 240
13 248
14 15
14 16
14 17
14 18
14 19
14 21
14 22
14 23
14 24
14 25
14 27
14 28
14 29
14 30
14 31
14 33
14 34
14 35
14 36
14 37
14 38
14 39
14 40
14 41
14 42
14 43
14 45
14 46
14 47
14 48
14 49
14 51
14 52
14 65
14 69
14 71
14 72
14 74
14 85
14 89
14 94
14 98
14 99
14 131
14 132
14 133
14 136
14 138
14 142
14 101
14 106
14 111
14 118
14 125
14 150
14 157
14 159
14 161
14 165
14 172
14 182
14 187
14 189
14 192
14 200
14 203
14 205
14 207
14 211
14 212
14 225
14 227
14 242
14 243
15 16
15 17
15 18
15 19
15 20
15 21
15 22
15 23
15 24
15 25
15 26
15 27
15 28
15 29
15 30
15 31
15 32
15 33
15 34
15 35
15 36
15 37
15 38
15 39
15 41
15 42
15 44
15 45
15 46
15 47
15 48
15 49
15 56
15 58
15 60
15 68
15 76
15 86
15 88
15 91
15 94
15 95
15 131
15 136
15 106
15 107
15 108
15 110
15 121
15 151
15 153
15 158
15 163
15 176
15 185
15 202
15 217
15 219
15 221
15 224
15 230
15 232
15 236
15 237
16 17
16 19
16 20
16 21
16 22
16 23
16 24
16 25
16 27
16 28
16 29
16 30
16 31
16 32
16 33
16 34
16 35
16 37
16 38
16 39
16 40
16 41
16 42
16 43
16 44
16 45
16 46
16 47
16 48
16 49
16 51
16 59
16 62
16 63
16 69
16 72
16 75
16 86
16 91
16 94
16 129
16 131
16 133
16 138
16 141
16 145
16 147
16 102
16 107
16 109
16 111
16 119
16 124
16 157
16 158
16 159
16 164
16 167
16 168
16 170
16 178
16 184
16 189
16 198
16 202
16 203
16 214
16 221
16 225
16 229
16 231
16 238
16 242
16 246
16 249
17 18
17 19
17 20
17 21
17 22
17 23
17 24
17 25
17 26
17 27
17 28
17 30
17 31
17 32
17 33
17 34
17 36
17 37
17 38
17 39
17 40
17 41
17 42
17 44
17 45
17 46
17 47
17 48
17 49
17 54
17 55
17 60
17 63
17 66
17 67
17 81
17 82
17 86
17 87
17 88
17 92
17 133
17 138
17 142
17 147
17 102
17 105
17 108
17 112
17 114
17 115
17 118
17 125
17 154
17 156
17 164
17 165
17 178
17 181
17 185
17 195
17 197
17 205
17 209
17 227
17 232
17 233
17 234
17 235
17 237
17 242
18 20
18 21
18 22
18 23
18 24
18 25
18 26
18 27
18 28
18 29
18 30
18 31
18 32
18 33
18 34
18 35
18 37
18 38
18 39
18 40
18 41
18 42
18 43
18 44
18 45
18 46
18 47
18 48
18 49
18 57
18 59
18 64
18 68
18 69
18 78
18 81
18 86
18 87
18 89
18 97
18 99
18 128
18 133
18 139
18 143
18 148
18 103
18 105
18 110
18 112
18 113
18 118
18 127
18 154
18 157
18 158
18 178
18 182
18 185
18 197
18 204
18 207
18 218
18 219
18 224
18 225
18 226
18 227
18 229
18 233
18 236
18 238
18 239
18 245
19 20
19 21
19 22
19 23
19 24
19 26
19 27
19 28
19 29
19 30
19 31
19 32
19 33
19 34
19 35
19 37
19 38
19 39
19 40
19 41
19 42
19 44
19 45
19 47
19 48
19 49
19 52
19 60
19 67
19 78
19 80
19 87
19 88
19 95
19 98
19 132
19 135
19 136
19 140
19 141
19 148
19 100
19 109
19 110
19 151
19 158
19 163
19 175
19 176
19 180
19 185
19 192
19 193
19 197
19 200
19 203
19 204
19 210
19 214
19 232
19 234
19 240
19 244
20 21
20 22
20 23
20 24
20 25
20 26
20 29
20 30
20 31
20 32
20 33
20 34
20 35
20 36
20 38
20 39
20 40
20 41
20 42
20 43
20 44
20 45
20 46
20 47
20 52
20 55
20 56
20 57
20 59
20 83
20 90
20 91
20 135
20 141
20 146
20 109
20 111
20 117
20 123
20 157
20 168
20 170
20 171
20 174
20 176
20 181
20 190
20 191
20 192
20 195
20 202
20 205
20 207
20 208
20 213
20 215
20 219
20 221
20 235
20 237
21 22
21 24
21 25
21 26
21 28
21 30
21 31
21 32
21 33
21 34
21 35
21 36
21 37
21 38
21 39
21 40
21 41
21 42
21 43
21 44
21 45
21 46
21 47
21 49
21 57
21 58
21 73
21 74
21 85
21 86
21 91
21 92
21 96
21 97
21 98
21 99
21 129
21 133
21 134
21 146
21 148
21 100
21 101
21 103
21 108
21 110
21 120
21 125
21 150
21 151
21 152
21 156
21 164
21 172
21 177
21 181
21 185
21 189
21 197
21 201
21 203
21 205
21 225
21 227
21 236
21 249
22 24
22 25
22 26
22 27
22 29
22 31
22 33
22 34
22 35
22 36
22 37
22 38
22 39
22 40
22 41
22 42
22 43
22 44
22 45
22 46
22 47
22 48
22 49
22 54
22 59
22 69
22 76
22 96
22 136
22 141
22 142
22 148
22 149
22 106
22 107
22 110
22 120
22 122
22 161
22 162
22 165
22 168
22 185
22 198
22 211
22 212
22 217
22 227
22 228
22 241
23 24
23 25
23 26
23 27
23 28
23 29
23 30
23 31
23 32
23 33
23 34
23 35
23 36
23 37
23 38
23 40
23 41
23 42
23 43
23 44
23 45
23 46
23 47
23 48
23 70
23 71
23 73
23 74
23 80
23 82
23 88
23 94
23 98
23 99
23 132
23 133
23 143
23 144
23 147
23 148
23 103
23 117
23 152
23 154
23 170
23 177
23 178
23 190
23 191
23 199
23 200
23 206
23 215
23 227
23 237
23 241
23 249
24 25
24 26
24 27
24 28
24 29
24 30
24 31
24 32
24 33
24 34
24 35
24 36
24 37
24 38
24 39
24 40
24 41
24 42
24 43
24 44
24 45
24 46
24 47
24 48
24 49
24 55
24 59
24 60
24 63
24 65
24 70
24 71
24 73
24 78
24 84
24 85
24 87
24 90
24 92
24 94
24 131
24 141
24 102
24 109
24 118
24 150
24 151
24 152
24 155
24 161
24 165
24 166
24 169
24 172
24 193
24 196
24 207
24 211
24 215
24 220
24 231
24 240
24 242
24 248
25 26
25 28
25 29
25 30
25 31
25 32
25 34
25 35
25 36
25 38
25 39
25 42
25 43
25 44
25 45
25 46
25 47
25 48
25 49
25 59
25 63
25 71
25 72
25 80
25 82
25 86
25 87
25 88
25 97
25 129
25 132
25 134
25 137
25 139
25 141
25 143
25 102
25 105
25 107
25 109
25 113
25 114
25 122
25 151
25 163
25 167
25 171
25 176
25 181
25 189
25 204
25 211
25 212
25 218
25 219
25 225
25 226
25 234
25 236
25 239
25 241
25 249
26 27
26 28
26 29
26 30
26 31
26 32
26 33
26 34
26 35
26 36
26 37
26 38
26 39
26 40
26 41
26 42
26 43
26 44
26 45
26 46
26 47
26 48
26 49
26 52
26 56
26 58
26 69
26 75
26 76
26 84
26 85
26 96
26 129
26 131
26 133
26 148
26 107
26 113
26 114
26 115
26 122
26 158
26 165
26 175
26 183
26 187
26 188
26 190
26 192
26 194
26 197
26 199
26 202
26 206
26 214
26 217
26 220
26 224
26 225
26 227
26 228
26 242
27 28
27 29
27 30
27 31
27 32
27 34
27 35
27 36
27 37
27 39
27 40
27 41
27 43
27 44
27 45
27 46
27 47
27 48
27 49
27 52
27 59
27 62
27 64
27 68
27 76
27 78
27 81
27 84
27 89
27 93
27 94
27 135
27 139
27 140
27 141
27 143
27 145
27 146
27 101
27 106
27 110
27 116
27 123
27 156
27 166
27 176
27 180
27 182
27 183
27 191
27 198
27 201
27 205
27 207
27 213
27 214
27 226
27 231
27 244
28 29
28 32
28 33
28 35
28 37
28 39
28 40
28 41
28 42
28 43
28 44
28 45
28 46
28 48
28 49
28 52
28 58
28 64
28 68
28 78
28 80
28 87
28 91
28 92
28 129
28 133
28 138
28 140
28 101
28 103
28 107
28 108
28 109
28 116
28 118
28 119
28 120
28 125
28 126
28 151
28 180
28 186
28 194
28 208
28 218
28 224
28 226
28 228
28 232
28 233
28 234
28 241
28 245
29 31
29 32
29 33
29 34
29 35
29 36
29 37
29 38
29 39
29 40
29 41
29 43
29 44
29 46
29 48
29 49
29 54
29 59
29 64
29 65
29 68
29 72
29 78
29 91
29 95
29 134
29 113
29 116
29 123
29 127
29 152
29 156
29 158
29 161
29 165
29 166
29 168
29 170
29 182
29 185
29 192
29 194
29 195
29 203
29 210
29 215
29 218
29 219
29 223
29 228
29 232
29 235
29 236
29 238
29 239
30 31
30 32
30 33
30 34
30 35
30 36
30 37
30 38
30 39
30 40
30 41
30 43
30 44
30 45
30 46
30 47
30 49
30 60
30 63
30 65
30 71
30 80
30 91
30 94
30 95
30 96
30 98
30 134
30 137
30 142
30 149
30 103
30 109
30 111
30 151
30 152
30 154
30 157
30 158
30 162
30 163
30 164
30 167
30 172
30 177
30 178
30 180
30 181
30 186
30 195
30 209
30 217
30 218
30 229
30 234
30 235
30 236
30 237
30 238
30 246
31 32
31 33
31 34
31 36
31 37
31 38
31 39
31 41
31 42
31 43
31 44
31 45
31 46
31 47
31 48
31 49
31 50
31 52
31 55
31 64
31 69
31 76
31 86
31 95
31 98
31 128
31 136
31 140
31 147
31 149
31 108
31 113
31 120
31 122
31 152
31 153
31 167
31 169
31 170
31 190
31 195
31 196
31 198
31 202
31 211
31 212
31 214
31 216
31 226
31 228
31 230
31 231
31 237
31 238
31 240
31 247
31 248
31 249
32 33
32 34
32 35
32 36
32 37
32 38
32 39
32 41
32 42
32 43
32 45
32 46
32 47
32 48
32 49
32 62
32 63
32 65
32 68
32 72
32 79
32 82
32 89
32 95
32 97
32 98
32 129
32 134
32 144
32 107
32 116
32 123
32 125
32 151
32 157
32 160
32 162
32 165
32 166
32 178
32 182
32 190
32 209
32 213
32 215
32 230
32 236
32 245
32 246
32 247
33 34
33 35
33 36
33 37
33 38
33 39
33 40
33 41
33 42
33 43
33 44
33 45
33 47
33 48
33 49
33 54
33 58
33 59
33 65
33 69
33 75
33 76
33 81
33 87
33 88
33 95
33 96
33 97
33 130
33 135
33 138
33 140
33 141
33 144
33 148
33 100
33 101
33 103
33 105
33 119
33 121
33 124
33 151
33 153
33 180
33 181
33 187
33 190
33 195
33 204
33 206
33 208
33 209
33 229
33 231
33 239
33 245
33 247
34 35
34 36
34 38
34 39
34 40
34 41
34 42
34 43
34 44
34 45
34 46
34 47
34 49
34 60
34 63
34 67
34 73
34 74
34 80
34 82
34 86
34 87
34 91
34 94
34 128
34 132
34 136
34 138
34 142
34 143
34 104
34 112
34 115
34 117
34 118
34 120
34 127
34 157
34 159
34 162
34 170
34 175
34 178
34 179
34 184
34 187
34 196
34 197
34 200
34 209
34 212
34 228
34 234
34 239
34 245
35 37
35 38
35 39
35 40
35 41
35 42
35 43
35 44
35 45
35 46
35 47
35 48
35 49
35 52
35 54
35 70
35 71
35 76
35 78
35 81
35 82
35 90
35 95
35 132
35 144
35 148
35 100
35 106
35 107
35 112
35 122
35 127
35 160
35 161
35 167
35 171
35 179
35 180
35 185
35 194
35 195
35 209
35 214
35 216
35 218
35 229
35 230
35 233
35 240
35 246
35 247
36 37
36 38
36 39
36 40
36 41
36 42
36 43
36 44
36 45
36 47
36 48
36 49
36 60
36 73
36 76
36 81
36 83
36 87
36 94
36 128
36 132
36 134
36 136
36 138
36 140
36 145
36 102
36 103
36 104
36 109
36 115
36 118
36 119
36 122
36 168
36 170
36 179
36 188
36 191
36 192
36 193
36 197
36 204
36 206
36 209
36 211
36 219
36 220
36 224
36 226
36 227
36 233
36 237
36 239
36 242
37 38
37 39
37 40
37 41
37 42
37 43
37 44
37 45
37 46
37 47
37 48
37 49
37 51
37 53
37 55
37 58
37 61
37 68
37 70
37 77
37 78
37 84
37 86
37 91
37 92
37 131
37 139
37 141
37 142
37 146
37 147
37 108
37 111
37 151
37 159
37 161
37 170
37 177
37 185
37 194
37 196
37 199
37 209
37 210
37 211
37 221
37 222
37 236
37 239
37 241
38 39
38 40
38 41
38 42
38 46
38 48
38 49
38 53
38 54
38 60
38 82
38 91
38 128
38 135
38 136
38 139
38 142
38 144
38 147
38 149
38 100
38 101
38 104
38 111
38 115
38 120
38 123
38 151
38 157
38 175
38 181
38 193
38 194
38 197
38 198
38 220
38 224
38 226
38 234
38 238
38 242
38 244
39 40
39 41
39 42
39 43
39 44
39 45
39 46
39 47
39 48
39 52
39 56
39 61
39 73
39 82
39 89
39 96
39 98
39 143
39 145
39 100
39 112
39 121
39 150
39 152
39 154
39 169
39 170
39 173
39 177
39 189
39 202
39 208
39 210
39 222
39 231
39 232
39 248
40 41
40 42
40 43
40 44
40 45
40 46
40 47
40 48
40 49
40 55
40 56
40 60
40 75
40 85
40 89
40 98
40 99
40 129
40 132
40 134
40 138
40 144
40 100
40 103
40 105
40 109
40 115
40 117
40 121
40 123
40 125
40 126
40 161
40 168
40 182
40 184
40 186
40 187
40 190
40 192
40 195
40 197
40 199
40 201
40 211
40 220
40 224
40 227
40 233
40 234
40 235
40 240
40 242
40 245
40 248
40 249
41 42
41 43
41 44
41 45
41 46
41 47
41 49
41 61
41 64
41 65
41 68
41 69
41 73
41 74
41 75
41 81
41 85
41 90
41 130
41 134
41 136
41 138
41 143
41 144
41 147
41 148
41 103
41 117
41 152
41 161
41 182
41 185
41 192
41 201
41 203
41 204
41 208
41 209
41 213
41 219
41 223
41 228
42 43
42 44
42 46
42 47
42 48
42 49
42 54
42 56
42 63
42 64
42 65
42 69
42 83
42 84
42 87
42 89
42 99
42 130
42 136
42 138
42 140
42 141
42 148
42 102
42 104
42 109
42 116
42 118
42 125
42 127
42 152
42 153
42 154
42 155
42 168
42 174
42 180
42 187
42 192
42 204
42 205
42 208
42 213
42 218
42 224
42 234
42 235
42 236
42 240
42 243
43 44
43 45
43 46
43 47
43 48
43 49
43 51
43 52
43 68
43 69
43 83
43 86
43 88
43 90
43 136
43 100
43 101
43 106
43 112
43 114
43 122
43 125
43 127
43 154
43 158
43 161
43 167
43 175
43 177
43 179
43 187
43 202
43 205
43 224
43 225
43 236
43 247
44 45
44 46
44 48
44 49
44 51
44 54
44 56
44 57
44 75
44 84
44 86
44 91
44 92
44 93
44 95
44 99
44 132
44 134
44 143
44 147
44 106
44 112
44 116
44 122
44 167
44 170
44 173
44 175
44 176
44 180
44 182
44 185
44 186
44 199
44 200
44 209
44 210
44 211
44 215
44 223
44 224
44 225
44 226
44 229
44 239
44 240
44 245
45 46
45 47
45 48
45 49
45 54
45 60
45 69
45 78
45 86
45 87
45 89
45 90
45 99
45 128
45 133
45 136
45 140
45 145
45 104
45 105
45 113
45 117
45 118
45 119
45 150
45 158
45 162
45 170
45 176
45 185
45 186
45 194
45 198
45 202
45 205
45 212
45 213
45 214
45 215
45 217
45 229
45 231
45 232
45 237
45 239
45 240
45 248
46 47
46 48
46 49
46 55
46 58
46 63
46 64
46 67
46 70
46 75
46 78
46 86
46 88
46 89
46 95
46 131
46 133
46 136
46 139
46 147
46 148
46 109
46 111
46 116
46 151
46 153
46 154
46 159
46 168
46 171
46 172
46 174
46 178
46 179
46 184
46 185
46 186
46 194
46 196
46 224
46 225
46 232
46 236
46 240
46 245
46 248
47 48
47 49
47 50
47 52
47 53
47 56
47 61
47 66
47 71
47 75
47 78
47 79
47 88
47 94
47 128
47 133
47 139
47 146
47 108
47 116
47 123
47 153
47 154
47 159
47 169
47 174
47 177
47 180
47 193
47 202
47 205
47 206
47 214
47 215
47 221
47 226
47 231
47 233
47 237
47 238
47 240
47 243
47 244
47 249
48 49
48 61
48 67
48 71
48 79
48 81
48 82
48 83
48 93
48 94
48 96
48 128
48 139
48 142
48 103
48 109
48 115
48 117
48 121
48 127
48 156
48 158
48 159
48 160
48 161
48 162
48 166
48 172
48 174
48 184
48 185
48 186
48 187
48 190
48 192
48 198
48 209
48 212
48 213
48 217
48 221
48 230
48 235
48 237
48 243
48 247
48 249
49 50
49 53
49 58
49 68
49 70
49 75
49 80
49 86
49 87
49 96
49 97
49 99
49 130
49 137
49 143
49 146
49 148
49 101
49 102
49 105
49 107
49 110
49 113
49 119
49 122
49 123
49 127
49 153
49 161
49 166
49 167
49 170
49 171
49 172
49 177
49 185
49 187
49 190
49 198
49 201
49 204
49 205
49 210
49 215
49 219
49 224
49 225
49 226
49 231
49 237
49 245
49 248
49 249
50 51
50 52
50 54
50 55
50 56
50 57
50 58
50 59
50 60
50 61
50 62
50 63
50 64
50 65
50 66
50 67
50 68
50 69
50 70
50 71
50 72
50 73
50 74
50 75
50 76
50 77
50 78
50 79
50 80
50 81
50 82
50 83
50 84
50 85
50 86
50 87
50 88
50 89
50 90
50 91
50 92
50 94
50 95
50 96
50 97
50 98
50 99
50 132
50 133
50 135
50 144
50 114
50 123
50 154
50 159
50 171
50 174
50 176
50 178
50 179
50 186
50 191
50 202
50 204
50 207
50 210
50 212
50 216
50 223
50 227
50 232
50 244
50 246
50 247
51 52
51 53
51 54
51 55
51 56
51 57
51 58
51 59
51 60
51 61
51 62
51 63
51 64
51 65
51 66
51 67
51 68
51 69
51 70
51 71
51 72
51 73
51 74
51 75
51 76
51 77
51 78
51 79
51 80
51 81
51 82
51 83
51 84
51 85
51 86
51 87
51 91
51 92
51 93
51 94
51 95
51 96
51 97
51 98
51 99
51 147
51 102
51 107
51 150
51 153
51 155
51 178
51 179
51 180
51 186
51 195
51 198
51 201
51 202
51 207
51 208
51 214
51 218
51 221
51 222
51 223
51 228
51 235
51 245
52 54
52 56
52 58
52 59
52 60
52 61
52 62
52 63
52 64
52 65
52 67
52 68
52 70
52 71
52 72
52 73
52 74
52 75
52 76
52 77
52 78
52 79
52 80
52 81
52 82
52 84
52 85
52 86
52 87
52 88
52 89
52 91
52 92
52 93
52 94
52 95
52 96
52 97
52 98
52 99
52 128
52 138
52 149
52 100
52 102
52 106
52 108
52 126
52 153
52 154
52 155
52 163
52 166
52 168
52 169
52 175
52 183
52 190
52 191
52 194
52 201
52 208
52 209
52 214
52 218
52 221
52 229
52 233
52 245
53 54
53 55
53 56
53 57
53 58
53 59
53 60
53 61
53 63
53 64
53 65
53 66
53 67
53 68
53 69
53 70
53 71
53 72
53 73
53 74
53 75
53 76
53 77
53 78
53 79
53 80
53 81
53 82
53 83
53 84
53 86
53 88
53 89
53 90
53 91
53 92
53 93
53 94
53 95
53 96
53 97
53 98
53 99
53 136
53 139
53 149
53 102
53 103
53 106
53 119
53 121
53 123
53 127
53 151
53 164
53 165
53 166
53 173
53 174
53 178
53 185
53 186
53 188
53 190
53 197
53 198
53 199
53 201
53 202
53 203
53 209
53 210
53 214
53 215
53 218
53 235
53 239
53 241
53 248
54 55
54 56
54 57
54 58
54 59
54 60
54 61
54 62
54 63
54 64
54 65
54 66
54 67
54 68
54 69
54 70
54 71
54 72
54 73
54 74
54 75
54 77
54 78
54 80
54 81
54 83
54 84
54 85
54 86
54 87
54 88
54 89
54 90
54 91
54 92
54 93
54 94
54 95
54 96
54 97
54 98
54 99
54 132
54 134
54 144
54 146
54 111
54 114
54 117
54 122
54 127
54 151
54 159
54 165
54 169
54 180
54 181
54 184
54 190
54 191
54 195
54 197
54 207
54 221
54 222
54 228
54 232
54 237
54 241
55 56
55 58
55 59
55 60
55 61
55 62
55 63
55 64
55 65
55 66
55 67
55 68
55 69
55 73
55 74
55 75
55 76
55 77
55 79
55 81
55 82
55 83
55 84
55 85
55 86
55 89
55 92
55 94
55 96
55 97
55 98
55 99
55 129
55 132
55 138
55 140
55 144
55 146
55 110
55 121
55 152
55 157
55 172
55 175
55 186
55 203
55 205
55 211
55 222
55 229
55 231
55 232
55 239
55 241
55 243
56 57
56 58
56 59
56 60
56 61
56 62
56 63
56 64
56 65
56 66
56 67
56 68
56 69
56 70
56 71
56 72
56 73
56 74
56 75
56 77
56 78
56 79
56 80
56 82
56 83
56 84
56 85
56 86
56 87
56 89
56 90
56 91
56 92
56 93
56 94
56 95
56 96
56 97
56 98
56 132
56 135
56 138
56 139
56 141
56 144
56 113
56 125
56 176
56 181
56 184
56 186
56 192
56 200
56 202
56 211
56 215
56 216
56 218
56 220
56 221
56 224
56 229
56 232
56 233
56 237
56 238
56 242
57 58
57 59
57 60
57 61
57 62
57 63
57 64
57 65
57 66
57 67
57 68
57 69
57 70
57 71
57 72
57 73
57 74
57 76
57 77
57 78
57 79
57 80
57 81
57 82
57 83
57 84
57 85
57 86
57 88
57 89
57 90
57 91
57 92
57 93
57 94
57 95
57 96
57 97
57 98
57 99
57 129
57 130
57 131
57 137
57 141
57 144
57 102
57 109
57 110
57 114
57 124
57 153
57 160
57 164
57 168
57 169
57 173
57 175
57 176
57 179
57 180
57 182
57 185
57 187
57 192
57 195
57 196
57 199
57 200
57 209
57 214
57 227
57 228
57 238
57 243
57 246
57 248
58 59
58 60
58 61
58 62
58 64
58 65
58 66
58 69
58 70
58 71
58 72
58 73
58 74
58 75
58 76
58 77
58 78
58 79
58 80
58 81
58 82
58 83
58 84
58 86
58 87
58 88
58 89
58 90
58 91
58 92
58 93
58 94
58 95
58 96
58 97
58 98
58 99
58 128
58 135
58 141
58 143
58 145
58 146
58 112
58 124
58 126
58 155
58 159
58 160
58 168
58 169
58 173
58 174
58 179
58 192
58 195
58 197
58 199
58 213
58 214
58 215
58 217
58 221
58 225
58 243
58 249
59 62
59 63
59 64
59 65
59 66
59 68
59 69
59 70
59 71
59 72
59 74
59 75
59 76
59 77
59 78
59 79
59 80
59 81
59 82
59 83
59 84
59 85
59 86
59 87
59 88
59 90
59 91
59 92
59 93
59 94
59 95
59 96
59 98
59 99
59 130
59 131
59 111
59 113
59 114
59 117
59 119
59 124
59 127
59 152
59 153
59 154
59 155
59 158
59 159
59 162
59 165
59 176
59 177
59 178
59 182
59 184
59 189
59 191
59 203
59 207
59 210
59 212
59 217
59 219
59 220
59 226
59 227
59 228
59 229
59 234
59 236
59 244
60 62
60 63
60 64
60 65
60 66
60 67
60 68
60 69
60 70
60 71
60 72
60 73
60 74
60 76
60 77
60 79
60 80
60 81
60 82
60 83
60 84
60 85
60 86
60 87
60 88
60 89
60 90
60 91
60 93
60 94
60 95
60 96
60 97
60 98
60 99
60 130
60 131
60 132
60 141
60 113
60 115
60 126
60 152
60 154
60 155
60 158
60 159
60 169
60 175
60 176
60 186
60 190
60 193
60 199
60 202
60 206
60 208
60 224
60 228
60 230
60 237
61 62
61 63
61 64
61 65
61 66
61 68
61 69
61 70
61 71
61 72
61 73
61 74
61 75
61 76
61 77
61 78
61 79
61 80
61 81
61 82
61 83
61 84
61 85
61 86
61 87
61 89
61 90
61 91
61 92
61 93
61 94
61 95
61 96
61 97
61 99
61 135
61 138
61 142
61 148
61 102
61 104
61 107
61 113
61 114
61 125
61 126
61 151
61 155
61 157
61 165
61 167
61 169
61 179
61 183
61 184
61 189
61 193
61 197
61 198
61 204
61 205
61 212
61 220
61 229
61 240
61 241
61 246
61 247
62 63
62 64
62 65
62 66
62 67
62 68
62 69
62 70
62 71
62 72
62 73
62 75
62 76
62 77
62 78
62 79
62 80
62 81
62 83
62 84
62 85
62 86
62 87
62 88
62 89
62 91
62 92
62 93
62 94
62 95
62 97
62 98
62 99
62 128
62 135
62 137
62 138
62 143
62 146
62 148
62 104
62 105
62 115
62 123
62 124
62 150
62 161
62 169
62 173
62 176
62 192
62 193
62 197
62 199
62 202
62 206
62 213
62 216
62 217
62 218
62 231
62 235
62 239
63 64
63 65
63 66
63 67
63 68
63 69
63 70
63 71
63 72
63 73
63 74
63 75
63 76
63 77
63 78
63 79
63 80
63 81
63 82
63 84
63 85
63 86
63 87
63 88
63 89
63 90
63 91
63 93
63 94
63 95
63 96
63 98
63 99
63 130
63 134
63 136
63 149
63 100
63 104
63 114
63 115
63 124
63 150
63 151
63 154
63 161
63 166
63 173
63 178
63 187
63 188
63 192
63 196
63 209
63 211
63 212
63 214
63 215
63 221
63 226
63 238
63 241
64 65
64 67
64 68
64 69
64 70
64 72
64 73
64 74
64 76
64 77
64 78
64 79
64 80
64 82
64 83
64 84
64 85
64 87
64 88
64 89
64 90
64 91
64 92
64 93
64 94
64 95
64 96
64 98
64 99
64 132
64 133
64 137
64 138
64 141
64 142
64 144
64 149
64 100
64 118
64 121
64 123
64 124
64 125
64 126
64 152
64 153
64 154
64 158
64 159
64 162
64 170
64 173
64 181
64 186
64 193
64 198
64 212
64 219
64 223
64 233
64 234
64 243
64 244
64 248
65 66
65 67
65 68
65 69
65 70
65 71
65 72
65 73
65 74
65 75
65 76
65 77
65 78
65 79
65 80
65 81
65 82
65 84
65 85
65 86
65 87
65 88
65 89
65 90
65 91
65 92
65 93
65 94
65 95
65 96
65 97
65 98
65 99
65 129
65 142
65 145
65 103
65 105
65 112
65 113
65 126
65 127
65 151
65 156
65 165
65 167
65 171
65 175
65 177
65 179
65 184
65 189
65 207
65 209
65 210
65 213
65 219
65 222
65 225
65 237
65 242
65 248
66 68
66 69
66 70
66 71
66 72
66 74
66 75
66 76
66 77
66 78
66 79
66 80
66 81
66 82
66 83
66 84
66 85
66 86
66 87
66 88
66 89
66 90
66 91
66 92
66 93
66 94
66 95
66 96
66 97
66 98
66 99
66 144
66 146
66 102
66 111
66 114
66 116
66 157
66 161
66 173
66 180
66 186
66 188
66 192
66 202
66 205
66 206
66 214
66 217
66 229
66 230
66 235
66 236
66 239
66 241
67 68
67 69
67 70
67 71
67 72
67 75
67 76
67 77
67 78
67 79
67 80
67 81
67 82
67 84
67 85
67 86
67 87
67 88
67 90
67 91
67 93
67 94
67 95
67 96
67 97
67 98
67 99
67 130
67 133
67 140
67 143
67 147
67 101
67 106
67 116
67 120
67 121
67 126
67 150
67 152
67 153
67 154
67 160
67 170
67 171
67 175
67 176
67 177
67 179
67 185
67 196
67 198
67 201
67 203
67 209
67 214
67 226
67 233
67 238
67 243
67 245
67 246
67 249
68 69
68 70
68 72
68 73
68 74
68 76
68 77
68 78
68 79
68 80
68 81
68 82
68 83
68 84
68 85
68 86
68 87
68 88
68 90
68 91
68 92
68 93
68 94
68 95
68 97
68 98
68 99
68 129
68 132
68 134
68 140
68 145
68 107
68 110
68 113
68 114
68 118
68 120
68 125
68 156
68 164
68 166
68 168
68 169
68 178
68 179
68 181
68 184
68 191
68 200
68 202
68 208
68 217
68 221
68 227
68 234
68 237
68 239
68 245
69 71
69 72
69 73
69 74
69 75
69 76
69 78
69 80
69 81
69 82
69 83
69 84
69 85
69 86
69 87
69 88
69 89
69 90
69 91
69 92
69 93
69 94
69 95
69 96
69 97
69 98
69 99
69 133
69 136
69 137
69 140
69 141
69 142
69 100
69 102
69 115
69 118
69 123
69 152
69 153
69 155
69 156
69 158
69 162
69 163
69 167
69 168
69 173
69 185
69 189
69 195
69 196
69 197
69 199
69 200
69 210
69 212
69 232
69 235
69 239
70 71
70 72
70 73
70 74
70 75
70 76
70 77
70 79
70 80
70 81
70 83
70 84
70 86
70 87
70 88
70 89
70 90
70 91
70 92
70 93
70 94
70 95
70 96
70 97
70 99
70 131
70 132
70 141
70 143
70 149
70 108
70 114
70 115
70 118
70 120
70 123
70 152
70 158
70 168
70 169
70 174
70 178
70 183
70 187
70 197
70 199
70 201
70 202
70 205
70 208
70 210
70 211
70 213
70 223
70 226
70 227
70 231
70 233
70 234
70 243
71 72
71 73
71 74
71 75
71 77
71 78
71 79
71 80
71 83
71 84
71 85
71 86
71 87
71 88
71 89
71 90
71 91
71 92
71 93
71 95
71 96
71 97
71 99
71 132
71 137
71 112
71 120
71 125
71 150
71 153
71 164
71 182
71 187
71 188
71 199
71 200
71 204
71 208
71 215
71 233
71 237
71 245
72 74
72 75
72 76
72 77
72 78
72 79
72 80
72 82
72 84
72 85
72 86
72 87
72 88
72 89
72 90
72 91
72 92
72 93
72 94
72 95
72 96
72 97
72 98
72 99
72 128
72 130
72 134
72 139
72 145
72 146
72 148
72 149
72 101
72 109
72 110
72 112
72 115
72 119
72 124
72 125
72 150
72 153
72 160
72 161
72 164
72 166
72 171
72 173
72 177
72 178
72 179
72 187
72 190
72 199
72 209
72 219
72 223
72 229
72 239
72 240
72 243
72 247
72 248
72 249
73 74
73 75
73 76
73 77
73 78
73 79
73 80
73 81
73 82
73 83
73 84
73 85
73 86
73 87
73 88
73 90
73 91
73 92
73 93
73 94
73 95
73 96
73 98
73 131
73 103
73 107
73 111
73 112
73 122
73 150
73 153
73 154
73 158
73 163
73 177
73 191
73 200
73 214
73 215
73 220
73 221
73 223
73 228
73 229
73 242
74 75
74 76
74 77
74 78
74 79
74 80
74 81
74 82
74 83
74 84
74 85
74 87
74 88
74 89
74 90
74 91
74 92
74 93
74 94
74 95
74 96
74 97
74 98
74 99
74 128
74 130
74 136
74 149
74 103
74 107
74 108
74 115
74 116
74 122
74 125
74 126
74 150
74 155
74 157
74 158
74 161
74 168
74 170
74 175
74 176
74 179
74 181
74 194
74 196
74 214
74 220
74 226
74 236
74 240
75 76
75 77
75 78
75 79
75 80
75 81
75 82
75 83
75 84
75 85
75 86
75 87
75 88
75 89
75 90
75 91
75 92
75 94
75 96
75 97
75 98
75 99
75 130
75 134
75 135
75 137
75 138
75 140
75 145
75 107
75 109
75 111
75 115
75 119
75 123
75 156
75 169
75 170
75 173
75 180
75 184
75 186
75 188
75 191
75 193
75 198
75 203
75 204
75 206
75 208
75 211
75 213
75 215
75 218
75 222
75 226
75 228
75 231
75 234
75 242
76 77
76 78
76 79
76 80
76 81
76 83
76 84
76 85
76 86
76 87
76 88
76 89
76 90
76 92
76 94
76 95
76 98
76 128
76 135
76 137
76 144
76 145
76 149
76 101
76 105
76 106
76 118
76 119
76 122
76 161
76 168
76 171
76 174
76 182
76 184
76 193
76 199
76 222
76 224
76 226
76 229
76 243
76 245
77 80
77 82
77 83
77 84
77 85
77 86
77 87
77 88
77 89
77 90
77 91
77 92
77 93
77 94
77 95
77 96
77 97
77 98
77 138
77 140
77 142
77 143
77 147
77 103
77 111
77 116
77 121
77 125
77 160
77 167
77 169
77 170
77 174
77 182
77 184
77 185
77 190
77 195
77 196
77 206
77 209
77 212
77 213
77 226
77 242
77 244
77 249
78 80
78 82
78 84
78 85
78 86
78 87
78 88
78 89
78 90
78 91
78 92
78 93
78 94
78 95
78 96
78 97
78 98
78 99
78 129
78 133
78 134
78 137
78 145
78 100
78 102
78 104
78 106
78 109
78 111
78 116
78 118
78 153
78 155
78 161
78 177
78 182
78 188
78 192
78 194
78 202
78 209
78 211
78 213
78 224
78 225
78 232
78 233
78 235
78 236
78 241
78 242
79 80
79 83
79 84
79 86
79 87
79 88
79 89
79 90
79 93
79 94
79 95
79 97
79 98
79 99
79 133
79 102
79 110
79 118
79 119
79 127
79 153
79 154
79 161
79 162
79 163
79 179
79 191
79 200
79 202
79 204
79 210
79 214
79 220
79 227
79 229
79 236
79 239
79 243
80 81
80 82
80 83
80 84
80 85
80 86
80 87
80 88
80 89
80 90
80 91
80 92
80 93
80 94
80 95
80 96
80 97
80 98
80 99
80 131
80 132
80 135
80 106
80 109
80 110
80 117
80 118
80 119
80 120
80 150
80 154
80 160
80 168
80 176
80 177
80 185
80 194
80 195
80 203
80 211
80 215
80 218
80 229
80 230
80 232
80 243
80 246
80 249
81 82
81 83
81 84
81 85
81 86
81 87
81 88
81 89
81 90
81 91
81 92
81 93
81 94
81 95
81 96
81 97
81 98
81 99
81 130
81 134
81 135
81 137
81 145
81 149
81 103
81 110
81 111
81 113
81 126
81 150
81 152
81 155
81 158
81 162
81 164
81 170
81 182
81 183
81 194
81 198
81 201
81 203
81 205
81 208
81 209
81 212
81 217
81 221
81 225
81 233
81 236
81 242
81 247
81 248
82 83
82 84
82 85
82 86
82 87
82 88
82 89
82 90
82 91
82 92
82 93
82 94
82 95
82 96
82 97
82 98
82 99
82 131
82 134
82 136
82 102
82 106
82 118
82 150
82 151
82 154
82 161
82 177
82 181
82 188
82 192
82 195
82 199
82 203
82 205
82 206
82 207
82 208
82 217
82 229
82 231
82 238
82 239
82 249
83 84
83 85
83 86
83 87
83 88
83 89
83 90
83 91
83 92
83 93
83 94
83 95
83 96
83 97
83 98
83 99
83 133
83 135
83 140
83 111
83 115
83 117
83 118
83 123
83 160
83 164
83 165
83 174
83 175
83 178
83 179
83 182
83 183
83 193
83 195
83 197
83 203
83 205
83 208
83 210
83 212
83 218
83 220
83 223
83 230
83 231
83 237
83 243
83 244
83 247
84 85
84 86
84 87
84 88
84 89
84 90
84 91
84 93
84 94
84 95
84 96
84 97
84 98
84 99
84 138
84 142
84 144
84 100
84 101
84 104
84 107
84 111
84 125
84 126
84 156
84 164
84 173
84 174
84 179
84 188
84 192
84 195
84 200
84 208
84 209
84 214
84 231
84 236
84 239
84 242
84 244
84 246
84 249
85 86
85 87
85 88
85 89
85 90
85 91
85 92
85 93
85 94
85 95
85 96
85 97
85 98
85 99
85 133
85 138
85 142
85 146
85 148
85 149
85 116
85 120
85 155
85 157
85 161
85 162
85 163
85 166
85 175
85 176
85 185
85 186
85 187
85 200
85 207
85 219
85 226
85 229
85 231
85 232
85 235
85 236
86 87
86 88
86 89
86 90
86 92
86 93
86 94
86 95
86 96
86 97
86 98
86 99
86 138
86 145
86 147
86 101
86 103
86 110
86 157
86 160
86 171
86 184
86 186
86 194
86 206
86 224
86 230
86 239
86 240
86 241
86 242
87 88
87 89
87 90
87 91
87 92
87 93
87 94
87 97
87 98
87 99
87 130
87 133
87 135
87 138
87 139
87 143
87 144
87 146
87 147
87 103
87 107
87 114
87 126
87 151
87 153
87 156
87 160
87 195
87 196
87 197
87 199
87 200
87 206
87 207
87 208
87 213
87 215
87 243
87 247
87 248
88 89
88 90
88 91
88 92
88 94
88 95
88 96
88 97
88 98
88 99
88 129
88 135
88 142
88 149
88 100
88 113
88 114
88 118
88 122
88 152
88 161
88 163
88 165
88 166
88 169
88 173
88 190
88 192
88 195
88 196
88 201
88 203
88 207
88 212
88 225
88 230
88 235
88 237
88 240
88 244
88 245
88 247
89 90
89 91
89 92
89 93
89 94
89 95
89 96
89 97
89 98
89 99
89 138
89 139
89 146
89 102
89 105
89 107
89 117
89 126
89 151
89 152
89 157
89 160
89 163
89 164
89 167
89 168
89 173
89 174
89 180
89 188
89 195
89 197
89 203
89 209
89 214
89 216
89 220
89 230
89 231
89 237
89 239
89 240
90 91
90 92
90 93
90 94
90 95
90 96
90 97
90 98
90 99
90 132
90 134
90 137
90 141
90 145
90 146
90 100
90 101
90 105
90 114
90 157
90 160
90 163
90 165
90 168
90 173
90 176
90 186
90 187
90 190
90 193
90 196
90 199
90 201
90 207
90 209
90 211
90 218
90 220
90 227
90 229
90 237
90 246
91 92
91 93
91 94
91 95
91 96
91 97
91 98
91 99
91 128
91 129
91 131
91 134
91 136
91 143
91 145
91 103
91 106
91 109
91 110
91 120
91 151
91 155
91 159
91 163
91 165
91 167
91 170
91 186
91 189
91 191
91 207
91 209
91 224
91 233
91 235
92 93
92 94
92 96
92 97
92 98
92 99
92 128
92 132
92 134
92 140
92 100
92 102
92 105
92 111
92 117
92 119
92 150
92 161
92 167
92 172
92 175
92 176
92 184
92 188
92 190
92 195
92 196
92 206
92 215
92 217
92 220
92 223
92 229
92 231
92 240
92 245
93 94
93 95
93 96
93 97
93 98
93 99
93 135
93 139
93 142
93 146
93 102
93 105
93 107
93 108
93 113
93 124
93 127
93 150
93 151
93 154
93 156
93 183
93 184
93 185
93 186
93 189
93 193
93 198
93 204
93 206
93 207
93 209
93 210
93 212
93 213
93 216
93 222
93 231
93 233
93 235
93 240
93 241
93 248
94 95
94 96
94 97
94 98
94 137
94 140
94 147
94 149
94 100
94 107
94 116
94 117
94 121
94 126
94 151
94 152
94 154
94 156
94 162
94 173
94 179
94 187
94 188
94 190
94 197
94 201
94 205
94 208
94 215
94 222
94 227
94 232
94 233
94 238
94 243
94 247
94 248
95 96
95 98
95 99
95 131
95 134
95 138
95 102
95 104
95 105
95 110
95 112
95 113
95 118
95 161
95 162
95 165
95 169
95 175
95 178
95 183
95 187
95 189
95 194
95 195
95 198
95 200
95 208
95 211
95 219
95 227
95 240
95 245
96 97
96 98
96 99
96 132
96 137
96 138
96 140
96 141
96 145
96 100
96 102
96 104
96 105
96 111
96 118
96 120
96 160
96 164
96 166
96 169
96 171
96 175
96 194
96 208
96 217
96 239
96 241
96 243
96 246
96 247
96 248
96 249
97 98
97 99
97 135
97 136
97 146
97 147
97 149
97 102
97 103
97 107
97 116
97 120
97 123
97 125
97 152
97 162
97 187
97 188
97 192
97 206
97 209
97 221
97 223
97 226
97 231
97 245
97 246
98 99
98 142
98 146
98 148
98 101
98 104
98 108
98 111
98 118
98 119
98 122
98 123
98 158
98 166
98 173
98 181
98 189
98 190
98 192
98 193
98 194
98 196
98 207
98 210
98 211
98 224
98 226
98 229
98 231
98 232
98 245
99 128
99 131
99 134
99 102
99 104
99 105
99 108
99 118
99 119
99 124
99 151
99 159
99 166
99 169
99 175
99 176
99 195
99 201
99 206
99 210
99 226
99 229
99 230
99 234
99 236
99 238
99 247
128 129
128 130
128 131
128 133
128 134
128 135
128 137
128 138
128 139
128 140
128 141
128 142
128 143
128 144
128 145
128 146
128 147
128 148
128 149
128 100
128 101
128 104
128 105
128 106
128 107
128 108
128 109
128 110
128 112
128 113
128 115
128 116
128 117
128 118
128 119
128 120
128 121
128 122
128 123
128 124
128 125
128 126
128 127
128 150
128 154
128 158
128 160
128 174
128 176
128 183
128 185
128 188
128 190
128 194
128 195
128 198
128 199
128 201
128 205
128 212
128 213
128 215
128 219
128 224
128 234
128 243
128 244
129 130
129 131
129 132
129 133
129 134
129 135
129 136
129 137
129 138
129 139
129 141
129 142
129 143
129 144
129 145
129 146
129 147
129 148
129 149
129 100
129 102
129 103
129 104
129 106
129 108
129 109
129 110
129 111
129 112
129 113
129 114
129 115
129 116
129 118
129 119
129 121
129 122
129 123
129 124
129 125
129 126
129 127
129 152
129 158
129 170
129 179
129 180
129 181
129 190
129 197
129 209
129 214
129 216
129 218
129 225
129 229
129 230
129 236
129 237
129 238
129 239
129 240
129 242
130 131
130 132
130 133
130 134
130 135
130 136
130 137
130 138
130 139
130 140
130 141
130 142
130 143
130 144
130 145
130 147
130 148
130 149
130 100
130 101
130 102
130 103
130 104
130 105
130 106
130 108
130 109
130 110
130 111
130 112
130 114
130 116
130 117
130 118
130 119
130 120
130 121
130 122
130 123
130 124
130 125
130 126
130 127
130 153
130 167
130 176
130 180
130 182
130 184
130 191
130 193
130 203
130 214
130 222
130 225
130 237
130 242
130 243
131 133
131 134
131 135
131 136
131 137
131 138
131 139
131 140
131 141
131 142
131 143
131 144
131 145
131 146
131 147
131 148
131 149
131 100
131 101
131 102
131 103
131 104
131 105
131 106
131 107
131 109
131 110
131 111
131 112
131 113
131 114
131 115
131 116
131 117
131 118
131 119
131 120
131 121
131 122
131 123
131 124
131 125
131 126
131 127
131 150
131 154
131 157
131 163
131 168
131 170
131 171
131 172
131 175
131 178
131 188
131 190
131 199
131 202
131 203
131 204
131 207
131 210
131 228
131 229
131 230
131 233
131 237
131 239
131 240
132 133
132 134
132 135
132 136
132 137
132 138
132 139
132 140
132 141
132 142
132 143
132 144
132 145
132 146
132 147
132 148
132 149
132 100
132 101
132 102
132 103
132 104
132 105
132 106
132 107
132 108
132 109
132 110
132 111
132 112
132 113
132 114
132 115
132 116
132 117
132 118
132 120
132 122
132 124
132 125
132 126
132 127
132 150
132 170
132 172
132 173
132 182
132 186
132 191
132 197
132 202
132 204
132 211
132 214
132 218
132 229
132 247
132 249
133 134
133 135
133 136
133 138
133 139
133 140
133 141
133 142
133 143
133 144
133 145
133 146
133 147
133 148
133 149
133 100
133 102
133 103
133 104
133 105
133 106
133 107
133 108
133 109
133 110
133 111
133 112
133 113
133 114
133 115
133 116
133 117
133 118
133 119
133 120
133 121
133 123
133 124
133 126
133 127
133 155
133 161
133 162
133 166
133 192
133 197
133 202
133 208
133 214
133 215
133 216
133 222
133 224
133 231
133 237
133 240
133 242
134 135
134 136
134 137
134 138
134 140
134 142
134 144
134 145
134 146
134 147
134 148
134 149
134 100
134 101
134 104
134 105
134 106
134 107
134 108
134 109
134 110
134 112
134 113
134 114
134 115
134 117
134 118
134 119
134 120
134 121
134 122
134 123
134 125
134 126
134 127
134 157
134 160
134 168
134 169
134 171
134 174
134 180
134 192
134 202
134 204
134 205
134 210
134 211
134 217
134 219
134 235
134 239
134 243
135 136
135 137
135 139
135 140
135 141
135 142
135 143
135 144
135 145
135 146
135 147
135 148
135 149
135 100
135 102
135 103
135 104
135 105
135 106
135 107
135 108
135 109
135 110
135 111
135 112
135 113
135 114
135 115
135 116
135 117
135 118
135 121
135 122
135 123
135 124
135 125
135 126
135 127
135 150
135 155
135 158
135 159
135 162
135 163
135 174
135 175
135 188
135 194
135 212
135 213
135 215
135 219
135 230
135 237
135 241
135 249
136 137
136 139
136 140
136 141
136 142
136 143
136 144
136 145
136 146
136 147
136 148
136 101
136 103
136 104
136 105
136 106
136 107
136 108
136 109
136 110
136 111
136 112
136 113
136 114
136 115
136 116
136 117
136 118
136 119
136 120
136 121
136 122
136 123
136 124
136 125
136 126
136 127
136 161
136 164
136 171
136 172
136 174
136 175
136 176
136 179
136 180
136 181
136 183
136 192
136 195
136 196
136 200
136 209
136 212
136 219
136 223
136 225
136 229
136 232
136 233
136 234
136 239
136 247
136 249
137 138
137 139
137 140
137 141
137 142
137 143
137 144
137 145
137 146
137 147
137 148
137 149
137 100
137 101
137 102
137 103
137 104
137 105
137 106
137 107
137 108
137 109
137 110
137 111
137 112
137 113
137 115
137 116
137 117
137 118
137 119
137 120
137 121
137 122
137 123
137 124
137 125
137 126
137 127
137 152
137 155
137 157
137 168
137 169
137 176
137 183
137 193
137 197
137 207
137 210
137 214
137 215
137 225
137 234
138 139
138 140
138 141
138 142
138 143
138 144
138 145
138 146
138 147
138 148
138 149
138 100
138 101
138 102
138 103
138 104
138 105
138 106
138 107
138 108
138 109
138 110
138 111
138 112
138 113
138 114
138 115
138 117
138 118
138 119
138 120
138 121
138 122
138 123
138 124
138 125
138 126
138 127
138 154
138 156
138 160
138 162
138 164
138 166
138 178
138 180
138 186
138 187
138 190
138 197
138 206
138 208
138 210
138 219
138 223
138 224
138 225
138 227
138 234
138 239
138 240
138 246
139 140
139 141
139 142
139 143
139 145
139 146
139 147
139 148
139 149
139 100
139 101
139 102
139 103
139 104
139 105
139 106
139 107
139 108
139 109
139 110
139 111
139 112
139 113
139 114
139 115
139 116
139 118
139 119
139 120
139 121
139 122
139 123
139 124
139 126
139 127
139 150
139 154
139 162
139 167
139 170
139 174
139 175
139 177
139 180
139 184
139 195
139 200
139 203
139 211
139 212
139 213
139 218
139 223
139 224
139 232
139 233
139 234
139 236
140 141
140 142
140 143
140 145
140 146
140 148
140 149
140 100
140 101
140 102
140 103
140 104
140 105
140 106
140 107
140 108
140 109
140 110
140 111
140 112
140 113
140 115
140 116
140 117
140 118
140 119
140 120
140 121
140 122
140 124
140 125
140 126
140 127
140 153
140 155
140 165
140 167
140 168
140 169
140 185
140 193
140 194
140 196
140 210
140 215
140 218
140 226
140 232
140 245
140 246
140 248
141 142
141 143
141 144
141 145
141 146
141 147
141 148
141 149
141 100
141 102
141 103
141 104
141 105
141 106
141 107
141 108
141 109
141 110
141 111
141 112
141 113
141 115
141 116
141 117
141 118
141 119
141 120
141 121
141 122
141 123
141 124
141 125
141 126
141 127
141 154
141 158
141 161
141 162
141 165
141 167
141 178
141 181
141 182
141 184
141 185
141 187
141 190
141 196
141 197
141 202
141 204
141 206
141 209
141 217
141 224
141 238
141 240
142 143
142 144
142 145
142 146
142 147
142 148
142 149
142 100
142 102
142 103
142 104
142 105
142 106
142 107
142 108
142 109
142 110
142 111
142 112
142 113
142 114
142 115
142 116
142 117
142 118
142 119
142 120
142 121
142 122
142 123
142 124
142 125
142 126
142 156
142 157
142 160
142 166
142 175
142 186
142 187
142 192
142 194
142 218
142 221
142 224
142 225
142 226
142 239
142 240
142 242
142 248
143 144
143 145
143 147
143 148
143 149
143 100
143 101
143 102
143 103
143 104
143 105
143 106
143 107
143 108
143 109
143 110
143 111
143 112
143 113
143 114
143 115
143 116
143 117
143 118
143 119
143 120
143 121
143 124
143 126
143 127
143 155
143 157
143 163
143 167
143 168
143 174
143 178
143 179
143 183
143 187
143 192
143 195
143 197
143 200
143 203
143 208
143 209
143 211
143 224
143 233
143 240
143 243
143 244
143 247
144 145
144 147
144 148
144 149
144 100
144 101
144 102
144 103
144 104
144 105
144 106
144 107
144 108
144 109
144 110
144 111
144 112
144 113
144 114
144 115
144 116
144 117
144 118
144 119
144 120
144 121
144 122
144 123
144 124
144 125
144 126
144 127
144 155
144 158
144 159
144 161
144 166
144 167
144 183
144 190
144 201
144 203
144 213
144 218
144 220
144 236
144 246
145 146
145 147
145 148
145 149
145 100
145 101
145 102
145 103
145 104
145 105
145 107
145 108
145 109
145 110
145 111
145 112
145 113
145 114
145 115
145 116
145 117
145 118
145 119
145 120
145 121
145 122
145 123
145 124
145 125
145 126
145 127
145 159
145 163
145 170
145 172
145 183
145 191
145 192
145 194
145 196
145 202
145 209
145 210
145 213
145 215
145 218
145 221
145 224
145 226
145 228
145 230
145 232
145 234
145 241
145 242
146 147
146 148
146 149
146 101
146 102
146 103
146 104
146 106
146 107
146 108
146 109
146 110
146 111
146 112
146 113
146 114
146 115
146 116
146 117
146 118
146 119
146 120
146 121
146 122
146 123
146 125
146 126
146 127
146 150
146 155
146 159
146 166
146 169
146 177
146 180
146 182
146 193
146 196
146 198
146 199
146 204
146 207
146 212
146 215
146 218
146 242
147 148
147 149
147 100
147 101
147 102
147 103
147 104
147 105
147 106
147 107
147 108
147 109
147 110
147 111
147 112
147 113
147 114
147 116
147 118
147 119
147 120
147 121
147 122
147 123
147 125
147 127
147 151
147 157
147 165
147 173
147 185
147 189
147 193
147 198
147 199
147 200
147 201
147 215
147 225
147 226
147 228
147 230
147 232
147 233
147 237
147 239
147 240
147 245
147 246
148 149
148 100
148 101
148 102
148 104
148 105
148 106
148 107
148 108
148 109
148 110
148 112
148 113
148 114
148 115
148 117
148 118
148 119
148 120
148 121
148 122
148 123
148 124
148 126
148 127
148 152
148 153
148 154
148 174
148 175
148 178
148 181
148 184
148 187
148 199
148 206
148 208
148 220
148 222
148 225
148 229
148 234
148 236
148 242
148 249
149 100
149 101
149 102
149 103
149 104
149 105
149 106
149 107
149 108
149 109
149 110
149 111
149 112
149 113
149 114
149 115
149 116
149 118
149 119
149 120
149 121
149 122
149 123
149 124
149 125
149 126
149 127
149 151
149 155
149 163
149 165
149 174
149 188
149 189
149 190
149 208
149 214
149 215
149 229
149 239
149 243
149 244
100 101
100 102
100 103
100 104
100 105
100 106
100 107
100 108
100 109
100 110
100 111
100 112
100 114
100 115
100 116
100 117
100 118
100 119
100 120
100 121
100 122
100 123
100 124
100 125
100 126
100 127
100 152
100 155
100 162
100 164
100 166
100 169
100 179
100 181
100 185
100 190
100 196
100 204
100 208
100 213
100 218
100 227
100 229
100 231
100 234
100 235
100 247
100 249
101 102
101 103
101 104
101 105
101 106
101 107
101 108
101 109
101 110
101 111
101 112
101 113
101 115
101 116
101 117
101 118
101 119
101 120
101 121
101 122
101 123
101 124
101 125
101 126
101 127
101 150
101 157
101 164
101 166
101 169
101 171
101 172
101 175
101 185
101 186
101 188
101 189
101 191
101 193
101 194
101 204
101 205
101 206
101 212
101 217
101 218
101 219
101 224
101 226
101 227
101 234
101 236
101 238
101 247
102 103
102 104
102 105
102 106
102 108
102 109
102 110
102 112
102 113
102 114
102 115
102 117
102 118
102 119
102 120
102 121
102 122
102 123
102 125
102 126
102 127
102 162
102 164
102 165
102 181
102 191
102 193
102 200
102 216
102 217
102 225
102 232
102 237
102 239
102 240
103 104
103 105
103 106
103 107
103 108
103 109
103 110
103 111
103 112
103 113
103 114
103 115
103 116
103 117
103 119
103 120
103 123
103 124
103 125
103 126
103 127
103 154
103 159
103 161
103 163
103 168
103 174
103 191
103 203
103 204
103 206
103 208
103 214
103 225
103 231
103 238
103 249
104 105
104 106
104 107
104 108
104 109
104 110
104 111
104 112
104 113
104 115
104 116
104 117
104 118
104 119
104 120
104 121
104 122
104 123
104 125
104 126
104 157
104 158
104 159
104 172
104 175
104 180
104 183
104 185
104 193
104 194
104 197
104 200
104 205
104 209
104 215
104 219
104 223
104 227
104 229
104 233
104 235
104 240
104 242
104 246
105 106
105 107
105 108
105 109
105 113
105 114
105 116
105 117
105 118
105 119
105 120
105 121
105 122
105 123
105 124
105 125
105 126
105 127
105 162
105 166
105 169
105 175
105 190
105 198
105 201
105 206
105 212
105 215
105 218
105 222
105 223
105 225
105 227
105 236
105 249
106 107
106 108
106 109
106 110
106 111
106 112
106 113
106 114
106 115
106 117
106 118
106 119
106 120
106 121
106 122
106 123
106 124
106 125
106 126
106 127
106 150
106 163
106 164
106 167
106 170
106 185
106 187
106 192
106 194
106 206
106 208
106 210
106 220
106 221
106 229
106 233
106 237
106 241
106 246
107 108
107 109
107 110
107 111
107 112
107 113
107 114
107 115
107 116
107 117
107 118
107 119
107 120
107 121
107 122
107 124
107 125
107 126
107 127
107 150
107 151
107 155
107 156
107 158
107 168
107 170
107 171
107 174
107 178
107 181
107 183
107 185
107 186
107 193
107 206
107 208
107 222
107 229
107 238
107 239
107 242
107 243
108 109
108 110
108 111
108 112
108 113
108 115
108 116
108 117
108 119
108 120
108 121
108 122
108 123
108 124
108 125
108 126
108 127
108 150
108 151
108 156
108 158
108 162
108 163
108 164
108 165
108 168
108 173
108 175
108 176
108 179
108 181
108 182
108 185
108 209
108 224
108 231
108 240
108 244
108 245
109 110
109 111
109 112
109 115
109 116
109 117
109 118
109 119
109 120
109 121
109 122
109 123
109 124
109 126
109 152
109 158
109 160
109 165
109 168
109 177
109 178
109 183
109 186
109 189
109 196
109 199
109 202
109 203
109 208
109 217
109 219
109 221
109 225
109 229
109 231
109 236
109 245
109 246
110 111
110 112
110 113
110 114
110 115
110 117
110 118
110 119
110 120
110 121
110 122
110 123
110 124
110 125
110 126
110 127
110 153
110 165
110 175
110 181
110 183
110 187
110 188
110 190
110 192
110 197
110 198
110 207
110 208
110 212
110 231
110 234
110 246
111 114
111 115
111 116
111 117
111 119
111 120
111 121
111 122
111 123
111 124
111 125
111 126
111 127
111 163
111 183
111 184
111 192
111 196
111 206
111 210
111 215
111 231
111 235
111 246
111 248
111 249
112 113
112 114
112 115
112 116
112 117
112 118
112 120
112 121
112 122
112 123
112 124
112 125
112 127
112 153
112 156
112 173
112 174
112 181
112 191
112 194
112 211
112 216
112 220
112 222
112 226
112 235
112 236
112 247
113 114
113 115
113 116
113 117
113 119
113 120
113 121
113 122
113 123
113 124
113 125
113 126
113 157
113 158
113 165
113 171
113 172
113 173
113 175
113 179
113 192
113 196
113 197
113 203
113 212
113 220
113 222
113 223
113 235
113 236
113 245
113 248
114 115
114 116
114 117
114 118
114 119
114 120
114 121
114 122
114 123
114 124
114 127
114 155
114 156
114 158
114 161
114 170
114 177
114 183
114 184
114 187
114 192
114 200
114 206
114 208
114 209
114 218
114 220
114 221
114 224
114 234
114 236
114 239
114 242
115 116
115 117
115 118
115 119
115 120
115 121
115 122
115 124
115 125
115 126
115 127
115 153
115 160
115 164
115 167
115 187
115 193
115 208
115 226
115 235
115 236
116 117
116 118
116 119
116 120
116 121
116 122
116 123
116 124
116 125
116 126
116 127
116 159
116 160
116 162
116 168
116 174
116 175
116 189
116 193
116 194
116 196
116 198
116 201
116 206
116 217
116 223
116 225
116 229
116 230
116 231
116 238
116 242
116 246
117 118
117 119
117 121
117 122
117 123
117 125
117 126
117 127
117 151
117 154
117 155
117 161
117 164
117 170
117 184
117 187
117 193
117 201
117 206
117 207
117 209
117 211
117 216
117 224
117 225
117 228
117 229
117 238
117 242
117 243
117 245
118 119
118 120
118 121
118 122
118 123
118 124
118 125
118 126
118 127
118 152
118 158
118 159
118 165
118 169
118 171
118 172
118 175
118 178
118 193
118 195
118 196
118 205
118 218
118 219
118 222
118 223
118 231
118 236
118 242
118 243
119 120
119 121
119 122
119 123
119 124
119 126
119 127
119 153
119 160
119 161
119 171
119 173
119 183
119 185
119 190
119 199
119 205
119 210
119 217
119 220
119 228
119 230
119 237
119 239
119 241
119 247
119 248
120 122
120 123
120 124
120 125
120 126
120 174
120 177
120 178
120 180
120 183
120 205
120 211
120 216
120 225
120 232
120 235
120 237
120 243
120 244
120 245
120 246
121 122
121 123
121 124
121 126
121 127
121 152
121 153
121 170
121 172
121 173
121 174
121 178
121 185
121 189
121 190
121 200
121 202
121 205
121 206
121 215
121 217
121 231
122 123
122 125
122 126
122 127
122 152
122 156
122 166
122 170
122 184
122 185
122 190
122 194
122 195
122 196
122 200
122 202
122 204
122 213
122 221
122 237
123 124
123 125
123 126
123 127
123 154
123 156
123 159
123 165
123 166
123 168
123 174
123 182
123 185
123 188
123 195
123 203
123 205
123 210
123 225
123 232
123 241
123 243
124 125
124 126
124 127
124 155
124 161
124 163
124 165
124 166
124 167
124 176
124 181
124 186
124 189
124 190
124 198
124 208
124 210
124 213
124 214
124 216
124 218
124 224
124 228
124 229
124 232
124 234
124 241
124 248
124 249
125 126
125 127
125 150
125 164
125 165
125 167
125 174
125 175
125 180
125 184
125 185
125 190
125 210
125 215
125 221
125 224
125 227
125 228
125 233
125 238
125 243
125 247
125 248
125 249
126 127
126 150
126 154
126 158
126 170
126 173
126 177
126 183
126 184
126 187
126 194
126 202
126 204
126 207
126 211
126 212
126 213
126 216
126 222
126 223
126 240
127 163
127 171
127 182
127 183
127 186
127 191
127 193
127 196
127 222
127 225
127 227
127 230
150 151
150 152
150 153
150 154
150 155
150 156
150 157
150 158
150 160
150 163
150 164
150 165
150 166
150 167
150 168
150 169
150 170
150 171
150 172
150 173
150 174
150 175
150 177
150 178
150 180
150 182
150 183
150 184
150 185
150 186
150 187
150 188
150 189
150 190
150 191
150 192
150 193
150 195
150 196
150 197
150 199
150 200
150 202
150 203
150 204
150 206
150 209
150 210
150 211
150 213
150 222
150 223
150 226
150 228
150 229
150 239
150 243
151 152
151 153
151 154
151 155
151 156
151 157
151 158
151 159
151 160
151 161
151 162
151 163
151 164
151 165
151 166
151 167
151 168
151 169
151 170
151 171
151 172
151 173
151 174
151 175
151 176
151 178
151 179
151 180
151 181
151 182
151 183
151 184
151 186
151 187
151 188
151 189
151 190
151 191
151 192
151 193
151 194
151 195
151 196
151 197
151 198
151 199
151 201
151 210
151 211
151 214
151 217
151 230
151 241
151 243
151 245
152 153
152 154
152 155
152 156
152 158
152 159
152 160
152 161
152 162
152 163
152 164
152 166
152 167
152 168
152 169
152 170
152 171
152 172
152 173
152 177
152 178
152 179
152 180
152 181
152 182
152 183
152 184
152 185
152 186
152 187
152 188
152 189
152 190
152 191
152 194
152 195
152 196
152 197
152 198
152 199
152 203
152 206
152 212
152 218
152 225
152 229
152 230
152 234
152 235
152 241
152 245
153 154
153 155
153 156
153 157
153 158
153 159
153 160
153 161
153 162
153 163
153 165
153 166
153 167
153 168
153 169
153 170
153 171
153 172
153 174
153 175
153 176
153 177
153 178
153 179
153 180
153 181
153 182
153 183
153 184
153 185
153 186
153 187
153 188
153 189
153 190
153 191
153 192
153 193
153 194
153 195
153 196
153 197
153 198
153 199
153 202
153 220
153 223
153 231
153 236
153 240
153 241
153 244
153 245
154 155
154 156
154 157
154 158
154 159
154 160
154 161
154 162
154 163
154 164
154 165
154 166
154 168
154 169
154 170
154 171
154 172
154 174
154 175
154 176
154 177
154 178
154 179
154 180
154 181
154 182
154 183
154 184
154 185
154 186
154 187
154 190
154 191
154 192
154 193
154 194
154 195
154 197
154 198
154 202
154 206
154 217
154 218
154 221
154 226
154 227
154 231
154 234
154 241
154 244
155 156
155 157
155 158
155 159
155 161
155 162
155 163
155 164
155 165
155 166
155 168
155 169
155 171
155 172
155 173
155 174
155 175
155 176
155 177
155 178
155 180
155 181
155 182
155 183
155 184
155 185
155 188
155 189
155 190
155 191
155 192
155 193
155 194
155 196
155 197
155 198
155 199
155 215
155 217
155 229
155 230
155 233
155 234
156 157
156 158
156 159
156 160
156 161
156 162
156 163
156 164
156 165
156 166
156 167
156 168
156 169
156 170
156 171
156 172
156 173
156 174
156 175
156 176
156 177
156 178
156 179
156 180
156 181
156 182
156 183
156 184
156 185
156 186
156 187
156 188
156 190
156 191
156 192
156 193
156 194
156 195
156 197
156 198
156 199
156 203
156 204
156 210
156 216
156 229
156 233
156 237
156 241
156 242
156 244
156 246
156 247
156 249
157 158
157 159
157 160
157 161
157 162
157 163
157 164
157 165
157 166
157 167
157 168
157 169
157 170
157 171
157 172
157 173
157 174
157 175
157 176
157 177
157 178
157 179
157 180
157 181
157 182
157 183
157 184
157 186
157 187
157 189
157 190
157 191
157 192
157 193
157 195
157 196
157 197
157 198
157 199
157 201
157 212
157 219
157 221
157 227
157 235
157 236
157 237
157 245
158 159
158 160
158 161
158 162
158 163
158 166
158 167
158 168
158 169
158 170
158 171
158 172
158 173
158 174
158 176
158 177
158 179
158 180
158 181
158 182
158 183
158 184
158 185
158 186
158 187
158 188
158 189
158 190
158 191
158 192
158 193
158 195
158 197
158 199
158 200
158 202
158 204
158 218
158 223
158 226
158 234
158 235
158 237
158 238
158 241
158 243
158 246
158 247
158 249
159 160
159 161
159 162
159 163
159 164
159 166
159 167
159 168
159 169
159 171
159 172
159 173
159 174
159 175
159 176
159 177
159 178
159 179
159 180
159 181
159 182
159 183
159 184
159 185
159 186
159 187
159 189
159 190
159 193
159 194
159 195
159 197
159 198
159 206
159 213
159 214
159 222
160 162
160 163
160 165
160 166
160 167
160 169
160 170
160 171
160 172
160 173
160 174
160 175
160 176
160 177
160 178
160 179
160 180
160 181
160 182
160 183
160 184
160 185
160 186
160 187
160 188
160 189
160 190
160 191
160 193
160 194
160 195
160 196
160 198
160 199
160 201
160 203
160 215
160 216
160 221
160 227
160 228
160 233
160 237
160 239
160 240
160 247
161 163
161 164
161 166
161 167
161 168
161 169
161 170
161 171
161 172
161 173
161 174
161 175
161 176
161 177
161 178
161 179
161 180
161 181
161 182
161 183
161 184
161 185
161 186
161 187
161 188
161 189
161 190
161 191
161 192
161 193
161 194
161 195
161 196
161 197
161 198
161 199
161 200
161 202
161 203
161 206
161 213
161 222
161 223
161 226
161 229
161 232
161 235
161 237
161 245
161 247
161 249
162 163
162 164
162 165
162 166
162 167
162 168
162 169
162 170
162 172
162 173
162 175
162 176
162 177
162 178
162 179
162 180
162 181
162 182
162 183
162 184
162 185
162 187
162 188
162 190
162 191
162 192
162 193
162 194
162 195
162 196
162 197
162 198
162 199
162 203
162 211
162 212
162 216
162 218
162 221
162 222
162 224
162 225
162 233
162 238
162 239
162 242
162 243
162 246
163 164
163 166
163 167
163 168
163 169
163 170
163 171
163 172
163 173
163 174
163 175
163 176
163 177
163 178
163 179
163 180
163 181
163 182
163 183
163 184
163 185
163 186
163 187
163 188
163 189
163 190
163 191
163 192
163 193
163 195
163 197
163 198
163 199
163 201
163 211
163 214
163 215
163 220
163 224
163 226
163 227
163 240
163 249
164 165
164 166
164 167
164 168
164 169
164 170
164 171
164 172
164 173
164 174
164 175
164 176
164 177
164 179
164 180
164 181
164 182
164 183
164 184
164 185
164 186
164 187
164 188
164 189
164 190
164 191
164 192
164 193
164 194
164 195
164 196
164 197
164 199
164 200
164 204
164 213
164 217
164 224
164 232
164 239
164 244
164 247
165 166
165 167
165 168
165 169
165 170
165 171
165 172
165 173
165 174
165 175
165 176
165 177
165 178
165 179
165 180
165 181
165 182
165 183
165 185
165 187
165 189
165 190
165 191
165 192
165 193
165 194
165 195
165 196
165 197
165 198
165 199
165 201
165 206
165 208
165 223
165 231
165 232
165 233
166 167
166 169
166 170
166 171
166 172
166 173
166 174
166 175
166 176
166 177
166 178
166 179
166 180
166 181
166 182
166 183
166 184
166 185
166 186
166 187
166 188
166 189
166 190
166 191
166 192
166 193
166 195
166 196
166 197
166 198
166 202
166 206
166 216
166 218
166 225
166 228
166 241
166 242
166 243
167 169
167 170
167 171
167 172
167 173
167 174
167 175
167 176
167 177
167 178
167 179
167 180
167 181
167 182
167 183
167 184
167 185
167 186
167 187
167 188
167 189
167 190
167 191
167 192
167 193
167 194
167 195
167 196
167 197
167 198
167 199
167 200
167 202
167 203
167 212
167 219
167 220
167 222
167 226
167 236
167 238
167 242
167 247
168 169
168 170
168 171
168 172
168 173
168 174
168 176
168 177
168 178
168 179
168 181
168 182
168 183
168 184
168 185
168 186
168 188
168 189
168 190
168 191
168 192
168 193
168 194
168 195
168 196
168 198
168 199
168 204
168 207
168 212
168 214
168 225
168 228
168 236
168 242
168 246
169 170
169 171
169 172
169 173
169 174
169 176
169 177
169 178
169 179
169 180
169 181
169 182
169 183
169 184
169 185
169 186
169 189
169 190
169 191
169 192
169 193
169 194
169 195
169 196
169 197
169 199
169 210
169 213
169 216
169 220
169 221
169 240
169 243
170 171
170 173
170 174
170 176
170 177
170 178
170 179
170 180
170 181
170 182
170 184
170 185
170 186
170 187
170 188
170 189
170 190
170 191
170 192
170 193
170 194
170 195
170 196
170 197
170 198
170 199
170 201
170 203
170 206
170 216
170 219
170 228
170 233
170 236
170 237
170 238
170 243
170 244
171 172
171 173
171 174
171 175
171 176
171 177
171 178
171 179
171 180
171 181
171 182
171 183
171 184
171 185
171 187
171 188
171 189
171 190
171 191
171 192
171 193
171 194
171 195
171 196
171 199
171 204
171 217
171 221
171 226
171 229
171 237
171 239
171 246
171 248
172 173
172 174
172 175
172 176
172 177
172 178
172 179
172 180
172 181
172 182
172 183
172 184
172 185
172 187
172 188
172 189
172 190
172 191
172 192
172 193
172 194
172 195
172 196
172 198
172 201
172 208
172 221
173 174
173 175
173 176
173 177
173 178
173 179
173 180
173 181
173 182
173 183
173 184
173 186
173 187
173 188
173 189
173 190
173 191
173 192
173 193
173 194
173 195
173 196
173 197
173 198
173 199
173 207
173 211
173 223
173 225
173 228
173 229
173 232
173 237
173 241
174 175
174 177
174 178
174 179
174 180
174 181
174 182
174 183
174 184
174 185
174 187
174 188
174 189
174 190
174 191
174 192
174 193
174 194
174 195
174 196
174 197
174 198
174 199
174 206
174 211
174 212
174 218
174 220
174 224
174 228
174 230
174 232
174 236
174 237
174 241
174 246
174 247
175 176
175 177
175 178
175 179
175 180
175 182
175 183
175 184
175 185
175 186
175 187
175 188
175 189
175 190
175 191
175 193
175 194
175 196
175 197
175 198
175 199
175 208
175 209
175 217
175 220
175 228
175 232
175 237
175 243
176 177
176 178
176 179
176 180
176 181
176 182
176 183
176 184
176 185
176 186
176 187
176 188
176 189
176 191
176 192
176 193
176 194
176 195
176 196
176 197
176 198
176 199
176 200
176 213
176 217
176 224
176 225
176 229
176 230
176 234
176 235
176 237
176 239
176 245
176 246
177 178
177 179
177 180
177 182
177 183
177 184
177 185
177 186
177 187
177 188
177 189
177 191
177 192
177 193
177 194
177 195
177 196
177 197
177 198
177 199
177 205
177 212
177 213
177 222
177 225
177 231
177 239
178 179
178 180
178 181
178 182
178 183
178 184
178 185
178 186
178 187
178 188
178 189
178 190
178 192
178 194
178 195
178 196
178 197
178 198
178 199
178 201
178 205
178 208
178 215
178 217
178 218
178 219
178 223
178 224
178 237
178 240
178 244
178 245
179 180
179 182
179 183
179 184
179 185
179 186
179 187
179 188
179 189
179 190
179 191
179 192
179 193
179 194
179 195
179 196
179 197
179 198
179 199
179 209
179 213
179 214
179 220
179 221
179 222
179 229
179 231
179 237
179 241
179 242
179 244
179 245
179 247
180 181
180 182
180 184
180 186
180 187
180 188
180 189
180 191
180 192
180 193
180 194
180 195
180 196
180 197
180 198
180 199
180 203
180 206
180 217
180 221
180 222
180 231
180 232
180 247
181 182
181 183
181 184
181 185
181 186
181 187
181 188
181 189
181 190
181 191
181 192
181 193
181 194
181 195
181 197
181 198
181 199
181 202
181 204
181 213
181 214
181 217
181 218
181 222
181 223
181 227
181 238
181 243
181 246
181 249
182 183
182 184
182 185
182 186
182 187
182 188
182 189
182 191
182 192
182 193
182 194
182 196
182 197
182 198
182 200
182 202
182 206
182 212
182 214
182 215
182 218
182 219
182 220
182 223
182 228
182 233
182 240
183 184
183 185
183 186
183 187
183 188
183 189
183 190
183 191
183 192
183 193
183 194
183 195
183 196
183 197
183 198
183 199
183 206
183 210
183 213
183 216
183 236
183 237
183 238
183 239
183 240
183 242
183 243
184 185
184 186
184 187
184 188
184 189
184 191
184 192
184 193
184 194
184 195
184 196
184 197
184 198
184 199
184 200
184 209
184 210
184 213
184 219
184 231
184 232
184 233
184 239
184 240
184 241
184 248
185 186
185 187
185 188
185 189
185 191
185 192
185 193
185 194
185 195
185 196
185 197
185 198
185 199
185 208
185 209
185 211
185 214
185 217
185 223
185 226
185 231
185 232
185 235
185 241
185 242
185 247
185 249
186 187
186 188
186 189
186 190
186 191
186 192
186 193
186 194
186 196
186 198
186 199
186 202
186 205
186 206
186 208
186 210
186 213
186 215
186 221
186 231
186 237
186 238
187 188
187 189
187 190
187 191
187 192
187 193
187 194
187 195
187 197
187 198
187 199
187 209
187 213
187 216
187 217
187 226
187 228
187 231
187 233
187 234
187 237
187 239
188 189
188 190
188 191
188 192
188 193
188 194
188 195
188 196
188 198
188 199
188 206
188 209
188 231
188 233
188 244
188 248
189 190
189 191
189 192
189 193
189 194
189 196
189 197
189 198
189 209
189 211
189 214
189 221
189 222
189 230
189 234
189 238
189 240
189 248
189 249
190 191
190 192
190 193
190 194
190 195
190 196
190 197
190 198
190 199
190 206
190 214
190 218
190 220
190 221
190 229
190 242
190 243
191 192
191 193
191 195
191 196
191 197
191 199
191 201
191 202
191 203
191 206
191 212
191 220
191 227
191 231
191 240
191 247
192 194
192 195
192 196
192 197
192 198
192 205
192 209
192 211
192 217
192 220
192 221
192 228
192 233
192 238
192 240
192 245
193 194
193 195
193 196
193 197
193 198
193 199
193 216
193 226
193 228
193 229
193 234
193 241
193 244
193 246
193 247
194 195
194 196
194 197
194 198
194 199
194 201
194 206
194 216
194 217
194 218
194 220
194 227
194 233
194 243
194 246
194 249
195 196
195 197
195 198
195 199
195 202
195 207
195 222
195 229
195 236
196 197
196 199
196 205
196 212
196 228
196 229
196 233
196 236
196 238
196 239
196 243
196 244
196 248
196 249
197 198
197 199
197 200
197 202
197 213
197 214
197 215
197 221
197 230
197 232
197 236
197 239
197 241
197 242
197 246
197 247
197 249
198 213
198 214
198 216
198 221
198 224
198 240
199 201
199 203
199 207
199 211
199 213
199 222
199 225
199 227
199 228
199 232
199 233
199 238
199 239
199 246
200 201
200 202
200 203
200 204
200 205
200 206
200 207
200 208
200 209
200 210
200 211
200 212
200 214
200 215
200 216
200 217
200 218
200 219
200 220
200 221
200 222
200 223
200 224
200 225
200 226
200 227
200 228
200 229
200 230
200 231
200 233
200 234
200 235
200 236
200 237
200 238
200 239
200 240
200 241
200 242
200 243
200 244
200 245
200 246
200 247
200 248
200 249
201 202
201 203
201 204
201 205
201 206
201 207
201 208
201 209
201 210
201 212
201 213
201 214
201 215
201 216
201 217
201 218
201 219
201 220
201 221
201 222
201 223
201 224
201 225
201 226
201 227
201 228
201 229
201 230
201 231
201 232
201 235
201 237
201 238
201 239
201 240
201 242
201 243
201 244
201 245
201 246
201 247
201 248
201 249
202 204
202 205
202 206
202 207
202 208
202 209
202 210
202 211
202 212
202 213
202 214
202 215
202 216
202 217
202 218
202 220
202 221
202 222
202 223
202 224
202 225
202 226
202 227
202 228
202 229
202 230
202 231
202 232
202 233
202 234
202 235
202 236
202 237
202 238
202 239
202 240
202 241
202 242
202 243
202 244
202 245
202 246
202 247
202 248
202 249
203 204
203 205
203 206
203 207
203 209
203 210
203 211
203 212
203 213
203 214
203 215
203 216
203 217
203 218
203 219
203 220
203 221
203 222
203 223
203 224
203 225
203 226
203 227
203 228
203 229
203 230
203 231
203 232
203 233
203 234
203 235
203 236
203 237
203 238
203 239
203 240
203 241
203 242
203 243
203 244
203 245
203 246
203 247
203 248
203 249
204 205
204 207
204 208
204 209
204 210
204 212
204 213
204 214
204 215
204 216
204 217
204 218
204 219
204 220
204 221
204 222
204 223
204 224
204 225
204 226
204 227
204 228
204 229
204 230
204 231
204 233
204 235
204 236
204 237
204 238
204 239
204 240
204 241
204 242
204 243
204 244
204 245
204 246
204 247
204 248
204 249
205 206
205 207
205 208
205 209
205 210
205 211
205 212
205 213
205 214
205 215
205 217
205 218
205 220
205 221
205 224
205 225
205 226
205 227
205 228
205 229
205 230
205 231
205 232
205 233
205 234
205 235
205 236
205 237
205 238
205 239
205 240
205 241
205 242
205 244
205 245
205 246
205 247
205 248
205 249
206 207
206 208
206 209
206 210
206 211
206 212
206 213
206 214
206 215
206 216
206 217
206 218
206 219
206 220
206 221
206 222
206 223
206 224
206 225
206 226
206 227
206 228
206 229
206 230
206 231
206 232
206 233
206 234
206 235
206 236
206 238
206 239
206 240
206 241
206 242
206 244
206 245
206 246
206 247
206 248
207 208
207 209
207 210
207 211
207 212
207 214
207 215
207 216
207 217
207 218
207 219
207 220
207 221
207 222
207 223
207 224
207 225
207 226
207 227
207 228
207 229
207 230
207 231
207 232
207 234
207 235
207 236
207 238
207 239
207 240
207 241
207 242
207 243
207 245
207 246
207 247
207 248
207 249
208 209
208 210
208 211
208 212
208 214
208 215
208 216
208 218
208 219
208 220
208 221
208 222
208 223
208 224
208 225
208 226
208 227
208 228
208 229
208 230
208 231
208 233
208 234
208 235
208 236
208 237
208 238
208 239
208 240
208 241
208 242
208 243
208 244
208 245
208 246
208 247
209 210
209 212
209 213
209 214
209 215
209 216
209 218
209 219
209 220
209 221
209 222
209 223
209 224
209 225
209 226
209 227
209 228
209 229
209 230
209 231
209 233
209 234
209 235
209 236
209 237
209 238
209 239
209 240
209 241
209 242
209 243
209 244
209 245
209 246
209 247
209 248
209 249
210 211
210 212
210 213
210 214
210 215
210 216
210 217
210 218
210 219
210 220
210 221
210 223
210 224
210 225
210 226
210 227
210 228
210 230
210 231
210 232
210 233
210 234
210 236
210 237
210 238
210 239
210 240
210 241
210 242
210 243
210 244
210 245
210 246
210 247
210 248
210 249
211 212
211 213
211 214
211 215
211 216
211 217
211 218
211 219
211 220
211 221
211 223
211 224
211 225
211 226
211 228
211 229
211 230
211 231
211 232
211 233
211 234
211 235
211 236
211 237
211 238
211 239
211 240
211 242
211 243
211 244
211 245
211 246
211 248
211 249
212 213
212 215
212 216
212 217
212 218
212 219
212 220
212 221
212 222
212 223
212 224
212 225
212 226
212 227
212 229
212 230
212 231
212 233
212 235
212 236
212 237
212 238
212 240
212 241
212 243
212 244
212 245
212 246
212 247
212 248
213 214
213 215
213 216
213 217
213 218
213 219
213 220
213 221
213 222
213 223
213 224
213 225
213 226
213 227
213 228
213 229
213 230
213 233
213 235
213 236
213 237
213 238
213 239
213 240
213 241
213 243
213 244
213 245
213 246
213 247
213 248
214 215
214 216
214 217
214 218
214 219
214 220
214 221
214 222
214 223
214 224
214 225
214 226
214 227
214 228
214 229
214 230
214 231
214 234
214 235
214 236
214 237
214 238
214 239
214 240
214 241
214 242
214 243
214 244
214 246
214 248
214 249
215 216
215 217
215 218
215 219
215 220
215 221
215 222
215 223
215 224
215 225
215 226
215 227
215 229
215 230
215 231
215 232
215 233
215 234
215 235
215 236
215 237
215 238
215 239
215 240
215 241
215 243
215 244
215 245
215 246
215 247
215 248
215 249
216 217
216 218
216 219
216 220
216 221
216 222
216 224
216 226
216 227
216 228
216 229
216 232
216 233
216 234
216 235
216 236
216 237
216 238
216 239
216 240
216 241
216 243
216 244
216 245
216 246
216 248
216 249
217 218
217 219
217 220
217 221
217 222
217 223
217 225
217 226
217 227
217 228
217 229
217 230
217 231
217 232
217 233
217 234
217 235
217 236
217 237
217 238
217 240
217 241
217 244
217 245
217 246
217 248
217 249
218 219
218 220
218 221
218 223
218 224
218 225
218 226
218 227
218 228
218 229
218 230
218 231
218 232
218 233
218 234
218 236
218 237
218 238
218 239
218 241
218 242
218 243
218 244
218 245
218 246
218 247
218 248
218 249
219 220
219 221
219 222
219 223
219 224
219 225
219 226
219 227
219 228
219 230
219 231
219 232
219 233
219 234
219 235
219 236
219 237
219 238
219 239
219 240
219 241
219 242
219 243
219 244
219 245
219 246
219 247
219 248
219 249
220 222
220 223
220 224
220 225
220 226
220 227
220 229
220 230
220 231
220 232
220 233
220 234
220 235
220 236
220 237
220 238
220 239
220 240
220 241
220 242
220 243
220 244
220 245
220 246
220 247
220 248
220 249
221 222
221 223
221 224
221 225
221 226
221 227
221 230
221 232
221 233
221 234
221 235
221 236
221 237
221 238
221 239
221 240
221 241
221 242
221 243
221 244
221 245
221 246
221 247
221 248
221 249
222 224
222 225
222 226
222 227
222 228
222 229
222 230
222 231
222 232
222 235
222 236
222 237
222 238
222 239
222 240
222 241
222 242
222 243
222 244
222 245
222 246
222 247
222 248
223 224
223 225
223 226
223 227
223 228
223 229
223 230
223 231
223 232
223 233
223 234
223 235
223 236
223 237
223 238
223 239
223 240
223 241
223 242
223 243
223 244
223 245
223 247
223 248
224 225
224 228
224 229
224 230
224 231
224 232
224 233
224 234
224 237
224 238
224 239
224 240
224 241
224 242
224 244
224 245
224 246
224 247
224 248
224 249
225 226
225 227
225 228
225 229
225 230
225 232
225 233
225 234
225 235
225 236
225 238
225 239
225 240
225 241
225 242
225 243
225 244
225 245
225 246
225 247
225 248
225 249
226 227
226 229
226 230
226 231
226 232
226 234
226 235
226 236
226 237
226 238
226 239
226 240
226 241
226 242
226 243
226 244
226 245
226 246
226 247
226 248
226 249
227 228
227 229
227 230
227 231
227 232
227 233
227 234
227 235
227 236
227 237
227 238
227 239
227 240
227 241
227 242
227 243
227 244
227 245
227 246
227 247
227 248
227 249
228 229
228 230
228 231
228 232
228 233
228 234
228 235
228 236
228 237
228 238
228 239
228 240
228 241
228 242
228 243
228 244
228 245
228 246
228 247
228 248
229 231
229 232
229 233
229 235
229 236
229 237
229 238
229 240
229 241
229 242
229 243
229 244
229 245
229 246
229 247
229 248
230 231
230 232
230 233
230 234
230 235
230 237
230 238
230 239
230 240
230 241
230 242
230 243
230 244
230 245
230 246
230 247
230 248
230 249
231 232
231 233
231 234
231 235
231 236
231 237
231 238
231 239
231 240
231 241
231 242
231 243
231 244
231 245
231 246
231 247
231 248
232 233
232 235
232 236
232 238
232 239
232 240
232 242
232 243
232 244
232 245
232 246
232 247
232 248
232 249
233 234
233 235
233 236
233 237
233 238
233 239
233 240
233 241
233 242
233 243
233 244
233 246
233 247
233 248
233 249
234 235
234 236
234 237
234 238
234 239
234 240
234 241
234 242
234 244
234 245
234 246
234 247
234 248
234 249
235 236
235 237
235 238
235 240
235 241
235 242
235 243
235 244
235 245
235 246
235 247
235 248
236 237
236 238
236 239
236 240
236 242
236 243
236 244
236 245
236 246
236 247
237 238
237 240
237 241
237 242
237 243
237 244
237 245
237 246
237 247
237 248
237 249
238 239
238 240
238 241
238 242
238 243
238 244
238 245
238 246
238 247
238 248
238 249
239 240
239 241
239 243
239 244
239 245
239 246
239 247
239 248
239 249
240 241
240 242
240 243
240 244
240 245
240 247
240 248
240 249
241 242
241 244
241 245
241 246
241 247
241 248
241 249
242 243
242 244
242 245
242 246
242 247
242 248
242 249
243 244
243 245
243 247
243 248
243 249
244 245
244 246
244 247
244 249
245 246
245 247
245 248
245 249
246 247
246 248
248 249
