0 1
0 2
0 3
0 4
0 5
0 6
0 7
0 8
0 9
0 10
0 11
0 12
0 14
0 15
0 16
0 17
0 19
0 20
0 21
0 22
0 23
0 24
0 25
0 26
0 27
0 28
0 29
0 30
0 31
0 32
0 33
0 34
0 35
0 36
0 37
0 38
0 39
0 40
0 41
0 43
0 44
0 45
0 46
0 48
0 49
0 50
0 53
0 54
0 56
0 59
0 70
0 71
0 75
0 85
0 92
0 99
0 128
0 133
0 134
0 135
0 137
0 139
0 141
0 143
0 145
0 147
0 102
0 103
0 109
0 110
0 112
0 115
0 116
0 119
0 121
0 123
0 125
0 153
0 160
0 165
0 168
0 169
0 172
0 179
0 186
0 190
0 195
0 200
0 202
0 206
0 210
0 211
0 213
0 216
0 218
0 221
0 225
0 230
0 234
0 236
0 247
0 248
1 2
1 3
1 4
1 6
1 7
1 8
1 9
1 10
1 11
1 12
1 13
1 14
1 15
1 16
1 17
1 18
1 20
1 21
1 23
1 24
1 25
1 26
1 29
1 30
1 31
1 32
1 33
1 34
1 35
1 36
1 37
1 38
1 40
1 41
1 42
1 44
1 45
1 46
1 47
1 48
1 49
1 56
1 59
1 60
1 62
1 64
1 65
1 68
1 72
1 73
1 78
1 79
1 81
1 84
1 87
1 88
1 94
1 95
1 98
1 129
1 130
1 134
1 138
1 139
1 140
1 144
1 146
1 104
1 109
1 120
1 150
1 152
1 154
1 155
1 157
1 158
1 159
1 160
1 164
1 165
1 171
1 173
1 175
1 176
1 179
1 193
1 194
1 197
1 198
1 203
1 208
1 209
1 211
1 215
1 219
1 222
1 224
1 225
1 227
1 229
1 233
1 235
1 236
1 239
1 240
1 242
1 247
2 3
2 5
2 6
2 7
2 9
2 10
2 12
2 13
2 14
2 15
2 16
2 17
2 18
2 19
2 20
2 21
2 22
2 23
2 24
2 25
2 26
2 27
2 28
2 29
2 30
2 31
2 32
2 33
2 34
2 35
2 36
2 37
2 38
2 39
2 40
2 41
2 42
2 43
2 44
2 45
2 46
2 47
2 48
2 49
2 50
2 52
2 70
2 72
2 73
2 76
2 78
2 83
2 84
2 86
2 89
2 92
2 94
2 96
2 97
2 99
2 128
2 131
2 135
2 139
2 143
2 144
2 145
2 100
2 105
2 106
2 119
2 120
2 124
2 150
2 153
2 154
2 155
2 165
2 166
2 174
2 176
2 177
2 178
2 180
2 183
2 191
2 192
2 196
2 199
2 201
2 204
2 205
2 207
2 211
2 214
2 217
2 218
2 219
2 222
2 223
2 230
2 237
2 241
2 242
2 249
3 7
3 10
3 11
3 12
3 13
3 14
3 15
3 17
3 18
3 19
3 20
3 21
3 22
3 23
3 24
3 25
3 26
3 27
3 28
3 29
3 30
3 31
3 32
3 33
3 34
3 35
3 36
3 37
3 39
3 40
3 41
3 42
3 43
3 44
3 46
3 47
3 48
3 49
3 50
3 51
3 54
3 56
3 57
3 59
3 60
3 62
3 66
3 70
3 71
3 82
3 88
3 89
3 92
3 93
3 95
3 96
3 97
3 98
3 129
3 132
3 133
3 134
3 135
3 136
3 138
3 140
3 149
3 108
3 109
3 111
3 113
3 123
3 124
3 167
3 171
3 173
3 174
3 178
3 182
3 184
3 185
3 187
3 188
3 191
3 192
3 193
3 196
3 200
3 209
3 212
3 215
3 216
3 221
3 226
3 229
3 231
3 232
3 233
3 234
3 236
3 238
3 240
3 242
3 246
3 248
4 5
4 6
4 8
4 9
4 11
4 12
4 13
4 14
4 15
4 16
4 17
4 18
4 19
4 20
4 21
4 22
4 23
4 24
4 25
4 26
4 27
4 28
4 30
4 31
4 32
4 33
4 34
4 35
4 37
4 38
4 39
4 40
4 42
4 43
4 44
4 45
4 46
4 47
4 48
4 49
4 51
4 52
4 54
4 55
4 57
4 60
4 61
4 69
4 71
4 76
4 80
4 84
4 87
4 88
4 98
4 99
4 129
4 132
4 136
4 138
4 142
4 143
4 144
4 146
4 149
4 104
4 106
4 108
4 109
4 110
4 111
4 118
4 120
4 122
4 152
4 159
4 164
4 169
4 174
4 179
4 180
4 182
4 184
4 186
4 192
4 193
4 196
4 197
4 199
4 200
4 208
4 213
4 217
4 218
4 220
4 222
4 225
4 233
4 239
4 240
4 241
4 242
4 245
5 6
5 7
5 8
5 10
5 11
5 12
5 13
5 14
5 15
5 16
5 18
5 19
5 20
5 21
5 22
5 23
5 24
5 25
5 28
5 29
5 30
5 31
5 32
5 33
5 34
5 36
5 37
5 38
5 39
5 40
5 41
5 42
5 43
5 45
5 47
5 48
5 49
5 52
5 55
5 59
5 60
5 72
5 75
5 77
5 78
5 81
5 82
5 85
5 88
5 91
5 94
5 128
5 132
5 135
5 140
5 142
5 147
5 105
5 106
5 110
5 117
5 120
5 122
5 124
5 151
5 152
5 153
5 159
5 164
5 166
5 168
5 169
5 170
5 171
5 178
5 186
5 189
5 192
5 193
5 196
5 201
5 202
5 206
5 216
5 219
5 221
5 222
5 228
5 231
5 236
5 243
5 245
5 247
6 7
6 8
6 9
6 10
6 11
6 12
6 13
6 14
6 15
6 16
6 17
6 18
6 19
6 20
6 21
6 22
6 23
6 24
6 25
6 26
6 27
6 28
6 30
6 31
6 32
6 33
6 34
6 35
6 36
6 37
6 38
6 39
6 40
6 41
6 42
6 43
6 44
6 47
6 48
6 49
6 50
6 52
6 56
6 60
6 63
6 64
6 66
6 71
6 73
6 74
6 75
6 77
6 88
6 92
6 99
6 132
6 133
6 137
6 138
6 140
6 141
6 142
6 143
6 149
6 106
6 107
6 108
6 109
6 115
6 121
6 126
6 152
6 158
6 177
6 181
6 188
6 192
6 196
6 199
6 200
6 205
6 211
6 213
6 222
6 227
6 233
6 234
6 237
6 241
6 243
6 244
6 246
6 249
7 8
7 9
7 10
7 11
7 12
7 13
7 14
7 15
7 17
7 18
7 20
7 21
7 22
7 23
7 24
7 25
7 26
7 29
7 30
7 31
7 33
7 34
7 35
7 36
7 37
7 38
7 39
7 40
7 41
7 42
7 43
7 44
7 45
7 46
7 47
7 48
7 49
7 53
7 56
7 59
7 62
7 68
7 70
7 71
7 74
7 77
7 81
7 84
7 87
7 91
7 93
7 94
7 95
7 97
7 130
7 135
7 137
7 138
7 139
7 142
7 149
7 100
7 102
7 104
7 109
7 110
7 116
7 117
7 119
7 121
7 124
7 126
7 127
7 152
7 158
7 159
7 160
7 165
7 172
7 176
7 177
7 180
7 181
7 189
7 191
7 197
7 201
7 206
7 217
7 220
7 221
7 223
7 233
7 234
7 235
7 246
7 247
8 9
8 10
8 11
8 12
8 15
8 16
8 17
8 18
8 19
8 20
8 21
8 22
8 24
8 25
8 26
8 27
8 28
8 29
8 30
8 31
8 32
8 33
8 34
8 35
8 36
8 37
8 38
8 39
8 40
8 41
8 42
8 43
8 44
8 45
8 46
8 47
8 48
8 49
8 54
8 57
8 72
8 75
8 80
8 82
8 91
8 92
8 93
8 94
8 96
8 97
8 99
8 128
8 130
8 134
8 137
8 138
8 139
8 142
8 143
8 149
8 104
8 113
8 117
8 120
8 122
8 127
8 151
8 152
8 153
8 157
8 158
8 160
8 166
8 180
8 181
8 183
8 185
8 187
8 189
8 191
8 200
8 203
8 207
8 208
8 212
8 213
8 215
8 218
8 219
8 221
8 222
8 225
8 228
8 232
8 235
8 248
9 11
9 13
9 14
9 15
9 16
9 18
9 19
9 21
9 22
9 23
9 24
9 26
9 27
9 28
9 29
9 30
9 31
9 32
9 34
9 35
9 37
9 38
9 39
9 40
9 42
9 43
9 44
9 45
9 46
9 47
9 48
9 49
9 52
9 59
9 64
9 67
9 70
9 71
9 74
9 76
9 78
9 84
9 85
9 86
9 95
9 128
9 129
9 130
9 133
9 134
9 135
9 137
9 144
9 149
9 101
9 102
9 105
9 107
9 111
9 113
9 114
9 115
9 119
9 124
9 150
9 162
9 166
9 168
9 174
9 175
9 176
9 180
9 181
9 184
9 186
9 188
9 189
9 199
9 201
9 203
9 204
9 207
9 210
9 211
9 220
9 222
9 225
9 226
9 228
9 234
9 248
9 249
10 11
10 12
10 14
10 15
10 16
10 17
10 18
10 19
10 21
10 22
10 23
10 24
10 25
10 26
10 27
10 28
10 29
10 30
10 31
10 32
10 33
10 34
10 35
10 36
10 37
10 38
10 39
10 40
10 41
10 42
10 43
10 44
10 46
10 47
10 48
10 49
10 50
10 54
10 67
10 69
10 71
10 80
10 81
10 83
10 86
10 89
10 90
10 95
10 129
10 130
10 131
10 135
10 136
10 137
10 138
10 144
10 145
10 147
10 149
10 103
10 104
10 108
10 116
10 117
10 119
10 122
10 127
10 152
10 155
10 156
10 157
10 165
10 170
10 171
10 174
10 175
10 181
10 185
10 189
10 194
10 199
10 204
10 208
10 212
10 213
10 216
10 219
10 224
10 229
10 231
10 232
10 234
10 235
10 246
10 248
11 12
11 13
11 14
11 15
11 17
11 18
11 20
11 23
11 24
11 25
11 26
11 27
11 29
11 30
11 31
11 32
11 33
11 34
11 35
11 37
11 38
11 39
11 40
11 41
11 42
11 43
11 44
11 45
11 46
11 47
11 48
11 49
11 53
11 54
11 64
11 74
11 76
11 77
11 79
11 82
11 84
11 94
11 97
11 133
11 134
11 138
11 147
11 103
11 112
11 116
11 120
11 126
11 152
11 160
11 165
11 179
11 184
11 187
11 188
11 190
11 194
11 199
11 201
11 203
11 207
11 209
11 211
11 213
11 214
11 216
11 217
11 219
11 233
11 237
11 239
11 242
11 246
11 247
11 249
12 13
12 14
12 15
12 16
12 17
12 18
12 19
12 20
12 21
12 22
12 23
12 24
12 25
12 26
12 28
12 29
12 30
12 31
12 32
12 33
12 34
12 35
12 36
12 37
12 38
12 39
12 40
12 42
12 43
12 44
12 45
12 46
12 47
12 48
12 49
12 50
12 51
12 55
12 58
12 60
12 63
12 66
12 70
12 71
12 77
12 78
12 79
12 82
12 83
12 84
12 92
12 94
12 97
12 98
12 128
12 131
12 132
12 143
12 145
12 106
12 108
12 110
12 111
12 112
12 117
12 121
12 122
12 155
12 158
12 159
12 161
12 165
12 168
12 171
12 172
12 173
12 175
12 177
12 181
12 188
12 189
12 192
12 195
12 201
12 202
12 203
12 205
12 207
12 210
12 214
12 215
12 217
12 220
12 224
12 226
12 236
12 248
13 14
13 15
13 16
13 17
13 18
13 19
13 20
13 21
13 22
13 23
13 24
13 25
13 26
13 27
13 28
13 29
13 30
13 31
13 32
13 33
13 34
13 35
13 36
13 37
13 38
13 39
13 40
13 41
13 43
13 44
13 45
13 46
13 47
13 48
13 49
13 51
13 53
13 54
13 61
13 67
13 69
13 71
13 74
13 75
13 79
13 81
13 93
13 96
13 97
13 98
13 99
13 135
13 138
13 143
13 108
13 125
13 127
13 153
13 156
13 157
13 161
13 163
13 166
13 169
13 170
13 177
13 178
13 194
13 197
13 200
13 204
13 205
13 209
13 210
13 211
13 213
13 215
13 222
13 224
13 225
13 230
13 235
13 240
13 241
13 243
13 245
13 246
13 247
13 249
14 15
14 16
14 17
14 18
14 20
14 21
14 22
14 23
14 24
14 25
14 26
14 27
14 28
14 29
14 30
14 31
14 32
14 33
14 34
14 35
14 36
14 37
14 38
14 39
14 40
14 41
14 42
14 43
14 45
14 46
14 47
14 48
14 49
14 55
14 58
14 59
14 60
14 63
14 64
14 65
14 68
14 69
14 70
14 72
14 77
14 80
14 82
14 86
14 89
14 96
14 97
14 99
14 129
14 132
14 140
14 149
14 102
14 104
14 115
14 124
14 125
14 127
14 150
14 157
14 158
14 160
14 165
14 170
14 173
14 180
14 182
14 184
14 186
14 187
14 191
14 195
14 196
14 203
14 204
14 206
14 214
14 216
14 226
14 230
14 234
14 237
14 239
14 240
14 247
14 248
15 16
15 17
15 18
15 19
15 20
15 22
15 23
15 24
15 25
15 26
15 27
15 28
15 29
15 32
15 34
15 35
15 36
15 37
15 38
15 39
15 40
15 41
15 42
15 43
15 44
15 46
15 48
15 49
15 53
15 55
15 56
15 57
15 58
15 60
15 61
15 71
15 75
15 76
15 84
15 85
15 86
15 91
15 95
15 96
15 132
15 141
15 104
15 113
15 120
15 123
15 124
15 126
15 151
15 152
15 154
15 155
15 159
15 165
15 170
15 174
15 189
15 191
15 195
15 196
15 199
15 200
15 202
15 207
15 211
15 212
15 217
15 218
15 223
15 225
15 232
15 235
15 242
15 243
15 248
15 249
16 17
16 18
16 19
16 20
16 21
16 22
16 23
16 24
16 25
16 26
16 27
16 28
16 30
16 31
16 32
16 33
16 34
16 35
16 36
16 37
16 38
16 39
16 40
16 41
16 42
16 44
16 46
16 47
16 48
16 49
16 52
16 55
16 59
16 61
16 63
16 68
16 69
16 76
16 80
16 83
16 88
16 89
16 92
16 95
16 133
16 140
16 141
16 143
16 102
16 104
16 107
16 111
16 113
16 115
16 116
16 154
16 163
16 165
16 169
16 170
16 171
16 180
16 183
16 186
16 191
16 192
16 193
16 194
16 196
16 207
16 211
16 213
16 215
16 220
16 230
16 238
16 241
16 247
17 18
17 19
17 20
17 21
17 22
17 25
17 27
17 28
17 29
17 30
17 31
17 32
17 33
17 34
17 35
17 36
17 37
17 38
17 39
17 40
17 41
17 42
17 43
17 44
17 45
17 46
17 47
17 48
17 49
17 50
17 56
17 63
17 68
17 71
17 78
17 92
17 93
17 94
17 98
17 99
17 128
17 131
17 132
17 133
17 134
17 137
17 138
17 147
17 100
17 103
17 108
17 114
17 120
17 125
17 150
17 163
17 165
17 167
17 168
17 179
17 191
17 192
17 199
17 200
17 205
17 208
17 210
17 211
17 213
17 214
17 219
17 220
17 223
17 229
17 234
17 236
17 238
17 241
17 245
17 248
17 249
18 19
18 20
18 22
18 23
18 24
18 25
18 26
18 27
18 28
18 29
18 31
18 32
18 33
18 34
18 35
18 36
18 37
18 38
18 39
18 40
18 41
18 42
18 43
18 44
18 45
18 46
18 47
18 48
18 49
18 56
18 57
18 60
18 63
18 65
18 66
18 67
18 72
18 73
18 76
18 86
18 87
18 88
18 89
18 95
18 130
18 133
18 134
18 136
18 143
18 101
18 103
18 107
18 110
18 112
18 113
18 114
18 116
18 118
18 120
18 122
18 123
18 125
18 159
18 160
18 162
18 166
18 168
18 176
18 180
18 188
18 192
18 194
18 201
18 202
18 210
18 214
18 218
18 221
18 226
18 234
18 240
18 241
18 243
18 248
18 249
19 20
19 22
19 23
19 24
19 25
19 26
19 28
19 29
19 30
19 31
19 32
19 33
19 34
19 35
19 36
19 37
19 38
19 39
19 40
19 41
19 42
19 43
19 44
19 45
19 46
19 47
19 48
19 49
19 53
19 56
19 57
19 61
19 67
19 70
19 75
19 76
19 78
19 82
19 83
19 97
19 131
19 133
19 135
19 138
19 139
19 143
19 146
19 149
19 104
19 109
19 112
19 124
19 152
19 155
19 157
19 165
19 167
19 170
19 171
19 181
19 183
19 184
19 185
19 187
19 188
19 192
19 195
19 196
19 201
19 202
19 204
19 205
19 207
19 209
19 214
19 216
19 217
19 219
19 220
19 221
19 224
19 227
19 228
19 231
19 232
19 233
19 241
19 245
19 248
19 249
20 21
20 23
20 24
20 26
20 27
20 29
20 30
20 31
20 33
20 34
20 35
20 37
20 38
20 39
20 40
20 41
20 42
20 43
20 44
20 45
20 47
20 48
20 49
20 51
20 53
20 56
20 59
20 68
20 69
20 70
20 72
20 73
20 81
20 87
20 89
20 95
20 97
20 99
20 128
20 129
20 131
20 134
20 135
20 136
20 137
20 143
20 148
20 101
20 104
20 105
20 109
20 111
20 113
20 114
20 115
20 117
20 118
20 121
20 152
20 159
20 161
20 166
20 167
20 168
20 170
20 171
20 175
20 190
20 193
20 195
20 196
20 198
20 200
20 201
20 206
20 207
20 210
20 211
20 213
20 216
20 220
20 222
20 225
20 229
20 236
20 242
20 244
20 246
20 248
21 22
21 23
21 24
21 25
21 26
21 27
21 29
21 30
21 31
21 32
21 33
21 34
21 35
21 36
21 37
21 38
21 39
21 40
21 41
21 42
21 43
21 44
21 45
21 46
21 47
21 48
21 49
21 52
21 59
21 64
21 65
21 75
21 77
21 78
21 81
21 90
21 94
21 98
21 128
21 130
21 132
21 137
21 142
21 144
21 145
21 147
21 148
21 149
21 100
21 101
21 103
21 107
21 108
21 119
21 121
21 122
21 127
21 156
21 157
21 160
21 161
21 162
21 164
21 168
21 170
21 176
21 177
21 178
21 181
21 182
21 188
21 194
21 195
21 196
21 197
21 198
21 200
21 203
21 206
21 207
21 209
21 221
21 222
21 226
21 229
21 233
21 237
21 241
22 23
22 24
22 25
22 26
22 27
22 29
22 30
22 32
22 34
22 36
22 38
22 40
22 42
22 43
22 44
22 45
22 46
22 47
22 48
22 49
22 50
22 58
22 60
22 61
22 62
22 65
22 68
22 70
22 71
22 73
22 74
22 77
22 78
22 82
22 99
22 129
22 138
22 142
22 143
22 146
22 103
22 104
22 107
22 109
22 116
22 120
22 121
22 126
22 161
22 163
22 169
22 173
22 176
22 177
22 182
22 183
22 185
22 190
22 194
22 195
22 196
22 200
22 201
22 214
22 221
22 222
22 224
22 230
22 236
22 241
22 245
22 247
23 24
23 25
23 26
23 27
23 28
23 29
23 30
23 31
23 32
23 33
23 34
23 35
23 36
23 37
23 38
23 39
23 40
23 41
23 44
23 45
23 46
23 47
23 48
23 49
23 50
23 52
23 54
23 55
23 56
23 67
23 69
23 80
23 81
23 82
23 84
23 94
23 99
23 128
23 131
23 132
23 133
23 135
23 138
23 139
23 141
23 142
23 143
23 147
23 101
23 102
23 104
23 110
23 121
23 122
23 126
23 150
23 154
23 162
23 167
23 177
23 182
23 186
23 191
23 195
23 196
23 198
23 199
23 200
23 202
23 205
23 210
23 212
23 213
23 218
23 225
23 227
23 230
23 231
23 236
23 239
23 241
23 242
23 245
23 247
23 248
23 249
24 25
24 26
24 27
24 28
24 30
24 31
24 32
24 33
24 35
24 36
24 37
24 38
24 39
24 40
24 41
24 42
24 43
24 44
24 45
24 46
24 47
24 48
24 49
24 50
24 53
24 55
24 56
24 60
24 62
24 63
24 64
24 65
24 82
24 83
24 86
24 87
24 88
24 91
24 96
24 130
24 131
24 133
24 138
24 144
24 148
24 102
24 106
24 107
24 119
24 120
24 121
24 124
24 127
24 152
24 154
24 156
24 163
24 166
24 169
24 170
24 171
24 172
24 175
24 176
24 183
24 184
24 186
24 189
24 196
24 198
24 199
24 200
24 206
24 208
24 219
24 222
24 224
24 225
24 226
24 228
24 231
24 232
24 234
24 236
24 239
24 241
24 243
24 249
25 26
25 28
25 29
25 31
25 32
25 34
25 35
25 36
25 37
25 38
25 39
25 40
25 41
25 42
25 43
25 44
25 45
25 46
25 47
25 48
25 49
25 55
25 61
25 62
25 65
25 66
25 67
25 69
25 75
25 79
25 81
25 86
25 90
25 91
25 99
25 128
25 131
25 132
25 133
25 142
25 144
25 147
25 148
25 101
25 102
25 103
25 105
25 106
25 110
25 111
25 112
25 117
25 118
25 124
25 125
25 126
25 154
25 156
25 158
25 159
25 162
25 163
25 164
25 166
25 172
25 177
25 181
25 184
25 186
25 193
25 195
25 196
25 197
25 198
25 208
25 211
25 213
25 214
25 215
25 216
25 218
25 223
25 236
25 238
26 28
26 29
26 30
26 31
26 32
26 35
26 36
26 37
26 38
26 39
26 40
26 42
26 43
26 44
26 46
26 47
26 48
26 49
26 50
26 52
26 57
26 63
26 67
26 72
26 75
26 78
26 80
26 83
26 86
26 89
26 93
26 96
26 99
26 128
26 129
26 132
26 133
26 138
26 140
26 141
26 142
26 143
26 144
26 145
26 146
26 147
26 100
26 101
26 104
26 113
26 114
26 116
26 117
26 119
26 122
26 125
26 156
26 162
26 163
26 165
26 170
26 171
26 180
26 181
26 184
26 189
26 190
26 195
26 202
26 204
26 205
26 210
26 211
26 217
26 218
26 220
26 222
26 225
26 230
26 235
26 237
26 239
26 240
26 244
26 246
26 247
27 28
27 29
27 31
27 32
27 33
27 34
27 35
27 36
27 37
27 38
27 39
27 40
27 41
27 42
27 43
27 44
27 45
27 46
27 47
27 48
27 49
27 51
27 56
27 57
27 64
27 65
27 67
27 73
27 79
27 88
27 89
27 93
27 97
27 98
27 99
27 129
27 131
27 132
27 139
27 141
27 103
27 107
27 118
27 121
27 125
27 157
27 159
27 161
27 169
27 171
27 176
27 187
27 188
27 190
27 195
27 200
27 203
27 204
27 208
27 213
27 218
27 220
27 221
27 229
27 234
27 236
27 237
27 239
27 245
28 29
28 30
28 31
28 33
28 34
28 35
28 36
28 37
28 38
28 40
28 41
28 42
28 44
28 46
28 47
28 48
28 49
28 50
28 54
28 56
28 62
28 66
28 67
28 69
28 70
28 73
28 74
28 79
28 94
28 97
28 130
28 135
28 138
28 140
28 100
28 104
28 107
28 109
28 110
28 116
28 127
28 152
28 162
28 165
28 171
28 174
28 176
28 181
28 183
28 184
28 185
28 190
28 191
28 194
28 198
28 200
28 202
28 203
28 204
28 209
28 215
28 218
28 220
28 225
28 228
28 229
28 230
28 232
28 233
28 238
28 246
28 249
29 30
29 31
29 32
29 33
29 34
29 37
29 38
29 39
29 40
29 41
29 42
29 44
29 45
29 46
29 47
29 48
29 50
29 52
29 56
29 57
29 62
29 70
29 73
29 75
29 79
29 82
29 87
29 88
29 90
29 93
29 96
29 135
29 136
29 139
29 142
29 144
29 100
29 101
29 105
29 107
29 111
29 113
29 115
29 116
29 118
29 120
29 122
29 150
29 154
29 159
29 171
29 172
29 173
29 178
29 182
29 183
29 199
29 203
29 204
29 205
29 209
29 211
29 213
29 214
29 215
29 217
29 219
29 220
29 221
29 223
29 230
29 233
29 245
30 31
30 32
30 33
30 34
30 35
30 36
30 37
30 39
30 40
30 41
30 42
30 43
30 44
30 45
30 46
30 47
30 48
30 49
30 51
30 53
30 56
30 57
30 60
30 66
30 67
30 70
30 72
30 75
30 79
30 80
30 81
30 83
30 84
30 88
30 89
30 97
30 99
30 128
30 134
30 135
30 136
30 137
30 140
30 143
30 100
30 102
30 103
30 105
30 109
30 114
30 116
30 117
30 118
30 120
30 121
30 122
30 125
30 150
30 151
30 152
30 162
30 168
30 173
30 176
30 178
30 179
30 181
30 184
30 186
30 187
30 193
30 198
30 199
30 200
30 201
30 208
30 211
30 212
30 214
30 215
30 220
30 229
30 230
30 232
30 233
30 236
30 238
30 242
30 245
30 249
31 32
31 33
31 34
31 35
31 36
31 37
31 38
31 40
31 41
31 42
31 43
31 44
31 46
31 48
31 49
31 52
31 53
31 59
31 63
31 65
31 68
31 70
31 72
31 74
31 75
31 79
31 84
31 87
31 89
31 90
31 95
31 96
31 98
31 131
31 133
31 137
31 138
31 142
31 147
31 100
31 102
31 104
31 105
31 107
31 110
31 116
31 117
31 121
31 123
31 150
31 152
31 153
31 156
31 157
31 159
31 164
31 167
31 168
31 170
31 177
31 179
31 183
31 184
31 189
31 193
31 195
31 198
31 199
31 200
31 202
31 205
31 206
31 211
31 220
31 221
31 230
31 234
31 236
31 238
31 239
31 249
32 33
32 35
32 36
32 37
32 38
32 40
32 41
32 42
32 43
32 44
32 45
32 46
32 47
32 48
32 49
32 54
32 55
32 57
32 59
32 61
32 63
32 66
32 67
32 68
32 73
32 75
32 77
32 78
32 87
32 88
32 99
32 134
32 136
32 137
32 139
32 140
32 142
32 143
32 144
32 149
32 100
32 102
32 103
32 105
32 106
32 115
32 119
32 124
32 125
32 153
32 158
32 159
32 161
32 162
32 166
32 167
32 175
32 177
32 183
32 184
32 186
32 189
32 190
32 192
32 195
32 199
32 202
32 214
32 218
32 220
32 228
32 236
32 237
32 239
32 243
33 35
33 36
33 37
33 40
33 41
33 42
33 43
33 44
33 45
33 46
33 47
33 48
33 49
33 50
33 51
33 53
33 60
33 65
33 66
33 69
33 71
33 72
33 77
33 86
33 92
33 96
33 99
33 130
33 134
33 135
33 137
33 139
33 148
33 149
33 101
33 104
33 110
33 113
33 114
33 117
33 119
33 121
33 124
33 125
33 126
33 151
33 159
33 167
33 168
33 169
33 173
33 174
33 176
33 178
33 192
33 193
33 196
33 197
33 205
33 209
33 212
33 216
33 218
33 225
33 227
33 231
33 233
33 239
33 241
33 243
33 245
33 247
33 249
34 35
34 36
34 37
34 38
34 39
34 40
34 41
34 42
34 45
34 46
34 47
34 48
34 51
34 58
34 60
34 74
34 77
34 79
34 84
34 92
34 93
34 95
34 131
34 134
34 137
34 143
34 145
34 102
34 103
34 107
34 115
34 116
34 118
34 121
34 125
34 126
34 150
34 151
34 156
34 158
34 164
34 166
34 170
34 180
34 182
34 183
34 184
34 195
34 198
34 201
34 202
34 204
34 207
34 210
34 211
34 212
34 214
34 215
34 229
34 234
34 244
34 247
34 249
35 36
35 37
35 38
35 40
35 41
35 42
35 43
35 44
35 45
35 46
35 47
35 48
35 49
35 50
35 51
35 52
35 56
35 63
35 64
35 66
35 67
35 68
35 69
35 74
35 78
35 85
35 94
35 97
35 133
35 137
35 138
35 139
35 144
35 145
35 146
35 147
35 148
35 103
35 110
35 112
35 113
35 114
35 115
35 117
35 119
35 123
35 125
35 127
35 156
35 157
35 160
35 162
35 163
35 164
35 176
35 179
35 183
35 186
35 189
35 195
35 197
35 199
35 204
35 206
35 207
35 208
35 213
35 217
35 220
35 221
35 225
35 228
35 229
35 230
35 234
35 235
35 237
35 238
35 240
35 242
35 246
36 37
36 38
36 39
36 40
36 41
36 42
36 43
36 44
36 45
36 46
36 47
36 48
36 49
36 52
36 57
36 62
36 65
36 71
36 72
36 73
36 77
36 81
36 85
36 90
36 91
36 93
36 94
36 95
36 98
36 129
36 130
36 132
36 133
36 142
36 143
36 145
36 103
36 105
36 109
36 111
36 112
36 116
36 118
36 119
36 152
36 155
36 164
36 169
36 172
36 177
36 179
36 184
36 185
36 187
36 191
36 215
36 219
36 224
36 227
36 235
36 236
36 238
36 240
36 245
36 246
37 39
37 40
37 41
37 42
37 43
37 44
37 45
37 46
37 47
37 48
37 49
37 51
37 52
37 57
37 58
37 63
37 65
37 71
37 78
37 79
37 82
37 92
37 93
37 94
37 97
37 129
37 130
37 132
37 136
37 138
37 139
37 140
37 143
37 144
37 101
37 104
37 105
37 106
37 108
37 111
37 115
37 119
37 152
37 156
37 158
37 164
37 165
37 166
37 173
37 175
37 177
37 178
37 180
37 181
37 182
37 183
37 187
37 191
37 193
37 195
37 196
37 198
37 199
37 203
37 204
37 205
37 206
37 210
37 214
37 224
37 230
37 231
37 232
37 233
37 234
37 235
37 236
37 239
37 240
37 241
38 40
38 41
38 42
38 43
38 44
38 45
38 47
38 48
38 49
38 52
38 54
38 55
38 60
38 61
38 62
38 69
38 71
38 74
38 76
38 83
38 86
38 87
38 89
38 90
38 96
38 97
38 98
38 99
38 129
38 130
38 135
38 139
38 145
38 148
38 149
38 102
38 107
38 108
38 112
38 114
38 116
38 117
38 118
38 119
38 121
38 122
38 123
38 124
38 125
38 127
38 151
38 156
38 159
38 161
38 165
38 167
38 171
38 176
38 179
38 183
38 184
38 193
38 197
38 202
38 206
38 208
38 211
38 212
38 213
38 214
38 215
38 217
38 218
38 220
38 224
38 225
38 230
38 233
38 234
38 237
38 239
38 241
38 242
39 40
39 41
39 42
39 43
39 44
39 45
39 46
39 47
39 48
39 49
39 58
39 64
39 74
39 78
39 79
39 82
39 85
39 88
39 90
39 92
39 94
39 136
39 140
39 142
39 146
39 100
39 104
39 107
39 112
39 113
39 118
39 120
39 124
39 125
39 126
39 151
39 154
39 155
39 158
39 177
39 180
39 192
39 194
39 195
39 206
39 207
39 208
39 209
39 210
39 221
39 223
39 224
39 228
39 229
39 230
39 241
39 245
40 41
40 42
40 43
40 44
40 45
40 46
40 47
40 48
40 49
40 53
40 54
40 58
40 59
40 61
40 63
40 65
40 69
40 71
40 73
40 74
40 78
40 79
40 80
40 82
40 94
40 95
40 96
40 98
40 136
40 138
40 142
40 143
40 144
40 145
40 146
40 103
40 104
40 107
40 110
40 113
40 115
40 122
40 153
40 160
40 165
40 172
40 173
40 179
40 180
40 181
40 182
40 187
40 193
40 197
40 198
40 199
40 204
40 205
40 208
40 209
40 210
40 212
40 213
40 214
40 217
40 222
40 223
40 224
40 225
40 229
40 233
40 241
40 243
40 244
40 247
41 42
41 44
41 45
41 46
41 47
41 48
41 49
41 51
41 52
41 53
41 54
41 63
41 64
41 65
41 66
41 74
41 75
41 76
41 77
41 92
41 95
41 97
41 133
41 134
41 138
41 140
41 143
41 147
41 101
41 102
41 104
41 105
41 112
41 115
41 123
41 124
41 126
41 153
41 156
41 157
41 159
41 163
41 168
41 169
41 172
41 181
41 188
41 189
41 192
41 194
41 200
41 207
41 209
41 215
41 217
41 226
41 228
41 231
41 235
41 236
41 243
41 244
41 245
41 246
41 247
41 249
42 44
42 46
42 48
42 49
42 61
42 63
42 70
42 72
42 75
42 81
42 83
42 84
42 86
42 91
42 93
42 95
42 128
42 129
42 131
42 133
42 135
42 136
42 137
42 142
42 143
42 144
42 146
42 100
42 102
42 103
42 107
42 108
42 112
42 119
42 123
42 124
42 154
42 155
42 160
42 170
42 172
42 174
42 175
42 185
42 189
42 190
42 191
42 192
42 194
42 198
42 199
42 205
42 207
42 211
42 214
42 220
42 221
42 235
42 237
42 241
42 242
43 44
43 45
43 46
43 48
43 49
43 50
43 56
43 63
43 64
43 68
43 69
43 73
43 88
43 89
43 94
43 128
43 130
43 132
43 135
43 136
43 144
43 146
43 147
43 101
43 102
43 107
43 109
43 121
43 125
43 127
43 151
43 156
43 163
43 165
43 167
43 175
43 179
43 182
43 184
43 187
43 189
43 192
43 195
43 197
43 198
43 199
43 201
43 203
43 204
43 210
43 211
43 213
43 218
43 219
43 225
43 230
43 231
43 244
43 245
43 249
44 45
44 46
44 47
44 48
44 49
44 50
44 51
44 53
44 57
44 61
44 64
44 65
44 68
44 70
44 73
44 74
44 75
44 76
44 82
44 84
44 86
44 89
44 90
44 92
44 96
44 97
44 133
44 139
44 104
44 109
44 110
44 112
44 113
44 116
44 121
44 124
44 125
44 152
44 155
44 156
44 163
44 167
44 168
44 170
44 181
44 183
44 186
44 188
44 195
44 197
44 198
44 202
44 206
44 217
44 221
44 223
44 225
44 232
44 236
44 237
44 239
44 240
44 243
45 46
45 47
45 48
45 49
45 52
45 56
45 60
45 67
45 68
45 69
45 70
45 71
45 72
45 74
45 88
45 92
45 96
45 97
45 128
45 129
45 131
45 132
45 133
45 135
45 137
45 144
45 101
45 104
45 105
45 107
45 108
45 110
45 111
45 112
45 114
45 115
45 122
45 127
45 151
45 152
45 156
45 158
45 159
45 161
45 171
45 172
45 191
45 193
45 194
45 197
45 198
45 200
45 201
45 202
45 205
45 206
45 208
45 210
45 213
45 215
45 221
45 222
45 227
45 235
45 239
45 242
45 244
45 246
46 47
46 48
46 49
46 52
46 53
46 56
46 60
46 61
46 63
46 65
46 68
46 72
46 74
46 77
46 78
46 82
46 83
46 89
46 90
46 94
46 95
46 96
46 135
46 143
46 146
46 149
46 100
46 102
46 114
46 119
46 150
46 152
46 153
46 155
46 157
46 158
46 161
46 162
46 163
46 166
46 169
46 173
46 191
46 194
46 197
46 203
46 204
46 206
46 209
46 211
46 213
46 225
46 233
46 239
46 245
46 246
46 248
47 48
47 49
47 50
47 57
47 68
47 74
47 77
47 82
47 83
47 87
47 88
47 130
47 132
47 133
47 135
47 138
47 140
47 141
47 142
47 145
47 147
47 101
47 102
47 107
47 115
47 117
47 118
47 120
47 121
47 126
47 151
47 154
47 159
47 163
47 165
47 172
47 178
47 182
47 196
47 200
47 202
47 205
47 206
47 208
47 212
47 216
47 217
47 218
47 221
47 222
47 227
47 228
47 230
47 232
47 235
47 239
47 241
47 242
48 49
48 50
48 55
48 56
48 57
48 64
48 65
48 68
48 70
48 75
48 76
48 84
48 97
48 99
48 128
48 129
48 136
48 139
48 141
48 143
48 145
48 101
48 102
48 107
48 108
48 109
48 150
48 154
48 158
48 161
48 166
48 168
48 169
48 170
48 173
48 177
48 178
48 179
48 181
48 182
48 190
48 191
48 195
48 196
48 197
48 200
48 202
48 203
48 208
48 213
48 214
48 218
48 219
48 221
48 222
48 223
48 225
48 228
48 229
48 233
48 235
48 243
48 245
48 249
49 50
49 51
49 54
49 57
49 60
49 63
49 66
49 67
49 73
49 75
49 76
49 79
49 82
49 92
49 93
49 94
49 96
49 98
49 130
49 131
49 136
49 140
49 143
49 144
49 145
49 146
49 147
49 148
49 100
49 103
49 104
49 106
49 114
49 115
49 121
49 124
49 127
49 150
49 157
49 159
49 165
49 166
49 171
49 173
49 174
49 177
49 180
49 182
49 198
49 199
49 208
49 212
49 214
49 218
49 219
49 226
49 231
49 234
49 239
49 246
49 247
50 51
50 52
50 53
50 54
50 55
50 57
50 58
50 59
50 60
50 61
50 62
50 63
50 64
50 65
50 66
50 67
50 68
50 69
50 70
50 71
50 72
50 73
50 74
50 75
50 76
50 77
50 78
50 79
50 80
50 81
50 82
50 83
50 84
50 85
50 86
50 87
50 88
50 89
50 90
50 91
50 93
50 94
50 96
50 97
50 98
50 99
50 129
50 132
50 133
50 136
50 139
50 140
50 143
50 144
50 146
50 148
50 100
50 105
50 112
50 113
50 116
50 127
50 153
50 156
50 160
50 176
50 178
50 179
50 187
50 188
50 190
50 193
50 197
50 199
50 201
50 207
50 211
50 212
50 220
50 221
50 223
50 226
50 232
50 234
50 242
50 245
50 246
50 249
51 52
51 53
51 54
51 55
51 56
51 57
51 59
51 60
51 61
51 62
51 63
51 64
51 65
51 66
51 67
51 68
51 69
51 70
51 71
51 72
51 73
51 74
51 75
51 76
51 77
51 78
51 79
51 81
51 82
51 83
51 84
51 85
51 86
51 87
51 88
51 89
51 90
51 91
51 95
51 96
51 97
51 99
51 131
51 133
51 135
51 136
51 141
51 142
51 145
51 149
51 100
51 101
51 102
51 107
51 114
51 115
51 117
51 118
51 119
51 120
51 122
51 124
51 126
51 160
51 161
51 166
51 174
51 184
51 190
51 197
51 200
51 201
51 202
51 203
51 204
51 205
51 206
51 207
51 209
51 213
51 217
51 218
51 223
51 225
51 233
51 237
51 240
51 244
51 245
51 249
52 53
52 54
52 55
52 57
52 58
52 59
52 60
52 61
52 62
52 63
52 64
52 65
52 66
52 67
52 68
52 69
52 70
52 71
52 72
52 73
52 74
52 75
52 76
52 78
52 79
52 80
52 81
52 82
52 84
52 85
52 86
52 87
52 88
52 89
52 91
52 92
52 93
52 94
52 95
52 96
52 97
52 98
52 128
52 130
52 131
52 136
52 142
52 144
52 148
52 149
52 108
52 116
52 117
52 118
52 123
52 156
52 157
52 159
52 163
52 164
52 176
52 178
52 185
52 188
52 193
52 205
52 207
52 214
52 219
52 220
52 222
52 223
52 226
52 230
52 231
52 232
52 237
52 241
52 244
52 245
52 247
52 249
53 54
53 56
53 57
53 58
53 59
53 60
53 61
53 62
53 63
53 64
53 65
53 66
53 67
53 68
53 69
53 70
53 71
53 72
53 73
53 74
53 75
53 77
53 78
53 79
53 80
53 81
53 82
53 84
53 85
53 86
53 87
53 88
53 89
53 90
53 91
53 92
53 93
53 94
53 95
53 96
53 97
53 99
53 129
53 135
53 136
53 137
53 143
53 145
53 146
53 115
53 116
53 119
53 123
53 125
53 152
53 159
53 162
53 165
53 169
53 177
53 187
53 190
53 191
53 197
53 201
53 202
53 208
53 218
53 224
53 227
53 228
53 230
53 233
53 239
53 240
53 241
53 242
53 248
54 55
54 58
54 59
54 60
54 61
54 62
54 63
54 64
54 66
54 67
54 69
54 70
54 72
54 73
54 74
54 75
54 76
54 77
54 78
54 79
54 80
54 81
54 82
54 83
54 85
54 86
54 87
54 88
54 89
54 90
54 91
54 93
54 94
54 95
54 96
54 97
54 98
54 128
54 129
54 131
54 134
54 139
54 144
54 145
54 103
54 104
54 105
54 108
54 109
54 110
54 114
54 115
54 117
54 120
54 121
54 122
54 154
54 157
54 159
54 160
54 165
54 167
54 168
54 170
54 175
54 181
54 186
54 188
54 198
54 205
54 211
54 212
54 216
54 218
54 220
54 222
54 238
54 241
54 243
54 245
54 249
55 57
55 58
55 59
55 60
55 61
55 62
55 63
55 64
55 65
55 66
55 67
55 68
55 69
55 70
55 71
55 72
55 74
55 75
55 76
55 77
55 78
55 79
55 80
55 81
55 82
55 83
55 84
55 85
55 86
55 88
55 89
55 92
55 93
55 95
55 96
55 97
55 98
55 99
55 129
55 134
55 135
55 139
55 141
55 142
55 143
55 148
55 108
55 112
55 114
55 115
55 118
55 121
55 122
55 125
55 126
55 157
55 159
55 160
55 161
55 177
55 178
55 184
55 185
55 186
55 197
55 199
55 200
55 201
55 204
55 205
55 209
55 210
55 216
55 220
55 222
55 223
55 224
55 227
55 230
55 231
55 232
55 233
55 234
55 240
55 248
55 249
56 57
56 59
56 60
56 61
56 62
56 63
56 64
56 65
56 67
56 68
56 69
56 70
56 71
56 72
56 73
56 74
56 76
56 77
56 78
56 79
56 80
56 82
56 83
56 84
56 85
56 86
56 87
56 88
56 89
56 90
56 91
56 92
56 93
56 94
56 95
56 96
56 97
56 98
56 99
56 131
56 133
56 137
56 144
56 146
56 147
56 104
56 105
56 106
56 107
56 109
56 110
56 112
56 115
56 118
56 119
56 120
56 121
56 122
56 127
56 150
56 151
56 152
56 153
56 165
56 166
56 171
56 173
56 177
56 179
56 183
56 192
56 194
56 195
56 197
56 200
56 202
56 210
56 211
56 216
56 217
56 218
56 222
56 224
56 227
56 235
56 239
56 240
56 242
56 244
56 246
56 247
57 58
57 59
57 60
57 61
57 62
57 63
57 64
57 66
57 67
57 68
57 69
57 70
57 71
57 72
57 73
57 74
57 75
57 76
57 77
57 78
57 79
57 80
57 81
57 82
57 83
57 84
57 85
57 86
57 87
57 88
57 89
57 90
57 91
57 92
57 93
57 94
57 95
57 96
57 97
57 98
57 99
57 130
57 133
57 136
57 139
57 149
57 100
57 101
57 107
57 115
57 116
57 117
57 120
57 122
57 124
57 127
57 152
57 160
57 161
57 167
57 168
57 169
57 170
57 171
57 173
57 175
57 176
57 178
57 182
57 185
57 186
57 188
57 189
57 196
57 198
57 200
57 203
57 206
57 208
57 213
57 216
57 217
57 220
57 221
57 222
57 224
57 227
57 229
57 231
57 237
57 238
58 59
58 60
58 61
58 62
58 63
58 64
58 65
58 66
58 67
58 68
58 69
58 70
58 71
58 72
58 73
58 74
58 75
58 76
58 77
58 78
58 79
58 80
58 81
58 82
58 83
58 84
58 85
58 86
58 87
58 88
58 89
58 91
58 92
58 93
58 94
58 96
58 97
58 98
58 99
58 130
58 133
58 134
58 135
58 140
58 141
58 144
58 145
58 101
58 102
58 111
58 115
58 116
58 125
58 127
58 150
58 152
58 156
58 157
58 160
58 161
58 162
58 173
58 175
58 179
58 181
58 183
58 184
58 186
58 187
58 188
58 192
58 198
58 201
58 204
58 209
58 212
58 213
58 217
58 225
58 235
58 237
58 240
58 241
58 244
58 249
59 60
59 61
59 63
59 64
59 65
59 66
59 67
59 69
59 70
59 71
59 72
59 73
59 74
59 75
59 76
59 77
59 78
59 79
59 80
59 81
59 82
59 83
59 84
59 85
59 86
59 87
59 88
59 89
59 90
59 91
59 92
59 93
59 94
59 95
59 96
59 97
59 98
59 99
59 130
59 133
59 142
59 143
59 144
59 102
59 103
59 105
59 106
59 107
59 108
59 111
59 114
59 115
59 117
59 118
59 119
59 122
59 127
59 151
59 155
59 156
59 158
59 163
59 164
59 167
59 173
59 177
59 182
59 183
59 187
59 190
59 193
59 199
59 203
59 206
59 210
59 212
59 226
59 233
59 236
59 240
60 61
60 62
60 63
60 64
60 65
60 66
60 67
60 68
60 69
60 70
60 71
60 72
60 74
60 75
60 76
60 77
60 78
60 79
60 80
60 81
60 82
60 84
60 85
60 86
60 87
60 88
60 89
60 90
60 91
60 92
60 93
60 94
60 95
60 96
60 97
60 98
60 99
60 129
60 133
60 134
60 135
60 137
60 139
60 142
60 143
60 144
60 145
60 146
60 147
60 102
60 109
60 110
60 115
60 116
60 118
60 121
60 124
60 125
60 150
60 153
60 157
60 163
60 166
60 174
60 179
60 182
60 185
60 188
60 190
60 193
60 196
60 200
60 202
60 204
60 205
60 206
60 211
60 216
60 217
60 219
60 221
60 223
60 226
60 227
60 231
60 235
60 236
60 238
60 240
60 245
60 249
61 62
61 63
61 64
61 66
61 67
61 68
61 69
61 70
61 71
61 72
61 73
61 74
61 76
61 77
61 78
61 79
61 80
61 81
61 82
61 83
61 85
61 86
61 88
61 89
61 90
61 91
61 92
61 93
61 95
61 96
61 97
61 98
61 99
61 132
61 141
61 149
61 103
61 104
61 105
61 106
61 107
61 110
61 111
61 117
61 120
61 124
61 151
61 152
61 153
61 158
61 159
61 161
61 164
61 170
61 181
61 183
61 185
61 187
61 188
61 189
61 191
61 193
61 196
61 197
61 202
61 206
61 207
61 220
61 222
61 223
61 224
61 227
61 228
61 229
61 235
61 238
61 239
61 241
61 246
62 63
62 64
62 65
62 66
62 68
62 69
62 70
62 71
62 72
62 73
62 74
62 75
62 77
62 78
62 79
62 80
62 81
62 82
62 83
62 84
62 86
62 87
62 88
62 89
62 91
62 92
62 93
62 94
62 95
62 97
62 98
62 99
62 129
62 135
62 136
62 140
62 146
62 100
62 101
62 104
62 105
62 108
62 110
62 113
62 114
62 122
62 151
62 152
62 155
62 158
62 159
62 160
62 166
62 173
62 184
62 191
62 192
62 193
62 194
62 195
62 199
62 200
62 201
62 205
62 209
62 212
62 216
62 223
62 230
62 231
62 236
62 241
62 247
63 64
63 65
63 66
63 68
63 69
63 70
63 71
63 72
63 73
63 74
63 75
63 76
63 77
63 78
63 80
63 81
63 82
63 83
63 84
63 85
63 86
63 87
63 88
63 89
63 90
63 91
63 92
63 93
63 94
63 95
63 96
63 97
63 98
63 99
63 128
63 129
63 130
63 133
63 137
63 145
63 146
63 147
63 148
63 149
63 102
63 103
63 107
63 108
63 109
63 111
63 114
63 119
63 123
63 124
63 126
63 127
63 156
63 165
63 166
63 173
63 180
63 181
63 186
63 192
63 195
63 196
63 204
63 208
63 209
63 213
63 215
63 217
63 218
63 221
63 225
63 229
63 230
63 234
63 239
63 241
63 247
63 249
64 65
64 66
64 67
64 68
64 69
64 70
64 71
64 72
64 73
64 75
64 76
64 77
64 78
64 79
64 80
64 81
64 82
64 83
64 84
64 86
64 87
64 88
64 89
64 90
64 91
64 93
64 94
64 95
64 96
64 97
64 98
64 99
64 129
64 131
64 140
64 142
64 100
64 104
64 108
64 111
64 112
64 116
64 118
64 122
64 125
64 127
64 169
64 170
64 177
64 184
64 191
64 192
64 194
64 198
64 209
64 211
64 215
64 216
64 221
64 225
64 227
64 231
64 236
64 237
64 249
65 66
65 68
65 69
65 70
65 71
65 72
65 73
65 74
65 75
65 76
65 77
65 78
65 79
65 80
65 81
65 82
65 83
65 84
65 85
65 86
65 88
65 89
65 90
65 91
65 92
65 93
65 94
65 95
65 96
65 97
65 98
65 99
65 130
65 133
65 140
65 148
65 100
65 103
65 104
65 109
65 111
65 120
65 126
65 127
65 157
65 160
65 163
65 167
65 173
65 174
65 180
65 182
65 185
65 186
65 188
65 194
65 196
65 197
65 199
65 201
65 203
65 208
65 211
65 216
65 219
65 221
65 222
65 229
65 231
65 232
65 242
65 244
65 245
65 246
65 247
66 67
66 68
66 69
66 70
66 71
66 72
66 73
66 74
66 75
66 76
66 77
66 78
66 79
66 80
66 81
66 82
66 83
66 84
66 85
66 86
66 87
66 88
66 89
66 90
66 91
66 92
66 94
66 95
66 96
66 97
66 99
66 131
66 133
66 134
66 135
66 140
66 141
66 143
66 144
66 147
66 148
66 100
66 104
66 107
66 111
66 112
66 122
66 156
66 157
66 160
66 166
66 168
66 176
66 177
66 178
66 180
66 181
66 182
66 183
66 190
66 193
66 197
66 199
66 201
66 202
66 203
66 204
66 206
66 207
66 208
66 211
66 218
66 219
66 224
66 230
66 233
66 235
66 237
66 238
66 242
66 243
66 244
66 245
66 246
67 68
67 69
67 70
67 71
67 72
67 74
67 75
67 76
67 77
67 78
67 79
67 80
67 81
67 83
67 84
67 86
67 87
67 88
67 89
67 90
67 91
67 92
67 93
67 94
67 95
67 96
67 97
67 98
67 99
67 130
67 134
67 135
67 140
67 146
67 100
67 107
67 110
67 112
67 114
67 122
67 124
67 126
67 158
67 160
67 171
67 173
67 177
67 178
67 180
67 184
67 191
67 195
67 197
67 201
67 203
67 207
67 208
67 209
67 210
67 221
67 230
67 231
67 237
67 238
67 239
67 240
67 241
67 242
67 247
67 249
68 70
68 71
68 72
68 73
68 74
68 75
68 77
68 78
68 79
68 80
68 81
68 82
68 83
68 84
68 85
68 86
68 87
68 90
68 91
68 92
68 93
68 94
68 95
68 96
68 97
68 98
68 128
68 130
68 132
68 139
68 147
68 102
68 103
68 109
68 112
68 113
68 115
68 118
68 119
68 120
68 122
68 123
68 152
68 153
68 154
68 157
68 159
68 164
68 172
68 181
68 188
68 189
68 195
68 197
68 200
68 201
68 203
68 206
68 208
68 210
68 211
68 217
68 220
68 222
68 228
68 229
68 232
68 233
68 235
68 240
68 241
68 244
68 247
68 249
69 70
69 71
69 72
69 73
69 74
69 75
69 76
69 77
69 78
69 80
69 81
69 82
69 83
69 84
69 85
69 86
69 87
69 88
69 89
69 90
69 91
69 92
69 93
69 94
69 95
69 96
69 97
69 98
69 99
69 132
69 133
69 136
69 138
69 147
69 148
69 149
69 105
69 109
69 111
69 114
69 118
69 119
69 121
69 123
69 153
69 154
69 161
69 163
69 164
69 166
69 173
69 174
69 176
69 177
69 183
69 185
69 186
69 190
69 194
69 195
69 196
69 202
69 206
69 207
69 208
69 213
69 221
69 222
69 229
69 230
69 236
69 237
69 238
69 239
69 240
69 241
69 244
69 245
69 249
70 71
70 72
70 73
70 75
70 77
70 78
70 79
70 80
70 81
70 82
70 83
70 84
70 85
70 86
70 87
70 88
70 89
70 90
70 91
70 92
70 93
70 94
70 95
70 96
70 97
70 98
70 99
70 134
70 136
70 137
70 138
70 139
70 142
70 145
70 146
70 102
70 103
70 106
70 112
70 121
70 123
70 125
70 127
70 156
70 158
70 160
70 162
70 166
70 174
70 176
70 177
70 178
70 186
70 189
70 190
70 193
70 194
70 199
70 200
70 201
70 202
70 203
70 205
70 212
70 213
70 214
70 217
70 218
70 222
70 226
70 232
70 233
70 234
70 235
70 239
70 240
70 242
70 246
70 249
71 72
71 73
71 74
71 75
71 76
71 77
71 78
71 79
71 80
71 81
71 82
71 84
71 86
71 87
71 88
71 89
71 90
71 91
71 92
71 94
71 95
71 96
71 97
71 99
71 128
71 139
71 140
71 142
71 148
71 103
71 105
71 106
71 114
71 115
71 118
71 120
71 122
71 127
71 157
71 158
71 160
71 162
71 164
71 172
71 173
71 175
71 176
71 183
71 184
71 188
71 191
71 197
71 199
71 200
71 202
71 207
71 209
71 212
71 213
71 221
71 223
71 229
71 233
71 234
71 235
71 241
71 242
72 73
72 74
72 75
72 76
72 77
72 78
72 79
72 80
72 81
72 82
72 83
72 84
72 85
72 86
72 87
72 88
72 89
72 90
72 91
72 92
72 93
72 94
72 96
72 97
72 98
72 99
72 128
72 130
72 133
72 135
72 145
72 147
72 100
72 102
72 103
72 109
72 112
72 116
72 118
72 120
72 122
72 125
72 127
72 150
72 153
72 158
72 159
72 161
72 162
72 164
72 165
72 166
72 172
72 176
72 177
72 182
72 188
72 193
72 194
72 195
72 200
72 204
72 205
72 207
72 215
72 216
72 221
72 222
72 224
72 231
72 238
72 241
72 246
73 74
73 75
73 76
73 77
73 78
73 79
73 80
73 81
73 82
73 83
73 84
73 85
73 86
73 87
73 90
73 91
73 92
73 93
73 94
73 97
73 98
73 99
73 130
73 136
73 137
73 141
73 145
73 146
73 149
73 100
73 103
73 106
73 112
73 116
73 119
73 124
73 126
73 150
73 151
73 156
73 160
73 162
73 163
73 164
73 165
73 168
73 175
73 178
73 180
73 184
73 185
73 192
73 194
73 196
73 197
73 198
73 199
73 204
73 209
73 211
73 217
73 218
73 223
73 224
73 225
73 226
73 227
73 228
73 229
73 230
73 236
73 237
73 238
73 243
73 246
74 75
74 76
74 78
74 79
74 80
74 81
74 83
74 84
74 85
74 86
74 87
74 88
74 89
74 90
74 91
74 92
74 93
74 94
74 95
74 96
74 97
74 98
74 99
74 129
74 130
74 132
74 136
74 141
74 142
74 144
74 102
74 103
74 104
74 105
74 107
74 109
74 111
74 113
74 115
74 123
74 150
74 154
74 162
74 164
74 165
74 167
74 170
74 172
74 174
74 175
74 191
74 193
74 195
74 199
74 203
74 204
74 208
74 209
74 212
74 213
74 216
74 217
74 219
74 226
74 230
74 231
74 234
74 239
74 244
74 249
75 76
75 77
75 78
75 79
75 80
75 81
75 82
75 83
75 84
75 85
75 86
75 87
75 88
75 89
75 90
75 91
75 93
75 94
75 95
75 96
75 97
75 98
75 99
75 128
75 130
75 134
75 136
75 137
75 142
75 145
75 148
75 149
75 100
75 103
75 104
75 112
75 121
75 122
75 151
75 156
75 159
75 162
75 167
75 169
75 173
75 177
75 185
75 191
75 201
75 202
75 213
75 217
75 219
75 220
75 231
75 234
75 237
75 238
75 241
75 244
76 77
76 78
76 79
76 80
76 81
76 83
76 84
76 85
76 87
76 88
76 89
76 90
76 91
76 92
76 93
76 95
76 96
76 97
76 98
76 99
76 131
76 136
76 137
76 138
76 144
76 145
76 149
76 100
76 101
76 104
76 105
76 112
76 113
76 115
76 116
76 118
76 120
76 121
76 122
76 123
76 124
76 126
76 127
76 152
76 160
76 161
76 166
76 167
76 168
76 170
76 177
76 181
76 185
76 194
76 198
76 201
76 207
76 210
76 214
76 217
76 226
76 227
76 229
76 231
76 235
76 246
76 247
77 78
77 79
77 80
77 81
77 82
77 83
77 84
77 85
77 86
77 87
77 88
77 89
77 90
77 92
77 93
77 94
77 95
77 96
77 97
77 98
77 99
77 145
77 147
77 100
77 101
77 105
77 106
77 108
77 109
77 113
77 115
77 118
77 119
77 120
77 157
77 164
77 167
77 169
77 175
77 181
77 184
77 185
77 190
77 192
77 199
77 206
77 210
77 216
77 222
77 228
77 232
77 233
77 235
77 239
77 246
77 249
78 79
78 80
78 81
78 82
78 83
78 84
78 85
78 86
78 87
78 88
78 90
78 91
78 92
78 93
78 95
78 97
78 98
78 136
78 138
78 139
78 140
78 142
78 143
78 144
78 145
78 100
78 105
78 106
78 111
78 113
78 120
78 124
78 151
78 152
78 158
78 163
78 164
78 166
78 170
78 171
78 172
78 179
78 184
78 185
78 191
78 195
78 196
78 198
78 201
78 206
78 208
78 210
78 211
78 214
78 223
78 226
78 232
78 237
78 238
78 248
79 80
79 81
79 82
79 83
79 84
79 85
79 86
79 87
79 88
79 89
79 90
79 91
79 92
79 95
79 96
79 97
79 98
79 99
79 128
79 131
79 142
79 146
79 149
79 112
79 114
79 115
79 117
79 126
79 127
79 157
79 162
79 166
79 170
79 174
79 176
79 178
79 179
79 185
79 186
79 189
79 194
79 197
79 202
79 208
79 211
79 212
79 216
79 227
79 231
79 232
79 240
79 243
80 81
80 83
80 86
80 87
80 88
80 89
80 90
80 91
80 92
80 93
80 94
80 95
80 96
80 97
80 98
80 99
80 134
80 143
80 145
80 147
80 148
80 100
80 102
80 107
80 110
80 111
80 124
80 126
80 127
80 152
80 155
80 157
80 159
80 160
80 163
80 169
80 184
80 189
80 190
80 192
80 198
80 203
80 205
80 210
80 212
80 215
80 220
80 221
80 225
80 226
80 229
80 231
80 238
80 241
80 242
80 245
81 82
81 83
81 84
81 85
81 86
81 88
81 89
81 90
81 91
81 92
81 93
81 94
81 95
81 96
81 97
81 98
81 99
81 128
81 134
81 140
81 143
81 144
81 147
81 148
81 103
81 104
81 106
81 107
81 110
81 114
81 115
81 121
81 123
81 127
81 157
81 158
81 159
81 160
81 162
81 165
81 167
81 168
81 172
81 175
81 176
81 185
81 187
81 190
81 191
81 193
81 194
81 197
81 199
81 201
81 204
81 206
81 210
81 211
81 217
81 219
81 222
81 227
81 231
81 234
81 240
81 245
81 247
82 83
82 84
82 85
82 86
82 87
82 88
82 89
82 90
82 91
82 92
82 94
82 95
82 96
82 97
82 98
82 99
82 130
82 132
82 136
82 138
82 145
82 100
82 104
82 105
82 106
82 111
82 112
82 113
82 115
82 118
82 121
82 122
82 125
82 167
82 175
82 178
82 181
82 182
82 185
82 188
82 193
82 195
82 200
82 201
82 209
82 210
82 215
82 222
82 225
82 228
82 229
82 235
82 239
82 241
82 242
82 244
82 246
82 247
82 248
83 84
83 85
83 86
83 87
83 88
83 89
83 90
83 91
83 92
83 93
83 94
83 95
83 96
83 97
83 98
83 99
83 129
83 130
83 131
83 139
83 141
83 147
83 148
83 105
83 108
83 111
83 112
83 116
83 119
83 123
83 124
83 127
83 154
83 157
83 160
83 162
83 170
83 177
83 178
83 179
83 180
83 186
83 189
83 193
83 194
83 201
83 203
83 207
83 208
83 210
83 211
83 221
83 243
84 85
84 86
84 87
84 88
84 89
84 90
84 91
84 92
84 93
84 94
84 95
84 96
84 97
84 98
84 99
84 129
84 132
84 133
84 134
84 137
84 140
84 147
84 149
84 100
84 101
84 103
84 107
84 110
84 115
84 124
84 125
84 151
84 158
84 164
84 169
84 172
84 175
84 177
84 178
84 184
84 185
84 186
84 190
84 191
84 195
84 199
84 201
84 202
84 204
84 207
84 209
84 210
84 212
84 213
84 215
84 216
84 218
84 222
84 224
84 228
84 231
84 236
84 237
84 240
85 86
85 87
85 88
85 89
85 90
85 92
85 93
85 94
85 95
85 96
85 97
85 99
85 136
85 137
85 139
85 140
85 143
85 144
85 104
85 108
85 116
85 118
85 123
85 126
85 150
85 154
85 155
85 156
85 163
85 165
85 167
85 168
85 170
85 173
85 175
85 178
85 191
85 194
85 199
85 202
85 203
85 209
85 211
85 215
85 216
85 220
85 221
85 225
85 227
85 231
85 238
85 241
85 243
86 87
86 88
86 89
86 90
86 92
86 94
86 95
86 96
86 97
86 98
86 99
86 129
86 132
86 133
86 134
86 139
86 141
86 148
86 101
86 108
86 109
86 111
86 118
86 123
86 124
86 126
86 152
86 155
86 157
86 160
86 161
86 164
86 165
86 168
86 171
86 172
86 174
86 176
86 177
86 180
86 181
86 182
86 183
86 185
86 186
86 191
86 195
86 205
86 206
86 208
86 210
86 213
86 214
86 217
86 222
86 228
86 232
86 234
86 235
86 237
86 238
86 241
86 245
87 88
87 89
87 90
87 91
87 92
87 93
87 94
87 95
87 97
87 98
87 99
87 128
87 132
87 133
87 134
87 135
87 139
87 140
87 142
87 149
87 101
87 107
87 115
87 118
87 150
87 159
87 160
87 168
87 172
87 173
87 178
87 182
87 183
87 184
87 185
87 188
87 200
87 204
87 205
87 208
87 221
87 223
87 225
87 227
87 229
87 234
87 235
87 236
87 242
88 90
88 91
88 93
88 94
88 95
88 96
88 97
88 98
88 99
88 128
88 135
88 137
88 147
88 102
88 103
88 106
88 107
88 108
88 110
88 111
88 116
88 121
88 122
88 123
88 124
88 126
88 150
88 152
88 157
88 162
88 166
88 178
88 181
88 182
88 189
88 193
88 194
88 195
88 199
88 200
88 201
88 204
88 211
88 219
88 220
88 227
88 229
88 231
88 232
88 233
88 239
88 243
88 245
89 90
89 91
89 92
89 93
89 94
89 95
89 96
89 97
89 98
89 99
89 128
89 133
89 134
89 135
89 138
89 139
89 142
89 143
89 147
89 101
89 104
89 106
89 111
89 113
89 114
89 115
89 117
89 119
89 120
89 122
89 123
89 152
89 153
89 156
89 162
89 164
89 167
89 168
89 169
89 172
89 173
89 175
89 189
89 193
89 202
89 205
89 210
89 214
89 224
89 226
89 230
89 231
89 234
89 240
89 243
89 246
89 247
90 91
90 92
90 93
90 94
90 95
90 96
90 97
90 98
90 99
90 129
90 130
90 134
90 138
90 140
90 142
90 145
90 149
90 101
90 103
90 107
90 109
90 112
90 117
90 124
90 125
90 127
90 157
90 169
90 170
90 171
90 172
90 173
90 174
90 175
90 176
90 180
90 183
90 185
90 186
90 216
90 219
90 224
90 225
90 230
90 231
90 232
90 236
90 239
90 244
91 92
91 93
91 94
91 95
91 96
91 97
91 98
91 99
91 130
91 131
91 132
91 134
91 136
91 142
91 143
91 146
91 147
91 100
91 102
91 104
91 105
91 106
91 107
91 108
91 112
91 115
91 117
91 119
91 123
91 126
91 127
91 151
91 153
91 156
91 160
91 161
91 163
91 167
91 170
91 171
91 175
91 177
91 179
91 184
91 190
91 191
91 194
91 200
91 204
91 205
91 208
91 210
91 211
91 212
91 214
91 215
91 219
91 220
91 226
91 230
91 233
91 237
91 239
91 244
91 245
92 93
92 94
92 95
92 96
92 97
92 98
92 99
92 129
92 131
92 146
92 101
92 108
92 109
92 110
92 111
92 112
92 113
92 123
92 124
92 126
92 158
92 159
92 160
92 162
92 167
92 168
92 170
92 171
92 187
92 189
92 192
92 194
92 200
92 203
92 204
92 206
92 210
92 213
92 215
92 218
92 220
92 223
92 227
92 231
92 236
92 239
92 241
92 247
92 249
93 94
93 95
93 96
93 99
93 143
93 147
93 106
93 107
93 109
93 110
93 112
93 114
93 118
93 126
93 152
93 154
93 158
93 160
93 162
93 163
93 164
93 167
93 168
93 170
93 178
93 179
93 188
93 189
93 204
93 206
93 207
93 217
93 218
93 223
93 228
93 232
93 233
93 238
93 240
94 95
94 97
94 98
94 99
94 128
94 129
94 130
94 133
94 135
94 140
94 143
94 145
94 147
94 100
94 101
94 103
94 106
94 107
94 110
94 111
94 118
94 119
94 120
94 125
94 151
94 153
94 155
94 156
94 165
94 167
94 171
94 176
94 177
94 179
94 182
94 184
94 185
94 186
94 189
94 191
94 193
94 201
94 208
94 211
94 214
94 223
94 224
94 225
94 231
94 232
94 234
94 244
94 246
94 247
95 96
95 97
95 98
95 99
95 130
95 134
95 146
95 147
95 148
95 149
95 100
95 106
95 110
95 111
95 117
95 118
95 121
95 157
95 161
95 172
95 176
95 180
95 183
95 184
95 186
95 187
95 188
95 198
95 204
95 209
95 210
95 212
95 218
95 221
95 225
95 226
95 232
95 238
95 239
95 240
95 245
95 246
95 248
96 97
96 98
96 99
96 130
96 135
96 140
96 141
96 142
96 147
96 149
96 103
96 106
96 109
96 110
96 114
96 118
96 121
96 122
96 125
96 126
96 151
96 154
96 155
96 156
96 160
96 172
96 178
96 186
96 187
96 188
96 192
96 194
96 196
96 201
96 202
96 206
96 208
96 209
96 214
96 215
96 216
96 226
96 228
96 232
96 234
96 235
96 236
96 245
97 98
97 99
97 128
97 129
97 131
97 132
97 138
97 141
97 143
97 144
97 147
97 100
97 104
97 110
97 111
97 113
97 116
97 117
97 119
97 120
97 123
97 127
97 153
97 155
97 156
97 160
97 173
97 178
97 182
97 184
97 185
97 190
97 191
97 195
97 197
97 200
97 206
97 210
97 211
97 212
97 213
97 214
97 215
97 221
97 223
97 224
97 226
97 227
97 230
97 231
97 235
97 239
97 240
97 242
97 248
98 99
98 128
98 131
98 135
98 137
98 140
98 143
98 146
98 148
98 102
98 103
98 105
98 112
98 116
98 119
98 122
98 125
98 127
98 150
98 153
98 155
98 156
98 165
98 169
98 170
98 173
98 177
98 189
98 191
98 198
98 203
98 204
98 209
98 211
98 213
98 214
98 217
98 218
98 222
98 225
98 227
98 236
98 239
98 240
98 243
98 245
98 248
99 136
99 138
99 139
99 141
99 142
99 147
99 148
99 108
99 110
99 116
99 117
99 124
99 151
99 152
99 153
99 156
99 158
99 160
99 166
99 168
99 173
99 174
99 178
99 180
99 184
99 188
99 191
99 192
99 193
99 194
99 197
99 200
99 205
99 209
99 210
99 211
99 213
99 215
99 216
99 218
99 220
99 229
99 241
99 243
128 129
128 130
128 131
128 133
128 134
128 135
128 136
128 137
128 138
128 139
128 140
128 141
128 142
128 143
128 144
128 145
128 146
128 147
128 148
128 149
128 100
128 101
128 102
128 105
128 106
128 107
128 108
128 109
128 110
128 111
128 112
128 113
128 114
128 115
128 116
128 117
128 118
128 119
128 120
128 121
128 122
128 123
128 124
128 125
128 126
128 127
128 151
128 154
128 161
128 163
128 166
128 168
128 174
128 175
128 178
128 180
128 185
128 186
128 190
128 191
128 192
128 193
128 194
128 196
128 208
128 212
128 213
128 214
128 220
128 221
128 222
128 224
128 227
128 229
128 233
128 234
128 235
128 239
128 245
129 130
129 131
129 132
129 133
129 134
129 135
129 136
129 137
129 138
129 140
129 141
129 142
129 144
129 145
129 146
129 147
129 148
129 149
129 100
129 101
129 102
129 103
129 104
129 105
129 106
129 107
129 108
129 109
129 110
129 112
129 113
129 114
129 115
129 116
129 117
129 118
129 119
129 120
129 121
129 122
129 123
129 124
129 125
129 126
129 127
129 150
129 152
129 153
129 154
129 156
129 157
129 162
129 168
129 169
129 171
129 173
129 174
129 177
129 178
129 181
129 183
129 195
129 196
129 197
129 207
129 210
129 212
129 213
129 222
129 226
129 229
129 230
129 233
129 241
129 246
129 248
129 249
130 131
130 132
130 133
130 134
130 135
130 136
130 137
130 138
130 139
130 140
130 142
130 143
130 144
130 145
130 146
130 147
130 148
130 149
130 100
130 102
130 103
130 104
130 105
130 106
130 107
130 108
130 109
130 110
130 111
130 112
130 113
130 114
130 116
130 117
130 118
130 119
130 120
130 121
130 122
130 123
130 124
130 126
130 127
130 153
130 157
130 159
130 160
130 161
130 164
130 166
130 168
130 169
130 170
130 171
130 178
130 179
130 186
130 187
130 189
130 190
130 192
130 195
130 197
130 198
130 203
130 205
130 206
130 209
130 215
130 218
130 221
130 222
130 223
130 226
130 230
130 231
130 235
130 239
130 243
130 244
130 247
131 132
131 133
131 134
131 136
131 137
131 138
131 139
131 140
131 141
131 142
131 143
131 144
131 146
131 147
131 148
131 149
131 100
131 101
131 103
131 104
131 105
131 106
131 107
131 108
131 109
131 110
131 111
131 112
131 113
131 114
131 115
131 116
131 117
131 118
131 119
131 120
131 121
131 123
131 124
131 125
131 126
131 127
131 156
131 160
131 161
131 162
131 164
131 174
131 177
131 179
131 182
131 183
131 184
131 186
131 187
131 199
131 201
131 202
131 205
131 208
131 209
131 216
131 217
131 220
131 228
131 230
131 233
131 240
131 242
131 244
131 245
131 249
132 133
132 134
132 135
132 136
132 137
132 138
132 139
132 141
132 142
132 143
132 145
132 146
132 147
132 149
132 100
132 101
132 102
132 103
132 104
132 105
132 106
132 107
132 108
132 109
132 110
132 111
132 112
132 113
132 114
132 115
132 116
132 117
132 118
132 119
132 120
132 121
132 122
132 123
132 124
132 125
132 126
132 127
132 155
132 160
132 161
132 163
132 166
132 170
132 172
132 178
132 181
132 191
132 195
132 198
132 203
132 216
132 221
132 224
132 230
132 234
132 235
132 237
132 240
132 249
133 134
133 135
133 136
133 137
133 138
133 139
133 140
133 141
133 142
133 143
133 144
133 145
133 146
133 147
133 148
133 149
133 100
133 101
133 102
133 103
133 104
133 105
133 106
133 107
133 108
133 109
133 110
133 111
133 112
133 113
133 114
133 115
133 116
133 117
133 119
133 120
133 121
133 122
133 123
133 124
133 125
133 126
133 127
133 151
133 153
133 154
133 157
133 158
133 163
133 164
133 165
133 171
133 174
133 179
133 182
133 183
133 184
133 186
133 187
133 188
133 194
133 206
133 208
133 209
133 211
133 212
133 217
133 218
133 219
133 225
133 228
134 135
134 136
134 137
134 138
134 139
134 140
134 141
134 142
134 143
134 144
134 145
134 146
134 147
134 148
134 149
134 100
134 101
134 103
134 104
134 105
134 106
134 107
134 108
134 109
134 110
134 111
134 112
134 113
134 115
134 116
134 117
134 118
134 120
134 121
134 122
134 123
134 124
134 125
134 126
134 127
134 150
134 152
134 153
134 155
134 157
134 158
134 159
134 160
134 169
134 172
134 173
134 174
134 177
134 178
134 181
134 184
134 188
134 193
134 196
134 201
134 206
134 209
134 210
134 211
134 213
134 217
134 218
134 219
134 225
134 228
134 230
134 232
134 233
134 235
134 236
134 237
134 241
134 243
134 244
134 245
134 249
135 136
135 137
135 138
135 139
135 140
135 141
135 143
135 144
135 145
135 146
135 147
135 148
135 149
135 100
135 102
135 103
135 104
135 106
135 107
135 108
135 109
135 110
135 111
135 113
135 114
135 115
135 116
135 117
135 118
135 119
135 120
135 121
135 122
135 123
135 124
135 125
135 126
135 127
135 151
135 167
135 169
135 176
135 179
135 180
135 197
135 198
135 202
135 203
135 204
135 205
135 207
135 223
135 225
135 226
135 227
135 232
135 238
135 240
135 243
135 248
136 137
136 138
136 139
136 140
136 141
136 142
136 143
136 144
136 145
136 146
136 147
136 148
136 149
136 100
136 101
136 102
136 104
136 105
136 106
136 107
136 108
136 109
136 110
136 111
136 112
136 113
136 114
136 115
136 116
136 117
136 118
136 119
136 120
136 121
136 122
136 123
136 124
136 125
136 126
136 154
136 157
136 162
136 164
136 167
136 169
136 173
136 175
136 178
136 180
136 181
136 182
136 186
136 189
136 190
136 195
136 196
136 201
136 207
136 208
136 211
136 220
136 223
136 224
136 225
136 233
136 234
136 235
136 236
136 244
136 248
137 138
137 139
137 140
137 141
137 142
137 143
137 144
137 145
137 146
137 147
137 148
137 149
137 100
137 101
137 102
137 104
137 105
137 106
137 107
137 108
137 109
137 110
137 111
137 112
137 114
137 115
137 116
137 117
137 118
137 119
137 120
137 122
137 123
137 124
137 125
137 126
137 127
137 156
137 160
137 161
137 168
137 170
137 175
137 176
137 177
137 185
137 192
137 194
137 195
137 196
137 197
137 202
137 205
137 214
137 216
137 219
137 223
137 225
137 226
137 230
137 232
137 235
137 236
137 237
137 238
138 140
138 142
138 143
138 146
138 147
138 149
138 100
138 101
138 102
138 103
138 104
138 105
138 106
138 107
138 108
138 109
138 110
138 111
138 112
138 113
138 114
138 115
138 116
138 117
138 118
138 119
138 120
138 121
138 123
138 124
138 125
138 126
138 127
138 152
138 156
138 158
138 159
138 164
138 172
138 173
138 175
138 176
138 179
138 181
138 183
138 185
138 188
138 195
138 203
138 205
138 218
138 220
138 221
138 223
138 225
138 227
138 233
138 234
138 235
138 236
138 240
138 243
138 244
138 248
139 140
139 141
139 143
139 144
139 145
139 146
139 147
139 148
139 149
139 100
139 101
139 103
139 104
139 105
139 106
139 107
139 108
139 109
139 110
139 111
139 112
139 113
139 115
139 116
139 118
139 119
139 120
139 121
139 122
139 123
139 124
139 125
139 126
139 127
139 150
139 153
139 154
139 156
139 159
139 179
139 183
139 195
139 200
139 202
139 212
139 213
139 214
139 224
139 225
139 226
139 232
139 234
139 237
139 242
139 243
139 245
139 248
140 141
140 142
140 143
140 145
140 146
140 147
140 148
140 149
140 101
140 102
140 103
140 104
140 105
140 106
140 107
140 108
140 109
140 110
140 111
140 112
140 113
140 114
140 115
140 116
140 117
140 118
140 119
140 120
140 121
140 122
140 123
140 124
140 126
140 127
140 150
140 151
140 155
140 159
140 161
140 164
140 166
140 168
140 174
140 177
140 178
140 182
140 186
140 188
140 191
140 194
140 198
140 200
140 201
140 204
140 205
140 206
140 207
140 208
140 211
140 213
140 216
140 218
140 225
140 226
140 227
140 234
140 236
141 142
141 143
141 144
141 145
141 147
141 148
141 149
141 100
141 101
141 102
141 103
141 104
141 105
141 106
141 107
141 109
141 110
141 111
141 112
141 113
141 114
141 115
141 116
141 117
141 118
141 119
141 120
141 121
141 122
141 123
141 124
141 125
141 126
141 127
141 153
141 157
141 158
141 160
141 161
141 164
141 169
141 172
141 173
141 178
141 179
141 186
141 187
141 190
141 195
141 198
141 199
141 200
141 202
141 204
141 206
141 217
141 221
141 226
141 230
141 233
141 236
141 238
141 243
141 244
141 246
142 143
142 145
142 146
142 147
142 148
142 149
142 100
142 101
142 102
142 103
142 104
142 105
142 106
142 107
142 108
142 111
142 112
142 113
142 114
142 116
142 117
142 118
142 119
142 121
142 122
142 124
142 125
142 126
142 127
142 152
142 154
142 157
142 159
142 162
142 163
142 164
142 169
142 174
142 175
142 180
142 187
142 188
142 189
142 190
142 199
142 200
142 204
142 207
142 213
142 215
142 216
142 225
142 226
142 228
142 234
142 235
142 236
142 237
142 239
142 245
142 247
143 144
143 145
143 146
143 147
143 148
143 149
143 101
143 102
143 103
143 104
143 106
143 107
143 108
143 109
143 110
143 111
143 112
143 113
143 114
143 115
143 116
143 118
143 119
143 121
143 122
143 123
143 124
143 125
143 126
143 127
143 150
143 151
143 156
143 160
143 162
143 165
143 176
143 178
143 180
143 183
143 184
143 185
143 197
143 201
143 205
143 210
143 216
143 222
143 226
143 227
143 234
143 235
143 238
143 245
143 249
144 145
144 146
144 148
144 149
144 100
144 101
144 102
144 103
144 104
144 105
144 106
144 107
144 108
144 109
144 110
144 111
144 112
144 113
144 114
144 115
144 116
144 117
144 118
144 119
144 120
144 122
144 123
144 125
144 127
144 152
144 155
144 157
144 159
144 160
144 165
144 167
144 168
144 170
144 172
144 176
144 184
144 186
144 187
144 195
144 196
144 198
144 200
144 203
144 204
144 215
144 216
144 223
144 231
144 239
144 242
144 244
144 245
144 248
145 146
145 147
145 148
145 149
145 100
145 101
145 102
145 103
145 104
145 105
145 107
145 108
145 109
145 110
145 111
145 112
145 113
145 114
145 115
145 116
145 117
145 118
145 120
145 121
145 122
145 123
145 124
145 125
145 126
145 127
145 150
145 157
145 158
145 166
145 171
145 176
145 178
145 185
145 188
145 190
145 193
145 195
145 200
145 203
145 209
145 211
145 213
145 214
145 216
145 218
145 219
145 222
145 227
145 228
145 229
145 242
145 244
146 147
146 148
146 149
146 100
146 101
146 102
146 103
146 104
146 105
146 106
146 107
146 108
146 109
146 110
146 111
146 113
146 114
146 115
146 116
146 117
146 118
146 119
146 120
146 121
146 122
146 123
146 124
146 125
146 126
146 127
146 152
146 157
146 159
146 160
146 161
146 163
146 164
146 167
146 175
146 176
146 185
146 186
146 191
146 193
146 194
146 196
146 197
146 198
146 202
146 205
146 206
146 207
146 209
146 210
146 212
146 215
146 222
146 231
146 235
146 237
146 241
146 243
146 247
146 249
147 148
147 149
147 100
147 101
147 102
147 103
147 104
147 105
147 106
147 107
147 108
147 109
147 110
147 112
147 113
147 114
147 115
147 116
147 117
147 118
147 119
147 120
147 121
147 122
147 123
147 124
147 125
147 126
147 127
147 150
147 155
147 158
147 159
147 160
147 165
147 176
147 178
147 188
147 196
147 198
147 206
147 207
147 208
147 210
147 213
147 216
147 220
147 229
147 231
147 233
147 237
147 243
148 149
148 100
148 101
148 102
148 103
148 104
148 105
148 106
148 107
148 108
148 109
148 110
148 111
148 112
148 113
148 114
148 115
148 116
148 117
148 118
148 119
148 120
148 121
148 122
148 123
148 124
148 125
148 127
148 152
148 153
148 155
148 156
148 159
148 161
148 164
148 167
148 181
148 185
148 190
148 194
148 196
148 200
148 203
148 205
148 206
148 209
148 210
148 211
148 212
148 213
148 214
148 215
148 217
148 221
148 222
148 223
148 226
148 229
148 232
148 237
148 238
148 239
148 243
148 247
149 100
149 102
149 103
149 104
149 105
149 107
149 108
149 109
149 111
149 113
149 114
149 115
149 116
149 117
149 118
149 119
149 120
149 121
149 122
149 123
149 124
149 125
149 126
149 127
149 155
149 156
149 157
149 169
149 170
149 180
149 181
149 194
149 197
149 200
149 206
149 208
149 211
149 215
149 219
149 221
149 223
149 224
149 229
149 231
149 238
149 240
149 241
149 242
149 246
149 247
100 101
100 102
100 103
100 104
100 105
100 106
100 110
100 111
100 112
100 113
100 115
100 117
100 118
100 119
100 121
100 122
100 123
100 124
100 126
100 152
100 167
100 168
100 170
100 172
100 174
100 181
100 184
100 191
100 192
100 194
100 196
100 200
100 204
100 210
100 212
100 213
100 216
100 217
100 218
100 219
100 225
100 231
100 232
100 237
100 240
100 241
100 242
100 243
101 103
101 104
101 105
101 106
101 107
101 108
101 109
101 110
101 112
101 114
101 115
101 116
101 117
101 119
101 122
101 123
101 124
101 125
101 126
101 127
101 151
101 153
101 154
101 155
101 160
101 161
101 162
101 163
101 166
101 167
101 171
101 175
101 176
101 177
101 181
101 184
101 185
101 191
101 192
101 201
101 204
101 206
101 207
101 210
101 216
101 218
101 220
101 221
101 224
101 231
101 236
101 239
101 243
102 103
102 104
102 105
102 106
102 107
102 108
102 109
102 110
102 111
102 112
102 113
102 114
102 115
102 116
102 117
102 118
102 119
102 120
102 122
102 123
102 124
102 125
102 126
102 127
102 150
102 152
102 155
102 157
102 161
102 162
102 166
102 167
102 170
102 173
102 179
102 180
102 184
102 187
102 190
102 191
102 196
102 201
102 204
102 209
102 214
102 215
102 216
102 218
102 224
102 226
102 227
102 232
102 233
102 235
102 238
102 242
102 244
102 246
102 247
102 248
103 104
103 105
103 106
103 107
103 108
103 109
103 110
103 111
103 112
103 113
103 114
103 115
103 116
103 117
103 118
103 119
103 120
103 121
103 122
103 123
103 124
103 125
103 126
103 127
103 152
103 154
103 155
103 160
103 161
103 163
103 169
103 180
103 184
103 187
103 192
103 194
103 195
103 198
103 202
103 206
103 207
103 209
103 220
103 223
103 224
103 227
103 228
103 229
103 233
103 234
103 236
103 238
103 240
104 105
104 106
104 108
104 109
104 110
104 111
104 112
104 113
104 114
104 115
104 116
104 117
104 118
104 119
104 120
104 121
104 122
104 123
104 124
104 125
104 126
104 127
104 151
104 152
104 153
104 157
104 160
104 169
104 179
104 181
104 188
104 189
104 194
104 201
104 202
104 204
104 208
104 209
104 210
104 215
104 216
104 219
104 220
104 225
104 228
104 229
104 230
104 232
104 233
104 238
104 241
104 246
104 247
104 249
105 106
105 108
105 110
105 111
105 112
105 114
105 115
105 116
105 118
105 119
105 120
105 121
105 122
105 123
105 125
105 126
105 127
105 152
105 157
105 166
105 169
105 173
105 174
105 176
105 177
105 178
105 182
105 184
105 185
105 187
105 193
105 196
105 205
105 207
105 208
105 217
105 227
105 228
105 229
105 230
105 238
105 239
105 240
105 243
105 248
106 107
106 108
106 112
106 113
106 115
106 117
106 118
106 119
106 120
106 121
106 122
106 123
106 124
106 125
106 126
106 127
106 150
106 153
106 155
106 161
106 163
106 164
106 170
106 174
106 184
106 193
106 198
106 205
106 210
106 212
106 213
106 215
106 216
106 217
106 218
106 219
106 224
106 226
106 233
106 234
106 239
106 240
106 247
106 249
107 108
107 109
107 110
107 111
107 112
107 113
107 114
107 115
107 116
107 118
107 119
107 120
107 121
107 122
107 123
107 124
107 125
107 154
107 155
107 156
107 159
107 161
107 174
107 175
107 177
107 184
107 185
107 190
107 198
107 204
107 205
107 217
107 223
107 229
107 230
107 231
107 233
107 238
107 239
107 240
107 241
107 242
107 248
108 109
108 110
108 111
108 112
108 113
108 114
108 116
108 119
108 120
108 121
108 122
108 123
108 124
108 125
108 127
108 152
108 153
108 154
108 155
108 160
108 162
108 164
108 167
108 173
108 185
108 186
108 193
108 203
108 205
108 209
108 210
108 223
108 225
108 231
108 233
108 237
108 240
108 245
108 247
108 248
109 110
109 111
109 112
109 113
109 114
109 115
109 116
109 117
109 118
109 119
109 120
109 121
109 122
109 123
109 124
109 125
109 126
109 127
109 152
109 153
109 157
109 162
109 174
109 180
109 184
109 185
109 187
109 195
109 203
109 206
109 207
109 210
109 212
109 213
109 214
109 221
109 230
109 231
109 232
109 236
109 237
109 247
109 249
110 112
110 113
110 114
110 115
110 116
110 117
110 118
110 119
110 121
110 122
110 123
110 124
110 126
110 127
110 152
110 153
110 156
110 161
110 163
110 167
110 170
110 173
110 174
110 178
110 180
110 181
110 182
110 186
110 187
110 195
110 196
110 204
110 205
110 209
110 211
110 212
110 218
110 224
110 231
110 237
110 238
110 239
111 112
111 113
111 114
111 115
111 116
111 117
111 118
111 119
111 120
111 121
111 122
111 123
111 124
111 125
111 126
111 127
111 150
111 153
111 156
111 159
111 160
111 161
111 168
111 171
111 172
111 173
111 175
111 177
111 181
111 182
111 192
111 193
111 195
111 196
111 198
111 200
111 201
111 206
111 207
111 208
111 217
111 219
111 221
111 229
111 233
111 235
111 237
111 238
111 242
111 246
111 248
112 113
112 114
112 116
112 118
112 119
112 120
112 122
112 123
112 125
112 126
112 127
112 154
112 155
112 158
112 161
112 165
112 170
112 172
112 177
112 179
112 182
112 184
112 191
112 193
112 198
112 201
112 212
112 213
112 216
112 217
112 219
112 221
112 224
112 225
112 228
112 229
112 237
112 241
112 242
112 244
112 247
113 114
113 115
113 116
113 117
113 118
113 119
113 120
113 121
113 122
113 123
113 126
113 127
113 152
113 153
113 155
113 159
113 161
113 165
113 166
113 167
113 174
113 178
113 182
113 183
113 188
113 189
113 191
113 193
113 194
113 195
113 196
113 197
113 198
113 204
113 205
113 210
113 211
113 213
113 214
113 221
113 223
113 225
113 226
113 232
113 235
113 239
113 242
113 249
114 115
114 116
114 117
114 118
114 119
114 120
114 121
114 122
114 123
114 124
114 125
114 126
114 127
114 166
114 174
114 182
114 184
114 186
114 188
114 194
114 198
114 199
114 200
114 201
114 202
114 211
114 212
114 218
114 230
114 231
114 234
114 242
114 245
114 248
115 116
115 117
115 118
115 119
115 120
115 121
115 122
115 123
115 124
115 125
115 126
115 127
115 153
115 155
115 156
115 158
115 161
115 165
115 168
115 172
115 175
115 176
115 178
115 180
115 190
115 191
115 192
115 193
115 194
115 195
115 216
115 220
115 224
115 225
115 228
115 233
115 234
115 236
115 240
115 248
116 117
116 118
116 121
116 122
116 123
116 124
116 125
116 126
116 127
116 153
116 163
116 164
116 165
116 170
116 180
116 181
116 183
116 189
116 198
116 199
116 203
116 206
116 210
116 211
116 217
116 229
116 231
116 232
116 238
116 240
116 247
116 248
116 249
117 118
117 119
117 120
117 121
117 122
117 123
117 124
117 125
117 126
117 127
117 151
117 155
117 156
117 165
117 167
117 171
117 173
117 178
117 184
117 185
117 192
117 195
117 196
117 198
117 199
117 203
117 207
117 209
117 214
117 215
117 218
117 224
117 226
117 227
117 228
117 232
117 235
117 244
118 119
118 120
118 121
118 123
118 124
118 125
118 126
118 127
118 150
118 152
118 153
118 154
118 160
118 163
118 165
118 166
118 172
118 183
118 184
118 185
118 196
118 199
118 208
118 209
118 213
118 214
118 221
118 223
118 224
118 225
118 226
118 230
118 232
118 234
118 235
118 239
118 240
118 246
119 120
119 121
119 122
119 123
119 124
119 125
119 126
119 127
119 152
119 157
119 161
119 165
119 175
119 179
119 181
119 183
119 185
119 188
119 191
119 199
119 200
119 203
119 204
119 205
119 208
119 209
119 211
119 213
119 215
119 216
119 221
119 222
119 223
119 230
119 234
119 235
119 236
119 245
119 249
120 121
120 122
120 123
120 124
120 126
120 127
120 151
120 159
120 162
120 164
120 168
120 172
120 173
120 177
120 180
120 181
120 188
120 191
120 192
120 194
120 197
120 198
120 201
120 208
120 212
120 213
120 219
120 220
120 221
120 223
120 226
120 227
120 228
120 242
120 248
120 249
121 122
121 123
121 124
121 125
121 127
121 152
121 153
121 157
121 166
121 170
121 171
121 173
121 181
121 182
121 185
121 187
121 188
121 189
121 192
121 198
121 202
121 206
121 209
121 217
121 218
121 220
121 221
121 226
121 232
121 238
121 248
122 123
122 124
122 125
122 126
122 127
122 150
122 151
122 154
122 156
122 157
122 160
122 162
122 165
122 167
122 169
122 171
122 176
122 177
122 179
122 181
122 186
122 193
122 194
122 197
122 199
122 202
122 206
122 215
122 218
122 220
122 221
122 232
122 240
122 243
122 246
122 249
123 124
123 125
123 126
123 127
123 150
123 157
123 162
123 169
123 170
123 171
123 173
123 175
123 182
123 185
123 188
123 189
123 190
123 192
123 194
123 197
123 198
123 200
123 205
123 209
123 211
123 217
123 218
123 222
123 224
123 243
123 246
123 248
124 125
124 126
124 127
124 152
124 155
124 157
124 158
124 163
124 164
124 167
124 172
124 176
124 180
124 183
124 184
124 185
124 192
124 195
124 198
124 202
124 203
124 205
124 215
124 218
124 221
124 223
124 224
124 228
124 232
124 235
124 240
124 241
124 244
125 126
125 127
125 153
125 157
125 158
125 161
125 163
125 166
125 170
125 173
125 175
125 176
125 178
125 184
125 187
125 188
125 196
125 202
125 204
125 210
125 211
125 216
125 217
125 218
125 223
125 224
125 229
125 232
125 233
125 241
125 245
125 248
125 249
126 127
126 153
126 154
126 159
126 162
126 163
126 164
126 166
126 172
126 173
126 174
126 186
126 189
126 193
126 197
126 208
126 211
126 213
126 216
126 219
126 223
126 228
126 234
126 239
126 240
126 244
126 246
126 248
126 249
127 151
127 154
127 165
127 168
127 169
127 171
127 174
127 179
127 181
127 183
127 184
127 186
127 188
127 189
127 194
127 198
127 200
127 202
127 203
127 205
127 209
127 212
127 220
127 221
127 223
127 231
127 232
127 239
127 240
127 245
127 246
150 151
150 152
150 153
150 155
150 156
150 157
150 159
150 160
150 161
150 162
150 163
150 165
150 166
150 167
150 168
150 169
150 170
150 171
150 172
150 173
150 174
150 175
150 176
150 177
150 178
150 179
150 180
150 181
150 182
150 183
150 184
150 185
150 186
150 187
150 188
150 189
150 190
150 191
150 192
150 193
150 194
150 195
150 196
150 197
150 198
150 199
150 201
150 203
150 204
150 208
150 209
150 212
150 215
150 221
150 222
150 223
150 230
150 231
150 243
150 247
151 152
151 153
151 154
151 155
151 156
151 158
151 159
151 160
151 161
151 163
151 164
151 165
151 166
151 167
151 168
151 169
151 170
151 171
151 172
151 174
151 175
151 176
151 177
151 178
151 179
151 180
151 181
151 183
151 184
151 186
151 187
151 188
151 189
151 190
151 191
151 194
151 195
151 196
151 197
151 198
151 199
151 207
151 215
151 217
151 220
151 221
151 223
151 230
151 236
151 237
151 245
151 249
152 153
152 154
152 155
152 156
152 157
152 158
152 159
152 160
152 161
152 162
152 163
152 164
152 165
152 166
152 167
152 168
152 169
152 170
152 172
152 174
152 175
152 176
152 177
152 178
152 179
152 181
152 182
152 183
152 185
152 186
152 187
152 188
152 189
152 190
152 191
152 192
152 193
152 194
152 195
152 196
152 197
152 198
152 199
152 202
152 204
152 207
152 211
152 214
152 218
152 220
152 221
152 223
152 225
152 235
152 237
152 240
152 244
153 154
153 155
153 156
153 157
153 158
153 159
153 160
153 161
153 162
153 163
153 164
153 165
153 166
153 167
153 168
153 169
153 170
153 171
153 172
153 173
153 174
153 175
153 176
153 177
153 178
153 179
153 181
153 182
153 183
153 184
153 185
153 186
153 187
153 188
153 189
153 190
153 191
153 192
153 193
153 194
153 195
153 196
153 197
153 198
153 199
153 200
153 202
153 208
153 215
153 217
153 218
153 220
153 222
153 224
153 231
153 234
153 235
153 236
153 237
153 238
153 243
153 248
154 156
154 157
154 158
154 159
154 160
154 161
154 162
154 163
154 164
154 165
154 166
154 167
154 168
154 169
154 170
154 171
154 172
154 173
154 175
154 176
154 177
154 178
154 179
154 180
154 182
154 183
154 184
154 185
154 186
154 187
154 188
154 189
154 191
154 192
154 193
154 194
154 195
154 196
154 198
154 199
154 200
154 209
154 211
154 216
154 218
154 223
154 224
154 228
154 235
154 237
154 241
154 245
155 156
155 157
155 158
155 159
155 161
155 162
155 163
155 164
155 165
155 166
155 167
155 168
155 169
155 170
155 172
155 174
155 175
155 176
155 177
155 179
155 180
155 181
155 182
155 183
155 184
155 185
155 186
155 187
155 188
155 189
155 190
155 191
155 192
155 193
155 194
155 195
155 196
155 197
155 198
155 199
155 201
155 202
155 204
155 205
155 207
155 208
155 216
155 219
155 226
155 227
155 229
155 230
155 232
155 234
155 236
155 238
156 157
156 158
156 159
156 160
156 161
156 162
156 163
156 164
156 165
156 166
156 167
156 168
156 170
156 171
156 172
156 173
156 174
156 175
156 177
156 178
156 179
156 180
156 181
156 182
156 184
156 185
156 186
156 187
156 188
156 190
156 191
156 192
156 193
156 194
156 195
156 196
156 197
156 198
156 199
156 201
156 202
156 203
156 209
156 213
156 220
156 233
156 235
156 236
156 239
156 242
156 243
156 244
156 245
156 246
156 248
156 249
157 158
157 159
157 160
157 162
157 163
157 164
157 165
157 166
157 167
157 168
157 169
157 170
157 171
157 172
157 173
157 174
157 175
157 176
157 177
157 178
157 180
157 181
157 182
157 183
157 184
157 185
157 186
157 187
157 188
157 189
157 190
157 191
157 192
157 193
157 194
157 195
157 196
157 197
157 198
157 199
157 202
157 203
157 207
157 217
157 218
157 219
157 224
157 228
157 237
157 243
157 244
157 245
157 246
157 249
158 159
158 160
158 161
158 162
158 164
158 165
158 166
158 167
158 168
158 169
158 170
158 171
158 172
158 173
158 174
158 175
158 176
158 177
158 178
158 179
158 180
158 181
158 182
158 183
158 184
158 185
158 186
158 187
158 189
158 191
158 192
158 193
158 194
158 197
158 198
158 199
158 203
158 204
158 205
158 207
158 208
158 213
158 225
158 226
158 227
158 228
158 229
158 235
158 238
158 245
158 246
158 249
159 160
159 161
159 163
159 164
159 165
159 166
159 167
159 168
159 169
159 170
159 171
159 172
159 173
159 174
159 178
159 179
159 180
159 181
159 182
159 183
159 184
159 185
159 186
159 187
159 188
159 189
159 190
159 191
159 192
159 193
159 195
159 196
159 197
159 198
159 209
159 212
159 213
159 218
159 219
159 221
159 226
159 229
159 232
159 234
159 238
159 243
159 248
159 249
160 161
160 162
160 163
160 164
160 165
160 166
160 167
160 168
160 169
160 170
160 171
160 173
160 174
160 175
160 176
160 177
160 178
160 179
160 180
160 181
160 182
160 183
160 184
160 185
160 186
160 188
160 189
160 190
160 191
160 193
160 194
160 195
160 196
160 197
160 198
160 199
160 213
160 214
160 226
160 227
160 229
160 230
160 231
160 236
160 238
160 240
160 241
160 243
160 244
160 249
161 162
161 163
161 164
161 165
161 166
161 167
161 168
161 169
161 170
161 171
161 172
161 173
161 174
161 176
161 177
161 178
161 179
161 181
161 182
161 183
161 184
161 185
161 186
161 187
161 189
161 190
161 191
161 192
161 193
161 196
161 197
161 198
161 199
161 200
161 211
161 213
161 214
161 218
161 219
161 220
161 232
161 240
161 242
161 247
162 163
162 164
162 165
162 166
162 167
162 168
162 169
162 170
162 172
162 174
162 175
162 177
162 178
162 180
162 181
162 182
162 184
162 186
162 187
162 188
162 189
162 190
162 191
162 192
162 193
162 195
162 196
162 197
162 198
162 199
162 202
162 208
162 211
162 213
162 222
162 224
162 233
162 234
162 237
162 242
162 246
162 247
163 164
163 165
163 166
163 168
163 169
163 170
163 171
163 172
163 173
163 174
163 175
163 176
163 177
163 179
163 180
163 181
163 182
163 183
163 185
163 186
163 187
163 188
163 189
163 190
163 192
163 193
163 194
163 195
163 196
163 197
163 198
163 199
163 200
163 205
163 207
163 208
163 214
163 216
163 226
163 229
163 230
163 231
163 232
163 233
163 235
163 236
163 242
163 245
164 165
164 166
164 167
164 168
164 169
164 171
164 172
164 173
164 174
164 175
164 176
164 177
164 178
164 179
164 180
164 181
164 182
164 184
164 185
164 186
164 187
164 188
164 190
164 191
164 192
164 193
164 194
164 195
164 196
164 197
164 198
164 199
164 202
164 209
164 212
164 217
164 219
164 225
164 227
164 230
164 231
164 232
164 236
164 238
164 240
164 244
164 246
164 249
165 166
165 167
165 168
165 170
165 171
165 172
165 173
165 174
165 175
165 176
165 177
165 178
165 179
165 180
165 181
165 182
165 184
165 185
165 186
165 187
165 188
165 189
165 190
165 191
165 192
165 193
165 194
165 195
165 196
165 198
165 199
165 204
165 205
165 207
165 210
165 214
165 221
165 222
165 228
165 231
165 234
165 235
165 237
165 240
165 242
165 247
166 167
166 168
166 169
166 171
166 172
166 173
166 174
166 175
166 176
166 177
166 178
166 179
166 180
166 181
166 182
166 184
166 185
166 186
166 187
166 188
166 190
166 191
166 192
166 193
166 194
166 196
166 197
166 198
166 199
166 206
166 208
166 209
166 211
166 212
166 213
166 215
166 220
166 224
166 225
166 226
166 228
166 235
166 242
166 248
167 168
167 169
167 170
167 171
167 172
167 173
167 174
167 175
167 176
167 177
167 178
167 179
167 180
167 181
167 182
167 183
167 184
167 185
167 186
167 187
167 189
167 190
167 191
167 192
167 193
167 194
167 195
167 196
167 197
167 198
167 199
167 206
167 212
167 213
167 214
167 218
167 221
167 223
167 225
167 228
167 229
167 231
167 236
167 240
167 246
167 248
168 169
168 170
168 171
168 172
168 173
168 174
168 175
168 176
168 177
168 178
168 179
168 180
168 181
168 182
168 183
168 184
168 185
168 186
168 189
168 190
168 191
168 192
168 193
168 194
168 195
168 196
168 197
168 198
168 199
168 201
168 202
168 204
168 205
168 209
168 210
168 211
168 212
168 218
168 219
168 223
168 224
168 225
168 227
168 228
168 231
168 235
168 246
168 247
169 170
169 171
169 172
169 173
169 174
169 175
169 178
169 180
169 181
169 182
169 183
169 184
169 185
169 186
169 187
169 188
169 190
169 191
169 192
169 193
169 195
169 196
169 197
169 198
169 199
169 200
169 209
169 211
169 212
169 215
169 218
169 219
169 222
169 223
169 228
169 229
169 232
169 241
169 242
169 243
169 246
170 171
170 172
170 173
170 174
170 175
170 177
170 178
170 179
170 180
170 181
170 182
170 183
170 184
170 185
170 186
170 187
170 188
170 189
170 190
170 191
170 192
170 193
170 194
170 195
170 196
170 197
170 198
170 199
170 202
170 208
170 210
170 220
170 224
170 225
170 226
170 228
170 232
170 234
170 238
170 240
170 243
170 244
170 245
171 172
171 173
171 174
171 175
171 176
171 177
171 179
171 180
171 181
171 182
171 183
171 184
171 185
171 186
171 187
171 188
171 189
171 191
171 192
171 193
171 194
171 195
171 196
171 197
171 198
171 199
171 200
171 204
171 205
171 211
171 213
171 221
171 227
171 228
171 229
171 234
171 236
171 238
171 240
171 244
171 245
171 248
171 249
172 173
172 175
172 176
172 177
172 178
172 179
172 182
172 183
172 185
172 186
172 187
172 188
172 189
172 190
172 191
172 192
172 193
172 196
172 197
172 199
172 207
172 211
172 213
172 215
172 220
172 221
172 224
172 230
172 243
172 244
172 245
172 247
172 248
173 174
173 175
173 176
173 177
173 178
173 179
173 180
173 181
173 182
173 183
173 185
173 186
173 188
173 189
173 190
173 191
173 192
173 193
173 194
173 195
173 196
173 197
173 198
173 199
173 211
173 213
173 215
173 216
173 219
173 223
173 224
173 231
173 232
173 234
173 239
173 241
173 244
173 249
174 175
174 176
174 177
174 179
174 180
174 181
174 182
174 183
174 184
174 185
174 186
174 187
174 188
174 189
174 190
174 192
174 193
174 194
174 195
174 196
174 197
174 198
174 199
174 200
174 201
174 203
174 215
174 221
174 223
174 225
174 226
174 228
174 232
174 242
175 176
175 177
175 178
175 179
175 180
175 181
175 182
175 184
175 185
175 186
175 188
175 189
175 190
175 191
175 192
175 193
175 194
175 195
175 196
175 197
175 198
175 199
175 204
175 205
175 210
175 211
175 215
175 216
175 219
175 228
175 232
175 235
175 236
175 238
175 241
176 177
176 178
176 180
176 182
176 183
176 184
176 185
176 186
176 187
176 191
176 192
176 193
176 194
176 195
176 196
176 197
176 198
176 199
176 201
176 203
176 204
176 206
176 211
176 212
176 215
176 225
176 226
176 236
176 237
176 239
176 242
176 246
176 247
177 178
177 179
177 180
177 181
177 182
177 183
177 184
177 186
177 187
177 188
177 189
177 190
177 191
177 192
177 193
177 194
177 195
177 196
177 198
177 199
177 204
177 205
177 211
177 216
177 219
177 220
177 221
177 225
177 226
177 227
177 231
177 232
177 233
177 240
178 179
178 181
178 182
178 183
178 184
178 185
178 186
178 187
178 189
178 190
178 191
178 192
178 193
178 194
178 195
178 196
178 197
178 198
178 199
178 200
178 207
178 211
178 225
178 226
178 230
178 231
178 232
178 237
178 247
178 248
179 180
179 181
179 183
179 184
179 185
179 186
179 187
179 188
179 190
179 191
179 192
179 193
179 194
179 195
179 196
179 197
179 198
179 199
179 206
179 207
179 208
179 210
179 213
179 215
179 216
179 220
179 221
179 222
179 223
179 226
179 227
179 228
179 232
179 233
179 236
179 238
179 239
179 244
180 181
180 182
180 183
180 184
180 185
180 186
180 187
180 188
180 189
180 190
180 191
180 192
180 193
180 194
180 195
180 196
180 197
180 198
180 199
180 204
180 206
180 218
180 219
180 221
180 223
180 225
180 226
180 228
180 229
180 230
180 233
180 235
180 240
180 246
180 247
181 182
181 183
181 184
181 185
181 186
181 188
181 189
181 191
181 192
181 193
181 194
181 195
181 196
181 197
181 198
181 199
181 200
181 204
181 205
181 208
181 209
181 212
181 216
181 217
181 222
181 223
181 225
181 228
181 236
181 239
181 241
181 243
181 246
181 247
181 248
182 183
182 184
182 185
182 186
182 187
182 188
182 189
182 191
182 192
182 194
182 195
182 196
182 197
182 198
182 199
182 207
182 212
182 213
182 214
182 216
182 222
182 223
182 224
182 233
182 237
182 239
182 244
183 184
183 185
183 186
183 187
183 189
183 190
183 191
183 192
183 193
183 194
183 195
183 196
183 197
183 198
183 199
183 202
183 203
183 205
183 209
183 212
183 213
183 217
183 218
183 222
183 225
183 233
183 234
183 236
183 239
183 242
183 245
183 249
184 185
184 186
184 187
184 188
184 190
184 191
184 192
184 193
184 194
184 195
184 196
184 197
184 198
184 199
184 200
184 202
184 207
184 208
184 211
184 233
184 234
184 241
184 245
185 187
185 188
185 189
185 190
185 191
185 192
185 193
185 194
185 195
185 196
185 197
185 198
185 199
185 205
185 211
185 219
185 222
185 224
185 228
185 232
185 239
185 244
186 187
186 188
186 189
186 190
186 192
186 193
186 194
186 195
186 196
186 197
186 198
186 199
186 207
186 209
186 212
186 218
186 220
186 226
186 235
186 236
186 238
186 242
186 244
186 249
187 188
187 189
187 190
187 191
187 192
187 193
187 194
187 195
187 196
187 197
187 198
187 199
187 202
187 208
187 210
187 213
187 224
187 226
187 228
187 229
187 231
187 233
187 237
187 238
187 243
187 245
187 247
187 249
188 189
188 190
188 191
188 192
188 193
188 194
188 195
188 196
188 197
188 198
188 199
188 209
188 214
188 217
188 220
188 221
188 227
188 228
188 230
188 232
188 243
188 247
188 249
189 191
189 192
189 193
189 194
189 195
189 196
189 197
189 198
189 199
189 203
189 205
189 206
189 207
189 210
189 212
189 217
189 220
189 224
189 228
189 229
189 241
189 242
190 191
190 192
190 194
190 195
190 196
190 197
190 199
190 202
190 205
190 206
190 216
190 218
190 226
190 232
190 233
190 241
190 244
191 192
191 193
191 194
191 195
191 196
191 197
191 198
191 199
191 201
191 206
191 211
191 214
191 215
191 217
191 221
191 223
191 233
191 237
191 241
191 245
191 246
191 248
191 249
192 193
192 194
192 195
192 196
192 197
192 198
192 199
192 201
192 206
192 207
192 209
192 214
192 215
192 221
192 226
192 227
192 232
192 243
192 249
193 194
193 195
193 196
193 197
193 198
193 199
193 200
193 202
193 203
193 210
193 227
193 228
193 230
193 233
193 234
193 240
193 247
194 195
194 197
194 198
194 199
194 202
194 203
194 207
194 210
194 225
194 226
194 232
194 234
194 235
194 238
194 241
194 246
195 196
195 197
195 198
195 199
195 201
195 202
195 203
195 208
195 211
195 220
195 222
195 224
195 227
195 229
195 230
195 242
195 243
195 248
196 197
196 198
196 199
196 205
196 207
196 213
196 215
196 218
196 222
196 225
196 229
196 231
196 239
196 240
196 242
196 244
196 246
196 249
197 198
197 199
197 207
197 211
197 215
197 216
197 222
197 226
197 228
197 232
197 239
197 244
197 245
197 246
197 249
198 199
198 203
198 205
198 209
198 212
198 215
198 216
198 217
198 223
198 226
198 227
198 230
198 238
198 239
199 201
199 203
199 204
199 206
199 209
199 214
199 217
199 218
199 224
199 231
199 232
199 233
199 235
199 238
199 241
199 242
199 243
199 246
199 248
200 201
200 202
200 203
200 205
200 206
200 207
200 208
200 209
200 210
200 211
200 212
200 213
200 214
200 215
200 217
200 218
200 220
200 221
200 222
200 223
200 224
200 225
200 226
200 227
200 228
200 229
200 230
200 231
200 232
200 233
200 234
200 235
200 236
200 237
200 238
200 239
200 240
200 241
200 242
200 243
200 244
200 245
200 246
200 248
200 249
201 202
201 203
201 204
201 205
201 206
201 207
201 208
201 209
201 210
201 211
201 212
201 213
201 214
201 215
201 216
201 219
201 220
201 221
201 222
201 223
201 225
201 226
201 227
201 228
201 229
201 230
201 231
201 232
201 234
201 235
201 236
201 237
201 239
201 240
201 243
201 244
201 245
201 246
201 247
201 248
201 249
202 203
202 204
202 205
202 206
202 207
202 208
202 209
202 210
202 211
202 212
202 214
202 215
202 218
202 219
202 220
202 221
202 223
202 224
202 225
202 226
202 227
202 228
202 229
202 230
202 231
202 232
202 233
202 234
202 235
202 236
202 238
202 239
202 240
202 241
202 242
202 243
202 244
202 245
202 246
202 247
202 248
202 249
203 204
203 205
203 206
203 207
203 208
203 210
203 211
203 212
203 213
203 214
203 216
203 217
203 218
203 219
203 221
203 222
203 223
203 224
203 225
203 226
203 227
203 228
203 229
203 230
203 231
203 232
203 233
203 234
203 235
203 236
203 237
203 238
203 239
203 240
203 241
203 244
203 245
203 246
203 247
203 248
203 249
204 205
204 206
204 207
204 208
204 210
204 212
204 213
204 214
204 215
204 216
204 217
204 218
204 219
204 220
204 221
204 222
204 223
204 224
204 225
204 226
204 227
204 229
204 230
204 231
204 234
204 235
204 236
204 237
204 239
204 240
204 241
204 242
204 243
204 244
204 245
204 246
204 247
204 248
204 249
205 206
205 207
205 209
205 210
205 211
205 212
205 213
205 214
205 216
205 217
205 218
205 219
205 220
205 221
205 222
205 223
205 224
205 225
205 227
205 228
205 229
205 230
205 231
205 232
205 233
205 234
205 235
205 237
205 238
205 239
205 241
205 242
205 243
205 244
205 245
205 246
205 247
205 249
206 207
206 209
206 210
206 211
206 212
206 213
206 214
206 215
206 216
206 217
206 218
206 219
206 220
206 221
206 222
206 223
206 224
206 225
206 226
206 227
206 228
206 229
206 230
206 231
206 232
206 233
206 234
206 235
206 236
206 237
206 238
206 239
206 240
206 242
206 243
206 244
206 245
206 246
206 247
206 248
206 249
207 208
207 209
207 210
207 213
207 214
207 215
207 216
207 217
207 218
207 219
207 220
207 221
207 222
207 223
207 224
207 226
207 227
207 228
207 229
207 231
207 232
207 233
207 234
207 235
207 236
207 237
207 238
207 239
207 240
207 241
207 242
207 243
207 244
207 245
207 246
207 247
207 248
207 249
208 209
208 210
208 211
208 212
208 213
208 214
208 215
208 216
208 217
208 218
208 219
208 220
208 221
208 222
208 223
208 224
208 225
208 226
208 227
208 228
208 229
208 230
208 231
208 232
208 233
208 234
208 235
208 236
208 237
208 238
208 240
208 242
208 243
208 245
208 246
208 247
208 248
209 210
209 211
209 212
209 214
209 215
209 216
209 217
209 219
209 220
209 221
209 222
209 223
209 225
209 226
209 227
209 228
209 229
209 230
209 231
209 233
209 234
209 235
209 237
209 238
209 239
209 241
209 242
209 243
209 244
209 245
209 246
209 247
209 248
209 249
210 211
210 212
210 213
210 214
210 215
210 216
210 217
210 219
210 220
210 221
210 223
210 224
210 225
210 226
210 227
210 228
210 229
210 230
210 231
210 233
210 234
210 235
210 237
210 239
210 240
210 241
210 242
210 243
210 244
210 245
210 246
210 247
210 248
211 212
211 213
211 214
211 215
211 216
211 217
211 218
211 219
211 220
211 221
211 222
211 223
211 224
211 225
211 226
211 227
211 229
211 230
211 231
211 232
211 233
211 234
211 235
211 236
211 237
211 238
211 239
211 240
211 243
211 244
211 245
211 246
211 248
211 249
212 213
212 214
212 215
212 216
212 217
212 218
212 219
212 220
212 221
212 222
212 223
212 224
212 225
212 226
212 227
212 229
212 230
212 231
212 232
212 233
212 234
212 235
212 236
212 237
212 238
212 239
212 240
212 241
212 242
212 243
212 244
212 245
212 246
212 247
212 248
212 249
213 215
213 216
213 217
213 218
213 220
213 221
213 222
213 224
213 225
213 226
213 227
213 229
213 230
213 232
213 233
213 235
213 236
213 238
213 239
213 240
213 241
213 242
213 243
213 244
213 245
213 246
213 247
213 248
213 249
214 215
214 216
214 217
214 218
214 219
214 220
214 221
214 222
214 223
214 224
214 225
214 226
214 227
214 228
214 229
214 230
214 231
214 232
214 233
214 234
214 235
214 236
214 237
214 238
214 239
214 240
214 241
214 242
214 244
214 246
214 247
214 248
214 249
215 216
215 217
215 218
215 219
215 220
215 221
215 222
215 223
215 224
215 225
215 226
215 227
215 228
215 229
215 230
215 231
215 232
215 233
215 235
215 236
215 237
215 238
215 239
215 240
215 241
215 242
215 243
215 244
215 245
215 246
215 247
215 248
215 249
216 217
216 218
216 220
216 222
216 223
216 224
216 225
216 226
216 227
216 228
216 230
216 231
216 232
216 233
216 234
216 235
216 236
216 237
216 238
216 239
216 240
216 241
216 242
216 243
216 244
216 245
216 246
216 247
216 249
217 219
217 220
217 221
217 222
217 223
217 224
217 225
217 226
217 227
217 228
217 229
217 230
217 231
217 232
217 233
217 234
217 235
217 236
217 237
217 238
217 239
217 241
217 242
217 243
217 244
217 245
217 246
217 247
217 248
217 249
218 219
218 220
218 221
218 222
218 223
218 224
218 225
218 228
218 229
218 230
218 231
218 232
218 233
218 234
218 235
218 236
218 237
218 239
218 240
218 241
218 242
218 244
218 245
218 246
218 247
218 248
218 249
219 220
219 221
219 222
219 223
219 224
219 225
219 226
219 227
219 228
219 229
219 230
219 231
219 232
219 233
219 234
219 235
219 236
219 237
219 238
219 239
219 240
219 241
219 242
219 243
219 244
219 245
219 246
219 247
219 248
219 249
220 221
220 222
220 223
220 224
220 225
220 227
220 228
220 229
220 230
220 231
220 233
220 234
220 236
220 238
220 239
220 240
220 241
220 242
220 243
220 244
220 245
220 246
220 247
220 248
220 249
221 223
221 224
221 225
221 226
221 227
221 228
221 229
221 230
221 231
221 232
221 233
221 234
221 235
221 236
221 237
221 238
221 239
221 240
221 241
221 242
221 243
221 244
221 245
221 247
221 248
221 249
222 223
222 224
222 225
222 226
222 227
222 228
222 229
222 230
222 231
222 232
222 233
222 234
222 236
222 239
222 240
222 241
222 242
222 243
222 244
222 246
222 247
222 248
223 225
223 226
223 227
223 228
223 229
223 230
223 232
223 233
223 234
223 235
223 236
223 237
223 239
223 240
223 241
223 243
223 244
223 245
223 247
223 248
224 225
224 226
224 227
224 228
224 229
224 230
224 231
224 232
224 233
224 234
224 235
224 236
224 237
224 238
224 239
224 240
224 241
224 242
224 243
224 244
224 245
224 246
224 247
224 248
224 249
225 226
225 227
225 228
225 229
225 230
225 231
225 232
225 233
225 234
225 235
225 236
225 237
225 239
225 240
225 241
225 242
225 243
225 244
225 245
225 246
225 248
225 249
226 227
226 228
226 229
226 230
226 231
226 232
226 233
226 234
226 235
226 236
226 237
226 238
226 239
226 240
226 241
226 242
226 243
226 244
226 246
226 247
226 248
226 249
227 228
227 230
227 231
227 232
227 233
227 234
227 236
227 237
227 239
227 240
227 241
227 242
227 243
227 244
227 245
227 247
227 248
227 249
228 229
228 230
228 231
228 232
228 233
228 235
228 236
228 237
228 238
228 239
228 241
228 242
228 243
228 244
228 245
228 246
228 247
228 248
228 249
229 230
229 231
229 232
229 233
229 234
229 235
229 236
229 237
229 238
229 239
229 240
229 241
229 243
229 244
229 245
229 246
229 247
229 248
229 249
230 231
230 232
230 233
230 234
230 235
230 236
230 237
230 239
230 240
230 241
230 242
230 244
230 245
230 246
230 248
230 249
231 232
231 233
231 234
231 235
231 236
231 237
231 238
231 239
231 240
231 241
231 242
231 243
231 244
231 245
231 246
231 247
231 248
231 249
232 233
232 234
232 235
232 236
232 237
232 238
232 239
232 240
232 241
232 242
232 243
232 245
232 246
232 247
232 248
232 249
233 234
233 235
233 236
233 237
233 238
233 239
233 240
233 241
233 242
233 243
233 244
233 245
233 246
233 247
234 235
234 236
234 239
234 240
234 241
234 242
234 243
234 244
234 245
234 246
234 247
234 249
235 236
235 237
235 238
235 239
235 240
235 242
235 243
235 244
235 245
235 246
235 247
235 248
236 237
236 238
236 239
236 241
236 242
236 243
236 244
236 245
236 246
236 247
236 248
236 249
237 238
237 239
237 240
237 241
237 242
237 243
237 244
237 246
237 247
237 248
237 249
238 239
238 240
238 241
238 242
238 243
238 246
238 247
238 248
238 249
239 240
239 244
239 245
239 246
239 247
239 248
239 249
240 241
240 242
240 243
240 244
240 245
240 246
240 247
240 248
240 249
241 242
241 243
241 244
241 245
241 246
241 247
241 248
241 249
242 243
242 244
242 245
242 246
242 247
242 248
242 249
243 244
243 245
243 246
243 247
243 248
243 249
244 245
244 246
244 247
244 248
244 249
245 246
245 247
245 248
246 247
246 248
247 248
247 249
248 249
