0 1
0 2
0 3
0 4
0 5
0 6
0 7
0 8
0 9
0 10
0 11
0 12
0 13
0 14
0 15
0 16
0 17
0 18
0 19
0 20
0 22
0 25
0 26
0 27
0 30
0 32
0 33
0 34
0 35
0 36
0 37
0 38
0 39
0 40
0 41
0 42
0 43
0 44
0 45
0 46
0 48
0 49
0 61
0 74
0 85
0 100
0 102
0 184
0 210
0 235
1 2
1 3
1 4
1 5
1 6
1 7
1 8
1 9
1 10
1 11
1 12
1 13
1 14
1 15
1 16
1 17
1 18
1 19
1 21
1 22
1 23
1 24
1 26
1 27
1 28
1 29
1 30
1 31
1 32
1 33
1 34
1 35
1 36
1 37
1 38
1 39
1 40
1 41
1 42
1 43
1 44
1 45
1 46
1 47
1 48
1 49
1 71
1 73
1 78
1 86
1 135
1 103
1 126
1 182
1 187
1 190
1 193
1 225
1 231
2 3
2 4
2 5
2 7
2 8
2 10
2 11
2 12
2 13
2 14
2 15
2 16
2 17
2 19
2 20
2 21
2 22
2 23
2 24
2 25
2 26
2 27
2 29
2 30
2 32
2 33
2 34
2 35
2 36
2 37
2 38
2 39
2 40
2 41
2 43
2 44
2 45
2 46
2 47
2 48
2 49
2 59
2 92
2 93
2 136
2 101
2 113
2 169
2 182
3 5
3 6
3 7
3 8
3 9
3 10
3 11
3 12
3 13
3 14
3 15
3 16
3 17
3 18
3 19
3 20
3 21
3 22
3 23
3 24
3 26
3 27
3 28
3 29
3 30
3 31
3 32
3 33
3 34
3 36
3 38
3 39
3 40
3 41
3 42
3 43
3 44
3 45
3 46
3 47
3 48
3 49
3 69
3 79
3 85
3 92
3 93
3 120
3 123
3 151
3 152
3 180
3 186
3 193
3 207
3 233
3 246
3 248
4 5
4 6
4 8
4 9
4 10
4 11
4 12
4 13
4 14
4 15
4 16
4 17
4 18
4 19
4 20
4 21
4 22
4 23
4 24
4 25
4 26
4 27
4 28
4 29
4 30
4 31
4 32
4 33
4 34
4 35
4 36
4 37
4 38
4 39
4 40
4 41
4 42
4 44
4 45
4 46
4 47
4 48
4 49
4 84
4 88
4 91
4 97
4 144
4 147
4 152
4 207
5 6
5 7
5 8
5 9
5 10
5 11
5 12
5 14
5 15
5 16
5 17
5 18
5 19
5 20
5 21
5 22
5 23
5 24
5 25
5 26
5 27
5 28
5 29
5 30
5 31
5 32
5 33
5 34
5 35
5 36
5 37
5 38
5 39
5 40
5 41
5 42
5 43
5 44
5 46
5 47
5 48
5 49
5 81
5 87
5 93
5 104
5 123
5 174
5 216
5 225
6 7
6 8
6 9
6 10
6 12
6 13
6 15
6 16
6 17
6 18
6 19
6 21
6 22
6 23
6 24
6 25
6 26
6 27
6 28
6 29
6 30
6 31
6 32
6 34
6 35
6 36
6 37
6 38
6 40
6 41
6 42
6 43
6 44
6 45
6 47
6 48
6 49
6 76
6 85
6 129
6 101
6 151
6 169
6 211
6 220
7 8
7 9
7 10
7 11
7 12
7 13
7 14
7 15
7 16
7 17
7 18
7 19
7 21
7 22
7 23
7 24
7 25
7 26
7 27
7 29
7 30
7 31
7 32
7 33
7 34
7 35
7 36
7 37
7 38
7 39
7 40
7 41
7 42
7 43
7 44
7 46
7 47
7 65
7 69
7 110
7 118
7 167
7 173
7 202
7 219
7 222
7 239
7 242
8 9
8 10
8 11
8 12
8 13
8 14
8 15
8 16
8 17
8 18
8 19
8 20
8 21
8 22
8 24
8 25
8 26
8 28
8 29
8 30
8 31
8 32
8 33
8 34
8 36
8 37
8 38
8 39
8 40
8 41
8 42
8 43
8 45
8 46
8 47
8 49
8 64
8 73
8 75
8 97
8 135
8 141
8 142
8 104
8 160
8 162
8 178
8 199
8 226
9 10
9 11
9 12
9 13
9 14
9 16
9 17
9 18
9 19
9 20
9 21
9 22
9 23
9 25
9 26
9 27
9 28
9 29
9 30
9 31
9 32
9 33
9 34
9 35
9 36
9 37
9 38
9 39
9 40
9 41
9 42
9 43
9 44
9 45
9 46
9 47
9 48
9 49
9 59
9 75
9 99
9 124
9 156
9 176
9 220
9 233
9 236
10 11
10 12
10 13
10 14
10 15
10 17
10 18
10 20
10 22
10 23
10 24
10 25
10 26
10 27
10 28
10 29
10 30
10 31
10 32
10 35
10 37
10 38
10 39
10 40
10 41
10 42
10 43
10 44
10 45
10 46
10 48
10 49
10 62
10 141
10 149
10 176
10 193
11 12
11 13
11 14
11 15
11 16
11 17
11 18
11 19
11 20
11 22
11 23
11 24
11 25
11 26
11 28
11 29
11 30
11 31
11 32
11 33
11 34
11 35
11 36
11 37
11 38
11 39
11 41
11 42
11 43
11 44
11 45
11 46
11 47
11 48
11 49
11 136
11 121
11 156
11 220
11 227
11 244
12 14
12 15
12 16
12 17
12 18
12 19
12 20
12 21
12 22
12 23
12 24
12 25
12 26
12 27
12 28
12 30
12 31
12 33
12 34
12 35
12 36
12 37
12 38
12 39
12 40
12 41
12 42
12 43
12 44
12 45
12 46
12 47
12 49
12 67
12 144
12 100
12 117
12 121
12 155
12 158
12 163
12 174
13 15
13 16
13 17
13 18
13 19
13 20
13 21
13 22
13 23
13 25
13 26
13 27
13 28
13 29
13 30
13 31
13 32
13 33
13 34
13 36
13 37
13 38
13 39
13 40
13 42
13 43
13 45
13 46
13 47
13 48
13 49
13 51
13 74
13 82
13 83
13 146
13 117
13 169
13 175
13 179
13 207
13 220
13 223
14 15
14 17
14 18
14 19
14 20
14 21
14 22
14 23
14 24
14 25
14 26
14 27
14 28
14 29
14 30
14 31
14 32
14 33
14 34
14 35
14 36
14 37
14 38
14 39
14 40
14 41
14 42
14 43
14 45
14 46
14 47
14 48
14 49
14 54
14 95
14 97
14 133
14 115
14 162
14 164
14 193
14 230
14 236
15 16
15 17
15 18
15 19
15 20
15 21
15 22
15 23
15 25
15 26
15 27
15 28
15 29
15 30
15 31
15 32
15 33
15 34
15 36
15 37
15 39
15 40
15 41
15 42
15 43
15 44
15 45
15 47
15 48
15 49
15 58
15 73
15 133
15 138
15 104
15 189
15 207
15 223
15 225
15 244
16 17
16 18
16 19
16 20
16 21
16 22
16 23
16 24
16 25
16 26
16 27
16 28
16 29
16 30
16 32
16 33
16 34
16 35
16 36
16 37
16 38
16 39
16 40
16 42
16 43
16 44
16 45
16 46
16 47
16 48
16 49
16 60
16 73
16 106
16 113
16 114
16 152
16 161
16 179
16 192
16 205
16 221
16 224
16 230
16 234
16 240
17 18
17 19
17 20
17 21
17 22
17 23
17 24
17 25
17 26
17 27
17 28
17 29
17 30
17 32
17 33
17 34
17 35
17 36
17 37
17 38
17 39
17 40
17 41
17 42
17 43
17 44
17 45
17 46
17 47
17 49
17 51
17 60
17 69
17 87
17 97
17 129
17 142
17 113
17 127
17 171
17 191
17 204
17 207
17 231
17 246
17 248
18 19
18 20
18 21
18 22
18 23
18 24
18 25
18 26
18 27
18 28
18 29
18 30
18 31
18 32
18 34
18 35
18 36
18 37
18 38
18 39
18 40
18 41
18 42
18 43
18 44
18 45
18 47
18 48
18 49
18 63
18 66
18 71
18 77
18 88
18 91
18 114
18 127
18 183
18 191
18 235
18 240
18 242
19 20
19 22
19 24
19 25
19 26
19 27
19 28
19 29
19 31
19 32
19 33
19 34
19 35
19 36
19 37
19 39
19 40
19 41
19 42
19 43
19 45
19 46
19 47
19 48
19 49
19 56
19 58
19 83
19 115
19 152
19 158
19 159
19 160
19 174
19 197
19 223
20 22
20 23
20 24
20 25
20 26
20 27
20 28
20 29
20 30
20 31
20 32
20 33
20 35
20 37
20 38
20 39
20 41
20 42
20 43
20 44
20 45
20 46
20 47
20 48
20 49
20 96
20 97
20 165
20 184
20 189
20 193
20 217
20 221
20 232
20 246
20 247
21 22
21 23
21 24
21 25
21 26
21 27
21 30
21 32
21 33
21 35
21 36
21 38
21 39
21 40
21 41
21 42
21 43
21 44
21 45
21 46
21 47
21 48
21 52
21 66
21 129
21 103
21 119
21 153
21 156
21 160
21 172
21 178
21 184
21 195
21 227
22 23
22 24
22 25
22 26
22 27
22 28
22 29
22 30
22 31
22 32
22 33
22 34
22 35
22 36
22 37
22 38
22 39
22 40
22 41
22 42
22 43
22 44
22 46
22 47
22 48
22 49
22 55
22 87
22 133
22 134
22 162
22 169
22 186
22 193
22 196
22 217
22 218
22 223
22 230
22 236
22 249
23 24
23 25
23 26
23 27
23 28
23 29
23 30
23 31
23 32
23 33
23 34
23 35
23 36
23 37
23 38
23 39
23 40
23 41
23 42
23 43
23 44
23 45
23 46
23 47
23 48
23 176
23 205
23 240
23 242
23 245
24 25
24 26
24 27
24 29
24 30
24 31
24 32
24 33
24 34
24 35
24 36
24 37
24 38
24 39
24 40
24 41
24 42
24 43
24 44
24 45
24 46
24 47
24 48
24 49
24 81
24 86
24 88
24 92
24 131
24 137
24 101
24 152
24 202
25 26
25 27
25 28
25 29
25 30
25 31
25 33
25 34
25 35
25 36
25 37
25 38
25 39
25 40
25 42
25 43
25 44
25 45
25 46
25 47
25 48
25 49
25 70
25 75
25 85
25 89
25 142
25 146
25 100
25 118
25 151
25 163
25 195
25 217
26 27
26 29
26 30
26 31
26 32
26 33
26 34
26 35
26 36
26 37
26 39
26 40
26 42
26 44
26 45
26 46
26 47
26 48
26 49
26 60
26 132
26 119
26 154
26 155
26 161
26 164
26 191
26 240
27 28
27 29
27 30
27 31
27 32
27 33
27 34
27 35
27 36
27 37
27 39
27 40
27 41
27 42
27 43
27 45
27 47
27 48
27 49
27 63
27 98
27 130
27 140
27 115
27 126
27 156
27 188
27 230
27 249
28 29
28 30
28 31
28 32
28 33
28 36
28 37
28 38
28 39
28 41
28 42
28 43
28 44
28 46
28 47
28 48
28 49
28 68
28 69
28 86
28 130
28 152
28 167
28 202
28 210
28 225
28 238
28 240
28 248
29 30
29 31
29 32
29 33
29 35
29 36
29 37
29 38
29 39
29 40
29 41
29 42
29 43
29 44
29 45
29 46
29 47
29 48
29 49
29 57
29 99
29 134
29 101
29 121
29 185
29 213
29 215
29 234
29 241
29 248
30 31
30 34
30 35
30 36
30 37
30 38
30 39
30 40
30 41
30 43
30 44
30 45
30 46
30 47
30 48
30 49
30 144
30 167
30 193
30 204
30 230
31 32
31 33
31 34
31 35
31 36
31 37
31 38
31 39
31 40
31 41
31 42
31 43
31 44
31 45
31 46
31 48
31 49
31 85
31 93
32 33
32 34
32 35
32 36
32 37
32 38
32 40
32 41
32 42
32 43
32 44
32 45
32 47
32 48
32 49
32 104
32 105
32 112
32 115
32 127
32 157
32 174
32 177
32 185
32 200
32 225
33 34
33 35
33 36
33 37
33 38
33 39
33 40
33 41
33 42
33 43
33 44
33 45
33 46
33 47
33 48
33 49
33 75
33 92
33 142
33 108
33 127
33 157
33 173
33 208
33 243
33 246
34 35
34 37
34 38
34 39
34 40
34 42
34 43
34 44
34 45
34 46
34 47
34 48
34 49
34 59
34 78
34 88
34 92
34 137
34 167
34 168
34 176
34 199
34 204
34 206
34 207
34 236
35 36
35 37
35 38
35 39
35 40
35 41
35 42
35 43
35 44
35 46
35 47
35 48
35 49
35 53
35 57
35 75
35 78
35 85
35 116
35 152
35 165
35 227
35 244
35 245
35 247
36 37
36 38
36 39
36 40
36 41
36 42
36 44
36 45
36 46
36 47
36 48
36 49
36 60
36 61
36 77
36 90
36 134
36 111
36 121
36 162
36 182
36 185
36 201
36 205
37 38
37 39
37 40
37 41
37 42
37 43
37 45
37 46
37 47
37 48
37 49
37 77
37 81
37 82
37 90
37 96
37 130
37 144
37 148
37 118
37 122
37 165
37 198
37 206
37 211
37 225
37 227
37 239
38 39
38 40
38 41
38 42
38 43
38 45
38 46
38 47
38 48
38 49
38 55
38 63
38 64
38 149
38 155
38 167
38 201
38 244
39 40
39 41
39 42
39 43
39 44
39 48
39 49
39 54
39 79
39 81
39 95
39 99
39 133
39 112
39 118
39 122
39 124
39 127
39 153
39 218
40 41
40 42
40 44
40 45
40 46
40 47
40 49
40 53
40 81
40 88
40 91
40 92
40 178
40 183
40 222
40 225
41 42
41 43
41 45
41 46
41 48
41 49
41 72
41 96
41 134
41 119
41 157
41 185
41 186
41 215
41 217
41 241
41 249
42 44
42 45
42 46
42 47
42 48
42 60
42 95
42 108
42 110
42 126
42 174
42 222
43 44
43 45
43 46
43 47
43 48
43 49
43 59
43 98
43 99
43 138
43 124
43 180
43 221
43 226
43 248
44 46
44 47
44 48
44 49
44 56
44 75
44 80
44 93
44 142
44 114
44 118
44 162
44 186
44 220
45 46
45 47
45 48
45 49
45 56
45 66
45 151
46 47
46 48
46 49
46 58
46 64
46 73
46 90
46 142
46 104
46 112
46 125
46 193
46 219
46 220
46 246
47 48
47 49
47 51
47 62
47 94
47 133
47 140
47 148
47 107
47 169
47 188
47 196
47 202
47 214
48 49
48 74
48 98
48 157
48 163
48 173
48 180
48 200
48 206
48 209
48 225
48 234
49 57
49 83
49 145
49 148
49 106
49 112
49 150
49 211
50 52
50 53
50 54
50 55
50 57
50 58
50 59
50 60
50 61
50 62
50 63
50 64
50 65
50 66
50 67
50 68
50 69
50 70
50 71
50 72
50 73
50 74
50 75
50 76
50 78
50 79
50 80
50 81
50 82
50 83
50 86
50 87
50 88
50 89
50 90
50 91
50 92
50 93
50 94
50 95
50 96
50 97
50 98
50 99
50 142
50 119
50 152
50 174
50 201
50 210
50 219
50 223
50 226
51 52
51 53
51 54
51 55
51 56
51 57
51 58
51 59
51 60
51 61
51 62
51 63
51 64
51 65
51 66
51 67
51 68
51 71
51 72
51 73
51 74
51 75
51 76
51 77
51 78
51 79
51 80
51 81
51 82
51 84
51 85
51 86
51 88
51 89
51 90
51 91
51 92
51 93
51 94
51 95
51 96
51 97
51 98
51 99
51 133
51 143
51 111
51 194
51 208
51 213
51 232
52 53
52 55
52 58
52 59
52 60
52 61
52 62
52 63
52 64
52 65
52 66
52 67
52 68
52 69
52 70
52 71
52 72
52 73
52 74
52 75
52 76
52 77
52 78
52 79
52 80
52 81
52 82
52 83
52 84
52 86
52 87
52 89
52 90
52 92
52 93
52 95
52 96
52 97
52 98
52 99
52 102
52 109
52 153
52 157
52 191
52 196
52 200
52 225
53 54
53 55
53 56
53 57
53 58
53 59
53 60
53 61
53 62
53 63
53 65
53 66
53 67
53 68
53 69
53 70
53 71
53 72
53 73
53 74
53 75
53 76
53 77
53 79
53 81
53 82
53 84
53 85
53 86
53 87
53 88
53 89
53 90
53 91
53 92
53 94
53 95
53 96
53 97
53 98
53 99
53 143
53 109
53 119
53 197
53 220
54 55
54 56
54 57
54 58
54 59
54 60
54 61
54 62
54 63
54 64
54 65
54 66
54 67
54 68
54 69
54 70
54 71
54 72
54 73
54 75
54 76
54 77
54 79
54 81
54 82
54 83
54 84
54 85
54 86
54 87
54 88
54 89
54 90
54 91
54 92
54 93
54 94
54 96
54 97
54 98
54 99
54 104
54 105
54 118
54 125
54 156
54 165
54 184
54 203
54 208
54 223
54 228
55 56
55 57
55 58
55 59
55 60
55 62
55 63
55 64
55 66
55 67
55 69
55 71
55 72
55 73
55 74
55 75
55 76
55 77
55 78
55 80
55 81
55 82
55 83
55 84
55 85
55 86
55 87
55 88
55 89
55 90
55 91
55 92
55 93
55 94
55 95
55 96
55 98
55 99
55 113
55 122
55 124
55 155
55 190
55 196
55 228
56 57
56 58
56 59
56 60
56 61
56 62
56 63
56 64
56 65
56 66
56 67
56 68
56 69
56 70
56 71
56 72
56 73
56 74
56 75
56 76
56 77
56 78
56 79
56 80
56 81
56 82
56 84
56 85
56 86
56 87
56 88
56 89
56 90
56 91
56 92
56 93
56 94
56 95
56 96
56 98
56 99
56 112
56 117
56 119
56 120
56 158
56 170
56 205
56 207
56 234
56 238
56 241
57 58
57 60
57 61
57 62
57 63
57 64
57 65
57 66
57 67
57 68
57 69
57 70
57 71
57 72
57 73
57 74
57 75
57 78
57 79
57 80
57 81
57 82
57 83
57 84
57 85
57 86
57 87
57 90
57 91
57 93
57 94
57 95
57 96
57 97
57 98
57 99
57 128
57 192
57 193
57 205
57 228
58 59
58 61
58 62
58 63
58 64
58 67
58 68
58 69
58 71
58 73
58 74
58 75
58 76
58 77
58 78
58 79
58 80
58 81
58 82
58 83
58 84
58 85
58 86
58 87
58 88
58 89
58 90
58 91
58 92
58 93
58 94
58 95
58 97
58 98
58 99
58 102
58 103
58 122
58 125
58 163
58 231
58 240
59 61
59 62
59 63
59 64
59 65
59 67
59 68
59 69
59 70
59 71
59 72
59 73
59 74
59 75
59 76
59 77
59 78
59 79
59 80
59 81
59 82
59 83
59 85
59 86
59 87
59 88
59 89
59 90
59 91
59 93
59 94
59 95
59 96
59 97
59 98
59 99
59 113
59 124
59 160
59 182
59 184
59 192
59 241
60 61
60 63
60 64
60 65
60 66
60 67
60 68
60 69
60 72
60 73
60 74
60 75
60 76
60 77
60 78
60 79
60 80
60 81
60 82
60 83
60 84
60 86
60 87
60 88
60 89
60 90
60 91
60 92
60 93
60 94
60 95
60 96
60 97
60 98
60 99
60 142
60 109
60 159
60 168
60 178
60 193
60 199
60 220
60 245
60 246
61 62
61 63
61 64
61 65
61 66
61 67
61 68
61 69
61 70
61 71
61 72
61 73
61 74
61 75
61 76
61 77
61 79
61 80
61 81
61 82
61 84
61 85
61 86
61 87
61 88
61 89
61 91
61 92
61 93
61 94
61 95
61 96
61 97
61 98
61 99
61 134
61 158
61 178
61 229
61 232
61 233
62 63
62 64
62 67
62 68
62 69
62 71
62 72
62 73
62 74
62 75
62 76
62 77
62 78
62 79
62 80
62 82
62 83
62 84
62 85
62 86
62 87
62 88
62 89
62 90
62 91
62 92
62 93
62 94
62 95
62 96
62 97
62 98
62 99
62 142
62 100
62 114
62 245
63 64
63 65
63 66
63 67
63 68
63 69
63 70
63 71
63 72
63 73
63 74
63 75
63 76
63 77
63 78
63 79
63 80
63 81
63 82
63 83
63 84
63 85
63 86
63 87
63 88
63 89
63 90
63 91
63 92
63 93
63 94
63 95
63 96
63 97
63 98
63 99
63 113
63 180
63 191
63 197
63 209
64 65
64 67
64 69
64 70
64 71
64 73
64 74
64 76
64 77
64 78
64 79
64 80
64 82
64 83
64 84
64 85
64 86
64 87
64 88
64 89
64 90
64 91
64 92
64 93
64 94
64 95
64 96
64 97
64 99
64 115
64 182
64 186
64 206
64 229
64 230
64 236
65 66
65 67
65 68
65 69
65 70
65 71
65 72
65 73
65 74
65 75
65 77
65 78
65 80
65 81
65 83
65 84
65 85
65 87
65 88
65 89
65 91
65 92
65 93
65 94
65 95
65 96
65 97
65 98
65 99
65 136
65 116
65 121
65 165
65 178
65 185
65 193
65 194
65 220
66 67
66 68
66 69
66 71
66 72
66 73
66 74
66 75
66 77
66 78
66 79
66 80
66 81
66 82
66 83
66 84
66 86
66 87
66 88
66 89
66 90
66 91
66 92
66 93
66 94
66 95
66 96
66 97
66 98
66 99
66 135
66 137
66 105
66 114
66 189
66 191
66 194
66 196
67 68
67 69
67 70
67 71
67 72
67 73
67 74
67 75
67 76
67 77
67 78
67 79
67 80
67 81
67 82
67 83
67 84
67 85
67 86
67 87
67 88
67 89
67 90
67 91
67 92
67 93
67 95
67 96
67 97
67 98
67 137
67 138
67 143
67 147
67 111
67 156
67 196
67 204
67 222
67 237
68 69
68 70
68 71
68 72
68 73
68 74
68 75
68 76
68 77
68 78
68 79
68 80
68 82
68 83
68 84
68 85
68 86
68 87
68 88
68 89
68 90
68 91
68 92
68 93
68 94
68 95
68 96
68 97
68 98
68 114
68 150
68 176
68 190
68 210
68 231
68 237
69 70
69 71
69 72
69 73
69 74
69 75
69 77
69 78
69 79
69 80
69 81
69 83
69 84
69 85
69 86
69 87
69 88
69 89
69 90
69 91
69 92
69 93
69 94
69 95
69 96
69 97
69 98
69 122
69 193
69 199
69 215
69 228
70 71
70 72
70 73
70 74
70 76
70 77
70 78
70 79
70 80
70 81
70 82
70 83
70 84
70 85
70 86
70 87
70 89
70 90
70 91
70 92
70 93
70 94
70 95
70 96
70 97
70 98
70 99
70 136
70 102
70 109
70 110
70 125
70 191
71 72
71 73
71 74
71 75
71 76
71 77
71 78
71 79
71 80
71 81
71 83
71 84
71 85
71 86
71 88
71 89
71 91
71 93
71 94
71 95
71 96
71 97
71 98
71 99
71 143
71 107
71 168
71 180
71 188
71 214
71 218
71 237
71 239
71 243
72 77
72 78
72 79
72 80
72 81
72 82
72 83
72 84
72 85
72 86
72 88
72 89
72 90
72 91
72 92
72 93
72 96
72 97
72 98
72 99
72 231
73 74
73 75
73 76
73 79
73 81
73 82
73 83
73 84
73 85
73 86
73 87
73 88
73 89
73 90
73 92
73 93
73 94
73 95
73 96
73 97
73 98
73 99
73 144
73 119
73 155
73 176
73 210
73 217
73 220
74 75
74 76
74 79
74 80
74 81
74 82
74 83
74 84
74 85
74 88
74 89
74 90
74 91
74 92
74 93
74 95
74 96
74 97
74 98
74 99
74 131
74 161
74 213
74 228
74 234
74 240
74 248
75 76
75 77
75 78
75 79
75 80
75 81
75 82
75 83
75 84
75 85
75 86
75 87
75 89
75 90
75 91
75 92
75 94
75 95
75 96
75 97
75 98
75 99
75 136
75 152
75 172
76 77
76 78
76 79
76 80
76 81
76 82
76 83
76 84
76 85
76 86
76 87
76 88
76 90
76 91
76 92
76 93
76 94
76 95
76 96
76 97
76 98
76 99
76 142
76 149
76 157
76 167
76 169
76 190
76 195
77 78
77 79
77 80
77 81
77 83
77 85
77 86
77 87
77 88
77 89
77 90
77 91
77 92
77 93
77 94
77 95
77 98
77 99
77 133
77 141
77 118
77 152
77 175
77 187
77 189
77 197
77 204
77 237
77 239
78 79
78 80
78 81
78 82
78 83
78 84
78 85
78 86
78 87
78 88
78 89
78 90
78 91
78 92
78 93
78 94
78 95
78 96
78 98
78 99
78 174
78 187
78 189
78 205
78 208
79 82
79 83
79 84
79 85
79 86
79 87
79 88
79 89
79 91
79 92
79 93
79 94
79 95
79 96
79 98
79 99
79 146
79 100
79 115
79 151
79 165
79 167
79 207
79 232
79 236
79 245
80 82
80 83
80 84
80 85
80 86
80 87
80 88
80 89
80 90
80 91
80 92
80 93
80 94
80 95
80 96
80 97
80 98
80 99
80 135
80 103
80 126
80 162
80 237
81 82
81 83
81 84
81 85
81 86
81 87
81 88
81 89
81 90
81 91
81 92
81 93
81 94
81 96
81 97
81 98
81 99
81 177
81 229
81 232
82 84
82 85
82 87
82 88
82 89
82 90
82 91
82 92
82 93
82 94
82 95
82 98
82 99
82 150
82 238
82 245
83 85
83 86
83 87
83 88
83 89
83 90
83 91
83 92
83 93
83 94
83 95
83 96
83 98
83 99
83 140
83 127
83 165
83 166
83 190
83 208
83 232
84 85
84 86
84 87
84 88
84 89
84 90
84 91
84 92
84 94
84 95
84 96
84 97
84 98
84 99
84 143
84 117
84 119
84 153
84 158
84 174
84 194
84 204
84 231
84 244
84 247
85 87
85 89
85 90
85 91
85 92
85 93
85 94
85 95
85 96
85 97
85 98
85 99
85 104
85 157
85 171
85 194
85 226
86 87
86 88
86 89
86 90
86 91
86 92
86 93
86 94
86 95
86 96
86 97
86 98
86 99
86 128
86 135
86 148
86 104
86 109
86 110
86 157
86 160
86 182
86 234
86 236
86 240
87 88
87 89
87 90
87 92
87 93
87 94
87 95
87 96
87 97
87 98
87 99
87 122
87 194
87 210
87 222
87 232
87 248
88 89
88 90
88 92
88 93
88 94
88 96
88 97
88 98
88 99
88 146
88 151
88 158
88 207
89 90
89 91
89 92
89 93
89 94
89 95
89 96
89 97
89 99
89 114
89 120
89 235
90 91
90 92
90 93
90 94
90 95
90 96
90 97
90 98
90 114
90 152
90 177
90 200
90 214
90 217
90 218
91 92
91 93
91 94
91 95
91 96
91 97
91 98
91 99
91 137
91 140
91 143
91 145
91 149
91 103
91 125
91 126
91 160
91 164
91 165
91 166
91 169
91 211
91 219
91 222
91 223
91 247
92 93
92 94
92 95
92 96
92 97
92 98
92 99
92 133
92 134
92 141
92 101
92 111
92 163
92 196
92 206
92 237
92 247
93 94
93 95
93 96
93 97
93 98
93 99
93 139
93 113
93 117
93 153
93 161
93 164
93 169
93 177
93 230
93 238
93 242
94 95
94 96
94 97
94 98
94 131
94 114
94 115
94 150
94 152
94 162
94 174
94 194
94 228
94 229
94 232
95 96
95 97
95 98
95 99
95 148
95 149
95 102
95 110
95 113
95 156
95 158
95 169
95 204
95 236
95 248
96 98
96 99
96 145
96 176
96 179
96 229
97 98
97 99
97 129
97 147
97 161
97 163
97 186
97 216
97 217
98 99
98 138
98 148
98 106
98 113
98 125
98 177
98 226
98 236
98 243
99 141
99 146
99 116
99 150
99 163
99 215
99 217
99 229
99 249
128 129
128 130
128 131
128 132
128 133
128 134
128 135
128 136
128 138
128 139
128 140
128 141
128 142
128 143
128 144
128 146
128 147
128 148
128 149
128 100
128 101
128 102
128 103
128 104
128 105
128 107
128 108
128 109
128 110
128 111
128 112
128 113
128 114
128 115
128 116
128 117
128 118
128 119
128 120
128 121
128 122
128 123
128 124
128 126
128 127
128 160
128 179
128 188
128 195
128 197
128 213
129 130
129 131
129 132
129 133
129 134
129 135
129 136
129 137
129 138
129 139
129 140
129 141
129 142
129 144
129 145
129 146
129 147
129 148
129 149
129 100
129 101
129 102
129 106
129 107
129 109
129 110
129 111
129 112
129 113
129 114
129 115
129 116
129 117
129 118
129 119
129 120
129 121
129 122
129 123
129 124
129 125
129 126
129 159
129 200
129 205
130 131
130 132
130 133
130 134
130 135
130 136
130 137
130 138
130 139
130 141
130 142
130 143
130 144
130 145
130 146
130 147
130 148
130 100
130 101
130 103
130 104
130 105
130 106
130 108
130 109
130 110
130 111
130 112
130 113
130 114
130 115
130 117
130 118
130 119
130 120
130 121
130 122
130 123
130 125
130 126
130 127
130 184
130 235
131 132
131 133
131 134
131 135
131 136
131 137
131 138
131 139
131 140
131 141
131 142
131 143
131 144
131 145
131 146
131 147
131 148
131 149
131 100
131 101
131 102
131 103
131 104
131 105
131 106
131 107
131 108
131 109
131 110
131 111
131 112
131 113
131 114
131 115
131 116
131 117
131 118
131 119
131 120
131 121
131 122
131 123
131 124
131 125
131 126
131 127
131 167
131 172
131 185
131 213
131 237
131 249
132 133
132 134
132 135
132 136
132 138
132 139
132 140
132 141
132 142
132 143
132 144
132 146
132 147
132 148
132 149
132 101
132 102
132 103
132 104
132 105
132 106
132 108
132 112
132 114
132 115
132 116
132 117
132 119
132 120
132 123
132 124
132 125
132 126
132 127
132 150
132 166
132 212
133 134
133 135
133 136
133 137
133 138
133 139
133 140
133 142
133 143
133 144
133 145
133 146
133 147
133 149
133 100
133 101
133 102
133 103
133 104
133 105
133 106
133 107
133 108
133 109
133 110
133 111
133 112
133 113
133 114
133 115
133 116
133 117
133 119
133 120
133 121
133 122
133 123
133 124
133 125
133 126
133 127
133 167
133 184
133 206
133 226
133 230
134 135
134 136
134 137
134 138
134 140
134 141
134 142
134 143
134 144
134 145
134 146
134 147
134 148
134 149
134 100
134 102
134 103
134 106
134 107
134 108
134 109
134 110
134 111
134 113
134 114
134 115
134 116
134 118
134 119
134 120
134 121
134 122
134 123
134 124
134 126
134 127
135 136
135 137
135 138
135 140
135 141
135 142
135 143
135 144
135 145
135 146
135 147
135 149
135 101
135 102
135 103
135 104
135 105
135 106
135 107
135 109
135 110
135 111
135 113
135 114
135 115
135 116
135 117
135 118
135 119
135 120
135 121
135 123
135 124
135 125
135 126
135 236
136 137
136 138
136 139
136 140
136 141
136 142
136 143
136 145
136 146
136 148
136 149
136 100
136 101
136 102
136 103
136 104
136 106
136 107
136 108
136 109
136 111
136 112
136 113
136 114
136 115
136 117
136 118
136 119
136 120
136 121
136 122
136 123
136 124
136 125
136 126
136 127
136 218
136 224
136 236
137 138
137 139
137 140
137 141
137 142
137 143
137 144
137 145
137 146
137 147
137 148
137 149
137 100
137 102
137 103
137 104
137 105
137 106
137 107
137 108
137 109
137 110
137 111
137 112
137 113
137 114
137 115
137 116
137 117
137 118
137 119
137 120
137 122
137 123
137 124
137 125
137 127
137 154
137 165
137 169
137 185
137 220
138 139
138 140
138 141
138 142
138 144
138 146
138 147
138 148
138 149
138 100
138 101
138 102
138 103
138 104
138 105
138 106
138 107
138 108
138 109
138 110
138 111
138 112
138 113
138 114
138 115
138 116
138 117
138 118
138 119
138 121
138 122
138 123
138 124
138 125
138 126
138 127
138 150
138 175
138 232
138 236
138 247
139 140
139 141
139 142
139 143
139 144
139 145
139 146
139 147
139 148
139 149
139 100
139 101
139 102
139 103
139 105
139 106
139 107
139 108
139 110
139 111
139 112
139 113
139 115
139 116
139 117
139 118
139 119
139 120
139 121
139 123
139 124
139 125
139 127
139 150
140 141
140 142
140 143
140 144
140 145
140 146
140 147
140 148
140 100
140 101
140 102
140 104
140 105
140 106
140 107
140 108
140 109
140 110
140 111
140 112
140 115
140 116
140 117
140 118
140 119
140 120
140 121
140 122
140 123
140 124
140 125
140 126
140 181
140 182
140 187
140 218
140 237
141 142
141 143
141 144
141 145
141 146
141 147
141 148
141 149
141 100
141 101
141 102
141 103
141 104
141 105
141 106
141 107
141 108
141 109
141 110
141 111
141 112
141 113
141 114
141 115
141 116
141 118
141 119
141 120
141 121
141 122
141 123
141 124
141 126
141 127
141 152
141 187
141 202
141 246
142 143
142 144
142 145
142 146
142 148
142 149
142 100
142 101
142 102
142 103
142 105
142 106
142 107
142 109
142 110
142 111
142 112
142 113
142 114
142 115
142 116
142 117
142 118
142 119
142 120
142 121
142 122
142 123
142 124
142 125
142 126
142 127
142 217
142 237
143 144
143 145
143 146
143 147
143 148
143 149
143 100
143 101
143 102
143 103
143 104
143 105
143 106
143 107
143 108
143 110
143 111
143 112
143 113
143 114
143 116
143 117
143 118
143 119
143 120
143 121
143 122
143 123
143 124
143 125
143 126
143 127
143 151
143 205
143 207
143 222
143 224
143 248
144 145
144 146
144 147
144 148
144 149
144 100
144 101
144 102
144 103
144 104
144 105
144 106
144 107
144 108
144 109
144 110
144 111
144 112
144 113
144 114
144 115
144 116
144 118
144 119
144 120
144 121
144 122
144 123
144 124
144 125
144 126
144 127
144 181
144 235
144 241
145 147
145 148
145 149
145 100
145 102
145 103
145 105
145 106
145 107
145 109
145 110
145 112
145 113
145 114
145 115
145 116
145 117
145 118
145 119
145 120
145 121
145 122
145 123
145 124
145 125
145 126
145 127
145 187
145 203
145 206
145 230
145 247
146 147
146 148
146 149
146 102
146 103
146 104
146 105
146 106
146 107
146 108
146 110
146 111
146 112
146 113
146 114
146 115
146 116
146 117
146 118
146 120
146 121
146 122
146 123
146 124
146 125
146 126
146 127
146 174
146 176
146 206
146 217
147 101
147 102
147 103
147 104
147 105
147 106
147 107
147 108
147 109
147 110
147 111
147 112
147 113
147 114
147 115
147 117
147 118
147 120
147 121
147 122
147 123
147 124
147 125
147 126
147 127
147 191
147 213
147 227
148 149
148 100
148 102
148 103
148 104
148 105
148 106
148 107
148 108
148 110
148 111
148 112
148 113
148 114
148 115
148 116
148 117
148 118
148 119
148 120
148 121
148 122
148 123
148 125
148 126
148 127
148 196
148 215
149 100
149 101
149 102
149 103
149 104
149 105
149 106
149 107
149 108
149 109
149 110
149 111
149 112
149 113
149 114
149 115
149 116
149 117
149 118
149 119
149 120
149 121
149 122
149 123
149 124
149 125
149 126
149 127
149 202
149 224
149 235
149 246
100 101
100 102
100 103
100 105
100 106
100 108
100 109
100 110
100 111
100 112
100 113
100 114
100 115
100 116
100 118
100 119
100 120
100 121
100 122
100 123
100 124
100 125
100 126
100 127
100 157
100 179
100 196
100 199
100 203
100 205
101 102
101 103
101 104
101 105
101 106
101 107
101 109
101 110
101 111
101 112
101 113
101 114
101 115
101 116
101 117
101 118
101 119
101 120
101 121
101 122
101 123
101 124
101 125
101 126
101 127
101 152
101 157
101 176
101 187
101 218
101 227
102 103
102 104
102 105
102 106
102 107
102 108
102 109
102 110
102 111
102 112
102 113
102 114
102 115
102 116
102 117
102 118
102 119
102 120
102 121
102 122
102 123
102 125
102 126
102 127
102 166
102 174
102 183
102 206
102 211
102 213
103 104
103 106
103 107
103 108
103 109
103 110
103 111
103 112
103 113
103 114
103 116
103 117
103 118
103 120
103 121
103 122
103 123
103 124
103 125
103 192
103 209
104 105
104 106
104 107
104 108
104 109
104 110
104 111
104 112
104 113
104 114
104 115
104 117
104 118
104 119
104 120
104 122
104 123
104 124
104 125
104 127
104 182
104 189
104 193
104 195
105 106
105 107
105 109
105 110
105 111
105 112
105 113
105 114
105 116
105 117
105 118
105 119
105 120
105 122
105 123
105 124
105 126
105 127
105 155
105 161
105 172
105 179
105 181
105 187
105 193
105 224
105 233
105 237
105 245
106 107
106 108
106 109
106 110
106 111
106 112
106 113
106 114
106 115
106 116
106 117
106 118
106 119
106 120
106 121
106 122
106 123
106 124
106 125
106 126
106 127
106 202
106 228
107 108
107 109
107 110
107 111
107 112
107 113
107 114
107 115
107 116
107 117
107 118
107 120
107 121
107 122
107 123
107 124
107 125
107 127
107 194
107 208
107 224
108 109
108 110
108 112
108 113
108 114
108 115
108 116
108 117
108 119
108 120
108 121
108 122
108 123
108 125
108 126
108 127
108 154
108 195
108 230
109 110
109 111
109 112
109 113
109 114
109 116
109 117
109 118
109 119
109 120
109 121
109 123
109 124
109 125
109 126
109 127
109 180
109 199
109 201
109 234
109 245
109 246
110 111
110 112
110 113
110 114
110 115
110 116
110 117
110 118
110 119
110 120
110 121
110 122
110 123
110 124
110 125
110 126
110 127
110 159
110 211
110 237
110 239
110 240
111 112
111 113
111 114
111 116
111 117
111 118
111 119
111 120
111 121
111 122
111 123
111 124
111 125
111 126
111 127
111 156
111 178
111 180
111 195
111 204
111 236
112 113
112 114
112 115
112 117
112 118
112 119
112 120
112 122
112 123
112 125
112 127
112 171
112 188
112 240
112 248
113 114
113 116
113 117
113 118
113 119
113 120
113 122
113 124
113 125
113 126
113 127
113 166
113 168
113 181
114 115
114 116
114 117
114 118
114 119
114 120
114 121
114 122
114 123
114 124
114 125
114 126
114 127
114 160
114 196
114 203
114 226
115 116
115 117
115 118
115 119
115 120
115 121
115 122
115 123
115 125
115 126
115 127
115 156
115 182
115 195
115 229
115 233
115 236
115 238
116 117
116 118
116 119
116 120
116 121
116 122
116 123
116 124
116 125
116 126
116 127
116 166
116 169
116 180
116 187
116 191
117 118
117 119
117 120
117 121
117 122
117 123
117 125
117 126
117 127
117 151
117 194
118 119
118 120
118 121
118 122
118 123
118 124
118 125
118 126
118 127
118 160
118 187
118 222
118 236
118 242
118 244
119 122
119 123
119 124
119 126
119 127
119 224
119 231
119 243
120 124
120 125
120 126
120 127
120 198
120 232
120 237
121 123
121 124
121 126
121 127
121 168
121 172
121 177
121 181
121 184
121 218
121 221
121 237
121 249
122 124
122 125
122 126
122 127
122 152
122 157
122 170
122 207
122 227
122 238
123 124
123 125
123 126
123 127
123 185
123 197
123 219
123 223
123 233
124 125
124 126
124 127
124 156
124 161
124 213
124 245
125 126
125 127
125 171
125 208
125 247
126 127
126 161
127 170
127 184
127 188
127 189
127 206
127 240
150 151
150 152
150 154
150 156
150 157
150 158
150 159
150 160
150 161
150 162
150 163
150 164
150 165
150 166
150 167
150 168
150 169
150 170
150 171
150 172
150 174
150 175
150 176
150 177
150 179
150 180
150 181
150 182
150 183
150 184
150 185
150 186
150 187
150 188
150 189
150 190
150 192
150 193
150 194
150 195
150 196
150 197
150 198
150 245
151 152
151 153
151 154
151 155
151 156
151 157
151 158
151 161
151 162
151 163
151 164
151 165
151 166
151 167
151 168
151 169
151 171
151 172
151 173
151 174
151 175
151 176
151 178
151 179
151 180
151 181
151 182
151 183
151 184
151 185
151 186
151 187
151 188
151 189
151 190
151 191
151 192
151 193
151 194
151 196
151 197
151 198
151 199
151 219
151 220
151 227
151 229
151 245
152 153
152 154
152 155
152 156
152 157
152 158
152 159
152 160
152 161
152 162
152 163
152 164
152 165
152 166
152 167
152 168
152 169
152 171
152 172
152 173
152 174
152 175
152 176
152 177
152 178
152 179
152 180
152 181
152 182
152 183
152 184
152 185
152 186
152 187
152 188
152 189
152 190
152 191
152 193
152 195
152 197
152 198
152 199
152 200
152 201
152 203
152 218
152 240
152 249
153 155
153 156
153 157
153 159
153 160
153 161
153 162
153 163
153 164
153 165
153 166
153 167
153 168
153 169
153 170
153 172
153 173
153 174
153 175
153 176
153 177
153 178
153 179
153 181
153 182
153 183
153 184
153 185
153 186
153 187
153 188
153 189
153 190
153 191
153 192
153 193
153 194
153 195
153 196
153 197
153 198
153 199
153 227
153 232
154 156
154 157
154 158
154 159
154 160
154 161
154 163
154 165
154 166
154 167
154 168
154 169
154 170
154 171
154 172
154 174
154 175
154 176
154 177
154 178
154 179
154 180
154 181
154 182
154 183
154 184
154 185
154 186
154 187
154 188
154 189
154 190
154 191
154 192
154 193
154 194
154 195
154 196
154 197
154 199
154 221
154 233
154 239
155 156
155 157
155 158
155 159
155 160
155 161
155 162
155 164
155 165
155 166
155 167
155 168
155 169
155 170
155 171
155 172
155 173
155 174
155 175
155 176
155 177
155 178
155 179
155 182
155 183
155 184
155 185
155 186
155 187
155 188
155 189
155 190
155 191
155 193
155 194
155 195
155 196
155 197
155 198
155 199
155 223
155 233
155 238
156 157
156 158
156 159
156 160
156 161
156 162
156 163
156 164
156 165
156 166
156 167
156 168
156 169
156 170
156 171
156 172
156 173
156 174
156 175
156 176
156 177
156 178
156 179
156 180
156 181
156 182
156 183
156 184
156 185
156 186
156 187
156 188
156 189
156 190
156 191
156 192
156 193
156 194
156 195
156 196
156 197
156 198
156 201
156 221
156 229
156 230
157 158
157 159
157 160
157 161
157 162
157 163
157 164
157 165
157 166
157 167
157 168
157 169
157 172
157 173
157 174
157 175
157 176
157 177
157 178
157 179
157 180
157 181
157 182
157 183
157 185
157 186
157 187
157 188
157 189
157 190
157 191
157 192
157 193
157 194
157 195
157 197
157 198
157 199
157 221
157 241
158 159
158 160
158 161
158 162
158 163
158 164
158 165
158 166
158 167
158 168
158 169
158 171
158 172
158 174
158 176
158 177
158 178
158 179
158 180
158 181
158 182
158 183
158 184
158 185
158 186
158 187
158 188
158 189
158 190
158 191
158 192
158 194
158 195
158 196
158 197
158 198
158 199
159 160
159 162
159 163
159 164
159 165
159 166
159 167
159 168
159 169
159 170
159 171
159 172
159 173
159 174
159 175
159 176
159 177
159 178
159 179
159 180
159 181
159 182
159 183
159 184
159 185
159 186
159 187
159 188
159 189
159 190
159 191
159 192
159 194
159 195
159 196
159 197
159 198
159 199
159 206
159 214
159 235
159 249
160 161
160 162
160 163
160 164
160 165
160 166
160 167
160 168
160 169
160 170
160 171
160 173
160 174
160 175
160 176
160 177
160 178
160 179
160 180
160 181
160 182
160 183
160 184
160 185
160 186
160 188
160 189
160 190
160 191
160 192
160 193
160 194
160 195
160 196
160 197
160 198
160 199
161 162
161 164
161 165
161 166
161 167
161 168
161 169
161 170
161 171
161 172
161 173
161 174
161 176
161 177
161 178
161 180
161 181
161 182
161 183
161 184
161 186
161 188
161 189
161 190
161 191
161 192
161 193
161 194
161 195
161 196
161 197
161 198
161 199
161 215
161 245
161 249
162 163
162 165
162 166
162 167
162 168
162 169
162 170
162 171
162 172
162 173
162 175
162 176
162 177
162 178
162 179
162 180
162 181
162 182
162 183
162 184
162 185
162 186
162 187
162 188
162 190
162 191
162 192
162 193
162 195
162 196
162 197
162 198
162 199
162 200
162 201
162 204
162 211
162 240
163 164
163 165
163 166
163 167
163 168
163 169
163 170
163 171
163 172
163 173
163 174
163 175
163 176
163 177
163 178
163 179
163 180
163 182
163 183
163 184
163 185
163 186
163 187
163 188
163 189
163 190
163 191
163 193
163 194
163 195
163 196
163 197
163 199
163 207
163 209
163 218
163 229
163 244
164 165
164 166
164 167
164 168
164 169
164 170
164 171
164 172
164 173
164 174
164 175
164 176
164 177
164 178
164 179
164 181
164 182
164 183
164 184
164 185
164 186
164 187
164 189
164 190
164 191
164 192
164 193
164 194
164 195
164 196
164 197
164 198
164 199
164 201
164 206
164 213
164 232
164 233
165 166
165 167
165 169
165 170
165 172
165 173
165 174
165 175
165 176
165 177
165 179
165 180
165 181
165 182
165 183
165 184
165 185
165 186
165 187
165 188
165 189
165 190
165 191
165 192
165 193
165 194
165 195
165 197
165 198
165 199
165 241
166 167
166 168
166 169
166 170
166 171
166 172
166 173
166 174
166 175
166 176
166 177
166 178
166 179
166 180
166 181
166 182
166 183
166 184
166 185
166 186
166 187
166 188
166 189
166 190
166 191
166 192
166 193
166 194
166 195
166 196
166 197
166 198
166 199
166 201
167 168
167 169
167 170
167 171
167 172
167 173
167 174
167 175
167 176
167 177
167 178
167 179
167 180
167 181
167 182
167 183
167 184
167 185
167 187
167 188
167 189
167 190
167 191
167 192
167 193
167 194
167 195
167 196
167 197
167 198
167 199
167 210
168 169
168 170
168 171
168 172
168 173
168 174
168 175
168 176
168 177
168 178
168 179
168 180
168 182
168 183
168 185
168 186
168 187
168 188
168 189
168 191
168 192
168 193
168 194
168 195
168 196
168 197
168 198
168 199
168 218
168 220
168 225
169 171
169 172
169 173
169 174
169 175
169 176
169 177
169 178
169 179
169 180
169 181
169 182
169 183
169 184
169 185
169 186
169 187
169 188
169 189
169 190
169 191
169 192
169 193
169 194
169 195
169 196
169 198
169 199
169 201
169 234
169 237
170 171
170 172
170 173
170 174
170 175
170 176
170 177
170 178
170 180
170 181
170 182
170 183
170 184
170 185
170 186
170 187
170 188
170 189
170 190
170 191
170 192
170 193
170 195
170 196
170 197
170 198
170 199
170 223
170 231
170 245
171 172
171 173
171 174
171 175
171 177
171 178
171 179
171 180
171 182
171 183
171 184
171 185
171 186
171 187
171 188
171 189
171 190
171 191
171 192
171 193
171 194
171 195
171 196
171 197
171 198
171 199
171 203
172 173
172 175
172 176
172 177
172 178
172 179
172 180
172 181
172 182
172 183
172 184
172 185
172 186
172 187
172 188
172 190
172 191
172 192
172 193
172 194
172 195
172 197
172 198
172 199
172 206
172 234
172 246
173 174
173 176
173 177
173 178
173 179
173 180
173 181
173 182
173 183
173 184
173 185
173 186
173 187
173 188
173 189
173 190
173 191
173 192
173 193
173 194
173 195
173 196
173 197
173 198
173 199
173 214
173 219
174 175
174 176
174 177
174 178
174 179
174 180
174 181
174 182
174 183
174 184
174 185
174 186
174 187
174 188
174 189
174 191
174 192
174 193
174 194
174 195
174 196
174 198
174 199
174 211
175 176
175 177
175 179
175 181
175 182
175 183
175 184
175 185
175 186
175 187
175 188
175 189
175 190
175 191
175 192
175 193
175 194
175 195
175 196
175 197
175 199
175 222
175 239
176 177
176 178
176 179
176 180
176 181
176 182
176 183
176 184
176 185
176 186
176 187
176 188
176 189
176 190
176 191
176 192
176 193
176 194
176 195
176 196
176 197
176 199
176 207
176 239
176 241
177 178
177 180
177 181
177 183
177 184
177 185
177 186
177 187
177 188
177 189
177 190
177 191
177 192
177 194
177 195
177 197
177 198
177 199
177 218
177 221
177 246
178 179
178 180
178 181
178 182
178 183
178 184
178 186
178 187
178 188
178 189
178 190
178 191
178 192
178 193
178 194
178 195
178 196
178 197
178 198
178 199
178 226
179 180
179 181
179 182
179 183
179 185
179 186
179 187
179 188
179 189
179 190
179 191
179 192
179 193
179 194
179 195
179 196
179 197
179 198
179 199
179 217
179 238
180 181
180 183
180 184
180 185
180 186
180 187
180 189
180 190
180 192
180 193
180 194
180 195
180 196
180 197
180 199
180 201
180 203
180 210
180 223
180 245
181 182
181 183
181 184
181 185
181 186
181 187
181 188
181 189
181 190
181 191
181 192
181 193
181 195
181 196
181 199
181 203
181 204
181 211
181 216
182 183
182 184
182 185
182 186
182 187
182 188
182 189
182 191
182 192
182 193
182 195
182 196
182 198
182 199
182 209
182 235
182 249
183 185
183 186
183 187
183 188
183 189
183 190
183 191
183 192
183 194
183 195
183 196
183 197
183 198
183 199
183 214
183 215
183 236
184 185
184 186
184 187
184 188
184 189
184 190
184 191
184 194
184 195
184 196
184 197
184 198
184 199
184 241
185 186
185 187
185 188
185 189
185 191
185 192
185 193
185 195
185 196
185 200
185 220
185 228
185 238
186 187
186 188
186 189
186 190
186 191
186 192
186 193
186 194
186 195
186 196
186 197
186 198
186 199
186 231
186 236
186 243
186 248
186 249
187 188
187 189
187 190
187 191
187 192
187 193
187 194
187 195
187 196
187 197
187 198
187 199
187 204
187 224
187 241
188 189
188 190
188 191
188 192
188 193
188 194
188 195
188 197
188 198
188 199
188 204
189 190
189 191
189 192
189 193
189 196
189 197
189 198
189 222
189 244
189 249
190 191
190 192
190 193
190 194
190 195
190 196
190 197
190 198
190 199
190 212
190 225
190 242
191 192
191 193
191 194
191 195
191 196
191 197
191 198
191 199
191 244
192 193
192 195
192 196
192 197
192 198
192 199
192 219
192 242
192 244
192 249
193 194
193 195
193 196
193 197
193 198
193 199
193 234
193 237
193 248
194 195
194 196
194 197
194 199
194 216
194 226
195 197
195 198
195 199
195 237
195 239
196 197
196 198
196 199
196 203
196 204
196 227
197 198
197 199
197 202
197 207
197 243
197 246
198 199
198 201
199 233
199 235
200 201
200 202
200 203
200 204
200 205
200 206
200 207
200 208
200 209
200 210
200 211
200 212
200 213
200 214
200 215
200 216
200 217
200 218
200 219
200 220
200 221
200 222
200 223
200 225
200 226
200 228
200 229
200 230
200 231
200 232
200 233
200 235
200 236
200 237
200 238
200 240
200 241
200 242
200 243
200 244
200 245
200 246
200 247
200 248
200 249
201 202
201 203
201 204
201 205
201 206
201 207
201 208
201 209
201 210
201 211
201 212
201 213
201 214
201 215
201 216
201 218
201 219
201 220
201 221
201 222
201 223
201 224
201 226
201 227
201 228
201 229
201 230
201 231
201 232
201 234
201 235
201 236
201 237
201 239
201 240
201 241
201 242
201 244
201 245
201 246
201 247
201 248
201 249
202 203
202 204
202 205
202 206
202 207
202 209
202 210
202 211
202 212
202 213
202 214
202 216
202 217
202 218
202 219
202 220
202 221
202 222
202 223
202 224
202 225
202 226
202 227
202 228
202 229
202 230
202 231
202 232
202 233
202 234
202 235
202 236
202 237
202 238
202 239
202 240
202 241
202 242
202 243
202 244
202 245
202 249
203 205
203 206
203 207
203 209
203 210
203 211
203 212
203 213
203 214
203 215
203 216
203 217
203 218
203 219
203 220
203 221
203 222
203 224
203 225
203 226
203 228
203 229
203 230
203 231
203 233
203 234
203 236
203 237
203 238
203 240
203 241
203 242
203 245
203 246
203 247
203 248
203 249
204 205
204 206
204 207
204 208
204 209
204 210
204 211
204 212
204 213
204 214
204 215
204 216
204 217
204 218
204 219
204 220
204 221
204 222
204 223
204 224
204 225
204 226
204 227
204 228
204 229
204 230
204 231
204 232
204 233
204 234
204 235
204 236
204 237
204 238
204 239
204 240
204 241
204 242
204 243
204 244
204 245
204 246
204 247
204 248
204 249
205 206
205 207
205 208
205 209
205 210
205 211
205 213
205 214
205 215
205 216
205 217
205 218
205 219
205 220
205 221
205 222
205 223
205 224
205 225
205 226
205 227
205 228
205 229
205 230
205 231
205 232
205 233
205 234
205 235
205 236
205 237
205 238
205 239
205 240
205 241
205 242
205 243
205 244
205 245
205 246
205 247
205 248
206 208
206 210
206 211
206 212
206 213
206 214
206 215
206 216
206 217
206 218
206 220
206 221
206 222
206 223
206 224
206 225
206 226
206 227
206 228
206 229
206 230
206 231
206 232
206 233
206 234
206 235
206 236
206 237
206 238
206 240
206 241
206 242
206 244
206 245
206 246
206 247
206 248
206 249
207 208
207 209
207 210
207 211
207 212
207 213
207 214
207 215
207 216
207 217
207 218
207 219
207 220
207 221
207 222
207 223
207 225
207 226
207 228
207 229
207 230
207 231
207 232
207 233
207 234
207 236
207 237
207 238
207 239
207 240
207 241
207 242
207 243
207 244
207 245
207 246
207 247
207 248
207 249
208 209
208 210
208 211
208 212
208 213
208 214
208 215
208 216
208 217
208 218
208 219
208 221
208 223
208 225
208 226
208 227
208 228
208 229
208 230
208 231
208 232
208 233
208 234
208 236
208 237
208 238
208 239
208 240
208 241
208 243
208 244
208 245
208 246
208 247
208 248
208 249
209 211
209 212
209 213
209 214
209 215
209 216
209 217
209 218
209 219
209 220
209 221
209 222
209 223
209 224
209 225
209 226
209 227
209 228
209 229
209 230
209 231
209 232
209 233
209 234
209 235
209 236
209 237
209 238
209 239
209 240
209 241
209 242
209 243
209 244
209 245
209 246
209 247
209 248
209 249
210 212
210 213
210 214
210 216
210 217
210 218
210 219
210 220
210 221
210 222
210 223
210 224
210 227
210 228
210 229
210 233
210 234
210 235
210 236
210 237
210 238
210 239
210 240
210 241
210 242
210 243
210 244
210 245
210 247
210 248
210 249
211 212
211 213
211 215
211 216
211 217
211 218
211 219
211 220
211 222
211 225
211 226
211 227
211 228
211 229
211 230
211 231
211 233
211 234
211 236
211 237
211 238
211 239
211 240
211 241
211 242
211 243
211 244
211 245
211 246
211 247
211 248
211 249
212 213
212 214
212 215
212 216
212 217
212 218
212 219
212 220
212 221
212 222
212 223
212 224
212 225
212 226
212 227
212 228
212 229
212 231
212 232
212 233
212 234
212 235
212 236
212 238
212 239
212 240
212 241
212 242
212 243
212 245
212 246
212 247
212 248
212 249
213 214
213 215
213 216
213 217
213 218
213 219
213 220
213 221
213 222
213 223
213 224
213 225
213 226
213 228
213 229
213 230
213 232
213 233
213 234
213 235
213 236
213 237
213 239
213 240
213 241
213 242
213 243
213 244
213 245
213 246
213 247
213 248
213 249
214 215
214 216
214 217
214 218
214 219
214 220
214 221
214 222
214 223
214 224
214 225
214 226
214 227
214 228
214 229
214 230
214 231
214 232
214 233
214 234
214 235
214 236
214 237
214 238
214 239
214 240
214 242
214 243
214 244
214 245
214 246
214 247
214 248
214 249
215 217
215 220
215 221
215 223
215 225
215 226
215 227
215 228
215 229
215 230
215 232
215 233
215 234
215 235
215 236
215 237
215 238
215 239
215 240
215 241
215 242
215 243
215 244
215 245
215 246
215 247
215 249
216 217
216 218
216 219
216 220
216 221
216 222
216 223
216 224
216 225
216 226
216 227
216 228
216 229
216 230
216 231
216 232
216 233
216 234
216 236
216 238
216 239
216 240
216 241
216 242
216 243
216 244
216 245
216 246
216 247
216 248
216 249
217 218
217 219
217 220
217 221
217 222
217 223
217 224
217 225
217 226
217 227
217 228
217 229
217 230
217 232
217 233
217 234
217 236
217 237
217 238
217 239
217 241
217 242
217 243
217 244
217 245
217 246
217 247
217 248
217 249
218 219
218 220
218 221
218 222
218 224
218 225
218 226
218 227
218 228
218 229
218 230
218 231
218 232
218 233
218 234
218 237
218 238
218 239
218 240
218 241
218 242
218 243
218 244
218 246
218 247
218 248
219 220
219 221
219 222
219 223
219 225
219 226
219 227
219 228
219 229
219 230
219 231
219 232
219 233
219 235
219 236
219 237
219 238
219 239
219 240
219 241
219 242
219 243
219 244
219 245
219 246
219 247
219 248
219 249
220 221
220 223
220 224
220 225
220 226
220 227
220 229
220 231
220 232
220 234
220 235
220 236
220 237
220 238
220 239
220 240
220 241
220 242
220 243
220 244
220 245
220 246
220 247
220 248
220 249
221 222
221 223
221 224
221 226
221 227
221 228
221 229
221 230
221 231
221 232
221 233
221 234
221 235
221 237
221 238
221 239
221 241
221 242
221 243
221 245
221 246
221 247
221 248
221 249
222 223
222 224
222 225
222 226
222 227
222 228
222 229
222 230
222 231
222 232
222 233
222 234
222 236
222 237
222 238
222 239
222 240
222 242
222 243
222 244
222 245
222 246
222 247
222 248
223 224
223 225
223 226
223 227
223 228
223 229
223 230
223 231
223 232
223 233
223 234
223 235
223 236
223 238
223 239
223 240
223 241
223 242
223 243
223 244
223 245
223 247
223 248
223 249
224 225
224 226
224 227
224 228
224 229
224 230
224 231
224 232
224 233
224 234
224 235
224 236
224 237
224 239
224 241
224 242
224 243
224 244
224 245
224 246
224 247
224 248
224 249
225 226
225 227
225 228
225 229
225 230
225 231
225 232
225 233
225 234
225 235
225 236
225 237
225 238
225 239
225 240
225 241
225 242
225 243
225 244
225 245
225 246
225 247
225 248
225 249
226 227
226 228
226 229
226 230
226 231
226 232
226 233
226 234
226 235
226 236
226 238
226 239
226 240
226 242
226 243
226 244
226 245
226 246
226 247
226 248
226 249
227 228
227 229
227 230
227 231
227 233
227 234
227 235
227 236
227 237
227 238
227 239
227 240
227 241
227 242
227 243
227 244
227 245
227 246
227 247
227 248
227 249
228 229
228 230
228 231
228 232
228 233
228 234
228 235
228 236
228 237
228 238
228 239
228 240
228 241
228 243
228 244
228 245
228 246
228 247
228 248
228 249
229 230
229 231
229 232
229 233
229 234
229 235
229 236
229 237
229 239
229 240
229 242
229 243
229 244
229 245
229 246
229 247
229 248
229 249
230 231
230 232
230 233
230 234
230 235
230 236
230 237
230 238
230 239
230 241
230 242
230 243
230 244
230 245
230 246
230 247
230 248
230 249
231 232
231 233
231 234
231 235
231 236
231 237
231 238
231 239
231 240
231 241
231 242
231 243
231 244
231 245
231 246
231 247
231 248
231 249
232 234
232 235
232 236
232 237
232 238
232 239
232 240
232 241
232 242
232 243
232 244
232 247
232 248
232 249
233 234
233 235
233 237
233 238
233 239
233 240
233 241
233 242
233 243
233 244
233 245
233 246
233 247
233 248
233 249
234 236
234 237
234 238
234 239
234 240
234 241
234 242
234 243
234 244
234 245
234 246
234 247
234 248
234 249
235 236
235 237
235 238
235 239
235 240
235 242
235 243
235 244
235 245
235 246
235 247
235 248
235 249
236 237
236 239
236 241
236 242
236 244
236 245
236 246
236 247
236 249
237 239
237 240
237 243
237 244
237 245
237 246
237 248
237 249
238 239
238 240
238 241
238 242
238 243
238 244
238 245
238 246
238 248
238 249
239 240
239 241
239 242
239 245
239 247
239 248
239 249
240 241
240 242
240 243
240 244
240 245
240 246
240 247
240 248
240 249
241 243
241 244
241 245
241 247
241 248
241 249
242 243
242 244
242 245
242 246
242 247
242 248
242 249
243 245
243 246
243 247
243 248
243 249
244 245
244 247
244 248
244 249
245 246
245 247
245 249
246 247
246 248
246 249
247 248
247 249
248 249
