0 1
0 2
0 3
0 4
0 5
0 6
0 7
0 8
0 9
0 10
0 11
0 12
0 13
0 14
0 15
0 16
0 17
0 18
0 19
0 20
0 21
0 22
0 23
0 24
0 25
0 26
0 27
0 28
0 29
0 30
0 31
0 32
0 33
0 34
0 35
0 36
0 37
0 38
0 39
0 40
0 41
0 42
0 43
0 44
0 45
0 46
0 47
0 48
0 49
0 53
0 55
0 58
0 59
0 60
0 62
0 66
0 67
0 71
0 73
0 79
0 80
0 81
0 87
0 88
0 89
0 91
0 92
0 94
0 96
0 97
0 98
0 99
0 130
0 131
0 132
0 133
0 137
0 139
0 140
0 143
0 144
0 145
0 149
0 100
0 103
0 104
0 107
0 111
0 114
0 115
0 118
0 121
0 124
1 2
1 3
1 4
1 5
1 6
1 7
1 8
1 9
1 10
1 11
1 12
1 13
1 14
1 15
1 16
1 17
1 18
1 19
1 20
1 21
1 22
1 23
1 24
1 25
1 26
1 27
1 28
1 29
1 30
1 31
1 32
1 33
1 34
1 35
1 36
1 37
1 38
1 39
1 40
1 41
1 42
1 43
1 44
1 45
1 46
1 47
1 48
1 49
1 50
1 53
1 55
1 62
1 63
1 65
1 66
1 71
1 73
1 74
1 75
1 76
1 79
1 81
1 83
1 85
1 86
1 88
1 89
1 91
1 93
1 94
1 95
1 96
1 130
1 132
1 136
1 137
1 139
1 141
1 144
1 146
1 100
1 101
1 106
1 108
1 109
1 110
1 111
1 112
1 113
1 114
1 115
1 118
1 123
1 124
1 127
2 3
2 4
2 5
2 6
2 7
2 8
2 9
2 10
2 11
2 12
2 13
2 14
2 15
2 16
2 17
2 18
2 19
2 20
2 21
2 22
2 23
2 24
2 25
2 26
2 27
2 28
2 29
2 30
2 31
2 32
2 33
2 34
2 35
2 36
2 37
2 38
2 39
2 40
2 41
2 42
2 43
2 44
2 45
2 46
2 47
2 48
2 49
2 50
2 51
2 53
2 55
2 59
2 60
2 61
2 65
2 67
2 68
2 70
2 71
2 73
2 75
2 77
2 80
2 84
2 89
2 91
2 92
2 93
2 94
2 97
2 132
2 135
2 136
2 137
2 139
2 140
2 141
2 142
2 143
2 144
2 146
2 147
2 148
2 100
2 102
2 105
2 108
2 115
2 119
2 121
2 122
2 123
2 124
2 127
3 4
3 5
3 6
3 7
3 8
3 9
3 10
3 11
3 12
3 13
3 14
3 15
3 16
3 17
3 18
3 19
3 20
3 21
3 22
3 23
3 24
3 25
3 26
3 27
3 28
3 29
3 30
3 31
3 32
3 33
3 34
3 35
3 36
3 37
3 38
3 39
3 40
3 41
3 42
3 43
3 44
3 45
3 46
3 47
3 48
3 49
3 50
3 51
3 54
3 55
3 59
3 60
3 61
3 63
3 64
3 65
3 74
3 75
3 78
3 79
3 84
3 85
3 87
3 89
3 90
3 93
3 99
3 130
3 133
3 135
3 138
3 139
3 142
3 144
3 145
3 148
3 149
3 104
3 107
3 110
3 111
3 112
3 118
3 119
3 122
3 123
3 124
4 5
4 6
4 7
4 8
4 9
4 10
4 11
4 12
4 13
4 14
4 15
4 16
4 17
4 18
4 19
4 20
4 21
4 22
4 23
4 24
4 25
4 26
4 27
4 28
4 29
4 30
4 31
4 32
4 33
4 34
4 35
4 36
4 37
4 38
4 39
4 40
4 41
4 42
4 43
4 44
4 45
4 46
4 47
4 48
4 49
4 50
4 54
4 55
4 56
4 57
4 58
4 62
4 67
4 68
4 70
4 71
4 74
4 76
4 77
4 79
4 82
4 84
4 85
4 88
4 89
4 90
4 93
4 96
4 97
4 98
4 128
4 129
4 131
4 133
4 134
4 135
4 136
4 137
4 138
4 143
4 144
4 145
4 146
4 147
4 102
4 103
4 104
4 105
4 108
4 109
4 110
4 111
4 113
4 115
4 118
4 120
4 124
4 127
5 6
5 7
5 8
5 9
5 10
5 11
5 12
5 13
5 14
5 15
5 16
5 17
5 18
5 19
5 20
5 21
5 22
5 23
5 24
5 25
5 26
5 27
5 28
5 29
5 30
5 31
5 32
5 33
5 34
5 35
5 36
5 37
5 38
5 39
5 40
5 41
5 42
5 43
5 44
5 45
5 46
5 47
5 48
5 49
5 50
5 53
5 55
5 56
5 59
5 61
5 62
5 64
5 68
5 70
5 72
5 74
5 75
5 77
5 79
5 81
5 85
5 86
5 87
5 89
5 93
5 94
5 95
5 98
5 99
5 128
5 129
5 130
5 131
5 134
5 137
5 138
5 143
5 144
5 145
5 148
5 149
5 100
5 104
5 107
5 108
5 109
5 111
5 114
5 116
5 120
5 121
5 125
6 7
6 8
6 9
6 10
6 11
6 12
6 13
6 14
6 15
6 16
6 17
6 18
6 19
6 20
6 21
6 22
6 23
6 24
6 25
6 26
6 27
6 28
6 29
6 30
6 31
6 32
6 33
6 34
6 35
6 36
6 37
6 38
6 39
6 40
6 41
6 42
6 43
6 44
6 45
6 46
6 47
6 48
6 49
6 50
6 51
6 52
6 53
6 54
6 57
6 64
6 66
6 68
6 69
6 70
6 72
6 73
6 75
6 76
6 82
6 83
6 87
6 89
6 90
6 91
6 92
6 99
6 128
6 129
6 130
6 133
6 135
6 137
6 139
6 141
6 145
6 146
6 147
6 149
6 101
6 102
6 103
6 105
6 108
6 110
6 112
6 116
6 117
6 120
6 126
7 8
7 9
7 10
7 11
7 12
7 13
7 14
7 15
7 16
7 17
7 18
7 19
7 20
7 21
7 22
7 23
7 24
7 25
7 26
7 27
7 28
7 29
7 30
7 31
7 32
7 33
7 34
7 35
7 36
7 37
7 38
7 39
7 40
7 41
7 42
7 43
7 44
7 45
7 46
7 47
7 48
7 49
7 51
7 54
7 56
7 57
7 58
7 59
7 62
7 63
7 65
7 67
7 68
7 69
7 70
7 71
7 74
7 75
7 76
7 79
7 80
7 81
7 82
7 83
7 85
7 87
7 91
7 92
7 95
7 96
7 97
7 98
7 130
7 131
7 132
7 135
7 136
7 137
7 138
7 139
7 140
7 143
7 148
7 149
7 102
7 103
7 104
7 105
7 106
7 107
7 108
7 109
7 110
7 111
7 112
7 116
7 117
7 120
7 121
7 124
8 9
8 10
8 11
8 12
8 13
8 14
8 15
8 16
8 17
8 18
8 19
8 20
8 21
8 22
8 23
8 24
8 25
8 26
8 27
8 28
8 29
8 30
8 31
8 32
8 33
8 34
8 35
8 36
8 37
8 38
8 39
8 40
8 41
8 42
8 43
8 44
8 45
8 46
8 47
8 48
8 49
8 51
8 57
8 59
8 62
8 63
8 64
8 65
8 67
8 68
8 69
8 70
8 72
8 73
8 74
8 76
8 77
8 80
8 84
8 85
8 87
8 89
8 90
8 91
8 92
8 94
8 97
8 130
8 134
8 135
8 141
8 144
8 147
8 100
8 101
8 102
8 104
8 105
8 107
8 108
8 112
8 115
8 116
8 119
8 120
8 121
8 122
8 126
9 10
9 11
9 12
9 13
9 14
9 15
9 16
9 17
9 18
9 19
9 20
9 21
9 22
9 23
9 24
9 25
9 26
9 27
9 28
9 29
9 30
9 31
9 32
9 33
9 34
9 35
9 36
9 37
9 38
9 39
9 40
9 41
9 42
9 43
9 44
9 45
9 46
9 47
9 48
9 49
9 51
9 53
9 57
9 60
9 65
9 67
9 69
9 71
9 74
9 76
9 79
9 80
9 82
9 84
9 85
9 86
9 89
9 90
9 92
9 93
9 98
9 99
9 128
9 133
9 134
9 135
9 136
9 137
9 139
9 140
9 141
9 142
9 143
9 144
9 145
9 146
9 100
9 101
9 104
9 105
9 106
9 108
9 109
9 111
9 115
9 117
9 119
9 121
9 123
9 126
10 11
10 12
10 13
10 14
10 15
10 16
10 17
10 18
10 19
10 20
10 21
10 22
10 23
10 24
10 25
10 26
10 27
10 28
10 29
10 30
10 31
10 32
10 33
10 34
10 35
10 36
10 37
10 38
10 39
10 40
10 41
10 42
10 43
10 44
10 45
10 46
10 47
10 48
10 49
10 50
10 51
10 54
10 57
10 60
10 61
10 62
10 63
10 64
10 65
10 66
10 72
10 73
10 74
10 75
10 76
10 78
10 80
10 81
10 83
10 85
10 87
10 89
10 90
10 91
10 93
10 94
10 129
10 131
10 132
10 135
10 137
10 139
10 140
10 141
10 142
10 145
10 146
10 147
10 148
10 100
10 101
10 104
10 108
10 109
10 110
10 112
10 113
10 115
10 116
10 117
10 119
10 120
10 121
10 126
11 12
11 13
11 14
11 15
11 16
11 17
11 18
11 19
11 20
11 21
11 22
11 23
11 24
11 25
11 26
11 27
11 28
11 29
11 30
11 31
11 32
11 33
11 34
11 35
11 36
11 37
11 38
11 39
11 40
11 41
11 42
11 43
11 44
11 45
11 46
11 47
11 48
11 49
11 50
11 52
11 56
11 58
11 63
11 67
11 68
11 72
11 73
11 76
11 77
11 78
11 80
11 81
11 82
11 83
11 87
11 88
11 89
11 93
11 94
11 96
11 99
11 129
11 130
11 131
11 133
11 142
11 143
11 144
11 146
11 147
11 148
11 100
11 102
11 106
11 108
11 109
11 111
11 112
11 113
11 114
11 115
11 119
11 120
11 122
11 124
11 126
11 127
12 13
12 14
12 15
12 16
12 17
12 18
12 19
12 20
12 21
12 22
12 23
12 24
12 25
12 26
12 27
12 28
12 29
12 30
12 31
12 32
12 33
12 34
12 35
12 36
12 37
12 38
12 39
12 40
12 41
12 42
12 43
12 44
12 45
12 46
12 47
12 48
12 49
12 53
12 55
12 57
12 58
12 61
12 62
12 65
12 68
12 69
12 70
12 71
12 72
12 74
12 75
12 76
12 77
12 78
12 79
12 80
12 87
12 90
12 91
12 92
12 93
12 96
12 98
12 131
12 135
12 137
12 138
12 140
12 141
12 144
12 145
12 147
12 148
12 149
12 100
12 101
12 105
12 106
12 108
12 109
12 110
12 113
12 116
12 118
12 122
12 123
12 125
12 127
13 14
13 15
13 16
13 17
13 18
13 19
13 20
13 21
13 22
13 23
13 24
13 25
13 26
13 27
13 28
13 29
13 30
13 31
13 32
13 33
13 34
13 35
13 36
13 37
13 38
13 39
13 40
13 41
13 42
13 43
13 44
13 45
13 46
13 47
13 48
13 49
13 51
13 52
13 54
13 57
13 59
13 60
13 61
13 63
13 67
13 68
13 70
13 72
13 73
13 76
13 78
13 81
13 82
13 83
13 86
13 87
13 88
13 91
13 96
13 98
13 128
13 130
13 132
13 134
13 135
13 138
13 140
13 141
13 143
13 144
13 148
13 149
13 100
13 101
13 103
13 105
13 106
13 107
13 113
13 115
13 119
13 122
13 123
13 126
13 127
14 15
14 16
14 17
14 18
14 19
14 20
14 21
14 22
14 23
14 24
14 25
14 26
14 27
14 28
14 29
14 30
14 31
14 32
14 33
14 34
14 35
14 36
14 37
14 38
14 39
14 40
14 41
14 42
14 43
14 44
14 45
14 46
14 47
14 48
14 49
14 50
14 52
14 53
14 55
14 56
14 59
14 62
14 64
14 65
14 67
14 69
14 71
14 73
14 74
14 76
14 77
14 79
14 84
14 88
14 89
14 92
14 93
14 95
14 96
14 97
14 98
14 129
14 130
14 132
14 135
14 136
14 137
14 138
14 141
14 142
14 143
14 144
14 145
14 146
14 147
14 148
14 101
14 103
14 107
14 110
14 111
14 112
14 115
14 116
14 117
14 118
14 119
14 120
14 121
14 123
14 124
14 125
14 127
15 16
15 17
15 18
15 19
15 20
15 21
15 22
15 23
15 24
15 25
15 26
15 27
15 28
15 29
15 30
15 31
15 32
15 33
15 34
15 35
15 36
15 37
15 38
15 39
15 40
15 41
15 42
15 43
15 44
15 45
15 46
15 47
15 48
15 49
15 50
15 55
15 56
15 57
15 58
15 59
15 60
15 65
15 66
15 67
15 70
15 71
15 73
15 74
15 75
15 77
15 79
15 80
15 81
15 83
15 85
15 86
15 87
15 88
15 90
15 91
15 94
15 99
15 128
15 130
15 132
15 133
15 137
15 138
15 139
15 140
15 144
15 145
15 147
15 149
15 100
15 102
15 103
15 107
15 109
15 112
15 116
15 117
15 118
15 120
15 121
15 122
15 123
15 126
15 127
16 17
16 18
16 19
16 20
16 21
16 22
16 23
16 24
16 25
16 26
16 27
16 28
16 29
16 30
16 31
16 32
16 33
16 34
16 35
16 36
16 37
16 38
16 39
16 40
16 41
16 42
16 43
16 44
16 45
16 46
16 47
16 48
16 49
16 50
16 51
16 53
16 55
16 56
16 57
16 58
16 59
16 60
16 63
16 64
16 65
16 70
16 71
16 73
16 79
16 80
16 81
16 84
16 88
16 89
16 90
16 93
16 95
16 98
16 131
16 134
16 136
16 137
16 140
16 141
16 142
16 143
16 144
16 145
16 146
16 148
16 100
16 101
16 102
16 104
16 109
16 110
16 111
16 112
16 113
16 115
16 120
16 121
16 122
16 123
16 124
16 125
16 126
17 18
17 19
17 20
17 21
17 22
17 23
17 24
17 25
17 26
17 27
17 28
17 29
17 30
17 31
17 32
17 33
17 34
17 35
17 36
17 37
17 38
17 39
17 40
17 41
17 42
17 43
17 44
17 45
17 46
17 47
17 48
17 49
17 50
17 51
17 56
17 58
17 60
17 61
17 62
17 63
17 68
17 71
17 74
17 76
17 77
17 78
17 79
17 81
17 84
17 86
17 88
17 89
17 91
17 92
17 93
17 94
17 95
17 96
17 97
17 98
17 129
17 130
17 131
17 134
17 137
17 139
17 144
17 147
17 148
17 101
17 104
17 105
17 106
17 107
17 109
17 112
17 113
17 115
17 117
17 118
17 119
17 121
17 122
17 123
17 124
17 126
17 127
18 19
18 20
18 21
18 22
18 23
18 24
18 25
18 26
18 27
18 28
18 29
18 30
18 31
18 32
18 33
18 34
18 35
18 36
18 37
18 38
18 39
18 40
18 41
18 42
18 43
18 44
18 45
18 46
18 47
18 48
18 49
18 51
18 53
18 56
18 57
18 61
18 62
18 63
18 64
18 66
18 68
18 70
18 71
18 73
18 74
18 75
18 76
18 77
18 78
18 79
18 84
18 85
18 86
18 87
18 91
18 92
18 96
18 131
18 133
18 138
18 139
18 140
18 142
18 145
18 146
18 147
18 148
18 100
18 101
18 103
18 104
18 107
18 111
18 112
18 116
18 117
18 120
18 121
18 122
18 123
18 124
18 125
19 20
19 21
19 22
19 23
19 24
19 25
19 26
19 27
19 28
19 29
19 30
19 31
19 32
19 33
19 34
19 35
19 36
19 37
19 38
19 39
19 40
19 41
19 42
19 43
19 44
19 45
19 46
19 47
19 48
19 49
19 50
19 51
19 53
19 54
19 56
19 57
19 58
19 59
19 62
19 63
19 64
19 66
19 69
19 71
19 72
19 73
19 74
19 76
19 77
19 80
19 81
19 83
19 84
19 85
19 87
19 88
19 90
19 91
19 93
19 97
19 98
19 99
19 128
19 129
19 131
19 132
19 133
19 134
19 135
19 137
19 139
19 140
19 141
19 142
19 143
19 144
19 145
19 149
19 100
19 101
19 103
19 104
19 110
19 113
19 114
19 116
19 118
19 119
19 122
19 126
19 127
20 21
20 22
20 23
20 24
20 25
20 26
20 27
20 28
20 29
20 30
20 31
20 32
20 33
20 34
20 35
20 36
20 37
20 38
20 39
20 40
20 41
20 42
20 43
20 44
20 45
20 46
20 47
20 48
20 49
20 51
20 56
20 57
20 60
20 64
20 67
20 68
20 69
20 71
20 79
20 82
20 83
20 84
20 85
20 86
20 88
20 89
20 90
20 91
20 93
20 98
20 128
20 129
20 130
20 131
20 132
20 136
20 140
20 145
20 146
20 148
20 149
20 100
20 101
20 102
20 106
20 108
20 109
20 110
20 111
20 116
20 118
20 119
20 122
20 123
20 124
20 126
21 22
21 23
21 24
21 25
21 26
21 27
21 28
21 29
21 30
21 31
21 32
21 33
21 34
21 35
21 36
21 37
21 38
21 39
21 40
21 41
21 42
21 43
21 44
21 45
21 46
21 47
21 48
21 49
21 51
21 53
21 55
21 58
21 62
21 64
21 66
21 68
21 70
21 71
21 73
21 76
21 79
21 80
21 81
21 82
21 86
21 88
21 95
21 96
21 98
21 128
21 129
21 132
21 133
21 134
21 136
21 138
21 140
21 142
21 144
21 145
21 146
21 147
21 149
21 100
21 102
21 104
21 106
21 109
21 110
21 115
21 116
21 117
21 120
21 123
21 125
21 126
21 127
22 23
22 24
22 25
22 26
22 27
22 28
22 29
22 30
22 31
22 32
22 33
22 34
22 35
22 36
22 37
22 38
22 39
22 40
22 41
22 42
22 43
22 44
22 45
22 46
22 47
22 48
22 49
22 50
22 52
22 54
22 55
22 56
22 59
22 61
22 64
22 69
22 73
22 75
22 77
22 78
22 79
22 80
22 83
22 86
22 87
22 88
22 89
22 90
22 91
22 92
22 94
22 96
22 98
22 128
22 129
22 133
22 135
22 137
22 138
22 140
22 141
22 142
22 143
22 144
22 145
22 148
22 102
22 103
22 107
22 108
22 109
22 110
22 111
22 112
22 115
22 119
22 120
22 121
22 122
22 123
22 124
22 125
22 127
23 24
23 25
23 26
23 27
23 28
23 29
23 30
23 31
23 32
23 33
23 34
23 35
23 36
23 37
23 38
23 39
23 40
23 41
23 42
23 43
23 44
23 45
23 46
23 47
23 48
23 49
23 50
23 51
23 54
23 57
23 59
23 60
23 61
23 64
23 65
23 68
23 69
23 71
23 74
23 76
23 79
23 80
23 82
23 86
23 87
23 88
23 91
23 92
23 93
23 95
23 96
23 98
23 129
23 130
23 131
23 132
23 136
23 141
23 142
23 143
23 144
23 145
23 146
23 147
23 100
23 102
23 103
23 108
23 109
23 111
23 112
23 116
23 119
23 121
23 124
23 125
24 25
24 26
24 27
24 28
24 29
24 30
24 31
24 32
24 33
24 34
24 35
24 36
24 37
24 38
24 39
24 40
24 41
24 42
24 43
24 44
24 45
24 46
24 47
24 48
24 49
24 50
24 52
24 55
24 57
24 61
24 62
24 63
24 66
24 69
24 70
24 74
24 75
24 76
24 79
24 80
24 82
24 84
24 87
24 90
24 91
24 92
24 94
24 95
24 97
24 98
24 99
24 128
24 129
24 131
24 132
24 133
24 134
24 136
24 137
24 141
24 145
24 147
24 148
24 100
24 101
24 102
24 104
24 105
24 109
24 114
24 117
24 119
24 121
24 122
24 124
24 125
25 26
25 27
25 28
25 29
25 30
25 31
25 32
25 33
25 34
25 35
25 36
25 37
25 38
25 39
25 40
25 41
25 42
25 43
25 44
25 45
25 46
25 47
25 48
25 49
25 50
25 51
25 54
25 60
25 61
25 62
25 64
25 65
25 68
25 69
25 71
25 74
25 79
25 85
25 86
25 88
25 89
25 90
25 93
25 96
25 97
25 98
25 131
25 136
25 137
25 139
25 140
25 141
25 142
25 146
25 100
25 102
25 108
25 109
25 110
25 112
25 113
25 114
25 120
25 125
25 126
26 27
26 28
26 29
26 30
26 31
26 32
26 33
26 34
26 35
26 36
26 37
26 38
26 39
26 40
26 41
26 42
26 43
26 44
26 45
26 46
26 47
26 48
26 49
26 52
26 53
26 58
26 61
26 62
26 63
26 65
26 66
26 67
26 68
26 72
26 73
26 75
26 79
26 80
26 82
26 83
26 85
26 86
26 90
26 92
26 93
26 95
26 97
26 98
26 99
26 128
26 129
26 130
26 132
26 135
26 145
26 147
26 149
26 100
26 101
26 105
26 106
26 109
26 110
26 111
26 112
26 114
26 115
26 118
26 121
26 123
26 126
26 127
27 28
27 29
27 30
27 31
27 32
27 33
27 34
27 35
27 36
27 37
27 38
27 39
27 40
27 41
27 42
27 43
27 44
27 45
27 46
27 47
27 48
27 49
27 52
27 53
27 54
27 55
27 56
27 57
27 59
27 60
27 64
27 66
27 67
27 70
27 71
27 72
27 74
27 80
27 81
27 83
27 84
27 86
27 87
27 88
27 89
27 94
27 96
27 98
27 99
27 128
27 129
27 134
27 140
27 141
27 144
27 145
27 146
27 147
27 101
27 102
27 105
27 106
27 108
27 111
27 119
27 120
27 122
27 126
27 127
28 29
28 30
28 31
28 32
28 33
28 34
28 35
28 36
28 37
28 38
28 39
28 40
28 41
28 42
28 43
28 44
28 45
28 46
28 47
28 48
28 49
28 50
28 55
28 58
28 63
28 65
28 69
28 74
28 78
28 79
28 80
28 81
28 89
28 90
28 92
28 94
28 95
28 96
28 98
28 128
28 129
28 134
28 136
28 137
28 141
28 142
28 143
28 144
28 145
28 149
28 100
28 102
28 104
28 105
28 110
28 111
28 113
28 115
28 116
28 118
28 122
28 125
29 30
29 31
29 32
29 33
29 34
29 35
29 36
29 37
29 38
29 39
29 40
29 41
29 42
29 43
29 44
29 45
29 46
29 47
29 48
29 49
29 50
29 54
29 59
29 61
29 62
29 63
29 65
29 66
29 67
29 70
29 71
29 72
29 74
29 76
29 84
29 91
29 93
29 94
29 95
29 98
29 129
29 133
29 134
29 136
29 137
29 139
29 142
29 144
29 147
29 100
29 102
29 104
29 105
29 106
29 111
29 114
29 115
29 116
29 117
29 119
29 120
29 121
29 122
29 123
29 126
30 31
30 32
30 33
30 34
30 35
30 36
30 37
30 38
30 39
30 40
30 41
30 42
30 43
30 44
30 45
30 46
30 47
30 48
30 49
30 51
30 53
30 54
30 55
30 56
30 57
30 59
30 61
30 62
30 63
30 64
30 66
30 67
30 70
30 71
30 72
30 75
30 77
30 78
30 79
30 80
30 81
30 82
30 83
30 84
30 85
30 86
30 87
30 93
30 94
30 95
30 97
30 99
30 128
30 129
30 130
30 131
30 133
30 135
30 138
30 139
30 142
30 143
30 144
30 146
30 147
30 148
30 101
30 102
30 103
30 104
30 107
30 108
30 110
30 111
30 112
30 113
30 117
30 118
30 119
30 120
30 121
30 124
31 32
31 33
31 34
31 35
31 36
31 37
31 38
31 39
31 40
31 41
31 42
31 43
31 44
31 45
31 46
31 47
31 48
31 49
31 50
31 51
31 52
31 54
31 58
31 59
31 60
31 64
31 69
31 70
31 71
31 73
31 75
31 77
31 79
31 80
31 82
31 86
31 88
31 92
31 95
31 96
31 137
31 138
31 139
31 140
31 142
31 143
31 146
31 147
31 148
31 149
31 103
31 105
31 106
31 108
31 111
31 117
31 118
31 124
31 125
31 127
32 33
32 34
32 35
32 36
32 37
32 38
32 39
32 40
32 41
32 42
32 43
32 44
32 45
32 46
32 47
32 48
32 49
32 52
32 56
32 58
32 61
32 62
32 63
32 65
32 67
32 68
32 69
32 71
32 72
32 73
32 74
32 76
32 77
32 79
32 81
32 84
32 85
32 87
32 88
32 91
32 93
32 95
32 96
32 97
32 98
32 128
32 130
32 135
32 137
32 138
32 140
32 142
32 143
32 145
32 147
32 100
32 102
32 103
32 105
32 106
32 108
32 110
32 111
32 114
32 116
32 120
32 121
32 123
32 124
33 34
33 35
33 36
33 37
33 38
33 39
33 40
33 41
33 42
33 43
33 44
33 45
33 46
33 47
33 48
33 49
33 50
33 51
33 53
33 56
33 60
33 62
33 63
33 64
33 66
33 67
33 70
33 72
33 73
33 76
33 77
33 78
33 80
33 83
33 86
33 87
33 88
33 90
33 91
33 92
33 97
33 99
33 129
33 130
33 133
33 134
33 135
33 140
33 147
33 148
33 101
33 102
33 103
33 104
33 106
33 107
33 109
33 112
33 113
33 116
33 119
33 122
33 123
33 126
33 127
34 35
34 36
34 37
34 38
34 39
34 40
34 41
34 42
34 43
34 44
34 45
34 46
34 47
34 48
34 49
34 51
34 53
34 55
34 56
34 59
34 60
34 61
34 64
34 65
34 66
34 67
34 68
34 69
34 70
34 73
34 74
34 77
34 78
34 79
34 81
34 86
34 88
34 90
34 91
34 92
34 94
34 128
34 129
34 130
34 131
34 135
34 136
34 137
34 138
34 139
34 142
34 143
34 145
34 146
34 100
34 102
34 104
34 106
34 108
34 110
34 112
34 113
34 115
34 119
34 120
34 121
34 122
34 124
34 126
34 127
35 36
35 37
35 38
35 39
35 40
35 41
35 42
35 43
35 44
35 45
35 46
35 47
35 48
35 49
35 51
35 59
35 60
35 61
35 62
35 66
35 67
35 68
35 69
35 72
35 76
35 78
35 80
35 81
35 84
35 85
35 87
35 91
35 93
35 94
35 97
35 98
35 99
35 131
35 132
35 138
35 142
35 144
35 146
35 148
35 149
35 100
35 104
35 106
35 107
35 108
35 109
35 110
35 111
35 112
35 114
35 116
35 117
35 119
35 120
35 122
35 123
35 125
35 127
36 37
36 38
36 39
36 40
36 41
36 42
36 43
36 44
36 45
36 46
36 47
36 48
36 49
36 50
36 51
36 53
36 54
36 55
36 58
36 61
36 64
36 65
36 66
36 67
36 68
36 69
36 73
36 74
36 76
36 77
36 83
36 85
36 87
36 88
36 89
36 92
36 95
36 99
36 133
36 137
36 139
36 140
36 142
36 144
36 145
36 146
36 148
36 149
36 100
36 105
36 106
36 108
36 111
36 115
36 116
36 120
36 126
36 127
37 38
37 39
37 40
37 41
37 42
37 43
37 44
37 45
37 46
37 47
37 48
37 49
37 50
37 51
37 52
37 57
37 58
37 68
37 69
37 70
37 74
37 76
37 78
37 79
37 81
37 82
37 83
37 84
37 86
37 89
37 94
37 95
37 96
37 97
37 98
37 99
37 129
37 130
37 131
37 133
37 134
37 136
37 137
37 138
37 142
37 144
37 147
37 149
37 101
37 103
37 104
37 106
37 107
37 108
37 111
37 112
37 117
37 118
37 119
37 120
37 121
37 124
37 125
37 126
37 127
38 39
38 40
38 41
38 42
38 43
38 44
38 45
38 46
38 47
38 48
38 49
38 52
38 54
38 57
38 58
38 59
38 60
38 61
38 62
38 64
38 65
38 67
38 68
38 70
38 71
38 72
38 73
38 75
38 77
38 78
38 79
38 80
38 84
38 85
38 87
38 91
38 92
38 96
38 98
38 128
38 131
38 132
38 134
38 136
38 138
38 142
38 144
38 146
38 147
38 149
38 101
38 102
38 103
38 105
38 107
38 109
38 110
38 113
38 115
38 117
38 118
38 119
38 121
38 122
38 123
38 124
38 125
38 127
39 40
39 41
39 42
39 43
39 44
39 45
39 46
39 47
39 48
39 49
39 50
39 57
39 58
39 59
39 61
39 63
39 68
39 72
39 74
39 75
39 77
39 78
39 79
39 80
39 86
39 88
39 89
39 90
39 91
39 92
39 93
39 95
39 96
39 97
39 98
39 99
39 129
39 133
39 136
39 137
39 138
39 141
39 146
39 148
39 149
39 100
39 103
39 104
39 105
39 110
39 111
39 115
39 118
39 121
39 122
39 126
40 41
40 42
40 43
40 44
40 45
40 46
40 47
40 48
40 49
40 50
40 51
40 55
40 59
40 60
40 63
40 65
40 67
40 68
40 69
40 72
40 75
40 76
40 78
40 80
40 81
40 85
40 87
40 89
40 90
40 93
40 94
40 97
40 130
40 131
40 139
40 140
40 142
40 144
40 145
40 146
40 147
40 148
40 100
40 101
40 103
40 104
40 106
40 107
40 112
40 114
40 122
40 124
41 42
41 43
41 44
41 45
41 46
41 47
41 48
41 49
41 51
41 53
41 56
41 58
41 61
41 62
41 63
41 67
41 68
41 69
41 70
41 71
41 73
41 84
41 86
41 88
41 89
41 92
41 93
41 94
41 95
41 97
41 99
41 131
41 134
41 137
41 139
41 141
41 144
41 145
41 146
41 147
41 100
41 103
41 105
41 106
41 108
41 113
41 116
41 117
41 121
41 123
41 124
41 125
41 127
42 43
42 44
42 45
42 46
42 47
42 48
42 49
42 51
42 53
42 54
42 56
42 57
42 58
42 64
42 70
42 72
42 73
42 74
42 76
42 80
42 82
42 83
42 85
42 89
42 93
42 97
42 130
42 131
42 132
42 134
42 136
42 137
42 138
42 139
42 141
42 143
42 144
42 149
42 100
42 102
42 104
42 106
42 109
42 110
42 112
42 113
42 114
42 117
42 118
42 119
42 120
42 121
42 124
42 125
43 44
43 45
43 46
43 47
43 48
43 49
43 51
43 52
43 55
43 56
43 57
43 58
43 62
43 64
43 71
43 74
43 76
43 80
43 82
43 85
43 86
43 87
43 88
43 89
43 91
43 92
43 93
43 95
43 96
43 97
43 98
43 99
43 130
43 134
43 140
43 143
43 145
43 146
43 148
43 149
43 102
43 106
43 109
43 110
43 111
43 114
43 116
43 119
43 122
43 124
43 126
43 127
44 45
44 46
44 47
44 48
44 49
44 50
44 55
44 56
44 58
44 60
44 61
44 71
44 72
44 74
44 76
44 77
44 78
44 82
44 83
44 85
44 90
44 93
44 95
44 99
44 133
44 135
44 136
44 137
44 139
44 142
44 143
44 144
44 145
44 146
44 149
44 102
44 105
44 106
44 110
44 111
44 115
44 116
44 117
44 119
44 120
44 121
44 126
44 127
45 46
45 47
45 48
45 49
45 50
45 52
45 53
45 57
45 59
45 61
45 62
45 63
45 64
45 66
45 71
45 72
45 74
45 75
45 80
45 81
45 82
45 84
45 85
45 86
45 89
45 93
45 94
45 95
45 97
45 98
45 128
45 130
45 135
45 138
45 142
45 143
45 149
45 100
45 101
45 103
45 105
45 107
45 108
45 111
45 113
45 115
45 121
45 122
45 124
45 125
45 126
45 127
46 47
46 48
46 49
46 50
46 51
46 52
46 54
46 55
46 59
46 65
46 68
46 69
46 71
46 72
46 73
46 74
46 76
46 77
46 80
46 81
46 83
46 85
46 86
46 88
46 89
46 91
46 93
46 97
46 98
46 99
46 128
46 129
46 130
46 131
46 132
46 133
46 135
46 136
46 137
46 139
46 141
46 142
46 100
46 101
46 103
46 107
46 108
46 111
46 113
46 116
46 118
46 119
46 120
46 121
46 126
47 48
47 49
47 50
47 54
47 58
47 59
47 61
47 63
47 65
47 66
47 67
47 68
47 71
47 78
47 81
47 83
47 87
47 89
47 91
47 93
47 95
47 97
47 98
47 128
47 133
47 134
47 136
47 137
47 138
47 139
47 142
47 143
47 145
47 147
47 148
47 102
47 103
47 104
47 106
47 108
47 112
47 113
47 116
47 118
47 119
47 120
47 122
47 126
48 49
48 50
48 51
48 53
48 55
48 56
48 57
48 61
48 63
48 67
48 71
48 72
48 73
48 74
48 75
48 76
48 79
48 80
48 81
48 85
48 88
48 89
48 90
48 91
48 93
48 94
48 96
48 97
48 99
48 130
48 131
48 132
48 133
48 134
48 136
48 140
48 141
48 143
48 145
48 146
48 100
48 101
48 102
48 103
48 105
48 107
48 111
48 112
48 114
48 115
48 117
48 118
48 121
48 122
48 125
48 126
49 52
49 53
49 60
49 63
49 64
49 68
49 72
49 73
49 76
49 78
49 79
49 80
49 81
49 84
49 85
49 86
49 87
49 92
49 93
49 96
49 98
49 128
49 129
49 130
49 131
49 133
49 134
49 135
49 148
49 149
49 105
49 109
49 111
49 112
49 114
49 118
49 122
49 124
49 125
50 51
50 52
50 53
50 54
50 55
50 56
50 57
50 58
50 59
50 60
50 61
50 62
50 63
50 64
50 65
50 66
50 67
50 68
50 69
50 70
50 71
50 72
50 73
50 74
50 75
50 76
50 77
50 78
50 79
50 80
50 81
50 82
50 83
50 84
50 85
50 86
50 87
50 88
50 89
50 90
50 91
50 92
50 93
50 94
50 95
50 96
50 97
50 98
50 99
50 128
50 130
50 132
50 133
50 134
50 136
50 138
50 139
50 142
50 144
50 145
50 103
50 104
50 106
50 107
50 111
50 112
50 114
50 115
50 116
50 117
50 119
50 122
50 123
50 124
50 125
51 52
51 53
51 54
51 55
51 56
51 57
51 58
51 59
51 60
51 61
51 62
51 63
51 64
51 65
51 66
51 67
51 68
51 69
51 70
51 71
51 72
51 73
51 74
51 75
51 76
51 77
51 78
51 79
51 80
51 81
51 82
51 83
51 84
51 85
51 86
51 87
51 88
51 89
51 90
51 91
51 92
51 93
51 94
51 95
51 96
51 97
51 98
51 99
51 128
51 133
51 138
51 139
51 141
51 145
51 146
51 148
51 100
51 101
51 106
51 107
51 109
51 110
51 111
51 112
51 113
51 115
51 117
51 119
51 123
51 126
51 127
52 53
52 54
52 55
52 56
52 57
52 58
52 59
52 60
52 61
52 62
52 63
52 64
52 65
52 66
52 67
52 68
52 69
52 70
52 71
52 72
52 73
52 74
52 75
52 76
52 77
52 78
52 79
52 80
52 81
52 82
52 83
52 84
52 85
52 86
52 87
52 88
52 89
52 90
52 91
52 92
52 93
52 94
52 95
52 96
52 97
52 98
52 99
52 128
52 130
52 132
52 134
52 135
52 136
52 137
52 138
52 139
52 140
52 141
52 145
52 147
52 148
52 100
52 101
52 102
52 104
52 109
52 111
52 112
52 114
52 117
52 120
52 122
52 124
52 125
52 126
52 127
53 54
53 55
53 56
53 57
53 58
53 59
53 60
53 61
53 62
53 63
53 64
53 65
53 66
53 67
53 68
53 69
53 70
53 71
53 72
53 73
53 74
53 75
53 76
53 77
53 78
53 79
53 80
53 81
53 82
53 83
53 84
53 85
53 86
53 87
53 88
53 89
53 90
53 91
53 92
53 93
53 94
53 95
53 96
53 97
53 98
53 99
53 131
53 132
53 133
53 135
53 137
53 139
53 140
53 143
53 148
53 102
53 104
53 107
53 110
53 112
53 113
53 114
53 117
53 118
53 120
53 121
53 122
53 124
54 55
54 56
54 57
54 58
54 59
54 60
54 61
54 62
54 63
54 64
54 65
54 66
54 67
54 68
54 69
54 70
54 71
54 72
54 73
54 74
54 75
54 76
54 77
54 78
54 79
54 80
54 81
54 82
54 83
54 84
54 85
54 86
54 87
54 88
54 89
54 90
54 91
54 92
54 93
54 94
54 95
54 96
54 97
54 98
54 99
54 131
54 132
54 133
54 138
54 139
54 142
54 146
54 147
54 100
54 101
54 103
54 106
54 107
54 109
54 110
54 112
54 113
54 115
54 116
54 118
54 120
54 121
54 123
54 124
54 126
54 127
55 56
55 57
55 58
55 59
55 60
55 61
55 62
55 63
55 64
55 65
55 66
55 67
55 68
55 69
55 70
55 71
55 72
55 73
55 74
55 75
55 76
55 77
55 78
55 79
55 80
55 81
55 82
55 83
55 84
55 85
55 86
55 87
55 88
55 89
55 90
55 91
55 92
55 93
55 94
55 95
55 96
55 97
55 98
55 99
55 131
55 135
55 137
55 138
55 141
55 145
55 146
55 147
55 100
55 106
55 107
55 111
55 113
55 114
55 117
55 119
55 120
55 121
55 122
55 127
56 57
56 58
56 59
56 60
56 61
56 62
56 63
56 64
56 65
56 66
56 67
56 68
56 69
56 70
56 71
56 72
56 73
56 74
56 75
56 76
56 77
56 78
56 79
56 80
56 81
56 82
56 83
56 84
56 85
56 86
56 87
56 88
56 89
56 90
56 91
56 92
56 93
56 94
56 95
56 96
56 97
56 98
56 99
56 130
56 132
56 133
56 135
56 136
56 137
56 138
56 142
56 143
56 145
56 146
56 148
56 104
56 106
56 108
56 109
56 111
56 112
56 114
56 115
56 116
56 117
56 118
56 119
56 125
56 126
56 127
57 58
57 59
57 60
57 61
57 62
57 63
57 64
57 65
57 66
57 67
57 68
57 69
57 70
57 71
57 72
57 73
57 74
57 75
57 76
57 77
57 78
57 79
57 80
57 81
57 82
57 83
57 84
57 85
57 86
57 87
57 88
57 89
57 90
57 91
57 92
57 93
57 94
57 95
57 96
57 97
57 98
57 99
57 128
57 130
57 131
57 133
57 135
57 136
57 138
57 139
57 145
57 146
57 147
57 148
57 149
57 101
57 102
57 103
57 106
57 107
57 108
57 111
57 115
57 120
57 121
57 122
57 124
57 125
57 126
57 127
58 59
58 60
58 61
58 62
58 63
58 64
58 65
58 66
58 67
58 68
58 69
58 70
58 71
58 72
58 73
58 74
58 75
58 76
58 77
58 78
58 79
58 80
58 81
58 82
58 83
58 84
58 85
58 86
58 87
58 88
58 89
58 90
58 91
58 92
58 93
58 94
58 95
58 96
58 97
58 98
58 99
58 128
58 129
58 137
58 139
58 141
58 144
58 145
58 147
58 149
58 100
58 101
58 103
58 104
58 108
58 109
58 110
58 112
58 113
58 118
58 120
58 121
58 122
58 123
58 125
58 126
59 60
59 61
59 62
59 63
59 64
59 65
59 66
59 67
59 68
59 69
59 70
59 71
59 72
59 73
59 74
59 75
59 76
59 77
59 78
59 79
59 80
59 81
59 82
59 83
59 84
59 85
59 86
59 87
59 88
59 89
59 90
59 91
59 92
59 93
59 94
59 95
59 96
59 97
59 98
59 99
59 132
59 133
59 135
59 136
59 137
59 138
59 142
59 100
59 104
59 105
59 106
59 108
59 111
59 113
59 114
59 115
59 116
59 118
59 120
59 121
59 123
59 126
60 61
60 62
60 63
60 64
60 65
60 66
60 67
60 68
60 69
60 70
60 71
60 72
60 73
60 74
60 75
60 76
60 77
60 78
60 79
60 80
60 81
60 82
60 83
60 84
60 85
60 86
60 87
60 88
60 89
60 90
60 91
60 92
60 93
60 94
60 95
60 96
60 97
60 98
60 99
60 128
60 129
60 130
60 131
60 132
60 134
60 135
60 137
60 138
60 139
60 141
60 142
60 145
60 149
60 102
60 105
60 106
60 108
60 109
60 114
60 115
60 116
60 117
60 118
60 119
60 120
60 124
60 125
60 126
61 62
61 63
61 64
61 65
61 66
61 67
61 68
61 69
61 70
61 71
61 72
61 73
61 74
61 75
61 76
61 77
61 78
61 79
61 80
61 81
61 82
61 83
61 84
61 85
61 86
61 87
61 88
61 89
61 90
61 91
61 92
61 93
61 94
61 95
61 96
61 97
61 98
61 99
61 128
61 129
61 130
61 131
61 132
61 134
61 137
61 141
61 143
61 144
61 147
61 149
61 104
61 106
61 109
61 110
61 112
61 115
61 117
61 119
61 126
62 63
62 64
62 65
62 66
62 67
62 68
62 69
62 70
62 71
62 72
62 73
62 74
62 75
62 76
62 77
62 78
62 79
62 80
62 81
62 82
62 83
62 84
62 85
62 86
62 87
62 88
62 89
62 90
62 91
62 92
62 93
62 94
62 95
62 96
62 97
62 98
62 99
62 128
62 132
62 134
62 135
62 137
62 138
62 142
62 143
62 145
62 147
62 148
62 101
62 102
62 103
62 104
62 108
62 110
62 112
62 114
62 115
62 117
62 120
62 121
62 122
62 123
62 124
62 127
63 64
63 65
63 66
63 67
63 68
63 69
63 70
63 71
63 72
63 73
63 74
63 75
63 76
63 77
63 78
63 79
63 80
63 81
63 82
63 83
63 84
63 85
63 86
63 87
63 88
63 89
63 90
63 91
63 92
63 93
63 94
63 95
63 96
63 97
63 98
63 99
63 129
63 132
63 133
63 134
63 135
63 137
63 138
63 139
63 143
63 146
63 147
63 149
63 104
63 106
63 107
63 110
63 112
63 113
63 114
63 116
63 117
63 119
63 120
63 122
63 123
63 125
63 126
63 127
64 65
64 66
64 67
64 68
64 69
64 70
64 71
64 72
64 73
64 74
64 75
64 76
64 77
64 78
64 79
64 80
64 81
64 82
64 83
64 84
64 85
64 86
64 87
64 88
64 89
64 90
64 91
64 92
64 93
64 94
64 95
64 96
64 97
64 98
64 99
64 129
64 130
64 131
64 134
64 136
64 138
64 139
64 140
64 144
64 145
64 146
64 147
64 149
64 100
64 101
64 102
64 104
64 106
64 111
64 112
64 118
64 119
64 120
64 121
64 124
64 125
65 66
65 67
65 68
65 69
65 70
65 71
65 72
65 73
65 74
65 75
65 76
65 77
65 78
65 79
65 80
65 81
65 82
65 83
65 84
65 85
65 86
65 87
65 88
65 89
65 90
65 91
65 92
65 93
65 94
65 95
65 96
65 97
65 98
65 99
65 128
65 132
65 136
65 137
65 140
65 141
65 142
65 143
65 145
65 146
65 147
65 100
65 101
65 105
65 106
65 107
65 109
65 110
65 111
65 112
65 113
65 114
65 115
65 116
65 119
65 120
65 122
65 124
65 126
66 67
66 68
66 69
66 70
66 71
66 72
66 73
66 74
66 75
66 76
66 77
66 78
66 79
66 80
66 81
66 82
66 83
66 84
66 85
66 86
66 87
66 88
66 89
66 90
66 91
66 92
66 93
66 94
66 95
66 96
66 97
66 98
66 99
66 133
66 137
66 140
66 142
66 146
66 149
66 100
66 102
66 103
66 105
66 106
66 108
66 109
66 110
66 111
66 113
66 114
66 116
66 117
66 121
66 122
66 123
66 124
66 125
66 127
67 68
67 69
67 70
67 71
67 72
67 73
67 74
67 75
67 76
67 77
67 78
67 79
67 80
67 81
67 82
67 83
67 84
67 85
67 86
67 87
67 88
67 89
67 90
67 91
67 92
67 93
67 94
67 95
67 96
67 97
67 98
67 99
67 132
67 135
67 138
67 141
67 142
67 143
67 145
67 146
67 101
67 104
67 106
67 112
67 114
67 115
67 116
67 117
67 119
67 122
67 124
67 125
67 126
68 69
68 70
68 71
68 72
68 73
68 74
68 75
68 76
68 77
68 78
68 79
68 80
68 81
68 82
68 83
68 84
68 85
68 86
68 87
68 88
68 89
68 90
68 91
68 92
68 93
68 94
68 95
68 96
68 97
68 98
68 99
68 129
68 132
68 134
68 137
68 138
68 139
68 140
68 141
68 142
68 143
68 145
68 148
68 101
68 102
68 107
68 108
68 110
68 111
68 120
68 121
68 122
68 123
68 125
69 70
69 71
69 72
69 73
69 74
69 75
69 76
69 77
69 78
69 79
69 80
69 81
69 82
69 83
69 84
69 85
69 86
69 87
69 88
69 89
69 90
69 91
69 92
69 93
69 94
69 95
69 96
69 97
69 98
69 99
69 128
69 134
69 137
69 138
69 139
69 140
69 142
69 148
69 149
69 100
69 101
69 103
69 104
69 106
69 107
69 108
69 109
69 111
69 112
69 113
69 115
69 117
69 122
69 124
69 126
70 71
70 72
70 73
70 74
70 75
70 76
70 77
70 78
70 79
70 80
70 81
70 82
70 83
70 84
70 85
70 86
70 87
70 88
70 89
70 90
70 91
70 92
70 93
70 94
70 95
70 96
70 97
70 98
70 99
70 130
70 132
70 133
70 135
70 136
70 138
70 142
70 144
70 145
70 148
70 149
70 101
70 102
70 105
70 106
70 108
70 109
70 110
70 115
70 118
70 120
70 123
70 125
70 126
70 127
71 72
71 73
71 74
71 75
71 76
71 77
71 78
71 79
71 80
71 81
71 82
71 83
71 84
71 85
71 86
71 87
71 88
71 89
71 90
71 91
71 92
71 93
71 94
71 95
71 96
71 97
71 98
71 99
71 128
71 129
71 135
71 136
71 137
71 138
71 139
71 140
71 142
71 144
71 146
71 149
71 104
71 106
71 109
71 110
71 113
71 114
71 115
71 120
71 123
72 73
72 74
72 75
72 76
72 77
72 78
72 79
72 80
72 81
72 82
72 83
72 84
72 85
72 86
72 87
72 88
72 89
72 90
72 91
72 92
72 93
72 94
72 95
72 96
72 97
72 98
72 99
72 128
72 129
72 130
72 132
72 133
72 134
72 135
72 136
72 137
72 138
72 140
72 144
72 145
72 146
72 147
72 149
72 100
72 102
72 103
72 105
72 106
72 111
72 113
72 114
72 115
72 121
72 122
72 123
72 124
72 125
72 127
73 74
73 75
73 76
73 77
73 78
73 79
73 80
73 81
73 82
73 83
73 84
73 85
73 86
73 87
73 88
73 89
73 90
73 91
73 92
73 93
73 94
73 95
73 96
73 97
73 98
73 99
73 130
73 131
73 132
73 133
73 135
73 136
73 138
73 139
73 140
73 143
73 144
73 145
73 148
73 100
73 102
73 103
73 104
73 105
73 106
73 108
73 110
73 112
73 114
73 121
73 122
73 123
73 126
74 75
74 76
74 77
74 78
74 79
74 80
74 81
74 82
74 83
74 84
74 85
74 86
74 87
74 88
74 89
74 90
74 91
74 92
74 93
74 94
74 95
74 96
74 97
74 98
74 99
74 128
74 130
74 138
74 140
74 141
74 142
74 145
74 149
74 100
74 102
74 105
74 106
74 107
74 108
74 109
74 110
74 111
74 112
74 113
74 116
74 118
74 119
74 122
74 123
74 126
75 76
75 77
75 78
75 79
75 80
75 81
75 82
75 83
75 84
75 85
75 86
75 87
75 88
75 89
75 90
75 91
75 92
75 93
75 94
75 95
75 96
75 97
75 98
75 99
75 128
75 129
75 132
75 133
75 134
75 137
75 139
75 140
75 142
75 145
75 146
75 147
75 149
75 103
75 106
75 111
75 113
75 116
75 117
75 120
75 123
75 125
75 126
75 127
76 77
76 78
76 79
76 80
76 81
76 82
76 83
76 84
76 85
76 86
76 87
76 88
76 89
76 90
76 91
76 92
76 93
76 94
76 95
76 96
76 97
76 98
76 99
76 128
76 129
76 130
76 132
76 133
76 134
76 135
76 138
76 139
76 140
76 142
76 144
76 145
76 147
76 149
76 100
76 101
76 103
76 110
76 113
76 115
76 119
76 121
76 125
76 126
77 78
77 79
77 80
77 81
77 82
77 83
77 84
77 85
77 86
77 87
77 88
77 89
77 90
77 91
77 92
77 93
77 94
77 95
77 96
77 97
77 98
77 99
77 128
77 129
77 133
77 138
77 139
77 142
77 143
77 144
77 145
77 146
77 147
77 148
77 149
77 100
77 101
77 104
77 105
77 107
77 108
77 109
77 111
77 112
77 114
77 116
77 119
77 120
77 123
77 124
78 79
78 80
78 81
78 82
78 83
78 84
78 85
78 86
78 87
78 88
78 89
78 90
78 91
78 92
78 93
78 94
78 95
78 96
78 97
78 98
78 99
78 134
78 135
78 136
78 137
78 138
78 139
78 140
78 142
78 143
78 144
78 146
78 148
78 101
78 103
78 105
78 106
78 108
78 109
78 110
78 112
78 114
78 116
78 117
78 119
78 120
78 123
78 127
79 80
79 81
79 82
79 83
79 84
79 85
79 86
79 87
79 88
79 89
79 90
79 91
79 92
79 93
79 94
79 95
79 96
79 97
79 98
79 99
79 130
79 131
79 132
79 134
79 136
79 137
79 138
79 141
79 144
79 145
79 148
79 149
79 100
79 102
79 103
79 104
79 105
79 108
79 109
79 110
79 111
79 112
79 113
79 114
79 116
79 117
79 118
79 119
79 121
79 124
79 125
79 126
80 81
80 82
80 83
80 84
80 85
80 86
80 87
80 88
80 89
80 90
80 91
80 92
80 93
80 94
80 95
80 96
80 97
80 98
80 99
80 128
80 129
80 130
80 134
80 136
80 137
80 143
80 144
80 145
80 146
80 149
80 100
80 102
80 110
80 111
80 114
80 115
80 119
80 122
80 123
80 124
81 82
81 83
81 84
81 85
81 86
81 87
81 88
81 89
81 90
81 91
81 92
81 93
81 94
81 95
81 96
81 97
81 98
81 99
81 128
81 131
81 135
81 138
81 139
81 140
81 144
81 146
81 147
81 148
81 149
81 100
81 101
81 102
81 103
81 105
81 106
81 108
81 110
81 119
81 123
81 124
81 125
81 126
81 127
82 83
82 84
82 85
82 86
82 87
82 88
82 89
82 90
82 91
82 92
82 93
82 94
82 95
82 96
82 97
82 98
82 99
82 128
82 129
82 131
82 133
82 137
82 138
82 142
82 143
82 144
82 146
82 100
82 105
82 108
82 109
82 112
82 114
82 116
82 119
82 120
82 122
82 123
82 125
83 84
83 85
83 86
83 87
83 88
83 89
83 90
83 91
83 92
83 93
83 94
83 95
83 96
83 97
83 98
83 99
83 130
83 131
83 133
83 137
83 139
83 142
83 144
83 145
83 146
83 147
83 149
83 102
83 103
83 105
83 107
83 109
83 110
83 112
83 113
83 114
83 116
83 120
83 123
83 125
83 126
83 127
84 85
84 86
84 87
84 88
84 89
84 90
84 91
84 92
84 93
84 94
84 95
84 96
84 97
84 98
84 99
84 128
84 129
84 130
84 131
84 134
84 137
84 140
84 141
84 142
84 145
84 149
84 100
84 101
84 109
84 112
84 115
84 116
84 118
84 119
84 121
84 123
84 124
84 126
84 127
85 86
85 87
85 88
85 89
85 90
85 91
85 92
85 93
85 94
85 95
85 96
85 97
85 98
85 99
85 130
85 133
85 134
85 137
85 138
85 140
85 143
85 146
85 147
85 148
85 149
85 101
85 102
85 104
85 105
85 106
85 108
85 110
85 111
85 112
85 115
85 117
85 119
85 120
85 121
85 122
85 123
85 124
86 87
86 88
86 89
86 90
86 91
86 92
86 93
86 94
86 95
86 96
86 97
86 98
86 99
86 128
86 129
86 131
86 133
86 136
86 139
86 141
86 142
86 144
86 146
86 147
86 105
86 107
86 108
86 111
86 112
86 113
86 114
86 118
86 119
86 122
86 125
86 126
86 127
87 88
87 89
87 90
87 91
87 92
87 93
87 94
87 95
87 96
87 97
87 98
87 99
87 134
87 136
87 140
87 142
87 143
87 144
87 145
87 148
87 149
87 100
87 108
87 111
87 114
87 115
87 117
87 120
87 122
87 125
87 127
88 89
88 90
88 91
88 92
88 93
88 94
88 95
88 96
88 97
88 98
88 99
88 130
88 131
88 133
88 134
88 137
88 139
88 140
88 141
88 142
88 143
88 145
88 148
88 149
88 101
88 104
88 110
88 112
88 113
88 116
88 117
88 120
88 121
88 123
88 124
88 127
89 90
89 91
89 92
89 93
89 94
89 95
89 96
89 97
89 98
89 99
89 128
89 130
89 133
89 134
89 137
89 141
89 142
89 146
89 148
89 149
89 101
89 102
89 104
89 107
89 109
89 113
89 115
89 116
89 119
89 120
89 121
89 122
89 123
89 125
89 127
90 91
90 92
90 93
90 94
90 95
90 96
90 97
90 98
90 99
90 128
90 132
90 133
90 138
90 139
90 142
90 144
90 145
90 148
90 149
90 101
90 102
90 103
90 105
90 108
90 111
90 112
90 113
90 116
90 122
90 124
90 127
91 92
91 93
91 94
91 95
91 96
91 97
91 98
91 99
91 128
91 132
91 133
91 134
91 136
91 137
91 140
91 141
91 142
91 143
91 145
91 146
91 147
91 148
91 149
91 101
91 102
91 103
91 107
91 108
91 112
91 113
91 116
91 117
91 119
91 122
91 123
91 124
92 93
92 94
92 95
92 96
92 97
92 98
92 99
92 128
92 132
92 133
92 134
92 135
92 136
92 141
92 143
92 146
92 149
92 105
92 106
92 110
92 111
92 113
92 114
92 116
92 117
92 118
92 119
92 121
93 94
93 95
93 96
93 97
93 98
93 99
93 129
93 131
93 133
93 134
93 137
93 139
93 142
93 143
93 146
93 147
93 148
93 101
93 102
93 110
93 112
93 114
93 115
93 121
93 123
93 125
93 126
93 127
94 95
94 96
94 97
94 98
94 99
94 129
94 130
94 131
94 132
94 133
94 135
94 142
94 144
94 148
94 149
94 101
94 102
94 103
94 105
94 106
94 110
94 111
94 112
94 114
94 115
94 119
94 123
94 124
94 125
95 96
95 97
95 98
95 99
95 128
95 129
95 130
95 132
95 133
95 134
95 138
95 143
95 144
95 148
95 100
95 101
95 107
95 111
95 115
95 116
95 117
95 122
95 123
95 124
95 127
96 97
96 98
96 99
96 129
96 130
96 131
96 133
96 134
96 136
96 137
96 138
96 141
96 142
96 144
96 145
96 101
96 103
96 104
96 108
96 112
96 113
96 116
96 118
96 121
96 122
96 124
96 125
96 126
96 127
97 98
97 99
97 128
97 129
97 132
97 134
97 135
97 136
97 138
97 139
97 140
97 143
97 145
97 101
97 103
97 104
97 105
97 106
97 107
97 108
97 109
97 111
97 112
97 114
97 116
97 118
97 119
97 121
97 123
97 125
97 126
98 99
98 128
98 129
98 130
98 131
98 132
98 133
98 135
98 136
98 137
98 138
98 140
98 141
98 143
98 144
98 146
98 147
98 148
98 101
98 103
98 104
98 108
98 110
98 111
98 114
98 117
98 118
98 122
98 123
98 127
99 129
99 135
99 136
99 138
99 139
99 140
99 141
99 142
99 143
99 144
99 148
99 149
99 100
99 101
99 102
99 103
99 104
99 105
99 106
99 107
99 110
99 114
99 116
99 118
99 119
99 122
99 123
99 124
99 125
99 126
128 129
128 130
128 131
128 132
128 133
128 134
128 135
128 136
128 137
128 138
128 139
128 140
128 141
128 142
128 143
128 144
128 145
128 146
128 147
128 148
128 149
128 100
128 101
128 102
128 103
128 104
128 105
128 106
128 107
128 108
128 109
128 110
128 111
128 112
128 113
128 114
128 115
128 116
128 117
128 118
128 119
128 120
128 121
128 122
128 123
128 124
128 125
128 126
128 127
129 130
129 131
129 132
129 133
129 134
129 135
129 136
129 137
129 138
129 139
129 140
129 141
129 142
129 143
129 144
129 145
129 146
129 147
129 148
129 149
129 100
129 101
129 102
129 103
129 104
129 105
129 106
129 107
129 108
129 109
129 110
129 111
129 112
129 113
129 114
129 115
129 116
129 117
129 118
129 119
129 120
129 121
129 122
129 123
129 124
129 125
129 126
129 127
130 131
130 132
130 133
130 134
130 135
130 136
130 137
130 138
130 139
130 140
130 141
130 142
130 143
130 144
130 145
130 146
130 147
130 148
130 149
130 100
130 101
130 102
130 103
130 104
130 105
130 106
130 107
130 108
130 109
130 110
130 111
130 112
130 113
130 114
130 115
130 116
130 117
130 118
130 119
130 120
130 121
130 122
130 123
130 124
130 125
130 126
130 127
131 132
131 133
131 134
131 135
131 136
131 137
131 138
131 139
131 140
131 141
131 142
131 143
131 144
131 145
131 146
131 147
131 148
131 149
131 100
131 101
131 102
131 103
131 104
131 105
131 106
131 107
131 108
131 109
131 110
131 111
131 112
131 113
131 114
131 115
131 116
131 117
131 118
131 119
131 120
131 121
131 122
131 123
131 124
131 125
131 126
131 127
132 133
132 134
132 135
132 136
132 137
132 138
132 139
132 140
132 141
132 142
132 143
132 144
132 145
132 146
132 147
132 148
132 149
132 100
132 101
132 102
132 103
132 104
132 105
132 106
132 107
132 108
132 109
132 110
132 111
132 112
132 113
132 114
132 115
132 116
132 117
132 118
132 119
132 120
132 121
132 122
132 123
132 124
132 125
132 126
132 127
133 134
133 135
133 136
133 137
133 138
133 139
133 140
133 141
133 142
133 143
133 144
133 145
133 146
133 147
133 148
133 149
133 100
133 101
133 102
133 103
133 104
133 105
133 106
133 107
133 108
133 109
133 110
133 111
133 112
133 113
133 114
133 115
133 116
133 117
133 118
133 119
133 120
133 121
133 122
133 123
133 124
133 125
133 126
133 127
134 135
134 136
134 137
134 138
134 139
134 140
134 141
134 142
134 143
134 144
134 145
134 146
134 147
134 148
134 149
134 100
134 101
134 102
134 103
134 104
134 105
134 106
134 107
134 108
134 109
134 110
134 111
134 112
134 113
134 114
134 115
134 116
134 117
134 118
134 119
134 120
134 121
134 122
134 123
134 124
134 125
134 126
134 127
135 136
135 137
135 138
135 139
135 140
135 141
135 142
135 143
135 144
135 145
135 146
135 147
135 148
135 149
135 100
135 101
135 102
135 103
135 104
135 105
135 106
135 107
135 108
135 109
135 110
135 111
135 112
135 113
135 114
135 115
135 116
135 117
135 118
135 119
135 120
135 121
135 122
135 123
135 124
135 125
135 126
135 127
136 137
136 138
136 139
136 140
136 141
136 142
136 143
136 144
136 145
136 146
136 147
136 148
136 149
136 100
136 101
136 102
136 103
136 104
136 105
136 106
136 107
136 108
136 109
136 110
136 111
136 112
136 113
136 114
136 115
136 116
136 117
136 118
136 119
136 120
136 121
136 122
136 123
136 124
136 125
136 126
136 127
137 138
137 139
137 140
137 141
137 142
137 143
137 144
137 145
137 146
137 147
137 148
137 149
137 100
137 101
137 102
137 103
137 104
137 105
137 106
137 107
137 108
137 109
137 110
137 111
137 112
137 113
137 114
137 115
137 116
137 117
137 118
137 119
137 120
137 121
137 122
137 123
137 124
137 125
137 126
137 127
138 139
138 140
138 141
138 142
138 143
138 144
138 145
138 146
138 147
138 148
138 149
138 100
138 101
138 102
138 103
138 104
138 105
138 106
138 107
138 108
138 109
138 110
138 111
138 112
138 113
138 114
138 115
138 116
138 117
138 118
138 119
138 120
138 121
138 122
138 123
138 124
138 125
138 126
138 127
139 140
139 141
139 142
139 143
139 144
139 145
139 146
139 147
139 148
139 149
139 100
139 101
139 102
139 103
139 104
139 105
139 106
139 107
139 108
139 109
139 110
139 111
139 112
139 113
139 114
139 115
139 116
139 117
139 118
139 119
139 120
139 121
139 122
139 123
139 124
139 125
139 126
139 127
140 141
140 142
140 143
140 144
140 145
140 146
140 147
140 148
140 149
140 100
140 101
140 102
140 103
140 104
140 105
140 106
140 107
140 108
140 109
140 110
140 111
140 112
140 113
140 114
140 115
140 116
140 117
140 118
140 119
140 120
140 121
140 122
140 123
140 124
140 125
140 126
140 127
141 142
141 143
141 144
141 145
141 146
141 147
141 148
141 149
141 100
141 101
141 102
141 103
141 104
141 105
141 106
141 107
141 108
141 109
141 110
141 111
141 112
141 113
141 114
141 115
141 116
141 117
141 118
141 119
141 120
141 121
141 122
141 123
141 124
141 125
141 126
141 127
142 143
142 144
142 145
142 146
142 147
142 148
142 149
142 100
142 101
142 102
142 103
142 104
142 105
142 106
142 107
142 108
142 109
142 110
142 111
142 112
142 113
142 114
142 115
142 116
142 117
142 118
142 119
142 120
142 121
142 122
142 123
142 124
142 125
142 126
142 127
143 144
143 145
143 146
143 147
143 148
143 149
143 100
143 101
143 102
143 103
143 104
143 105
143 106
143 107
143 108
143 109
143 110
143 111
143 112
143 113
143 114
143 115
143 116
143 117
143 118
143 119
143 120
143 121
143 122
143 123
143 124
143 125
143 126
143 127
144 145
144 146
144 147
144 148
144 149
144 100
144 101
144 102
144 103
144 104
144 105
144 106
144 107
144 108
144 109
144 110
144 111
144 112
144 113
144 114
144 115
144 116
144 117
144 118
144 119
144 120
144 121
144 122
144 123
144 124
144 125
144 126
144 127
145 146
145 147
145 148
145 149
145 100
145 101
145 102
145 103
145 104
145 105
145 106
145 107
145 108
145 109
145 110
145 111
145 112
145 113
145 114
145 115
145 116
145 117
145 118
145 119
145 120
145 121
145 122
145 123
145 124
145 125
145 126
145 127
146 147
146 148
146 149
146 100
146 101
146 102
146 103
146 104
146 105
146 106
146 107
146 108
146 109
146 110
146 111
146 112
146 113
146 114
146 115
146 116
146 117
146 118
146 119
146 120
146 121
146 122
146 123
146 124
146 125
146 126
146 127
147 148
147 149
147 100
147 101
147 102
147 103
147 104
147 105
147 106
147 107
147 108
147 109
147 110
147 111
147 112
147 113
147 114
147 115
147 116
147 117
147 118
147 119
147 120
147 121
147 122
147 123
147 124
147 125
147 126
147 127
148 149
148 100
148 101
148 102
148 103
148 104
148 105
148 106
148 107
148 108
148 109
148 110
148 111
148 112
148 113
148 114
148 115
148 116
148 117
148 118
148 119
148 120
148 121
148 122
148 123
148 124
148 125
148 126
148 127
149 100
149 101
149 102
149 103
149 104
149 105
149 106
149 107
149 108
149 109
149 110
149 111
149 112
149 113
149 114
149 115
149 116
149 117
149 118
149 119
149 120
149 121
149 122
149 123
149 124
149 125
149 126
149 127
100 101
100 102
100 103
100 104
100 105
100 106
100 107
100 108
100 109
100 110
100 111
100 112
100 113
100 114
100 115
100 116
100 117
100 118
100 119
100 120
100 121
100 122
100 123
100 124
100 125
100 126
100 127
101 102
101 103
101 104
101 105
101 106
101 107
101 108
101 109
101 110
101 111
101 112
101 113
101 114
101 115
101 116
101 117
101 118
101 119
101 120
101 121
101 122
101 123
101 124
101 125
101 126
101 127
102 103
102 104
102 105
102 106
102 107
102 108
102 109
102 110
102 111
102 112
102 113
102 114
102 115
102 116
102 117
102 118
102 119
102 120
102 121
102 122
102 123
102 124
102 125
102 126
102 127
103 104
103 105
103 106
103 107
103 108
103 109
103 110
103 111
103 112
103 113
103 114
103 115
103 116
103 117
103 118
103 119
103 120
103 121
103 122
103 123
103 124
103 125
103 126
103 127
104 105
104 106
104 107
104 108
104 109
104 110
104 111
104 112
104 113
104 114
104 115
104 116
104 117
104 118
104 119
104 120
104 121
104 122
104 123
104 124
104 125
104 126
104 127
105 106
105 107
105 108
105 109
105 110
105 111
105 112
105 113
105 114
105 115
105 116
105 117
105 118
105 119
105 120
105 121
105 122
105 123
105 124
105 125
105 126
105 127
106 107
106 108
106 109
106 110
106 111
106 112
106 113
106 114
106 115
106 116
106 117
106 118
106 119
106 120
106 121
106 122
106 123
106 124
106 125
106 126
106 127
107 108
107 109
107 110
107 111
107 112
107 113
107 114
107 115
107 116
107 117
107 118
107 119
107 120
107 121
107 122
107 123
107 124
107 125
107 126
107 127
108 109
108 110
108 111
108 112
108 113
108 114
108 115
108 116
108 117
108 118
108 119
108 120
108 121
108 122
108 123
108 124
108 125
108 126
108 127
109 110
109 111
109 112
109 113
109 114
109 115
109 116
109 117
109 118
109 119
109 120
109 121
109 122
109 123
109 124
109 125
109 126
109 127
110 111
110 112
110 113
110 114
110 115
110 116
110 117
110 118
110 119
110 120
110 121
110 122
110 123
110 124
110 125
110 126
110 127
111 112
111 113
111 114
111 115
111 116
111 117
111 118
111 119
111 120
111 121
111 122
111 123
111 124
111 125
111 126
111 127
112 113
112 114
112 115
112 116
112 117
112 118
112 119
112 120
112 121
112 122
112 123
112 124
112 125
112 126
112 127
113 114
113 115
113 116
113 117
113 118
113 119
113 120
113 121
113 122
113 123
113 124
113 125
113 126
113 127
114 115
114 116
114 117
114 118
114 119
114 120
114 121
114 122
114 123
114 124
114 125
114 126
114 127
115 116
115 117
115 118
115 119
115 120
115 121
115 122
115 123
115 124
115 125
115 126
115 127
116 117
116 118
116 119
116 120
116 121
116 122
116 123
116 124
116 125
116 126
116 127
117 118
117 119
117 120
117 121
117 122
117 123
117 124
117 125
117 126
117 127
118 119
118 120
118 121
118 122
118 123
118 124
118 125
118 126
118 127
119 120
119 121
119 122
119 123
119 124
119 125
119 126
119 127
120 121
120 122
120 123
120 124
120 125
120 126
120 127
121 122
121 123
121 124
121 125
121 126
121 127
122 123
122 124
122 125
122 126
122 127
123 124
123 125
123 126
123 127
124 125
124 126
124 127
125 126
125 127
126 127
