0 1
0 2
0 3
0 4
0 5
0 6
0 7
0 8
0 9
0 10
0 11
0 12
0 13
0 14
0 15
0 16
0 17
0 18
0 19
0 20
0 21
0 22
0 23
0 24
0 25
0 26
0 27
0 28
0 29
0 30
0 31
0 32
0 33
0 34
0 35
0 36
0 37
0 38
0 39
0 40
0 41
0 42
0 43
0 44
0 45
0 46
0 47
0 48
0 49
0 53
0 54
0 55
0 58
0 64
0 65
0 66
0 68
0 70
0 71
0 74
0 77
0 78
0 79
0 82
0 84
0 89
0 91
0 92
0 93
0 96
0 131
0 133
0 146
0 147
0 148
0 149
0 102
0 113
0 116
0 119
1 2
1 3
1 4
1 5
1 6
1 7
1 8
1 9
1 10
1 11
1 12
1 13
1 14
1 15
1 16
1 17
1 18
1 19
1 20
1 21
1 22
1 23
1 24
1 25
1 26
1 27
1 28
1 29
1 30
1 31
1 32
1 33
1 34
1 35
1 36
1 37
1 38
1 39
1 40
1 41
1 42
1 43
1 44
1 45
1 46
1 47
1 48
1 49
1 50
1 53
1 58
1 65
1 66
1 72
1 74
1 75
1 77
1 79
1 80
1 85
1 88
1 89
1 92
1 94
1 95
1 128
1 130
1 131
1 134
1 137
1 143
1 147
1 148
1 100
1 104
1 105
1 107
1 112
1 113
1 114
1 115
1 122
2 3
2 4
2 5
2 6
2 7
2 8
2 9
2 10
2 11
2 12
2 13
2 14
2 15
2 16
2 17
2 18
2 19
2 20
2 21
2 22
2 23
2 24
2 25
2 26
2 27
2 28
2 29
2 30
2 31
2 32
2 33
2 34
2 35
2 36
2 37
2 38
2 39
2 40
2 41
2 42
2 43
2 44
2 45
2 46
2 47
2 48
2 49
2 56
2 59
2 60
2 61
2 62
2 64
2 67
2 69
2 70
2 73
2 75
2 81
2 82
2 83
2 84
2 87
2 88
2 93
2 95
2 130
2 140
2 143
2 145
2 149
2 100
2 103
2 107
2 108
2 111
2 112
2 116
2 117
2 118
2 124
2 126
3 4
3 5
3 6
3 7
3 8
3 9
3 10
3 11
3 12
3 13
3 14
3 15
3 16
3 17
3 18
3 19
3 20
3 21
3 22
3 23
3 24
3 25
3 26
3 27
3 28
3 29
3 30
3 31
3 32
3 33
3 34
3 35
3 36
3 37
3 38
3 39
3 40
3 41
3 42
3 43
3 44
3 45
3 46
3 47
3 48
3 49
3 51
3 52
3 54
3 55
3 56
3 60
3 65
3 66
3 76
3 80
3 81
3 83
3 85
3 87
3 96
3 99
3 128
3 135
3 136
3 138
3 139
3 140
3 143
3 144
3 146
3 149
3 101
3 103
3 108
3 110
3 113
3 114
3 119
3 120
3 123
3 126
4 5
4 6
4 7
4 8
4 9
4 10
4 11
4 12
4 13
4 14
4 15
4 16
4 17
4 18
4 19
4 20
4 21
4 22
4 23
4 24
4 25
4 26
4 27
4 28
4 29
4 30
4 31
4 32
4 33
4 34
4 35
4 36
4 37
4 38
4 39
4 40
4 41
4 42
4 43
4 44
4 45
4 46
4 47
4 48
4 49
4 53
4 58
4 62
4 63
4 71
4 77
4 80
4 81
4 84
4 88
4 89
4 91
4 95
4 131
4 132
4 133
4 138
4 139
4 140
4 145
4 147
4 148
4 149
4 100
4 105
4 107
4 108
4 109
4 111
4 117
4 119
4 120
4 126
4 127
5 6
5 7
5 8
5 9
5 10
5 11
5 12
5 13
5 14
5 15
5 16
5 17
5 18
5 19
5 20
5 21
5 22
5 23
5 24
5 25
5 26
5 27
5 28
5 29
5 30
5 31
5 32
5 33
5 34
5 35
5 36
5 37
5 38
5 39
5 40
5 41
5 42
5 43
5 44
5 45
5 46
5 47
5 48
5 49
5 50
5 52
5 56
5 60
5 63
5 67
5 74
5 78
5 82
5 83
5 88
5 95
5 97
5 99
5 132
5 136
5 137
5 142
5 101
5 103
5 105
5 108
5 111
5 112
5 114
5 118
5 123
5 125
5 127
6 7
6 8
6 9
6 10
6 11
6 12
6 13
6 14
6 15
6 16
6 17
6 18
6 19
6 20
6 21
6 22
6 23
6 24
6 25
6 26
6 27
6 28
6 29
6 30
6 31
6 32
6 33
6 34
6 35
6 36
6 37
6 38
6 39
6 40
6 41
6 42
6 43
6 44
6 45
6 46
6 47
6 48
6 49
6 50
6 61
6 68
6 71
6 87
6 92
6 93
6 94
6 95
6 96
6 129
6 133
6 145
6 147
6 101
6 103
6 104
6 106
6 111
6 112
6 117
6 118
6 119
6 123
6 126
7 8
7 9
7 10
7 11
7 12
7 13
7 14
7 15
7 16
7 17
7 18
7 19
7 20
7 21
7 22
7 23
7 24
7 25
7 26
7 27
7 28
7 29
7 30
7 31
7 32
7 33
7 34
7 35
7 36
7 37
7 38
7 39
7 40
7 41
7 42
7 43
7 44
7 45
7 46
7 47
7 48
7 49
7 50
7 52
7 54
7 57
7 60
7 61
7 68
7 81
7 82
7 86
7 88
7 89
7 96
7 97
7 99
7 130
7 132
7 134
7 144
7 148
7 149
7 100
7 101
7 105
7 109
7 111
7 116
7 123
7 126
8 9
8 10
8 11
8 12
8 13
8 14
8 15
8 16
8 17
8 18
8 19
8 20
8 21
8 22
8 23
8 24
8 25
8 26
8 27
8 28
8 29
8 30
8 31
8 32
8 33
8 34
8 35
8 36
8 37
8 38
8 39
8 40
8 41
8 42
8 43
8 44
8 45
8 46
8 47
8 48
8 49
8 54
8 55
8 56
8 59
8 67
8 77
8 79
8 82
8 84
8 93
8 94
8 99
8 129
8 130
8 133
8 134
8 135
8 137
8 139
8 149
8 100
8 101
8 106
8 109
8 110
8 114
8 115
8 117
8 119
8 121
8 122
9 10
9 11
9 12
9 13
9 14
9 15
9 16
9 17
9 18
9 19
9 20
9 21
9 22
9 23
9 24
9 25
9 26
9 27
9 28
9 29
9 30
9 31
9 32
9 33
9 34
9 35
9 36
9 37
9 38
9 39
9 40
9 41
9 42
9 43
9 44
9 45
9 46
9 47
9 48
9 49
9 50
9 51
9 54
9 55
9 60
9 64
9 70
9 76
9 78
9 86
9 88
9 95
9 97
9 99
9 130
9 131
9 136
9 141
9 142
9 147
9 106
9 109
9 112
9 116
9 121
9 126
10 11
10 12
10 13
10 14
10 15
10 16
10 17
10 18
10 19
10 20
10 21
10 22
10 23
10 24
10 25
10 26
10 27
10 28
10 29
10 30
10 31
10 32
10 33
10 34
10 35
10 36
10 37
10 38
10 39
10 40
10 41
10 42
10 43
10 44
10 45
10 46
10 47
10 48
10 49
10 52
10 55
10 56
10 59
10 65
10 73
10 77
10 78
10 80
10 85
10 86
10 87
10 90
10 92
10 95
10 97
10 131
10 132
10 135
10 138
10 140
10 141
10 143
10 149
10 102
10 110
10 112
10 113
10 121
10 123
10 124
10 125
11 12
11 13
11 14
11 15
11 16
11 17
11 18
11 19
11 20
11 21
11 22
11 23
11 24
11 25
11 26
11 27
11 28
11 29
11 30
11 31
11 32
11 33
11 34
11 35
11 36
11 37
11 38
11 39
11 40
11 41
11 42
11 43
11 44
11 45
11 46
11 47
11 48
11 49
11 54
11 55
11 57
11 59
11 62
11 65
11 66
11 69
11 75
11 79
11 81
11 84
11 85
11 86
11 88
11 91
11 93
11 95
11 96
11 134
11 140
11 142
11 146
11 104
11 106
11 113
11 115
11 118
11 121
11 122
11 123
11 126
12 13
12 14
12 15
12 16
12 17
12 18
12 19
12 20
12 21
12 22
12 23
12 24
12 25
12 26
12 27
12 28
12 29
12 30
12 31
12 32
12 33
12 34
12 35
12 36
12 37
12 38
12 39
12 40
12 41
12 42
12 43
12 44
12 45
12 46
12 47
12 48
12 49
12 59
12 60
12 62
12 65
12 68
12 71
12 76
12 80
12 86
12 92
12 94
12 136
12 138
12 139
12 149
12 103
12 104
12 105
12 106
12 110
12 112
12 113
12 116
12 118
12 119
12 125
12 126
12 127
13 14
13 15
13 16
13 17
13 18
13 19
13 20
13 21
13 22
13 23
13 24
13 25
13 26
13 27
13 28
13 29
13 30
13 31
13 32
13 33
13 34
13 35
13 36
13 37
13 38
13 39
13 40
13 41
13 42
13 43
13 44
13 45
13 46
13 47
13 48
13 49
13 55
13 63
13 68
13 74
13 82
13 83
13 86
13 93
13 97
13 131
13 134
13 137
13 140
13 142
13 147
13 148
13 102
13 105
13 107
13 108
13 115
13 117
13 118
13 120
13 121
13 125
14 15
14 16
14 17
14 18
14 19
14 20
14 21
14 22
14 23
14 24
14 25
14 26
14 27
14 28
14 29
14 30
14 31
14 32
14 33
14 34
14 35
14 36
14 37
14 38
14 39
14 40
14 41
14 42
14 43
14 44
14 45
14 46
14 47
14 48
14 49
14 52
14 54
14 62
14 64
14 65
14 69
14 73
14 85
14 86
14 89
14 92
14 93
14 95
14 97
14 98
14 99
14 129
14 134
14 142
14 147
14 149
14 100
14 102
14 108
14 115
14 122
15 16
15 17
15 18
15 19
15 20
15 21
15 22
15 23
15 24
15 25
15 26
15 27
15 28
15 29
15 30
15 31
15 32
15 33
15 34
15 35
15 36
15 37
15 38
15 39
15 40
15 41
15 42
15 43
15 44
15 45
15 46
15 47
15 48
15 49
15 51
15 53
15 55
15 58
15 59
15 63
15 65
15 69
15 81
15 88
15 89
15 91
15 92
15 94
15 95
15 133
15 135
15 143
15 145
15 148
15 101
15 106
15 107
15 109
15 111
15 115
15 118
15 123
15 124
15 125
15 127
16 17
16 18
16 19
16 20
16 21
16 22
16 23
16 24
16 25
16 26
16 27
16 28
16 29
16 30
16 31
16 32
16 33
16 34
16 35
16 36
16 37
16 38
16 39
16 40
16 41
16 42
16 43
16 44
16 45
16 46
16 47
16 48
16 49
16 57
16 59
16 63
16 67
16 69
16 71
16 74
16 75
16 77
16 80
16 83
16 85
16 92
16 99
16 131
16 133
16 134
16 135
16 136
16 138
16 139
16 140
16 147
16 100
16 103
16 105
16 106
16 109
16 110
16 111
16 113
16 116
16 119
16 120
16 122
16 124
17 18
17 19
17 20
17 21
17 22
17 23
17 24
17 25
17 26
17 27
17 28
17 29
17 30
17 31
17 32
17 33
17 34
17 35
17 36
17 37
17 38
17 39
17 40
17 41
17 42
17 43
17 44
17 45
17 46
17 47
17 48
17 49
17 50
17 52
17 56
17 57
17 58
17 60
17 63
17 68
17 69
17 71
17 72
17 74
17 75
17 76
17 81
17 86
17 91
17 96
17 99
17 128
17 129
17 137
17 147
17 149
17 100
17 101
17 104
17 109
17 112
17 114
17 117
17 119
17 120
17 123
18 19
18 20
18 21
18 22
18 23
18 24
18 25
18 26
18 27
18 28
18 29
18 30
18 31
18 32
18 33
18 34
18 35
18 36
18 37
18 38
18 39
18 40
18 41
18 42
18 43
18 44
18 45
18 46
18 47
18 48
18 49
18 56
18 60
18 64
18 65
18 66
18 72
18 73
18 77
18 78
18 83
18 87
18 88
18 90
18 91
18 96
18 97
18 99
18 128
18 130
18 137
18 138
18 142
18 145
18 147
18 106
18 113
18 116
19 20
19 21
19 22
19 23
19 24
19 25
19 26
19 27
19 28
19 29
19 30
19 31
19 32
19 33
19 34
19 35
19 36
19 37
19 38
19 39
19 40
19 41
19 42
19 43
19 44
19 45
19 46
19 47
19 48
19 49
19 50
19 54
19 60
19 63
19 69
19 77
19 78
19 80
19 82
19 84
19 86
19 87
19 93
19 95
19 96
19 98
19 130
19 134
19 136
19 143
19 145
19 101
19 102
19 103
19 104
19 106
19 108
19 109
19 111
19 114
19 115
19 116
19 118
19 125
20 21
20 22
20 23
20 24
20 25
20 26
20 27
20 28
20 29
20 30
20 31
20 32
20 33
20 34
20 35
20 36
20 37
20 38
20 39
20 40
20 41
20 42
20 43
20 44
20 45
20 46
20 47
20 48
20 49
20 51
20 52
20 53
20 55
20 56
20 59
20 67
20 69
20 70
20 73
20 74
20 75
20 85
20 86
20 88
20 91
20 92
20 94
20 97
20 99
20 129
20 134
20 137
20 141
20 144
20 102
20 103
20 107
20 109
20 111
20 112
20 119
21 22
21 23
21 24
21 25
21 26
21 27
21 28
21 29
21 30
21 31
21 32
21 33
21 34
21 35
21 36
21 37
21 38
21 39
21 40
21 41
21 42
21 43
21 44
21 45
21 46
21 47
21 48
21 49
21 50
21 51
21 52
21 53
21 54
21 56
21 57
21 67
21 73
21 75
21 79
21 80
21 82
21 84
21 85
21 89
21 91
21 92
21 128
21 134
21 141
21 146
21 103
21 104
21 108
21 111
21 117
21 122
21 123
21 125
21 127
22 23
22 24
22 25
22 26
22 27
22 28
22 29
22 30
22 31
22 32
22 33
22 34
22 35
22 36
22 37
22 38
22 39
22 40
22 41
22 42
22 43
22 44
22 45
22 46
22 47
22 48
22 49
22 55
22 58
22 59
22 62
22 65
22 66
22 67
22 70
22 72
22 74
22 80
22 82
22 83
22 90
22 92
22 133
22 138
22 139
22 101
22 103
22 108
22 111
22 115
22 118
22 119
22 122
22 125
23 24
23 25
23 26
23 27
23 28
23 29
23 30
23 31
23 32
23 33
23 34
23 35
23 36
23 37
23 38
23 39
23 40
23 41
23 42
23 43
23 44
23 45
23 46
23 47
23 48
23 49
23 50
23 53
23 58
23 65
23 67
23 75
23 77
23 79
23 94
23 99
23 128
23 130
23 138
23 145
23 146
23 147
23 149
23 100
23 102
23 106
23 108
23 116
23 117
23 118
23 119
23 123
23 125
23 127
24 25
24 26
24 27
24 28
24 29
24 30
24 31
24 32
24 33
24 34
24 35
24 36
24 37
24 38
24 39
24 40
24 41
24 42
24 43
24 44
24 45
24 46
24 47
24 48
24 49
24 51
24 56
24 59
24 63
24 67
24 68
24 75
24 76
24 85
24 86
24 90
24 92
24 93
24 97
24 98
24 132
24 137
24 139
24 140
24 141
24 147
24 101
24 105
24 118
24 121
24 122
24 123
25 26
25 27
25 28
25 29
25 30
25 31
25 32
25 33
25 34
25 35
25 36
25 37
25 38
25 39
25 40
25 41
25 42
25 43
25 44
25 45
25 46
25 47
25 48
25 49
25 60
25 66
25 74
25 76
25 80
25 81
25 83
25 88
25 89
25 90
25 96
25 97
25 130
25 131
25 137
25 140
25 141
25 142
25 143
25 149
25 100
25 103
25 104
25 105
25 106
25 107
25 109
25 112
25 114
25 126
26 27
26 28
26 29
26 30
26 31
26 32
26 33
26 34
26 35
26 36
26 37
26 38
26 39
26 40
26 41
26 42
26 43
26 44
26 45
26 46
26 47
26 48
26 49
26 51
26 53
26 56
26 57
26 67
26 68
26 69
26 81
26 88
26 92
26 94
26 132
26 137
26 139
26 146
26 147
26 148
26 149
26 106
26 109
26 111
26 116
26 118
26 122
26 123
27 28
27 29
27 30
27 31
27 32
27 33
27 34
27 35
27 36
27 37
27 38
27 39
27 40
27 41
27 42
27 43
27 44
27 45
27 46
27 47
27 48
27 49
27 50
27 51
27 57
27 60
27 68
27 70
27 71
27 72
27 73
27 77
27 79
27 87
27 89
27 91
27 92
27 96
27 134
27 137
27 146
27 106
27 115
27 117
27 118
27 119
27 124
28 29
28 30
28 31
28 32
28 33
28 34
28 35
28 36
28 37
28 38
28 39
28 40
28 41
28 42
28 43
28 44
28 45
28 46
28 47
28 48
28 49
28 50
28 51
28 53
28 59
28 62
28 69
28 71
28 73
28 76
28 78
28 79
28 80
28 89
28 92
28 93
28 95
28 97
28 99
28 129
28 131
28 133
28 137
28 141
28 143
28 147
28 148
28 100
28 102
28 103
28 104
28 110
28 112
28 115
28 118
28 119
28 123
28 124
28 126
29 30
29 31
29 32
29 33
29 34
29 35
29 36
29 37
29 38
29 39
29 40
29 41
29 42
29 43
29 44
29 45
29 46
29 47
29 48
29 49
29 53
29 54
29 66
29 73
29 74
29 78
29 83
29 84
29 85
29 90
29 92
29 93
29 98
29 128
29 133
29 146
29 149
29 105
29 110
29 113
29 114
29 115
29 116
29 117
29 126
30 31
30 32
30 33
30 34
30 35
30 36
30 37
30 38
30 39
30 40
30 41
30 42
30 43
30 44
30 45
30 46
30 47
30 48
30 49
30 50
30 63
30 64
30 66
30 75
30 76
30 79
30 82
30 86
30 91
30 93
30 145
30 149
30 100
30 102
30 109
30 111
30 116
30 117
30 120
30 121
30 123
30 126
31 32
31 33
31 34
31 35
31 36
31 37
31 38
31 39
31 40
31 41
31 42
31 43
31 44
31 45
31 46
31 47
31 48
31 49
31 57
31 58
31 69
31 71
31 74
31 75
31 79
31 80
31 87
31 88
31 96
31 128
31 131
31 132
31 133
31 134
31 137
31 138
31 139
31 140
31 141
31 142
31 143
31 145
31 106
31 109
31 113
31 115
31 117
31 118
31 126
32 33
32 34
32 35
32 36
32 37
32 38
32 39
32 40
32 41
32 42
32 43
32 44
32 45
32 46
32 47
32 48
32 49
32 50
32 54
32 55
32 56
32 61
32 62
32 65
32 69
32 70
32 78
32 79
32 83
32 84
32 87
32 93
32 94
32 129
32 132
32 134
32 135
32 136
32 142
32 106
32 107
32 111
32 112
32 113
32 114
32 115
32 116
32 117
32 126
33 34
33 35
33 36
33 37
33 38
33 39
33 40
33 41
33 42
33 43
33 44
33 45
33 46
33 47
33 48
33 49
33 58
33 59
33 60
33 63
33 67
33 72
33 76
33 81
33 84
33 87
33 88
33 93
33 97
33 99
33 129
33 144
33 100
33 102
33 104
33 109
33 110
33 112
33 113
33 119
33 121
33 125
34 35
34 36
34 37
34 38
34 39
34 40
34 41
34 42
34 43
34 44
34 45
34 46
34 47
34 48
34 49
34 50
34 55
34 58
34 60
34 62
34 63
34 64
34 68
34 72
34 75
34 76
34 81
34 84
34 85
34 89
34 90
34 91
34 93
34 128
34 129
34 130
34 139
34 140
34 141
34 142
34 144
34 145
34 101
34 103
34 106
34 108
34 111
34 112
34 116
34 117
34 121
34 122
34 124
34 127
35 36
35 37
35 38
35 39
35 40
35 41
35 42
35 43
35 44
35 45
35 46
35 47
35 48
35 49
35 52
35 53
35 56
35 59
35 60
35 62
35 63
35 67
35 73
35 80
35 86
35 90
35 93
35 95
35 96
35 99
35 128
35 135
35 138
35 144
35 100
35 102
35 105
35 106
35 111
35 119
35 120
35 121
35 125
35 126
36 37
36 38
36 39
36 40
36 41
36 42
36 43
36 44
36 45
36 46
36 47
36 48
36 49
36 58
36 60
36 63
36 68
36 69
36 74
36 78
36 79
36 81
36 91
36 98
36 133
36 136
36 141
36 142
36 143
36 147
36 149
36 100
36 103
36 108
36 109
36 124
36 125
36 126
37 38
37 39
37 40
37 41
37 42
37 43
37 44
37 45
37 46
37 47
37 48
37 49
37 50
37 53
37 58
37 61
37 62
37 68
37 70
37 71
37 74
37 78
37 79
37 85
37 88
37 93
37 94
37 99
37 138
37 139
37 140
37 148
37 100
37 103
37 119
37 123
38 39
38 40
38 41
38 42
38 43
38 44
38 45
38 46
38 47
38 48
38 49
38 52
38 54
38 58
38 63
38 65
38 68
38 69
38 78
38 80
38 88
38 99
38 129
38 134
38 140
38 143
38 146
38 147
38 109
38 110
38 111
38 112
38 119
38 120
38 121
38 126
39 40
39 41
39 42
39 43
39 44
39 45
39 46
39 47
39 48
39 49
39 56
39 62
39 63
39 66
39 69
39 76
39 77
39 78
39 79
39 90
39 91
39 93
39 98
39 129
39 131
39 137
39 145
39 104
39 109
39 111
39 113
39 117
39 119
39 126
40 41
40 42
40 43
40 44
40 45
40 46
40 47
40 48
40 49
40 57
40 67
40 71
40 73
40 78
40 79
40 83
40 89
40 91
40 92
40 96
40 97
40 98
40 130
40 131
40 139
40 143
40 146
40 147
40 100
40 108
40 111
40 115
40 117
40 118
40 120
40 127
41 42
41 43
41 44
41 45
41 46
41 47
41 48
41 49
41 52
41 57
41 60
41 65
41 67
41 68
41 70
41 77
41 78
41 93
41 128
41 135
41 137
41 139
41 141
41 142
41 147
41 149
41 100
41 101
41 102
41 103
41 105
41 107
41 112
41 118
42 43
42 44
42 45
42 46
42 47
42 48
42 49
42 53
42 57
42 65
42 66
42 67
42 72
42 73
42 74
42 79
42 81
42 82
42 86
42 87
42 92
42 93
42 94
42 138
42 140
42 142
42 144
42 148
42 102
42 112
42 115
42 121
42 122
42 123
42 127
43 44
43 45
43 46
43 47
43 48
43 49
43 61
43 70
43 76
43 80
43 82
43 83
43 84
43 91
43 129
43 133
43 134
43 143
43 146
43 147
43 100
43 102
43 105
43 106
43 108
43 113
43 114
43 115
43 121
43 124
44 45
44 46
44 47
44 48
44 49
44 55
44 58
44 59
44 61
44 68
44 70
44 72
44 77
44 82
44 86
44 88
44 89
44 90
44 91
44 92
44 94
44 128
44 130
44 131
44 132
44 138
44 144
44 145
44 146
44 102
44 104
44 107
44 111
44 112
44 114
45 46
45 47
45 48
45 49
45 51
45 56
45 60
45 75
45 76
45 82
45 83
45 85
45 90
45 92
45 93
45 131
45 132
45 133
45 135
45 136
45 139
45 142
45 144
45 145
45 147
45 101
45 106
45 107
45 111
45 112
45 122
45 125
45 127
46 47
46 48
46 49
46 50
46 51
46 53
46 54
46 58
46 72
46 76
46 79
46 83
46 86
46 88
46 91
46 95
46 96
46 134
46 135
46 142
46 145
46 102
46 103
46 107
46 109
46 111
46 116
46 127
47 48
47 49
47 54
47 55
47 56
47 67
47 68
47 69
47 72
47 75
47 78
47 82
47 91
47 98
47 99
47 131
47 140
47 145
47 149
47 106
47 107
47 111
47 112
47 116
48 49
48 50
48 55
48 56
48 58
48 59
48 62
48 67
48 68
48 69
48 70
48 81
48 90
48 91
48 92
48 94
48 98
48 128
48 130
48 141
48 144
48 149
48 105
48 106
48 111
48 120
48 125
48 126
49 51
49 55
49 65
49 70
49 72
49 80
49 83
49 91
49 92
49 99
49 137
49 141
49 142
49 148
49 108
49 109
49 118
49 122
49 124
50 51
50 52
50 53
50 54
50 55
50 56
50 57
50 58
50 59
50 60
50 61
50 62
50 63
50 64
50 65
50 66
50 67
50 68
50 69
50 70
50 71
50 72
50 73
50 74
50 75
50 76
50 77
50 78
50 79
50 80
50 81
50 82
50 83
50 84
50 85
50 86
50 87
50 88
50 89
50 90
50 91
50 92
50 93
50 94
50 95
50 96
50 97
50 98
50 99
50 129
50 133
50 134
50 138
50 139
50 140
50 143
50 144
50 147
50 148
50 106
50 108
50 115
50 122
50 123
50 125
51 52
51 53
51 54
51 55
51 56
51 57
51 58
51 59
51 60
51 61
51 62
51 63
51 64
51 65
51 66
51 67
51 68
51 69
51 70
51 71
51 72
51 73
51 74
51 75
51 76
51 77
51 78
51 79
51 80
51 81
51 82
51 83
51 84
51 85
51 86
51 87
51 88
51 89
51 90
51 91
51 92
51 93
51 94
51 95
51 96
51 97
51 98
51 99
51 129
51 135
51 148
51 103
51 106
51 107
51 110
51 112
51 114
51 115
51 116
51 117
51 123
51 124
51 125
51 126
52 53
52 54
52 55
52 56
52 57
52 58
52 59
52 60
52 61
52 62
52 63
52 64
52 65
52 66
52 67
52 68
52 69
52 70
52 71
52 72
52 73
52 74
52 75
52 76
52 77
52 78
52 79
52 80
52 81
52 82
52 83
52 84
52 85
52 86
52 87
52 88
52 89
52 90
52 91
52 92
52 93
52 94
52 95
52 96
52 97
52 98
52 99
52 128
52 132
52 138
52 141
52 101
52 104
52 114
52 118
52 120
52 121
53 54
53 55
53 56
53 57
53 58
53 59
53 60
53 61
53 62
53 63
53 64
53 65
53 66
53 67
53 68
53 69
53 70
53 71
53 72
53 73
53 74
53 75
53 76
53 77
53 78
53 79
53 80
53 81
53 82
53 83
53 84
53 85
53 86
53 87
53 88
53 89
53 90
53 91
53 92
53 93
53 94
53 95
53 96
53 97
53 98
53 99
53 136
53 137
53 143
53 147
53 100
53 102
53 104
53 105
53 106
53 111
53 115
53 117
53 119
53 120
53 123
53 125
54 55
54 56
54 57
54 58
54 59
54 60
54 61
54 62
54 63
54 64
54 65
54 66
54 67
54 68
54 69
54 70
54 71
54 72
54 73
54 74
54 75
54 76
54 77
54 78
54 79
54 80
54 81
54 82
54 83
54 84
54 85
54 86
54 87
54 88
54 89
54 90
54 91
54 92
54 93
54 94
54 95
54 96
54 97
54 98
54 99
54 131
54 135
54 136
54 137
54 140
54 143
54 144
54 146
54 110
54 113
54 115
54 120
55 56
55 57
55 58
55 59
55 60
55 61
55 62
55 63
55 64
55 65
55 66
55 67
55 68
55 69
55 70
55 71
55 72
55 73
55 74
55 75
55 76
55 77
55 78
55 79
55 80
55 81
55 82
55 83
55 84
55 85
55 86
55 87
55 88
55 89
55 90
55 91
55 92
55 93
55 94
55 95
55 96
55 97
55 98
55 99
55 133
55 134
55 135
55 136
55 142
55 143
55 149
55 103
55 106
55 110
55 114
55 115
55 117
55 120
55 122
56 57
56 58
56 59
56 60
56 61
56 62
56 63
56 64
56 65
56 66
56 67
56 68
56 69
56 70
56 71
56 72
56 73
56 74
56 75
56 76
56 77
56 78
56 79
56 80
56 81
56 82
56 83
56 84
56 85
56 86
56 87
56 88
56 89
56 90
56 91
56 92
56 93
56 94
56 95
56 96
56 97
56 98
56 99
56 138
56 141
56 142
56 144
56 145
56 149
56 100
56 103
56 106
56 108
56 109
56 111
56 116
56 119
56 121
56 123
57 58
57 59
57 60
57 61
57 62
57 63
57 64
57 65
57 66
57 67
57 68
57 69
57 70
57 71
57 72
57 73
57 74
57 75
57 76
57 77
57 78
57 79
57 80
57 81
57 82
57 83
57 84
57 85
57 86
57 87
57 88
57 89
57 90
57 91
57 92
57 93
57 94
57 95
57 96
57 97
57 98
57 99
57 129
57 130
57 133
57 140
57 146
57 149
57 105
57 109
57 112
57 113
57 115
57 116
57 119
57 120
57 123
57 124
57 125
58 59
58 60
58 61
58 62
58 63
58 64
58 65
58 66
58 67
58 68
58 69
58 70
58 71
58 72
58 73
58 74
58 75
58 76
58 77
58 78
58 79
58 80
58 81
58 82
58 83
58 84
58 85
58 86
58 87
58 88
58 89
58 90
58 91
58 92
58 93
58 94
58 95
58 96
58 97
58 98
58 99
58 130
58 132
58 133
58 134
58 136
58 137
58 141
58 149
58 100
58 101
58 106
58 108
58 109
58 110
58 111
58 112
58 115
58 120
58 123
58 124
58 125
59 60
59 61
59 62
59 63
59 64
59 65
59 66
59 67
59 68
59 69
59 70
59 71
59 72
59 73
59 74
59 75
59 76
59 77
59 78
59 79
59 80
59 81
59 82
59 83
59 84
59 85
59 86
59 87
59 88
59 89
59 90
59 91
59 92
59 93
59 94
59 95
59 96
59 97
59 98
59 99
59 130
59 134
59 135
59 136
59 144
59 148
59 149
59 100
59 103
59 104
59 112
59 116
59 125
60 61
60 62
60 63
60 64
60 65
60 66
60 67
60 68
60 69
60 70
60 71
60 72
60 73
60 74
60 75
60 76
60 77
60 78
60 79
60 80
60 81
60 82
60 83
60 84
60 85
60 86
60 87
60 88
60 89
60 90
60 91
60 92
60 93
60 94
60 95
60 96
60 97
60 98
60 99
60 128
60 134
60 135
60 136
60 141
60 144
60 146
60 101
60 102
60 103
60 104
60 108
60 113
60 114
60 116
60 124
61 62
61 63
61 64
61 65
61 66
61 67
61 68
61 69
61 70
61 71
61 72
61 73
61 74
61 75
61 76
61 77
61 78
61 79
61 80
61 81
61 82
61 83
61 84
61 85
61 86
61 87
61 88
61 89
61 90
61 91
61 92
61 93
61 94
61 95
61 96
61 97
61 98
61 99
61 128
61 129
61 131
61 134
61 137
61 140
61 143
61 145
61 146
61 102
61 104
61 106
61 107
61 112
61 114
61 115
61 116
61 120
61 127
62 63
62 64
62 65
62 66
62 67
62 68
62 69
62 70
62 71
62 72
62 73
62 74
62 75
62 76
62 77
62 78
62 79
62 80
62 81
62 82
62 83
62 84
62 85
62 86
62 87
62 88
62 89
62 90
62 91
62 92
62 93
62 94
62 95
62 96
62 97
62 98
62 99
62 129
62 136
62 141
62 142
62 143
62 145
62 146
62 101
62 104
62 105
62 106
62 114
62 119
62 121
62 125
62 127
63 64
63 65
63 66
63 67
63 68
63 69
63 70
63 71
63 72
63 73
63 74
63 75
63 76
63 77
63 78
63 79
63 80
63 81
63 82
63 83
63 84
63 85
63 86
63 87
63 88
63 89
63 90
63 91
63 92
63 93
63 94
63 95
63 96
63 97
63 98
63 99
63 129
63 135
63 141
63 142
63 146
63 148
63 102
63 103
63 110
63 116
63 127
64 65
64 66
64 67
64 68
64 69
64 70
64 71
64 72
64 73
64 74
64 75
64 76
64 77
64 78
64 79
64 80
64 81
64 82
64 83
64 84
64 85
64 86
64 87
64 88
64 89
64 90
64 91
64 92
64 93
64 94
64 95
64 96
64 97
64 98
64 99
64 128
64 134
64 136
64 138
64 142
64 146
64 101
64 104
64 110
64 119
64 120
64 125
65 66
65 67
65 68
65 69
65 70
65 71
65 72
65 73
65 74
65 75
65 76
65 77
65 78
65 79
65 80
65 81
65 82
65 83
65 84
65 85
65 86
65 87
65 88
65 89
65 90
65 91
65 92
65 93
65 94
65 95
65 96
65 97
65 98
65 99
65 128
65 129
65 131
65 132
65 140
65 141
65 147
65 149
65 100
65 103
65 104
65 109
65 112
65 115
65 118
65 119
65 120
65 124
65 125
66 67
66 68
66 69
66 70
66 71
66 72
66 73
66 74
66 75
66 76
66 77
66 78
66 79
66 80
66 81
66 82
66 83
66 84
66 85
66 86
66 87
66 88
66 89
66 90
66 91
66 92
66 93
66 94
66 95
66 96
66 97
66 98
66 99
66 128
66 137
66 141
66 145
66 100
66 101
66 102
66 103
66 105
66 108
66 111
66 115
66 118
66 120
67 68
67 69
67 70
67 71
67 72
67 73
67 74
67 75
67 76
67 77
67 78
67 79
67 80
67 81
67 82
67 83
67 84
67 85
67 86
67 87
67 88
67 89
67 90
67 91
67 92
67 93
67 94
67 95
67 96
67 97
67 98
67 99
67 132
67 133
67 137
67 141
67 143
67 145
67 148
67 105
67 110
67 113
67 124
67 127
68 69
68 70
68 71
68 72
68 73
68 74
68 75
68 76
68 77
68 78
68 79
68 80
68 81
68 82
68 83
68 84
68 85
68 86
68 87
68 88
68 89
68 90
68 91
68 92
68 93
68 94
68 95
68 96
68 97
68 98
68 99
68 130
68 132
68 137
68 141
68 144
68 147
68 100
68 102
68 106
68 107
68 116
68 117
68 120
68 127
69 70
69 71
69 72
69 73
69 74
69 75
69 76
69 77
69 78
69 79
69 80
69 81
69 82
69 83
69 84
69 85
69 86
69 87
69 88
69 89
69 90
69 91
69 92
69 93
69 94
69 95
69 96
69 97
69 98
69 99
69 128
69 135
69 138
69 139
69 142
69 147
69 148
69 149
69 100
69 101
69 102
69 105
69 107
69 108
69 109
69 114
69 119
70 71
70 72
70 73
70 74
70 75
70 76
70 77
70 78
70 79
70 80
70 81
70 82
70 83
70 84
70 85
70 86
70 87
70 88
70 89
70 90
70 91
70 92
70 93
70 94
70 95
70 96
70 97
70 98
70 99
70 128
70 129
70 132
70 134
70 138
70 140
70 143
70 146
70 147
70 149
70 100
70 109
70 125
71 72
71 73
71 74
71 75
71 76
71 77
71 78
71 79
71 80
71 81
71 82
71 83
71 84
71 85
71 86
71 87
71 88
71 89
71 90
71 91
71 92
71 93
71 94
71 95
71 96
71 97
71 98
71 99
71 129
71 134
71 137
71 145
71 148
71 100
71 108
71 109
71 110
71 115
71 117
71 121
71 122
72 73
72 74
72 75
72 76
72 77
72 78
72 79
72 80
72 81
72 82
72 83
72 84
72 85
72 86
72 87
72 88
72 89
72 90
72 91
72 92
72 93
72 94
72 95
72 96
72 97
72 98
72 99
72 128
72 129
72 131
72 132
72 135
72 139
72 141
72 145
72 146
72 147
72 102
72 103
72 106
72 112
72 117
73 74
73 75
73 76
73 77
73 78
73 79
73 80
73 81
73 82
73 83
73 84
73 85
73 86
73 87
73 88
73 89
73 90
73 91
73 92
73 93
73 94
73 95
73 96
73 97
73 98
73 99
73 128
73 135
73 136
73 140
73 141
73 143
73 147
73 100
73 103
73 107
73 109
73 110
73 116
73 120
73 121
74 75
74 76
74 77
74 78
74 79
74 80
74 81
74 82
74 83
74 84
74 85
74 86
74 87
74 88
74 89
74 90
74 91
74 92
74 93
74 94
74 95
74 96
74 97
74 98
74 99
74 128
74 134
74 139
74 140
74 144
74 145
74 146
74 148
74 149
74 104
74 107
74 108
74 110
74 111
74 118
74 119
74 122
74 123
75 76
75 77
75 78
75 79
75 80
75 81
75 82
75 83
75 84
75 85
75 86
75 87
75 88
75 89
75 90
75 91
75 92
75 93
75 94
75 95
75 96
75 97
75 98
75 99
75 134
75 139
75 142
75 143
75 148
75 100
75 101
75 104
75 105
75 108
75 109
75 112
75 120
75 121
75 122
75 124
75 125
76 77
76 78
76 79
76 80
76 81
76 82
76 83
76 84
76 85
76 86
76 87
76 88
76 89
76 90
76 91
76 92
76 93
76 94
76 95
76 96
76 97
76 98
76 99
76 129
76 135
76 136
76 138
76 141
76 145
76 102
76 106
76 109
76 116
76 118
76 120
76 126
77 78
77 79
77 80
77 81
77 82
77 83
77 84
77 85
77 86
77 87
77 88
77 89
77 90
77 91
77 92
77 93
77 94
77 95
77 96
77 97
77 98
77 99
77 133
77 134
77 138
77 141
77 144
77 145
77 146
77 147
77 101
77 105
77 106
77 112
77 117
77 119
77 123
77 127
78 79
78 80
78 81
78 82
78 83
78 84
78 85
78 86
78 87
78 88
78 89
78 90
78 91
78 92
78 93
78 94
78 95
78 96
78 97
78 98
78 99
78 128
78 130
78 131
78 132
78 135
78 141
78 143
78 144
78 149
78 100
78 102
78 103
78 105
78 108
78 115
78 123
78 124
79 80
79 81
79 82
79 83
79 84
79 85
79 86
79 87
79 88
79 89
79 90
79 91
79 92
79 93
79 94
79 95
79 96
79 97
79 98
79 99
79 128
79 129
79 134
79 136
79 141
79 143
79 145
79 146
79 147
79 148
79 101
79 102
79 107
79 111
79 112
79 115
79 116
79 117
79 125
80 81
80 82
80 83
80 84
80 85
80 86
80 87
80 88
80 89
80 90
80 91
80 92
80 93
80 94
80 95
80 96
80 97
80 98
80 99
80 128
80 130
80 132
80 134
80 138
80 140
80 141
80 143
80 147
80 148
80 149
80 101
80 104
80 109
80 111
80 117
80 127
81 82
81 83
81 84
81 85
81 86
81 87
81 88
81 89
81 90
81 91
81 92
81 93
81 94
81 95
81 96
81 97
81 98
81 99
81 131
81 133
81 134
81 137
81 138
81 140
81 141
81 147
81 110
81 115
81 117
81 118
81 120
81 121
81 122
81 125
81 126
82 83
82 84
82 85
82 86
82 87
82 88
82 89
82 90
82 91
82 92
82 93
82 94
82 95
82 96
82 97
82 98
82 99
82 137
82 141
82 143
82 148
82 100
82 106
82 107
82 110
82 111
82 112
82 113
82 115
82 118
82 121
83 84
83 85
83 86
83 87
83 88
83 89
83 90
83 91
83 92
83 93
83 94
83 95
83 96
83 97
83 98
83 99
83 128
83 133
83 135
83 136
83 137
83 139
83 103
83 107
83 111
83 112
83 113
83 114
83 116
83 122
84 85
84 86
84 87
84 88
84 89
84 90
84 91
84 92
84 93
84 94
84 95
84 96
84 97
84 98
84 99
84 131
84 132
84 135
84 141
84 142
84 143
84 148
84 149
84 110
84 115
84 116
84 121
85 86
85 87
85 88
85 89
85 90
85 91
85 92
85 93
85 94
85 95
85 96
85 97
85 98
85 99
85 128
85 130
85 131
85 134
85 136
85 137
85 140
85 142
85 149
85 102
85 103
85 104
85 108
85 109
85 113
85 115
85 117
85 119
85 126
85 127
86 87
86 88
86 89
86 90
86 91
86 92
86 93
86 94
86 95
86 96
86 97
86 98
86 99
86 136
86 139
86 147
86 105
86 106
86 107
86 112
86 114
86 115
86 117
86 118
86 120
86 121
86 124
86 125
86 126
87 88
87 89
87 90
87 91
87 92
87 93
87 94
87 95
87 96
87 97
87 98
87 99
87 129
87 131
87 136
87 139
87 140
87 141
87 146
87 148
87 101
87 102
87 105
87 106
87 109
87 115
87 117
87 119
87 125
88 89
88 90
88 91
88 92
88 93
88 94
88 95
88 96
88 97
88 98
88 99
88 130
88 135
88 139
88 149
88 104
88 107
88 108
88 110
88 116
88 119
89 90
89 91
89 92
89 93
89 94
89 95
89 96
89 97
89 98
89 99
89 130
89 131
89 132
89 134
89 135
89 137
89 142
89 144
89 148
89 100
89 101
89 104
89 105
89 109
89 111
89 125
90 91
90 92
90 93
90 94
90 95
90 96
90 97
90 98
90 99
90 129
90 141
90 143
90 145
90 146
90 147
90 148
90 101
90 105
90 106
90 109
90 111
90 113
90 114
90 115
90 119
90 120
90 122
90 125
91 92
91 93
91 94
91 95
91 96
91 97
91 98
91 99
91 129
91 134
91 139
91 140
91 144
91 147
91 149
91 100
91 101
91 106
91 109
91 111
91 114
91 117
91 118
91 123
92 93
92 94
92 95
92 96
92 97
92 98
92 99
92 131
92 134
92 136
92 138
92 144
92 146
92 149
92 100
92 101
92 108
92 112
92 115
92 117
92 120
92 121
92 123
92 125
92 126
93 94
93 95
93 96
93 97
93 98
93 99
93 128
93 130
93 134
93 136
93 139
93 140
93 143
93 145
93 102
93 103
93 104
93 106
93 109
93 116
93 122
94 95
94 96
94 97
94 98
94 99
94 128
94 135
94 138
94 140
94 145
94 103
94 106
94 113
94 115
94 121
94 122
95 96
95 97
95 98
95 99
95 128
95 133
95 142
95 144
95 148
95 100
95 106
95 108
95 109
96 97
96 98
96 99
96 130
96 137
96 139
96 140
96 143
96 144
96 147
96 104
96 109
96 115
96 117
96 120
96 121
96 124
96 125
97 98
97 99
97 128
97 135
97 138
97 142
97 149
97 101
97 104
97 107
97 108
97 115
97 117
97 122
98 99
98 136
98 137
98 141
98 142
98 101
98 103
98 104
98 108
98 112
98 114
98 118
98 122
98 124
99 128
99 130
99 131
99 133
99 145
99 147
99 148
99 149
99 104
99 110
99 111
99 114
99 115
99 117
128 129
128 130
128 131
128 132
128 133
128 134
128 135
128 136
128 137
128 138
128 139
128 140
128 141
128 142
128 143
128 144
128 145
128 146
128 147
128 148
128 149
128 100
128 101
128 102
128 103
128 104
128 105
128 106
128 107
128 108
128 109
128 110
128 111
128 112
128 113
128 114
128 115
128 116
128 117
128 118
128 119
128 120
128 121
128 122
128 123
128 124
128 125
128 126
128 127
129 130
129 131
129 132
129 133
129 134
129 135
129 136
129 137
129 138
129 139
129 140
129 141
129 142
129 143
129 144
129 145
129 146
129 147
129 148
129 149
129 100
129 101
129 102
129 103
129 104
129 105
129 106
129 107
129 108
129 109
129 110
129 111
129 112
129 113
129 114
129 115
129 116
129 117
129 118
129 119
129 120
129 121
129 122
129 123
129 124
129 125
129 126
129 127
130 131
130 132
130 133
130 134
130 135
130 136
130 137
130 138
130 139
130 140
130 141
130 142
130 143
130 144
130 145
130 146
130 147
130 148
130 149
130 100
130 101
130 102
130 103
130 104
130 105
130 106
130 107
130 108
130 109
130 110
130 111
130 112
130 113
130 114
130 115
130 116
130 117
130 118
130 119
130 120
130 121
130 122
130 123
130 124
130 125
130 126
130 127
131 132
131 133
131 134
131 135
131 136
131 137
131 138
131 139
131 140
131 141
131 142
131 143
131 144
131 145
131 146
131 147
131 148
131 149
131 100
131 101
131 102
131 103
131 104
131 105
131 106
131 107
131 108
131 109
131 110
131 111
131 112
131 113
131 114
131 115
131 116
131 117
131 118
131 119
131 120
131 121
131 122
131 123
131 124
131 125
131 126
131 127
132 133
132 134
132 135
132 136
132 137
132 138
132 139
132 140
132 141
132 142
132 143
132 144
132 145
132 146
132 147
132 148
132 149
132 100
132 101
132 102
132 103
132 104
132 105
132 106
132 107
132 108
132 109
132 110
132 111
132 112
132 113
132 114
132 115
132 116
132 117
132 118
132 119
132 120
132 121
132 122
132 123
132 124
132 125
132 126
132 127
133 134
133 135
133 136
133 137
133 138
133 139
133 140
133 141
133 142
133 143
133 144
133 145
133 146
133 147
133 148
133 149
133 100
133 101
133 102
133 103
133 104
133 105
133 106
133 107
133 108
133 109
133 110
133 111
133 112
133 113
133 114
133 115
133 116
133 117
133 118
133 119
133 120
133 121
133 122
133 123
133 124
133 125
133 126
133 127
134 135
134 136
134 137
134 138
134 139
134 140
134 141
134 142
134 143
134 144
134 145
134 146
134 147
134 148
134 149
134 100
134 101
134 102
134 103
134 104
134 105
134 106
134 107
134 108
134 109
134 110
134 111
134 112
134 113
134 114
134 115
134 116
134 117
134 118
134 119
134 120
134 121
134 122
134 123
134 124
134 125
134 126
134 127
135 136
135 137
135 138
135 139
135 140
135 141
135 142
135 143
135 144
135 145
135 146
135 147
135 148
135 149
135 100
135 101
135 102
135 103
135 104
135 105
135 106
135 107
135 108
135 109
135 110
135 111
135 112
135 113
135 114
135 115
135 116
135 117
135 118
135 119
135 120
135 121
135 122
135 123
135 124
135 125
135 126
135 127
136 137
136 138
136 139
136 140
136 141
136 142
136 143
136 144
136 145
136 146
136 147
136 148
136 149
136 100
136 101
136 102
136 103
136 104
136 105
136 106
136 107
136 108
136 109
136 110
136 111
136 112
136 113
136 114
136 115
136 116
136 117
136 118
136 119
136 120
136 121
136 122
136 123
136 124
136 125
136 126
136 127
137 138
137 139
137 140
137 141
137 142
137 143
137 144
137 145
137 146
137 147
137 148
137 149
137 100
137 101
137 102
137 103
137 104
137 105
137 106
137 107
137 108
137 109
137 110
137 111
137 112
137 113
137 114
137 115
137 116
137 117
137 118
137 119
137 120
137 121
137 122
137 123
137 124
137 125
137 126
137 127
138 139
138 140
138 141
138 142
138 143
138 144
138 145
138 146
138 147
138 148
138 149
138 100
138 101
138 102
138 103
138 104
138 105
138 106
138 107
138 108
138 109
138 110
138 111
138 112
138 113
138 114
138 115
138 116
138 117
138 118
138 119
138 120
138 121
138 122
138 123
138 124
138 125
138 126
138 127
139 140
139 141
139 142
139 143
139 144
139 145
139 146
139 147
139 148
139 149
139 100
139 101
139 102
139 103
139 104
139 105
139 106
139 107
139 108
139 109
139 110
139 111
139 112
139 113
139 114
139 115
139 116
139 117
139 118
139 119
139 120
139 121
139 122
139 123
139 124
139 125
139 126
139 127
140 141
140 142
140 143
140 144
140 145
140 146
140 147
140 148
140 149
140 100
140 101
140 102
140 103
140 104
140 105
140 106
140 107
140 108
140 109
140 110
140 111
140 112
140 113
140 114
140 115
140 116
140 117
140 118
140 119
140 120
140 121
140 122
140 123
140 124
140 125
140 126
140 127
141 142
141 143
141 144
141 145
141 146
141 147
141 148
141 149
141 100
141 101
141 102
141 103
141 104
141 105
141 106
141 107
141 108
141 109
141 110
141 111
141 112
141 113
141 114
141 115
141 116
141 117
141 118
141 119
141 120
141 121
141 122
141 123
141 124
141 125
141 126
141 127
142 143
142 144
142 145
142 146
142 147
142 148
142 149
142 100
142 101
142 102
142 103
142 104
142 105
142 106
142 107
142 108
142 109
142 110
142 111
142 112
142 113
142 114
142 115
142 116
142 117
142 118
142 119
142 120
142 121
142 122
142 123
142 124
142 125
142 126
142 127
143 144
143 145
143 146
143 147
143 148
143 149
143 100
143 101
143 102
143 103
143 104
143 105
143 106
143 107
143 108
143 109
143 110
143 111
143 112
143 113
143 114
143 115
143 116
143 117
143 118
143 119
143 120
143 121
143 122
143 123
143 124
143 125
143 126
143 127
144 145
144 146
144 147
144 148
144 149
144 100
144 101
144 102
144 103
144 104
144 105
144 106
144 107
144 108
144 109
144 110
144 111
144 112
144 113
144 114
144 115
144 116
144 117
144 118
144 119
144 120
144 121
144 122
144 123
144 124
144 125
144 126
144 127
145 146
145 147
145 148
145 149
145 100
145 101
145 102
145 103
145 104
145 105
145 106
145 107
145 108
145 109
145 110
145 111
145 112
145 113
145 114
145 115
145 116
145 117
145 118
145 119
145 120
145 121
145 122
145 123
145 124
145 125
145 126
145 127
146 147
146 148
146 149
146 100
146 101
146 102
146 103
146 104
146 105
146 106
146 107
146 108
146 109
146 110
146 111
146 112
146 113
146 114
146 115
146 116
146 117
146 118
146 119
146 120
146 121
146 122
146 123
146 124
146 125
146 126
146 127
147 148
147 149
147 100
147 101
147 102
147 103
147 104
147 105
147 106
147 107
147 108
147 109
147 110
147 111
147 112
147 113
147 114
147 115
147 116
147 117
147 118
147 119
147 120
147 121
147 122
147 123
147 124
147 125
147 126
147 127
148 149
148 100
148 101
148 102
148 103
148 104
148 105
148 106
148 107
148 108
148 109
148 110
148 111
148 112
148 113
148 114
148 115
148 116
148 117
148 118
148 119
148 120
148 121
148 122
148 123
148 124
148 125
148 126
148 127
149 100
149 101
149 102
149 103
149 104
149 105
149 106
149 107
149 108
149 109
149 110
149 111
149 112
149 113
149 114
149 115
149 116
149 117
149 118
149 119
149 120
149 121
149 122
149 123
149 124
149 125
149 126
149 127
100 101
100 102
100 103
100 104
100 105
100 106
100 107
100 108
100 109
100 110
100 111
100 112
100 113
100 114
100 115
100 116
100 117
100 118
100 119
100 120
100 121
100 122
100 123
100 124
100 125
100 126
100 127
101 102
101 103
101 104
101 105
101 106
101 107
101 108
101 109
101 110
101 111
101 112
101 113
101 114
101 115
101 116
101 117
101 118
101 119
101 120
101 121
101 122
101 123
101 124
101 125
101 126
101 127
102 103
102 104
102 105
102 106
102 107
102 108
102 109
102 110
102 111
102 112
102 113
102 114
102 115
102 116
102 117
102 118
102 119
102 120
102 121
102 122
102 123
102 124
102 125
102 126
102 127
103 104
103 105
103 106
103 107
103 108
103 109
103 110
103 111
103 112
103 113
103 114
103 115
103 116
103 117
103 118
103 119
103 120
103 121
103 122
103 123
103 124
103 125
103 126
103 127
104 105
104 106
104 107
104 108
104 109
104 110
104 111
104 112
104 113
104 114
104 115
104 116
104 117
104 118
104 119
104 120
104 121
104 122
104 123
104 124
104 125
104 126
104 127
105 106
105 107
105 108
105 109
105 110
105 111
105 112
105 113
105 114
105 115
105 116
105 117
105 118
105 119
105 120
105 121
105 122
105 123
105 124
105 125
105 126
105 127
106 107
106 108
106 109
106 110
106 111
106 112
106 113
106 114
106 115
106 116
106 117
106 118
106 119
106 120
106 121
106 122
106 123
106 124
106 125
106 126
106 127
107 108
107 109
107 110
107 111
107 112
107 113
107 114
107 115
107 116
107 117
107 118
107 119
107 120
107 121
107 122
107 123
107 124
107 125
107 126
107 127
108 109
108 110
108 111
108 112
108 113
108 114
108 115
108 116
108 117
108 118
108 119
108 120
108 121
108 122
108 123
108 124
108 125
108 126
108 127
109 110
109 111
109 112
109 113
109 114
109 115
109 116
109 117
109 118
109 119
109 120
109 121
109 122
109 123
109 124
109 125
109 126
109 127
110 111
110 112
110 113
110 114
110 115
110 116
110 117
110 118
110 119
110 120
110 121
110 122
110 123
110 124
110 125
110 126
110 127
111 112
111 113
111 114
111 115
111 116
111 117
111 118
111 119
111 120
111 121
111 122
111 123
111 124
111 125
111 126
111 127
112 113
112 114
112 115
112 116
112 117
112 118
112 119
112 120
112 121
112 122
112 123
112 124
112 125
112 126
112 127
113 114
113 115
113 116
113 117
113 118
113 119
113 120
113 121
113 122
113 123
113 124
113 125
113 126
113 127
114 115
114 116
114 117
114 118
114 119
114 120
114 121
114 122
114 123
114 124
114 125
114 126
114 127
115 116
115 117
115 118
115 119
115 120
115 121
115 122
115 123
115 124
115 125
115 126
115 127
116 117
116 118
116 119
116 120
116 121
116 122
116 123
116 124
116 125
116 126
116 127
117 118
117 119
117 120
117 121
117 122
117 123
117 124
117 125
117 126
117 127
118 119
118 120
118 121
118 122
118 123
118 124
118 125
118 126
118 127
119 120
119 121
119 122
119 123
119 124
119 125
119 126
119 127
120 121
120 122
120 123
120 124
120 125
120 126
120 127
121 122
121 123
121 124
121 125
121 126
121 127
122 123
122 124
122 125
122 126
122 127
123 124
123 125
123 126
123 127
124 125
124 126
124 127
125 126
125 127
126 127
