0 12
0 13
0 15
0 21
0 41
1 7
1 20
1 21
1 23
1 26
1 31
1 36
1 39
1 49
2 10
2 14
2 16
2 22
2 27
2 35
2 43
2 45
2 48
2 110
3 14
3 18
3 35
3 38
3 50
3 122
4 10
4 24
4 26
4 29
4 30
4 38
4 39
4 43
5 9
5 23
5 25
5 39
6 12
6 17
6 23
6 29
6 42
7 11
7 13
7 22
7 26
7 29
7 36
7 48
7 91
8 11
8 18
8 108
9 14
9 41
9 49
10 11
10 15
10 16
10 18
10 32
10 37
10 42
10 45
10 105
10 114
11 39
11 78
12 14
12 20
12 32
12 34
12 47
13 16
13 20
13 44
13 126
14 24
14 45
15 22
15 32
16 17
16 28
16 32
16 42
16 51
17 22
17 24
17 27
17 33
17 57
18 23
18 30
18 46
18 48
18 125
19 25
19 29
19 44
20 64
21 24
21 31
21 48
22 25
22 26
22 28
23 33
23 42
23 94
23 121
24 32
24 33
24 106
24 114
25 27
25 37
25 38
25 39
25 42
25 48
25 104
26 34
26 43
26 140
26 123
29 35
29 39
29 41
29 45
29 118
30 84
31 33
31 36
31 41
31 45
31 53
31 122
32 43
32 45
32 72
32 128
33 41
33 43
35 98
36 39
36 51
36 69
38 40
38 62
39 45
39 107
40 49
40 115
41 59
41 110
42 65
42 123
43 49
43 73
43 93
44 46
44 101
46 81
49 146
50 52
50 54
50 59
50 70
50 89
50 91
50 98
50 114
51 57
51 58
51 65
51 68
51 87
51 137
52 56
52 90
52 96
52 131
53 55
53 69
53 72
53 77
53 84
54 57
54 59
54 63
54 97
55 60
55 64
55 75
55 79
55 80
55 86
55 92
56 57
56 63
56 64
56 84
56 87
56 96
56 98
57 62
57 67
57 73
57 80
57 95
58 62
58 74
58 86
58 95
58 109
59 140
60 71
60 76
61 67
61 68
61 72
61 77
61 89
62 76
62 79
62 81
62 89
63 72
63 74
63 77
64 68
64 71
64 74
64 82
64 83
64 95
65 73
65 74
65 76
65 78
65 85
65 90
66 74
66 107
67 69
67 72
67 82
67 125
68 70
68 136
69 82
69 97
70 75
70 77
70 85
70 98
71 80
71 83
72 74
72 76
72 78
72 84
72 93
72 101
73 74
73 89
73 99
74 139
74 113
75 88
76 78
76 99
76 115
77 99
78 80
78 88
78 92
78 93
78 97
79 85
79 91
80 87
80 97
80 98
80 116
81 82
81 91
82 83
83 95
83 98
83 99
84 91
84 123
85 87
85 90
86 92
86 147
87 94
87 121
88 94
88 135
90 138
90 144
91 96
91 103
93 113
94 95
94 96
94 98
94 99
95 131
98 120
128 129
128 133
128 142
128 102
128 114
128 123
128 125
129 137
129 141
129 103
129 106
129 116
130 148
130 101
130 106
130 108
130 116
130 118
131 104
131 116
132 136
132 144
132 104
132 113
132 115
132 126
133 136
133 140
133 114
134 102
134 110
134 113
134 115
134 120
134 122
135 143
135 105
135 112
135 113
135 118
136 147
136 100
136 103
136 121
136 124
137 103
137 108
137 111
137 121
138 140
138 100
138 111
138 124
138 125
139 143
139 104
139 105
139 114
139 122
140 147
140 121
140 124
141 145
141 147
141 148
141 104
141 110
141 123
142 147
142 105
142 114
142 119
143 114
143 115
143 118
143 123
143 124
143 126
144 148
144 107
144 117
144 118
144 119
144 120
145 104
145 109
146 113
146 116
146 119
147 104
147 112
148 105
148 113
148 117
148 118
149 108
149 116
149 122
149 124
149 125
100 104
101 103
101 121
101 124
102 105
102 110
102 116
102 125
103 118
103 119
103 120
103 126
104 127
105 114
106 122
107 115
107 116
108 114
108 117
109 124
110 118
110 122
111 115
112 119
113 117
113 121
115 116
115 121
116 120
117 120
117 122
117 127
118 119
121 126
123 126
124 125
126 127
