0 4
0 8
0 25
0 36
1 9
1 14
1 15
1 17
2 13
2 14
3 13
3 32
3 49
4 6
5 10
5 19
5 30
5 34
6 8
6 10
6 11
6 14
6 16
6 20
6 31
6 40
7 10
7 11
7 37
7 48
8 16
8 31
9 11
9 21
9 28
9 33
9 39
10 20
10 23
10 30
10 32
10 39
11 26
11 31
11 36
11 49
12 106
13 18
13 41
13 44
14 20
14 48
15 21
15 22
15 42
16 44
17 18
17 20
18 31
18 34
18 45
18 46
19 21
19 23
20 27
20 32
20 46
20 47
21 31
21 41
21 101
22 33
22 36
22 47
23 31
24 26
24 33
24 45
25 35
25 42
25 44
25 137
26 31
26 47
27 42
28 48
29 31
30 32
30 38
30 48
31 36
32 33
32 46
32 108
33 46
33 47
34 40
35 45
35 48
36 43
36 56
39 48
40 45
43 44
45 46
50 56
50 63
50 81
50 84
50 90
50 99
51 64
51 68
51 83
51 93
52 70
52 92
53 93
53 96
53 99
54 71
54 88
55 61
55 64
55 68
55 79
55 84
55 87
55 92
55 95
55 96
56 74
56 75
56 84
56 97
56 99
56 138
57 64
57 65
57 69
57 82
57 90
57 94
58 69
58 75
58 96
58 97
58 98
58 100
59 71
59 96
59 143
60 66
60 73
60 76
60 91
60 96
61 89
61 96
62 75
62 86
62 87
62 94
63 88
63 90
64 73
64 85
64 87
64 93
64 97
64 98
64 99
65 86
66 72
66 75
66 95
67 78
67 85
67 87
67 98
68 72
68 75
68 77
68 79
68 86
68 94
69 78
69 81
69 98
70 97
70 113
71 76
71 85
72 82
72 85
72 87
72 96
73 76
73 81
73 82
75 86
75 89
75 91
75 92
75 97
76 83
76 93
77 91
77 97
78 87
79 80
79 95
79 96
80 83
80 88
80 91
81 86
81 92
81 98
82 83
82 86
82 88
82 91
82 92
82 98
85 91
85 94
86 91
87 99
88 89
88 94
88 96
89 90
90 91
91 95
92 95
92 98
95 98
96 136
97 99
128 136
128 148
128 111
128 118
128 122
128 127
129 145
129 108
129 114
129 119
129 121
129 126
130 108
131 149
131 108
131 110
132 146
133 109
133 114
133 125
133 127
134 138
134 140
134 142
134 102
134 107
135 145
135 106
135 118
135 125
136 142
136 106
136 115
136 124
137 104
137 106
137 109
137 118
138 101
138 116
139 101
139 108
139 122
140 141
140 147
140 149
140 113
140 116
141 142
141 146
141 102
141 119
142 106
143 145
143 149
143 101
144 120
144 123
144 127
145 149
145 105
145 122
145 126
146 101
146 115
146 127
147 111
147 114
148 113
148 126
149 106
149 108
149 124
100 104
100 112
100 116
100 118
101 108
101 118
101 121
101 127
102 110
102 127
103 117
104 111
104 115
104 123
105 117
105 120
105 127
106 107
106 110
106 111
106 123
107 122
107 124
107 126
108 119
108 123
109 116
110 125
111 113
111 120
112 114
112 126
112 127
113 119
113 125
114 122
115 119
116 126
117 127
124 125
126 127
