0 1
0 26
0 38
0 41
0 42
0 44
0 104
1 2
1 3
1 10
1 18
1 28
1 30
1 35
1 43
1 44
1 78
1 102
2 4
2 6
2 12
2 13
2 15
2 16
2 21
2 41
2 44
2 55
3 5
3 7
3 9
3 10
3 14
3 20
3 21
3 24
3 26
3 31
3 34
3 95
3 125
4 14
4 15
4 16
4 17
4 23
4 25
4 31
4 34
4 43
4 46
4 47
4 64
4 83
4 91
5 27
5 30
5 31
5 39
5 40
5 42
5 45
5 46
5 52
5 149
5 120
6 21
6 23
6 25
6 27
6 28
6 29
6 31
6 32
6 33
6 43
6 48
7 11
7 12
7 25
7 35
7 42
7 45
7 116
8 9
8 17
8 28
8 30
8 34
8 37
8 40
8 44
8 46
9 15
9 19
9 22
9 26
9 44
9 49
9 78
9 84
9 125
10 17
10 25
10 26
10 33
10 36
10 37
10 76
10 85
11 13
11 16
11 21
11 22
11 33
11 46
11 79
12 13
12 15
12 21
12 27
12 34
12 43
12 47
12 119
13 16
13 20
13 25
13 28
13 31
13 32
13 43
13 117
14 23
14 25
14 28
14 42
14 47
14 49
15 35
15 41
15 43
16 23
16 27
16 31
16 33
16 41
16 42
16 43
16 131
17 28
17 32
17 33
17 34
17 38
17 39
17 41
17 143
17 108
17 112
18 21
18 26
18 39
18 44
18 46
18 48
18 52
18 53
19 21
19 22
19 23
19 24
19 26
19 128
20 22
20 28
20 32
20 39
20 45
20 47
20 84
21 26
21 27
21 30
21 31
21 38
21 42
21 44
21 45
22 24
22 30
22 41
22 43
22 45
22 78
23 33
23 34
23 36
23 40
23 43
23 44
23 48
23 133
24 25
24 44
25 32
25 33
25 35
25 49
25 74
25 76
26 28
26 29
26 32
26 39
26 40
26 42
26 47
26 140
27 30
27 31
27 33
27 36
27 38
27 46
27 47
27 67
27 141
28 31
28 32
28 41
28 44
28 49
29 31
29 48
29 49
29 105
30 34
30 44
30 48
31 41
31 45
31 48
31 49
32 34
32 36
32 37
32 42
33 38
33 39
33 40
33 42
33 48
33 106
34 38
34 41
34 53
34 79
35 37
35 64
36 40
36 44
37 41
38 47
38 49
38 63
39 44
39 70
40 41
41 42
41 43
41 45
42 44
42 48
43 44
43 46
43 48
43 139
44 143
45 85
45 147
47 94
48 49
50 56
50 57
50 67
50 80
50 84
50 86
50 88
50 94
50 115
51 59
51 61
51 63
51 76
51 93
52 54
52 56
52 58
52 59
52 65
52 70
52 71
52 76
52 80
52 81
52 83
52 86
52 96
53 60
53 61
53 68
53 73
53 78
53 80
53 82
53 95
53 116
53 118
54 57
54 59
54 63
54 68
54 70
54 71
54 82
54 86
54 88
54 132
54 134
54 103
55 61
55 67
55 70
55 72
55 76
55 82
55 84
55 89
55 90
55 92
55 93
55 94
55 99
55 105
55 106
55 126
56 58
56 61
56 73
56 75
56 77
56 91
56 97
57 62
57 65
57 76
57 77
57 82
57 87
57 89
57 128
58 60
58 65
58 69
58 75
58 80
58 81
59 61
59 63
59 67
59 69
59 80
59 81
59 82
59 83
59 85
59 92
59 96
60 74
60 82
60 87
60 94
60 99
61 66
61 75
61 79
61 83
61 84
61 88
61 89
61 95
62 63
62 64
62 72
62 74
62 75
62 82
62 85
62 87
62 90
62 94
62 111
63 64
63 68
63 69
63 79
63 89
63 91
63 94
63 106
64 70
64 72
64 80
64 83
64 88
64 138
65 75
65 88
65 91
65 98
66 81
66 90
66 91
67 69
67 71
67 80
67 82
67 98
67 99
68 74
68 82
68 85
68 88
68 90
68 94
68 122
69 73
69 83
69 86
69 94
69 97
69 125
70 71
70 72
70 75
70 77
70 78
70 86
70 92
70 95
70 118
71 75
71 79
71 88
71 95
72 80
72 82
72 86
72 90
73 76
73 80
73 82
73 86
73 93
73 96
73 97
74 77
74 78
74 86
74 87
74 91
74 96
74 111
75 90
75 93
76 78
76 91
76 98
77 80
77 84
77 95
78 83
78 84
78 86
78 94
78 96
78 97
78 115
79 90
79 99
80 81
80 82
80 86
80 92
80 97
80 98
80 126
81 86
81 89
81 91
81 110
82 85
82 88
82 89
82 90
82 98
82 108
83 89
83 93
83 95
83 96
83 98
84 87
84 89
85 87
85 91
86 87
86 88
86 89
86 98
86 99
87 90
87 128
89 94
89 140
90 93
90 99
91 134
92 143
93 96
93 135
95 96
95 141
96 99
96 147
128 132
128 136
128 147
128 149
128 100
128 103
128 106
128 110
128 111
128 117
128 119
128 122
128 124
129 132
129 133
129 142
129 146
129 108
129 115
129 119
129 123
130 139
130 142
130 120
130 121
130 122
130 125
130 126
130 127
131 141
131 144
131 146
131 106
131 108
131 109
131 122
131 126
131 127
132 135
132 139
132 140
132 144
132 104
132 111
132 114
132 119
132 120
132 123
132 124
133 139
133 145
133 146
133 105
133 111
133 122
134 139
134 141
134 148
134 115
134 124
135 136
135 138
135 149
135 100
135 105
135 112
135 114
135 123
135 124
135 127
136 137
136 141
136 145
136 148
136 108
136 110
136 112
136 114
136 117
136 124
136 126
137 138
137 139
137 140
137 144
137 146
137 117
137 118
137 125
138 139
138 141
138 143
138 105
138 107
138 126
139 145
139 109
139 113
139 120
139 121
139 123
140 144
140 148
140 101
140 108
140 110
140 112
140 120
141 144
141 148
141 149
141 101
141 102
141 112
141 116
141 117
141 120
141 121
141 122
142 145
142 149
142 100
142 107
142 108
142 119
142 124
143 145
143 104
143 105
143 107
143 108
143 111
143 117
143 119
143 127
144 146
144 147
144 103
144 120
145 148
145 101
145 103
145 105
145 115
145 127
146 149
146 101
146 116
146 120
146 122
147 148
147 105
147 108
147 115
147 116
147 117
147 126
148 100
148 105
148 106
148 108
148 111
149 106
149 108
149 114
149 115
149 117
149 121
149 126
100 116
100 119
100 127
101 103
101 111
101 112
101 117
101 126
102 107
102 110
102 125
103 109
103 117
103 118
103 124
103 125
104 110
104 120
104 127
105 114
105 120
105 124
106 107
106 108
106 117
106 122
106 127
107 108
107 113
107 118
107 126
108 114
108 120
108 125
109 111
109 115
109 116
109 120
109 123
109 124
110 117
110 118
110 122
111 115
111 116
111 125
112 117
112 118
112 119
112 125
112 127
113 115
114 118
115 116
115 121
115 123
115 124
116 118
116 125
116 126
117 119
117 122
118 120
118 124
118 127
119 125
119 127
120 124
120 126
122 123
122 125
123 124
125 126
