0 11
0 15
0 16
0 20
0 21
0 37
0 41
0 48
0 136
1 7
1 18
1 29
1 30
1 32
1 33
1 36
1 38
1 45
1 85
1 87
1 127
2 6
2 20
2 21
2 26
2 28
2 34
2 37
2 39
2 40
2 42
2 46
2 47
2 49
2 70
2 122
3 8
3 30
3 35
3 37
3 44
3 143
3 149
4 13
4 14
4 18
4 23
4 27
4 35
4 37
4 43
4 67
4 73
4 110
4 123
4 125
5 11
5 12
5 34
5 38
5 41
5 46
5 47
5 48
5 72
5 82
5 88
5 102
5 119
6 11
6 16
6 18
6 19
6 26
6 31
6 37
6 42
6 43
6 47
6 52
6 59
6 68
6 86
6 147
6 113
6 125
7 11
7 17
7 18
7 24
7 25
7 28
7 31
7 36
7 41
7 47
7 105
7 114
8 11
8 12
8 15
8 16
8 19
8 26
8 29
8 30
8 32
8 38
8 47
8 48
8 52
8 101
8 116
9 10
9 20
9 22
9 24
9 27
9 32
9 33
9 46
9 57
9 62
9 104
9 113
9 119
10 13
10 14
10 20
10 22
10 26
10 30
10 42
10 45
10 47
10 81
10 85
10 137
10 141
10 126
11 13
11 26
11 28
11 30
11 34
11 38
11 42
11 46
11 47
11 48
11 68
11 87
11 88
11 97
11 110
12 13
12 18
12 19
12 33
12 36
12 44
12 128
12 131
12 146
12 113
12 115
12 117
12 119
12 120
13 16
13 17
13 19
13 26
13 28
13 29
13 31
13 34
13 38
13 41
13 44
13 53
13 57
13 72
13 73
13 92
13 136
13 100
13 119
14 17
14 19
14 22
14 25
14 35
14 42
14 97
14 98
14 100
14 120
15 18
15 20
15 25
15 26
15 29
15 40
15 41
15 45
15 47
15 56
15 75
15 141
15 148
15 123
16 21
16 22
16 24
16 33
16 40
16 46
16 51
16 69
17 18
17 22
17 23
17 28
17 29
17 34
17 35
17 37
17 39
17 44
17 74
17 84
17 92
17 93
17 146
17 111
18 23
18 29
18 34
18 36
18 40
18 45
18 46
18 47
18 48
18 49
18 105
18 119
19 31
19 45
19 69
19 79
19 93
19 99
19 131
20 23
20 26
20 28
20 30
20 38
20 44
20 46
20 47
20 89
20 137
20 104
21 23
21 26
21 36
21 42
21 45
21 59
21 65
21 94
21 137
21 139
21 107
22 30
22 31
22 40
22 45
22 46
22 48
22 63
22 137
22 103
22 104
23 35
23 39
23 51
23 86
23 104
23 106
24 26
24 35
24 40
24 45
24 71
24 72
24 134
24 116
24 117
25 28
25 35
25 38
25 40
25 49
25 52
25 55
25 61
25 80
25 143
25 120
26 28
26 29
26 32
26 39
26 40
26 46
26 57
26 58
26 59
26 63
26 67
26 84
26 91
26 92
26 94
26 147
26 103
26 104
26 122
27 29
27 38
27 39
27 41
27 43
27 44
27 51
27 53
27 59
27 70
27 84
27 129
27 122
27 125
28 39
28 46
28 56
28 64
28 72
28 89
28 136
28 100
28 102
28 118
29 36
29 37
29 42
29 67
29 97
29 144
29 109
29 118
29 125
30 34
30 36
30 40
30 41
30 67
30 79
30 89
30 99
30 147
31 36
31 45
31 46
31 54
31 55
31 66
31 84
31 94
31 101
32 34
32 42
32 46
32 48
32 62
32 71
32 81
32 88
32 96
32 141
32 101
33 45
33 48
33 58
33 67
33 70
33 74
34 38
34 53
34 82
34 141
34 103
34 124
35 36
35 37
35 72
35 74
35 82
36 42
36 43
36 45
36 47
36 49
36 62
36 80
36 84
36 98
36 140
36 111
37 45
37 46
37 47
37 63
37 69
37 89
37 99
37 129
37 132
37 124
38 51
38 65
38 67
38 137
38 138
38 149
38 100
38 105
39 42
39 45
39 65
39 69
39 75
39 95
39 139
39 146
39 117
40 41
40 71
40 76
40 90
40 131
40 120
41 43
41 48
41 49
41 72
41 92
41 147
42 46
42 48
42 61
42 77
42 82
42 94
42 103
42 117
43 64
43 116
44 48
44 54
44 71
44 80
44 93
45 47
45 48
45 74
45 80
45 84
45 90
45 92
45 129
45 130
45 136
45 139
46 78
46 85
46 97
46 113
46 115
47 52
47 148
47 111
47 114
48 49
48 59
48 79
48 86
48 129
48 130
48 111
49 55
49 75
49 134
49 143
49 148
49 112
50 56
50 66
50 67
50 70
50 77
50 79
50 87
50 94
50 138
50 148
50 120
50 126
51 52
51 54
51 61
51 69
51 73
51 85
51 86
51 132
51 140
51 107
51 119
52 54
52 67
52 68
52 70
52 73
52 77
52 78
52 81
52 88
52 93
52 96
52 110
52 117
53 60
53 64
53 65
53 70
53 77
53 79
53 81
53 97
53 129
53 138
53 148
53 112
53 114
54 55
54 74
54 76
54 85
54 98
54 124
55 57
55 59
55 63
55 69
55 75
55 76
55 80
55 81
55 83
55 86
55 87
55 91
55 95
55 97
55 99
55 143
55 101
56 62
56 63
56 71
56 75
56 82
56 84
56 91
56 92
56 96
56 130
56 144
56 101
57 60
57 68
57 69
57 74
57 79
57 83
57 84
57 86
57 88
57 96
57 104
58 62
58 73
58 77
58 81
58 82
58 83
58 89
58 92
58 94
58 98
58 147
58 109
58 122
58 124
59 62
59 66
59 76
59 78
59 82
59 88
59 91
59 97
59 136
59 149
59 102
60 64
60 68
60 69
60 81
60 83
60 92
60 95
60 96
60 112
61 70
61 72
61 84
61 85
61 91
61 93
61 94
61 99
61 117
61 124
61 126
62 73
62 79
62 86
62 90
62 95
62 130
62 140
62 149
63 65
63 67
63 70
63 83
63 85
63 87
63 92
63 96
63 116
64 65
64 66
64 71
64 75
64 87
64 95
64 97
64 99
64 109
65 85
65 87
65 97
65 146
65 111
65 113
65 116
65 119
66 71
66 77
66 78
66 82
66 91
66 92
66 129
66 146
66 112
66 119
66 124
67 75
67 78
67 79
67 99
67 129
67 116
67 117
67 127
68 71
68 85
68 90
68 92
68 96
68 99
68 139
68 121
68 127
69 72
69 75
69 76
69 78
69 83
69 86
69 88
69 98
69 99
69 101
69 112
69 113
70 71
70 72
70 76
70 85
70 88
70 93
70 149
70 104
70 117
70 119
70 123
70 125
71 81
71 82
71 91
71 93
71 97
71 132
71 117
71 122
72 74
72 78
72 79
72 81
72 85
72 87
72 89
72 90
72 97
72 113
72 121
73 79
73 85
73 87
73 89
73 95
73 117
73 127
74 78
74 80
74 86
74 87
74 90
74 96
74 138
74 120
75 81
75 89
75 93
75 97
75 98
75 146
75 147
75 103
75 104
75 118
75 125
76 78
76 79
76 82
76 88
76 93
76 94
76 136
76 119
77 78
77 80
77 87
77 88
77 98
77 111
77 114
78 81
78 82
78 87
78 93
78 97
78 99
78 113
78 124
79 89
79 90
79 92
79 93
79 144
79 115
80 81
80 84
80 87
80 91
80 95
80 99
80 110
80 118
81 90
81 136
81 141
81 143
81 102
82 88
82 132
82 101
83 89
83 93
83 138
83 111
83 117
84 89
84 92
84 93
85 96
85 112
86 91
86 95
86 96
86 99
86 121
86 124
87 89
87 92
87 96
87 129
87 149
88 133
89 95
89 112
89 115
90 94
90 95
90 139
90 102
91 92
91 98
91 134
91 112
92 94
92 104
93 94
93 98
93 119
94 97
94 105
94 120
94 122
95 97
95 98
95 135
95 106
96 144
96 120
97 121
97 126
98 99
98 137
98 140
98 100
98 104
98 108
99 137
99 148
99 115
99 117
128 131
128 135
128 136
128 137
128 142
128 111
128 113
128 114
128 115
128 118
128 119
128 121
128 123
128 127
129 132
129 142
129 143
129 145
129 149
129 107
129 110
129 112
129 114
129 115
129 119
129 120
129 123
130 133
130 137
130 138
130 144
130 146
130 101
130 103
130 109
130 112
130 117
130 118
130 120
130 121
130 122
131 138
131 139
131 145
131 146
131 147
131 109
131 112
131 116
131 123
131 127
132 133
132 143
132 101
132 103
132 113
132 123
133 136
133 137
133 138
133 140
133 142
133 146
133 102
133 107
133 109
133 113
133 114
133 117
133 122
134 137
134 138
134 101
134 108
134 117
134 119
135 137
135 141
135 143
135 144
135 102
135 104
135 111
135 113
135 116
135 120
135 121
135 122
135 123
136 137
136 139
136 143
136 102
136 104
136 108
136 117
136 119
136 122
136 126
137 139
137 142
137 145
137 149
137 105
137 107
137 113
137 115
137 118
137 122
137 124
137 125
137 126
137 127
138 140
138 142
138 149
138 102
138 123
138 124
139 141
139 144
139 147
139 149
139 106
139 114
139 117
139 121
139 126
139 127
140 141
140 147
140 107
140 111
140 113
140 117
140 119
140 120
141 143
141 144
141 102
141 105
141 107
141 110
141 114
141 115
141 120
141 122
141 124
142 143
142 146
142 100
142 101
142 113
142 115
142 118
142 123
142 126
143 144
143 146
143 148
143 127
144 121
144 123
144 124
144 126
145 146
145 108
145 113
145 122
145 125
145 126
146 102
146 104
146 111
146 114
146 118
146 120
147 103
147 104
147 107
147 109
147 111
147 114
147 116
147 120
147 123
147 124
148 149
148 102
148 112
148 115
148 123
148 126
149 100
149 105
149 115
149 118
149 121
100 108
100 112
100 121
100 123
101 103
101 114
101 120
101 125
102 104
102 105
102 109
102 112
102 120
102 123
102 125
103 104
103 105
103 107
103 109
103 111
103 112
103 118
103 119
103 126
104 106
104 108
104 110
104 124
104 126
105 110
105 113
105 123
106 107
106 122
107 108
107 109
107 126
108 110
108 113
108 123
109 113
109 115
109 120
109 124
109 126
109 127
110 114
110 119
110 122
111 115
111 126
112 113
112 115
112 117
112 119
112 121
113 125
114 116
114 117
114 121
114 123
114 125
115 118
115 121
115 125
115 127
116 119
116 123
117 124
118 125
118 127
122 127
123 127
125 126
126 127
