0 1
0 5
0 7
0 9
0 12
0 14
0 15
0 21
0 25
0 26
0 33
0 43
0 126
1 3
1 7
1 13
1 15
1 17
1 25
1 26
1 29
1 32
1 38
1 41
1 42
1 43
1 47
2 3
2 5
2 6
2 9
2 14
2 15
2 18
2 23
2 25
2 26
2 27
2 30
2 31
2 33
2 38
2 41
2 44
3 5
3 7
3 8
3 11
3 13
3 16
3 18
3 20
3 21
3 24
3 25
3 26
3 34
3 36
3 38
3 40
3 43
3 45
3 46
3 48
3 49
3 68
3 85
4 6
4 7
4 14
4 18
4 24
4 25
4 26
4 30
4 32
4 42
4 45
4 48
5 7
5 16
5 17
5 18
5 21
5 25
5 26
5 31
5 33
5 38
5 39
5 45
5 48
5 98
6 20
6 21
6 26
6 27
6 31
6 36
6 39
6 40
6 41
6 42
6 43
6 45
6 52
6 102
7 14
7 19
7 27
7 29
7 31
7 35
7 37
7 39
7 40
7 43
7 78
8 16
8 20
8 25
8 33
8 37
8 39
8 41
8 43
8 48
8 49
8 92
9 13
9 14
9 21
9 23
9 29
9 30
9 31
9 37
9 38
9 39
9 40
9 45
9 46
9 47
10 13
10 19
10 23
10 31
10 36
10 43
10 44
11 12
11 20
11 22
11 25
11 27
11 28
11 33
11 34
11 36
11 41
11 43
11 47
11 48
11 49
11 58
11 95
12 14
12 16
12 18
12 20
12 23
12 26
12 31
12 46
12 47
12 67
13 19
13 22
13 27
13 28
13 29
13 33
13 34
13 40
13 43
13 48
13 49
13 58
13 88
14 15
14 21
14 25
14 29
14 36
14 44
14 45
15 17
15 18
15 19
15 21
15 25
15 27
15 31
15 35
15 36
15 38
15 45
15 47
15 58
15 128
15 112
15 118
16 17
16 19
16 20
16 23
16 26
16 28
16 30
16 37
16 40
16 44
16 45
17 19
17 21
17 26
17 28
17 31
17 32
17 34
17 35
17 37
17 41
17 43
17 48
17 59
17 86
18 24
18 29
18 33
18 34
18 36
18 37
18 40
18 41
18 43
18 46
18 47
18 48
18 132
19 29
19 33
19 35
19 36
19 39
19 40
19 41
19 48
19 76
19 89
20 26
20 27
20 30
20 33
20 35
20 39
20 40
20 47
20 78
21 22
21 25
21 26
21 30
21 32
21 34
21 44
21 48
22 23
22 29
22 31
22 35
22 36
22 40
22 41
22 42
22 47
22 48
22 52
22 59
22 70
22 117
23 25
23 29
23 32
23 40
23 41
23 43
23 46
23 47
24 25
24 27
24 32
24 34
24 35
24 37
24 45
24 46
24 136
25 32
25 35
25 42
25 44
25 46
25 47
25 48
25 83
25 96
26 29
26 33
26 36
26 37
26 40
26 42
26 44
26 51
26 83
26 92
27 32
27 42
27 44
27 45
27 47
27 49
27 53
27 72
27 117
28 29
28 31
28 42
28 49
29 31
29 36
29 41
29 43
29 46
29 49
29 135
30 42
30 45
31 40
31 45
31 46
31 48
32 34
32 35
32 36
32 37
32 39
32 47
32 48
32 49
33 35
33 38
33 43
33 46
33 144
34 39
34 41
34 42
34 43
34 44
34 139
35 43
35 48
35 49
35 135
36 37
36 38
36 41
36 42
36 108
37 38
37 41
38 40
38 42
38 44
38 48
38 109
39 46
39 47
39 114
40 42
40 43
40 87
40 144
41 42
41 46
41 107
42 43
42 48
42 53
42 68
43 45
43 47
43 135
44 113
45 46
45 47
45 48
45 143
46 48
46 49
46 111
47 48
47 49
47 104
48 49
48 135
49 140
50 51
50 55
50 60
50 62
50 66
50 75
50 78
50 80
50 82
50 83
50 86
50 88
50 89
50 93
50 97
50 149
51 53
51 54
51 58
51 61
51 62
51 63
51 65
51 70
51 89
51 90
51 92
51 93
51 96
51 144
52 56
52 69
52 77
52 78
52 81
52 90
52 93
52 94
52 97
52 143
53 54
53 64
53 74
53 78
53 79
53 80
53 85
53 89
53 92
53 93
53 95
53 96
53 145
53 112
54 58
54 64
54 65
54 69
54 70
54 72
54 75
54 81
54 83
54 87
54 93
54 98
55 58
55 60
55 61
55 67
55 70
55 72
55 78
55 84
55 90
55 93
55 95
56 57
56 59
56 60
56 61
56 65
56 70
56 76
56 84
56 91
56 92
57 63
57 71
57 81
57 82
57 83
57 86
57 89
57 91
57 94
57 97
57 98
58 62
58 63
58 67
58 69
58 75
58 79
58 81
58 84
58 92
59 60
59 61
59 68
59 70
59 75
59 78
59 89
59 90
59 97
59 98
59 102
60 62
60 69
60 70
60 82
60 87
60 92
60 97
60 98
61 62
61 63
61 64
61 65
61 70
61 72
61 84
61 86
61 87
61 90
61 93
61 98
61 99
62 64
62 70
62 71
62 73
62 74
62 79
62 82
62 84
62 134
62 103
63 65
63 68
63 69
63 70
63 72
63 73
63 77
63 81
63 85
63 87
63 90
63 97
63 146
63 110
64 67
64 70
64 71
64 78
64 81
64 93
64 98
64 112
64 118
65 68
65 71
65 83
65 87
65 88
65 89
65 92
65 95
65 97
65 99
66 72
66 78
66 79
66 90
66 91
66 95
67 76
67 79
67 80
67 81
67 85
67 86
67 88
67 97
68 70
68 72
68 73
68 74
68 77
68 86
68 88
68 89
68 91
68 93
68 94
68 96
68 98
68 99
69 74
69 77
69 78
69 86
69 89
69 90
69 92
69 93
69 97
69 98
69 117
70 71
70 72
70 73
70 74
70 77
70 80
70 81
70 82
70 89
70 90
70 96
70 98
70 139
70 142
71 73
71 77
71 80
71 81
71 84
71 88
71 91
71 94
71 96
71 99
72 74
72 79
72 82
72 83
72 85
72 86
72 93
72 98
73 74
73 75
73 76
73 78
73 83
73 93
74 77
74 79
74 82
74 86
74 93
74 97
74 98
75 77
75 78
75 82
75 88
75 90
75 91
75 96
75 98
75 99
76 77
76 81
76 82
76 83
76 84
76 87
76 91
76 93
76 95
76 96
76 97
76 98
76 99
77 80
77 86
77 87
77 90
77 92
77 94
77 99
78 81
78 85
78 88
78 99
79 80
79 81
79 84
79 86
79 93
79 95
79 98
80 81
80 83
80 92
80 94
80 95
80 96
80 97
80 98
81 82
81 83
81 85
81 87
81 88
81 91
81 92
81 94
81 97
82 95
82 141
82 108
83 89
83 91
83 96
83 98
84 89
84 94
84 95
84 96
84 97
85 90
85 91
85 92
85 96
86 89
86 93
86 146
86 107
87 88
87 90
87 92
87 96
87 99
87 132
88 98
89 91
89 92
89 93
90 91
90 94
91 94
91 96
91 101
91 106
92 96
92 97
92 99
92 149
93 95
93 98
94 98
95 97
96 99
96 115
96 127
97 99
97 144
128 130
128 133
128 134
128 135
128 138
128 143
128 144
128 146
128 100
128 105
128 106
128 121
128 122
128 123
129 131
129 141
129 146
129 148
129 105
129 107
129 110
129 111
130 134
130 136
130 144
130 145
130 148
130 103
130 105
130 113
130 119
130 120
130 123
130 125
131 136
131 138
131 139
131 141
131 148
131 101
131 102
131 106
131 113
131 115
131 116
132 133
132 134
132 138
132 139
132 102
132 108
132 112
132 116
132 121
132 126
133 136
133 139
133 140
133 141
133 145
133 101
133 105
133 109
133 112
133 114
133 117
133 119
133 121
133 122
133 126
134 136
134 138
134 144
134 146
134 147
134 104
134 107
134 109
134 112
134 125
135 137
135 139
135 140
135 147
135 101
135 103
135 104
135 106
135 108
135 112
135 115
135 118
135 124
135 125
135 126
136 138
136 139
136 140
136 141
136 143
136 146
136 149
136 106
136 107
136 117
136 119
136 122
136 123
136 126
137 138
137 140
137 149
137 106
137 107
137 112
137 117
137 118
137 120
137 123
137 124
138 140
138 147
138 103
138 104
138 105
138 107
138 108
138 113
138 115
138 119
138 124
138 125
138 126
138 127
139 145
139 148
139 149
139 102
139 103
139 104
139 107
139 110
139 111
139 112
139 117
139 119
139 121
139 126
139 127
140 141
140 145
140 102
140 105
140 111
140 113
140 114
140 121
140 123
141 145
141 149
141 102
141 104
141 115
141 127
142 145
142 149
142 100
142 103
142 108
142 112
142 115
142 117
142 118
142 119
142 124
142 125
142 126
142 127
143 144
143 102
143 108
143 110
143 111
143 112
143 114
143 117
143 118
143 123
143 124
144 145
144 146
144 148
144 102
144 105
144 109
144 110
144 114
144 115
144 125
145 146
145 149
145 101
145 103
145 104
145 105
145 107
145 109
145 110
145 114
145 116
145 121
145 122
145 126
145 127
146 147
146 149
146 110
146 112
146 119
146 121
146 123
147 108
147 113
147 117
147 122
147 124
148 149
148 102
148 104
148 105
148 107
148 109
148 111
148 117
148 119
148 125
149 100
149 102
149 105
149 109
149 112
149 115
149 119
149 120
100 103
100 113
100 114
100 115
100 117
100 119
101 105
101 106
101 112
101 117
101 118
101 120
101 123
101 124
101 125
102 107
102 110
102 115
102 116
102 119
102 120
102 123
102 125
102 127
103 106
103 117
103 118
103 122
104 106
104 108
104 109
104 115
104 120
104 127
105 107
105 113
105 117
105 124
105 125
106 111
106 119
106 121
106 124
106 127
107 119
107 120
107 125
108 109
108 110
108 121
108 125
109 110
109 113
109 117
109 119
109 120
109 122
110 114
110 115
110 117
110 118
110 123
110 126
111 112
111 113
111 114
111 116
111 122
111 125
111 126
112 113
112 114
112 117
112 118
112 119
112 124
112 127
113 124
113 126
113 127
114 115
114 119
115 117
115 118
115 121
116 121
116 123
116 125
117 127
118 120
118 124
119 120
119 123
119 126
121 122
121 123
121 124
121 125
121 127
122 124
123 126
125 127
