0 1
0 3
0 6
0 7
0 9
0 14
0 19
0 20
0 22
0 24
0 27
0 29
0 30
0 34
0 35
0 37
0 39
0 44
0 46
1 2
1 4
1 10
1 13
1 14
1 15
1 18
1 19
1 20
1 21
1 24
1 26
1 28
1 30
1 31
1 35
1 39
1 44
1 45
1 46
1 48
1 49
1 89
1 125
2 3
2 7
2 9
2 13
2 14
2 16
2 22
2 25
2 28
2 29
2 31
2 32
2 35
2 36
2 37
2 39
2 41
2 43
2 44
2 48
2 67
2 106
3 4
3 8
3 16
3 17
3 19
3 21
3 26
3 28
3 30
3 37
3 38
3 42
3 45
3 57
4 6
4 9
4 11
4 12
4 13
4 15
4 18
4 20
4 24
4 26
4 27
4 28
4 34
4 35
4 36
4 37
4 39
4 44
4 79
5 7
5 9
5 11
5 13
5 14
5 15
5 17
5 18
5 20
5 25
5 26
5 30
5 34
5 37
5 41
5 42
5 45
5 46
5 49
5 50
6 7
6 12
6 16
6 21
6 25
6 26
6 27
6 28
6 29
6 32
6 37
6 45
6 47
6 111
7 10
7 13
7 18
7 21
7 23
7 24
7 25
7 26
7 27
7 37
7 38
7 46
7 47
7 66
7 136
8 9
8 11
8 12
8 14
8 18
8 22
8 23
8 25
8 29
8 31
8 34
8 35
8 37
8 38
8 41
8 48
8 49
8 133
9 12
9 13
9 14
9 16
9 18
9 19
9 21
9 22
9 23
9 25
9 29
9 31
9 32
9 37
9 42
9 43
9 46
9 48
10 12
10 15
10 16
10 19
10 20
10 23
10 24
10 29
10 30
10 34
10 35
10 36
10 37
10 38
10 39
10 43
10 44
10 46
10 47
11 13
11 14
11 15
11 18
11 19
11 23
11 24
11 26
11 28
11 30
11 32
11 33
11 37
11 42
11 46
11 49
12 14
12 16
12 18
12 20
12 21
12 25
12 26
12 28
12 29
12 31
12 33
12 34
12 35
12 38
12 39
12 42
12 44
12 46
12 48
12 49
12 96
13 15
13 20
13 24
13 25
13 26
13 27
13 30
13 32
13 35
13 38
13 41
13 44
13 47
13 95
14 16
14 20
14 21
14 22
14 24
14 25
14 27
14 29
14 31
14 32
14 33
14 35
14 37
14 40
14 44
14 45
14 46
14 48
14 83
14 128
14 135
15 19
15 20
15 24
15 25
15 27
15 29
15 34
15 36
15 39
15 40
15 42
15 44
15 45
15 46
15 48
15 49
15 146
16 17
16 19
16 21
16 23
16 24
16 26
16 27
16 28
16 29
16 33
16 35
16 36
16 37
16 38
16 39
16 40
16 41
16 42
16 44
16 46
16 49
16 76
16 83
16 99
16 106
17 20
17 22
17 25
17 26
17 27
17 30
17 33
17 34
17 35
17 42
17 43
17 44
17 45
17 47
17 48
17 49
18 21
18 23
18 24
18 27
18 28
18 31
18 35
18 36
18 38
18 40
18 43
18 46
18 47
18 137
19 21
19 22
19 23
19 26
19 27
19 28
19 31
19 35
19 37
19 43
19 44
19 46
19 48
19 53
19 125
20 23
20 24
20 26
20 28
20 31
20 33
20 36
20 37
20 40
20 43
20 44
20 47
21 24
21 26
21 27
21 32
21 33
21 34
21 37
21 40
21 41
21 44
21 49
21 59
21 135
22 23
22 29
22 31
22 33
22 34
22 43
22 44
22 46
22 47
22 48
22 49
22 80
22 98
22 102
23 24
23 25
23 26
23 27
23 29
23 30
23 31
23 32
23 36
23 40
23 41
23 42
23 44
23 45
23 48
24 27
24 28
24 29
24 30
24 32
24 33
24 34
24 35
24 36
24 38
24 40
24 41
24 42
24 44
24 88
25 26
25 27
25 29
25 30
25 35
25 36
25 37
25 40
25 41
25 43
25 44
25 45
25 46
25 48
25 67
25 141
26 28
26 30
26 32
26 37
26 40
26 42
26 43
26 44
26 45
26 46
26 140
27 30
27 31
27 36
27 37
27 42
27 44
27 46
27 49
27 52
28 29
28 30
28 33
28 34
28 41
28 44
28 46
28 47
29 32
29 35
29 43
29 44
29 47
29 128
30 34
30 35
30 36
30 39
30 40
30 41
30 42
30 43
30 44
30 46
30 47
30 48
30 62
31 36
31 37
31 38
31 40
31 42
31 45
31 46
31 48
31 49
31 137
32 33
32 38
32 40
32 41
32 42
32 43
32 44
32 45
32 46
32 48
32 49
32 64
32 98
33 34
33 37
33 45
33 47
33 63
34 35
34 36
34 40
34 41
34 44
34 45
34 47
34 49
35 38
35 41
35 44
35 45
35 46
35 49
35 119
36 43
36 47
37 38
37 46
37 48
37 57
37 110
38 41
38 43
38 44
38 48
38 149
38 104
38 127
39 41
39 43
39 46
39 87
40 41
40 42
40 49
40 91
41 45
41 46
41 47
41 75
42 45
42 47
42 48
42 49
42 59
42 62
43 44
43 48
43 49
43 85
44 46
44 48
44 49
45 54
46 47
46 105
46 113
47 49
47 92
48 124
49 76
50 52
50 54
50 55
50 56
50 60
50 63
50 65
50 67
50 69
50 71
50 78
50 81
50 82
50 84
50 85
50 87
50 93
50 95
50 98
50 118
51 56
51 58
51 59
51 61
51 68
51 69
51 71
51 74
51 76
51 77
51 81
51 82
51 86
51 88
51 92
51 95
51 96
51 98
51 130
51 133
51 126
52 54
52 57
52 60
52 64
52 66
52 68
52 73
52 74
52 75
52 76
52 77
52 78
52 81
52 83
52 87
52 92
52 93
52 95
52 97
52 99
52 124
53 57
53 58
53 59
53 61
53 62
53 66
53 72
53 73
53 75
53 81
53 83
53 85
53 87
53 91
53 97
54 55
54 56
54 59
54 61
54 63
54 65
54 66
54 74
54 78
54 80
54 81
54 84
54 90
54 96
54 99
55 58
55 59
55 62
55 68
55 70
55 71
55 74
55 76
55 83
55 87
55 88
55 89
55 93
55 95
55 112
55 122
56 57
56 60
56 64
56 65
56 77
56 82
56 86
56 89
56 92
56 93
56 96
57 59
57 61
57 65
57 70
57 71
57 74
57 75
57 77
57 78
57 80
57 86
57 87
57 88
57 89
57 90
57 92
57 93
57 94
57 95
57 96
57 97
57 143
58 60
58 65
58 66
58 71
58 74
58 75
58 78
58 79
58 83
58 85
58 87
58 88
58 92
58 93
58 95
58 97
58 98
58 139
59 61
59 62
59 64
59 66
59 67
59 69
59 71
59 72
59 75
59 80
59 83
59 84
59 85
59 88
59 89
59 90
59 93
59 96
59 97
60 62
60 65
60 66
60 67
60 68
60 69
60 76
60 78
60 80
60 82
60 83
60 86
60 87
60 89
60 90
60 92
60 93
60 95
60 96
60 97
60 99
61 62
61 64
61 67
61 70
61 72
61 73
61 75
61 76
61 83
61 86
61 88
61 91
61 97
61 98
62 65
62 66
62 70
62 71
62 72
62 73
62 74
62 78
62 80
62 81
62 84
62 85
62 88
62 92
62 93
62 94
62 95
62 96
62 98
62 99
63 64
63 65
63 66
63 69
63 70
63 71
63 75
63 76
63 77
63 82
63 85
63 87
63 91
63 93
63 95
63 96
63 98
63 99
64 65
64 66
64 70
64 71
64 76
64 77
64 78
64 79
64 80
64 83
64 84
64 88
64 89
64 94
64 97
64 144
65 67
65 68
65 75
65 78
65 81
65 82
65 83
65 96
66 67
66 68
66 69
66 73
66 75
66 76
66 82
66 83
66 85
66 86
66 88
66 91
66 92
66 94
66 99
67 68
67 70
67 71
67 75
67 78
67 82
67 86
67 89
67 90
67 93
67 97
67 98
67 99
68 69
68 70
68 73
68 74
68 75
68 81
68 83
68 88
68 89
68 91
68 93
68 99
69 72
69 74
69 76
69 79
69 80
69 81
69 82
69 84
69 85
69 86
69 88
69 89
69 91
69 92
69 96
69 97
69 99
70 72
70 80
70 81
70 83
70 84
70 89
70 90
70 91
70 92
70 93
70 95
70 97
70 98
71 75
71 82
71 83
71 88
71 90
71 91
71 98
71 102
72 76
72 79
72 80
72 81
72 88
72 90
72 91
72 93
72 97
72 98
72 139
73 76
73 79
73 80
73 81
73 83
73 84
73 85
73 87
73 88
73 91
73 92
73 93
73 98
74 75
74 78
74 79
74 81
74 82
74 83
74 84
74 86
74 88
74 94
74 95
74 97
75 77
75 80
75 81
75 85
75 86
75 88
75 89
75 90
75 91
75 127
76 85
76 86
76 88
76 89
76 90
76 91
76 94
76 96
76 98
76 99
76 113
77 78
77 80
77 81
77 82
77 83
77 85
77 86
77 88
77 89
77 94
77 96
77 99
78 79
78 80
78 83
78 85
78 86
78 87
78 89
78 92
78 93
78 94
79 83
79 88
79 89
79 97
80 83
80 84
80 85
80 88
80 98
80 99
80 131
80 145
81 82
81 86
81 87
81 91
81 94
81 95
81 99
82 83
82 86
82 90
82 91
82 93
82 94
82 98
83 86
83 87
83 88
83 91
83 94
83 95
83 99
84 85
84 87
84 88
84 92
84 95
84 98
84 99
85 90
85 93
85 96
86 87
86 89
86 90
86 91
86 92
86 93
86 94
87 89
87 90
87 91
87 93
87 95
87 96
87 97
87 98
87 99
88 90
88 91
88 92
88 96
88 97
88 99
88 117
89 93
89 94
89 96
89 98
89 115
90 94
90 95
90 98
90 99
91 92
91 94
91 98
91 99
91 128
91 122
92 95
92 96
92 144
93 95
93 98
93 99
94 95
94 98
94 99
94 101
94 122
95 96
96 97
96 98
96 99
128 129
128 133
128 134
128 135
128 139
128 140
128 143
128 144
128 146
128 148
128 101
128 105
128 106
128 107
128 109
128 111
128 112
128 114
128 116
128 121
128 122
128 124
128 125
129 132
129 133
129 136
129 138
129 141
129 143
129 144
129 145
129 104
129 105
129 106
129 111
129 113
129 116
129 117
129 119
129 122
129 123
129 125
129 126
129 127
130 131
130 142
130 144
130 145
130 106
130 107
130 109
130 113
130 118
130 119
130 124
130 125
130 126
131 133
131 136
131 137
131 138
131 140
131 142
131 147
131 149
131 101
131 109
131 111
131 115
131 119
131 124
131 126
132 134
132 136
132 142
132 146
132 147
132 148
132 149
132 100
132 103
132 104
132 107
132 111
132 112
132 113
132 114
132 118
132 119
132 122
132 125
132 126
133 135
133 138
133 139
133 100
133 102
133 104
133 105
133 106
133 107
133 108
133 110
133 113
133 115
133 116
133 117
133 125
134 138
134 139
134 140
134 148
134 101
134 106
134 108
134 114
134 115
134 116
134 117
134 119
134 120
134 124
134 127
135 136
135 137
135 139
135 144
135 147
135 103
135 104
135 105
135 108
135 109
135 112
135 113
135 116
135 118
135 119
135 120
135 126
136 137
136 138
136 140
136 144
136 146
136 147
136 148
136 102
136 107
136 108
136 109
136 110
136 116
136 122
136 123
136 126
137 138
137 141
137 148
137 106
137 110
137 112
137 114
137 116
137 117
137 118
137 119
137 120
138 139
138 140
138 141
138 145
138 146
138 147
138 149
138 100
138 101
138 106
138 108
138 109
138 110
138 111
138 113
138 118
138 120
138 121
138 122
138 124
138 126
139 141
139 143
139 149
139 101
139 104
139 109
139 110
139 112
139 114
139 117
139 119
139 120
139 123
139 124
139 125
140 142
140 143
140 146
140 148
140 149
140 100
140 103
140 104
140 109
140 110
140 113
140 114
140 121
140 126
141 142
141 143
141 144
141 103
141 105
141 106
141 113
141 123
141 124
141 125
141 126
142 145
142 101
142 102
142 105
142 107
142 110
142 115
142 117
142 118
142 121
142 125
143 145
143 103
143 108
143 110
143 117
143 123
143 126
143 127
144 147
144 100
144 101
144 108
144 109
144 111
144 113
144 122
144 124
144 125
145 147
145 149
145 102
145 104
145 108
145 109
145 110
145 113
145 114
145 115
145 117
145 118
145 119
145 121
145 122
145 124
145 127
146 147
146 104
146 106
146 111
146 112
146 115
146 116
146 117
146 118
146 119
146 121
146 122
146 124
147 103
147 106
147 110
147 114
147 115
147 118
147 119
147 122
147 125
148 149
148 100
148 101
148 102
148 107
148 110
148 113
148 114
148 121
148 122
148 123
148 125
148 127
149 100
149 106
149 109
149 110
149 111
149 115
149 117
149 118
149 119
149 120
149 121
149 123
149 125
149 127
100 104
100 106
100 107
100 111
100 113
100 115
100 117
100 118
100 119
100 125
101 102
101 104
101 105
101 107
101 114
101 115
101 116
101 121
101 123
101 125
102 103
102 104
102 106
102 107
102 108
102 109
102 112
102 115
102 117
102 118
102 119
102 121
102 123
102 125
103 113
103 114
103 117
103 127
104 105
104 107
104 109
104 111
105 106
105 107
105 108
105 109
105 111
105 117
105 118
105 121
105 124
106 109
106 110
106 112
106 116
106 117
106 118
106 120
106 121
106 122
106 125
107 108
107 113
107 114
107 115
107 118
107 119
107 121
107 124
107 125
107 126
107 127
108 112
108 113
108 116
108 117
108 118
108 123
108 125
108 126
108 127
109 110
109 117
109 122
109 125
109 127
110 112
110 114
110 117
110 118
110 121
110 122
110 123
110 125
110 126
110 127
111 112
111 116
111 117
111 119
111 125
112 114
112 117
112 120
112 124
112 125
112 126
112 127
113 119
113 120
113 121
113 123
113 124
113 126
113 127
114 115
114 116
114 123
114 124
114 126
115 117
115 118
115 119
115 124
115 125
116 117
116 121
116 122
116 124
117 121
118 119
118 123
118 124
118 125
120 122
120 123
121 122
121 123
121 124
121 125
121 127
122 124
122 126
123 124
124 126
