0 2
0 3
0 4
0 5
0 7
0 8
0 11
0 13
0 20
0 26
0 27
0 28
0 32
0 36
0 38
0 43
0 44
0 46
0 47
0 50
0 52
0 72
0 76
0 77
0 78
0 79
0 93
0 129
0 141
0 145
0 109
0 122
0 124
1 2
1 10
1 11
1 13
1 17
1 20
1 22
1 25
1 26
1 28
1 37
1 38
1 65
1 67
1 73
1 88
1 89
1 98
1 132
1 106
1 108
2 3
2 9
2 10
2 15
2 17
2 21
2 22
2 23
2 25
2 27
2 28
2 29
2 35
2 37
2 40
2 42
2 47
2 49
2 72
2 78
2 84
2 96
2 98
3 7
3 8
3 12
3 13
3 16
3 22
3 29
3 30
3 31
3 32
3 33
3 35
3 39
3 40
3 44
3 46
3 48
3 59
3 61
3 62
3 69
3 73
3 81
3 85
3 130
3 145
3 100
3 108
3 116
3 119
3 123
3 125
4 5
4 6
4 8
4 10
4 11
4 13
4 16
4 17
4 20
4 22
4 23
4 26
4 27
4 29
4 30
4 31
4 35
4 37
4 39
4 41
4 42
4 44
4 46
4 47
4 49
4 51
4 63
4 65
4 74
4 80
4 89
4 96
4 146
4 109
5 6
5 7
5 8
5 9
5 10
5 11
5 16
5 17
5 19
5 20
5 27
5 30
5 31
5 34
5 39
5 41
5 49
5 50
5 55
5 59
5 83
5 98
5 99
5 128
5 105
5 111
5 115
6 8
6 9
6 10
6 11
6 14
6 22
6 23
6 24
6 30
6 33
6 34
6 35
6 36
6 39
6 43
6 46
6 47
6 48
6 62
6 72
6 81
6 97
6 98
6 130
6 131
6 100
6 104
6 127
7 12
7 13
7 17
7 22
7 23
7 24
7 26
7 27
7 29
7 34
7 35
7 37
7 40
7 42
7 44
7 47
7 48
7 53
7 68
7 75
7 84
7 133
7 113
7 123
8 11
8 12
8 13
8 14
8 15
8 19
8 20
8 21
8 30
8 31
8 34
8 36
8 40
8 45
8 54
8 80
8 81
8 90
8 91
8 99
8 102
8 106
8 110
8 117
8 121
9 13
9 15
9 16
9 17
9 18
9 20
9 24
9 28
9 33
9 36
9 38
9 40
9 45
9 47
9 50
9 61
9 62
9 78
9 83
9 88
9 91
9 93
9 132
9 133
9 101
9 102
9 127
10 11
10 14
10 15
10 20
10 21
10 22
10 25
10 33
10 36
10 40
10 48
10 54
10 60
10 69
10 73
10 87
10 91
10 93
10 97
10 99
10 128
10 130
10 134
10 137
10 147
10 149
10 101
10 119
10 123
11 12
11 16
11 17
11 19
11 20
11 24
11 26
11 27
11 29
11 30
11 31
11 32
11 34
11 35
11 37
11 41
11 42
11 49
11 50
11 84
11 94
11 99
11 130
11 146
11 111
11 118
11 123
11 124
12 13
12 19
12 21
12 23
12 24
12 25
12 27
12 28
12 37
12 41
12 46
12 53
12 70
12 129
12 135
12 109
12 111
13 14
13 22
13 23
13 24
13 25
13 27
13 28
13 29
13 37
13 38
13 39
13 42
13 45
13 49
13 53
13 80
13 96
13 130
13 131
13 135
13 136
13 116
14 16
14 18
14 20
14 21
14 26
14 28
14 29
14 32
14 35
14 39
14 41
14 44
14 46
14 49
14 51
14 52
14 71
14 74
14 78
14 85
14 128
14 134
14 136
14 137
14 104
14 107
15 16
15 17
15 18
15 24
15 25
15 32
15 33
15 35
15 38
15 39
15 42
15 44
15 45
15 49
15 62
15 67
15 69
15 72
15 74
15 77
15 89
15 90
15 131
15 136
15 137
15 142
15 144
15 105
16 17
16 19
16 22
16 30
16 31
16 36
16 38
16 39
16 41
16 48
16 69
16 99
16 132
16 135
16 138
16 142
16 110
16 124
17 23
17 24
17 27
17 29
17 30
17 31
17 32
17 34
17 35
17 39
17 43
17 60
17 62
17 65
17 67
17 73
17 77
17 129
17 130
17 143
17 111
17 114
17 118
17 120
17 123
17 126
18 19
18 22
18 23
18 24
18 25
18 29
18 31
18 35
18 41
18 44
18 45
18 46
18 48
18 72
18 77
18 85
18 89
18 93
18 128
18 135
18 107
19 20
19 21
19 28
19 29
19 30
19 31
19 33
19 34
19 39
19 40
19 41
19 42
19 47
19 48
19 60
19 75
19 81
19 83
19 92
19 97
19 136
19 140
19 104
19 105
19 118
19 127
20 25
20 31
20 33
20 36
20 39
20 43
20 46
20 47
20 49
20 52
20 62
20 139
20 148
20 104
20 116
20 122
21 22
21 25
21 29
21 31
21 32
21 33
21 34
21 35
21 36
21 44
21 47
21 48
21 52
21 54
21 67
21 78
21 137
21 141
21 112
21 123
21 124
22 24
22 27
22 31
22 33
22 35
22 38
22 43
22 44
22 45
22 48
22 49
22 50
22 55
22 57
22 139
22 127
23 25
23 27
23 32
23 38
23 40
23 41
23 58
23 99
23 129
23 130
23 135
23 140
23 149
23 111
24 26
24 31
24 32
24 36
24 41
24 42
24 45
24 48
24 52
24 53
24 58
24 64
24 71
24 72
24 74
24 76
24 93
24 130
24 139
24 141
24 143
24 104
25 26
25 27
25 31
25 34
25 35
25 39
25 40
25 43
25 46
25 48
25 71
25 82
25 83
25 97
25 98
25 140
25 144
25 145
25 107
25 111
25 112
26 29
26 34
26 38
26 46
26 47
26 68
26 98
26 129
26 135
26 136
26 100
26 118
26 123
27 30
27 31
27 32
27 34
27 39
27 41
27 43
27 46
27 47
27 51
27 53
27 67
27 71
27 75
27 86
27 88
27 91
27 144
27 105
28 33
28 34
28 36
28 37
28 42
28 49
28 58
28 66
28 70
28 74
28 90
28 95
28 97
28 143
28 147
28 107
28 111
28 121
28 125
29 30
29 31
29 37
29 38
29 43
29 44
29 47
29 60
29 70
29 78
29 128
29 140
29 149
29 103
29 115
29 121
29 122
29 127
30 32
30 33
30 34
30 36
30 39
30 41
30 42
30 46
30 47
30 68
30 84
30 131
30 132
30 146
30 148
30 110
30 114
31 32
31 35
31 41
31 43
31 45
31 48
31 63
31 95
31 99
31 136
31 140
31 142
31 145
31 108
31 111
31 114
32 34
32 35
32 44
32 46
32 47
32 53
32 74
32 88
32 128
32 133
32 146
32 148
32 105
32 114
32 124
32 127
33 34
33 36
33 37
33 38
33 46
33 49
33 59
33 70
33 73
33 75
33 76
33 83
33 90
33 135
33 141
33 121
33 122
33 123
33 125
33 126
34 35
34 36
34 37
34 39
34 40
34 41
34 49
34 62
34 75
34 76
34 83
34 87
34 88
34 93
34 134
34 137
34 139
34 119
35 36
35 38
35 39
35 40
35 49
35 79
35 131
35 136
35 107
35 113
35 115
35 119
36 37
36 39
36 42
36 44
36 48
36 56
36 60
36 67
36 82
36 88
36 89
36 101
36 111
36 125
37 38
37 43
37 53
37 67
37 68
37 69
37 75
37 84
37 87
37 91
37 92
37 130
37 140
37 111
38 42
38 43
38 78
38 84
38 98
38 119
39 40
39 47
39 48
39 54
39 72
39 81
39 85
39 87
39 89
39 91
39 99
39 131
39 149
40 45
40 47
40 48
40 73
40 79
40 81
40 83
40 91
40 94
40 99
40 135
40 142
40 149
40 125
41 46
41 47
41 50
41 53
41 58
41 81
41 85
41 89
41 132
41 140
41 144
41 125
42 47
42 49
42 53
42 74
42 79
42 82
42 85
42 87
42 135
42 138
42 102
42 107
42 118
42 124
43 45
43 46
43 49
43 69
43 72
43 75
43 78
43 85
43 88
43 129
43 135
43 145
43 116
44 46
44 47
44 48
44 54
44 66
44 88
44 89
44 130
44 144
44 146
44 104
44 121
45 47
45 57
45 63
45 77
45 90
45 130
45 131
45 138
45 141
45 102
45 111
45 112
46 47
46 48
46 53
46 72
46 128
46 131
46 134
46 149
46 103
46 106
46 110
46 112
46 113
46 115
46 123
47 68
47 77
47 78
47 88
47 137
47 145
47 146
47 147
47 148
48 57
48 69
48 70
48 75
48 80
48 144
48 101
48 104
48 108
48 109
49 59
49 62
49 71
49 73
49 75
49 78
49 83
49 87
49 140
49 114
49 115
49 117
49 123
50 51
50 53
50 55
50 56
50 59
50 60
50 61
50 63
50 64
50 67
50 71
50 73
50 77
50 78
50 79
50 82
50 83
50 85
50 87
50 93
50 94
50 96
50 98
50 141
50 143
50 144
50 116
50 122
50 125
51 52
51 54
51 56
51 58
51 61
51 64
51 65
51 67
51 69
51 75
51 76
51 80
51 84
51 90
51 92
51 95
51 129
51 134
51 136
51 101
51 113
51 117
51 125
52 56
52 60
52 63
52 64
52 68
52 69
52 70
52 82
52 84
52 86
52 97
52 99
52 128
52 133
52 141
52 110
52 121
52 122
52 124
53 57
53 58
53 59
53 60
53 62
53 63
53 64
53 65
53 68
53 69
53 73
53 75
53 80
53 85
53 89
53 92
53 95
53 96
53 97
53 98
53 132
53 141
53 127
54 55
54 56
54 59
54 60
54 61
54 63
54 65
54 66
54 68
54 71
54 73
54 75
54 77
54 80
54 81
54 93
54 94
54 99
54 128
54 132
54 139
54 101
54 109
54 112
55 56
55 57
55 58
55 59
55 61
55 62
55 63
55 64
55 65
55 66
55 67
55 69
55 72
55 73
55 74
55 75
55 78
55 79
55 81
55 84
55 85
55 87
55 90
55 91
55 92
55 93
55 96
55 97
55 135
55 140
55 102
55 122
56 58
56 61
56 68
56 69
56 70
56 75
56 77
56 80
56 81
56 82
56 84
56 86
56 88
56 90
56 93
56 98
56 128
56 133
56 122
56 123
56 126
57 60
57 62
57 69
57 71
57 72
57 73
57 74
57 76
57 77
57 80
57 82
57 84
57 86
57 87
57 88
57 90
57 98
57 99
57 142
57 102
57 113
57 114
57 117
57 119
57 120
58 59
58 61
58 63
58 65
58 67
58 68
58 69
58 70
58 75
58 78
58 80
58 81
58 83
58 86
58 88
58 92
58 96
58 99
58 102
58 125
59 61
59 64
59 65
59 66
59 71
59 72
59 74
59 76
59 77
59 80
59 86
59 88
59 95
59 97
59 98
59 99
59 134
59 141
59 102
59 105
59 116
60 61
60 64
60 65
60 68
60 69
60 74
60 75
60 76
60 77
60 78
60 81
60 84
60 88
60 89
60 90
60 91
60 99
60 141
60 117
60 125
60 127
61 63
61 64
61 66
61 67
61 70
61 73
61 74
61 76
61 78
61 80
61 84
61 90
61 94
61 95
61 99
61 128
61 145
61 117
61 122
62 66
62 67
62 68
62 71
62 72
62 74
62 83
62 85
62 86
62 90
62 91
62 93
62 94
62 95
62 96
62 98
62 99
62 130
62 138
62 115
63 64
63 65
63 68
63 69
63 76
63 77
63 79
63 80
63 81
63 83
63 85
63 92
63 93
63 94
63 95
63 97
63 134
63 111
63 116
64 65
64 68
64 71
64 72
64 76
64 78
64 80
64 82
64 85
64 87
64 89
64 90
64 91
64 99
64 136
64 143
64 111
65 66
65 67
65 74
65 77
65 81
65 84
65 89
65 93
65 95
65 96
65 97
65 98
65 136
65 146
65 149
65 119
65 125
66 73
66 77
66 79
66 81
66 83
66 86
66 89
66 91
66 93
66 94
66 96
66 98
66 126
67 69
67 70
67 71
67 76
67 81
67 83
67 84
67 85
67 86
67 93
67 97
67 98
67 99
67 137
67 141
67 124
68 71
68 78
68 79
68 81
68 83
68 86
68 87
68 93
68 94
68 97
68 98
68 99
68 101
69 70
69 73
69 74
69 78
69 81
69 82
69 85
69 88
69 92
69 94
69 97
69 98
69 129
69 131
69 135
69 111
69 112
70 74
70 78
70 81
70 82
70 85
70 88
70 90
70 92
70 95
70 99
70 134
70 141
70 144
70 149
70 113
70 120
70 124
71 75
71 76
71 78
71 79
71 82
71 86
71 87
71 88
71 89
71 96
71 97
71 133
71 136
71 113
71 119
71 125
72 74
72 76
72 80
72 84
72 89
72 93
72 96
72 98
72 134
72 146
72 120
72 122
72 124
72 126
73 79
73 80
73 81
73 84
73 85
73 86
73 87
73 89
73 98
73 101
73 124
74 77
74 78
74 79
74 80
74 81
74 84
74 85
74 88
74 90
74 92
74 93
74 94
74 96
74 97
74 98
74 130
74 139
75 76
75 79
75 81
75 82
75 83
75 84
75 87
75 88
75 90
75 91
75 94
75 96
75 98
75 99
75 132
76 79
76 83
76 84
76 87
76 89
76 90
76 92
76 98
76 130
76 135
76 141
76 109
76 112
76 126
77 79
77 81
77 82
77 87
77 88
77 91
77 95
77 96
77 97
77 99
77 149
77 107
77 108
77 119
77 121
78 79
78 81
78 85
78 87
78 91
78 92
78 93
78 98
78 135
78 142
78 146
79 81
79 85
79 87
79 92
79 94
79 98
79 99
79 136
79 105
79 109
79 124
79 127
80 81
80 82
80 83
80 85
80 88
80 89
80 90
80 91
80 92
80 93
80 95
80 96
80 97
80 98
80 130
80 100
80 104
80 117
81 82
81 84
81 87
81 88
81 89
81 90
81 91
81 92
81 95
81 96
81 97
81 132
81 136
81 141
81 101
81 104
81 106
81 119
81 125
82 83
82 90
82 91
82 92
82 94
82 140
82 147
82 102
83 87
83 92
83 95
83 99
83 146
83 109
83 110
83 113
83 114
83 116
83 120
84 85
84 86
84 87
84 88
84 92
84 93
84 94
84 98
84 132
84 111
84 115
84 126
85 88
85 94
85 98
85 131
85 138
85 145
85 147
85 100
85 114
85 116
85 121
86 87
86 88
86 89
86 91
86 94
86 95
86 132
86 104
86 115
86 118
86 127
87 89
87 95
87 96
87 137
87 102
87 105
88 91
88 94
88 95
88 98
88 99
88 129
88 132
88 138
88 120
88 121
88 122
88 125
89 90
89 91
89 98
89 130
89 133
89 126
90 94
90 95
90 96
90 99
90 128
90 135
90 109
90 116
90 118
90 124
91 92
91 96
91 99
91 132
91 143
91 144
91 148
91 110
91 114
92 94
92 96
92 97
92 131
92 111
92 114
92 125
92 127
93 94
93 129
93 148
93 113
94 95
94 130
94 134
94 137
94 117
94 120
95 99
95 112
96 130
96 116
96 122
96 124
97 99
97 130
97 142
97 145
97 112
98 131
98 133
98 146
98 148
98 105
98 118
99 135
99 119
99 121
128 131
128 132
128 135
128 144
128 145
128 146
128 149
128 100
128 101
128 104
128 106
128 108
128 109
128 111
128 112
128 113
128 114
128 117
128 118
128 120
128 121
128 122
128 123
128 124
128 125
129 130
129 131
129 132
129 134
129 137
129 138
129 140
129 141
129 142
129 143
129 144
129 148
129 101
129 103
129 105
129 107
129 114
129 115
129 119
129 121
129 122
129 123
129 124
129 127
130 132
130 133
130 134
130 136
130 138
130 142
130 143
130 145
130 146
130 101
130 102
130 104
130 106
130 110
130 114
130 117
130 118
130 124
130 126
131 132
131 133
131 136
131 139
131 141
131 144
131 146
131 147
131 148
131 100
131 101
131 103
131 109
131 110
131 112
131 114
131 118
131 119
131 122
131 124
131 127
132 133
132 135
132 138
132 143
132 101
132 102
132 103
132 104
132 107
132 108
132 113
132 114
132 120
132 123
132 125
132 126
133 134
133 135
133 138
133 141
133 143
133 144
133 100
133 102
133 109
133 110
133 112
133 116
133 120
133 121
133 125
134 136
134 137
134 143
134 145
134 146
134 148
134 149
134 101
134 102
134 103
134 107
134 111
134 117
134 118
134 119
134 122
134 126
135 139
135 140
135 141
135 142
135 144
135 146
135 148
135 100
135 102
135 103
135 105
135 108
135 113
135 114
135 115
135 116
135 118
135 119
135 122
135 123
135 124
135 127
136 137
136 141
136 144
136 145
136 148
136 101
136 102
136 112
136 115
136 120
136 122
136 126
136 127
137 138
137 139
137 140
137 141
137 143
137 145
137 100
137 103
137 106
137 109
137 110
137 111
137 112
137 114
137 115
137 117
137 118
137 121
137 127
138 139
138 141
138 142
138 102
138 106
138 107
138 109
138 111
138 112
138 114
138 117
138 118
138 119
138 121
138 122
138 127
139 140
139 142
139 144
139 100
139 103
139 104
139 106
139 107
139 110
139 112
139 116
139 118
139 121
139 125
140 145
140 146
140 148
140 149
140 101
140 102
140 105
140 106
140 107
140 111
140 116
140 118
140 119
140 120
140 122
140 126
140 127
141 144
141 145
141 146
141 147
141 105
141 106
141 107
141 113
141 115
141 119
141 122
141 124
141 125
142 143
142 148
142 101
142 108
142 109
142 112
142 117
142 119
142 122
142 123
142 124
142 125
142 127
143 145
143 147
143 109
143 111
143 112
143 114
143 117
143 120
143 121
143 124
143 125
144 145
144 147
144 148
144 104
144 106
144 108
144 110
144 112
144 117
144 118
144 119
144 123
144 124
144 125
145 146
145 147
145 100
145 102
145 104
145 105
145 106
145 108
145 109
145 111
145 124
145 125
145 126
145 127
146 147
146 103
146 109
146 111
146 112
146 113
146 114
146 117
146 118
146 120
146 123
146 127
147 149
147 102
147 105
147 107
147 115
147 116
147 117
147 122
147 124
147 126
148 103
148 105
148 108
148 110
148 111
148 120
148 121
148 123
148 125
149 100
149 103
149 106
149 107
149 108
149 111
149 112
149 114
149 117
149 118
149 121
149 122
149 125
149 126
149 127
100 101
100 102
100 106
100 107
100 108
100 115
100 116
100 117
100 119
100 120
100 121
100 123
100 127
101 104
101 108
101 109
101 115
101 116
101 118
101 121
101 122
101 127
102 104
102 111
102 113
102 116
102 117
102 118
102 121
102 122
102 126
102 127
103 109
103 114
103 116
103 120
103 127
104 105
104 108
104 111
104 114
104 116
104 117
104 123
104 125
104 126
104 127
105 106
105 108
105 111
105 112
105 116
105 119
105 125
106 107
106 109
106 115
106 117
106 119
106 120
106 126
107 108
107 112
107 114
107 115
107 118
107 119
107 121
107 125
107 127
108 110
108 112
108 119
108 120
108 123
108 125
108 127
109 112
109 115
109 118
109 122
109 123
110 111
110 113
110 114
110 116
110 117
110 119
110 120
110 121
110 124
110 125
111 112
111 113
111 114
111 118
111 123
111 124
111 125
112 118
112 120
112 122
112 123
113 117
113 118
113 119
113 123
113 124
113 125
113 126
114 115
114 116
114 120
114 122
114 123
114 125
114 127
115 117
115 120
115 125
115 126
115 127
116 118
116 119
116 122
116 127
117 118
117 119
117 120
117 122
117 124
117 125
117 126
118 120
118 122
118 125
118 126
118 127
119 120
119 127
120 121
120 122
121 122
121 124
121 125
122 124
122 126
123 124
123 126
124 127
125 126
