0 1
0 2
0 3
0 5
0 6
0 8
0 9
0 10
0 13
0 15
0 18
0 25
0 26
0 27
0 28
0 31
0 32
0 33
0 37
0 39
0 45
0 46
0 75
1 2
1 3
1 5
1 6
1 7
1 10
1 12
1 13
1 17
1 18
1 19
1 21
1 25
1 28
1 29
1 32
1 36
1 41
1 42
1 44
1 46
1 144
2 3
2 4
2 8
2 10
2 11
2 15
2 16
2 19
2 21
2 23
2 26
2 27
2 30
2 31
2 33
2 34
2 35
2 37
2 38
2 39
2 41
2 44
2 46
2 89
3 7
3 9
3 15
3 16
3 17
3 18
3 19
3 20
3 24
3 26
3 27
3 29
3 30
3 31
3 32
3 34
3 35
3 37
3 39
3 40
3 43
3 46
3 47
3 48
3 49
4 5
4 6
4 9
4 10
4 12
4 13
4 14
4 15
4 16
4 17
4 18
4 20
4 22
4 23
4 28
4 33
4 34
4 35
4 38
4 39
4 40
4 43
4 45
5 7
5 8
5 9
5 10
5 12
5 13
5 14
5 15
5 16
5 17
5 22
5 26
5 27
5 29
5 30
5 31
5 32
5 33
5 34
5 35
5 36
5 40
5 41
5 42
6 8
6 10
6 12
6 13
6 14
6 16
6 17
6 18
6 20
6 21
6 23
6 24
6 30
6 31
6 37
6 38
6 39
6 40
6 41
6 42
6 44
6 46
6 47
6 84
7 8
7 10
7 11
7 12
7 13
7 14
7 15
7 16
7 19
7 20
7 21
7 27
7 30
7 34
7 35
7 36
7 37
7 39
7 40
7 45
7 46
7 48
7 49
7 59
7 68
7 140
8 9
8 10
8 11
8 13
8 14
8 17
8 18
8 19
8 23
8 24
8 26
8 29
8 31
8 32
8 33
8 34
8 35
8 37
8 39
8 40
8 41
8 49
9 10
9 11
9 14
9 15
9 19
9 22
9 25
9 29
9 30
9 31
9 32
9 33
9 36
9 37
9 40
9 43
9 47
9 48
9 49
10 11
10 14
10 15
10 16
10 20
10 30
10 34
10 36
10 42
10 43
10 49
10 68
10 84
10 106
10 121
11 12
11 13
11 15
11 16
11 17
11 21
11 22
11 26
11 27
11 30
11 33
11 34
11 35
11 37
11 39
11 42
11 43
11 47
11 48
12 14
12 15
12 17
12 21
12 24
12 26
12 27
12 28
12 29
12 32
12 33
12 36
12 37
12 39
12 41
12 42
12 43
12 46
12 48
12 90
13 14
13 16
13 23
13 25
13 26
13 27
13 28
13 29
13 30
13 31
13 32
13 33
13 34
13 35
13 37
13 38
13 39
13 44
13 47
13 48
13 144
14 18
14 19
14 22
14 24
14 26
14 28
14 30
14 34
14 35
14 36
14 37
14 40
14 41
14 42
14 43
14 44
14 49
14 62
14 87
15 16
15 17
15 18
15 20
15 22
15 25
15 26
15 29
15 30
15 34
15 38
15 39
15 40
15 42
15 43
15 45
15 46
15 47
15 48
15 142
16 18
16 19
16 20
16 25
16 27
16 31
16 32
16 33
16 35
16 37
16 38
16 39
16 41
16 42
16 44
16 46
16 47
16 48
16 49
17 18
17 21
17 22
17 23
17 28
17 29
17 31
17 33
17 35
17 36
17 37
17 39
17 40
17 42
17 43
17 45
17 47
17 49
17 148
17 115
18 19
18 20
18 21
18 22
18 23
18 27
18 28
18 33
18 34
18 35
18 37
18 38
18 39
18 40
18 41
18 42
18 43
18 45
18 48
19 20
19 21
19 25
19 26
19 27
19 30
19 36
19 38
19 41
19 44
19 47
19 48
19 49
20 21
20 22
20 29
20 30
20 31
20 32
20 35
20 36
20 37
20 42
20 43
20 44
20 46
20 47
20 48
20 49
21 22
21 23
21 28
21 29
21 31
21 35
21 36
21 38
21 39
21 40
21 44
21 45
21 46
21 47
21 48
21 54
21 99
21 111
22 23
22 26
22 27
22 28
22 29
22 30
22 32
22 33
22 36
22 40
22 41
22 42
22 44
22 45
22 47
22 49
23 25
23 26
23 28
23 32
23 33
23 34
23 35
23 37
23 38
23 41
23 43
23 44
23 45
23 47
23 48
24 29
24 31
24 34
24 37
24 38
24 40
24 41
24 45
24 47
24 49
25 26
25 28
25 29
25 31
25 33
25 35
25 37
25 38
25 39
25 41
25 44
25 48
26 28
26 30
26 31
26 35
26 37
26 41
26 46
26 47
26 48
27 30
27 31
27 32
27 34
27 35
27 37
27 39
27 42
27 44
27 46
27 47
27 49
27 57
27 97
28 30
28 31
28 33
28 34
28 35
28 36
28 45
28 47
28 48
28 49
29 30
29 33
29 36
29 37
29 40
29 42
29 44
29 46
30 31
30 32
30 33
30 34
30 36
30 37
30 40
30 41
30 43
30 46
30 47
30 49
31 32
31 33
31 38
31 40
31 41
31 46
31 93
31 136
32 34
32 36
32 40
32 42
32 43
32 44
32 46
32 48
32 49
32 64
32 101
33 35
33 36
33 38
33 40
33 42
33 44
33 45
33 48
34 35
34 36
34 37
34 39
34 45
34 47
34 48
34 49
34 121
35 36
35 37
35 38
35 40
35 41
35 42
35 43
35 44
35 45
35 46
35 49
36 38
36 39
36 41
36 46
37 39
37 40
37 41
37 43
37 46
37 47
37 49
37 61
38 39
38 41
38 45
38 46
38 93
39 40
39 42
39 43
39 44
39 45
39 46
39 48
40 42
40 43
40 45
40 46
40 47
40 49
40 66
41 42
41 44
41 45
41 46
41 47
41 48
41 49
41 63
41 66
41 136
41 148
42 43
42 45
42 48
42 63
43 95
44 45
44 46
44 47
44 49
45 46
45 47
45 48
45 53
46 48
46 49
46 50
46 61
48 49
48 67
49 63
50 52
50 54
50 55
50 57
50 59
50 60
50 64
50 65
50 67
50 68
50 72
50 78
50 79
50 82
50 84
50 86
50 87
50 92
50 93
50 96
50 97
50 99
50 132
51 53
51 55
51 58
51 59
51 61
51 62
51 63
51 68
51 69
51 73
51 74
51 75
51 76
51 77
51 80
51 81
51 83
51 84
51 85
51 86
51 90
51 91
51 93
51 97
51 98
51 142
52 53
52 54
52 55
52 57
52 60
52 62
52 63
52 65
52 66
52 68
52 71
52 73
52 75
52 77
52 81
52 82
52 83
52 84
52 88
52 89
52 91
52 93
52 95
52 96
52 98
52 136
53 54
53 56
53 60
53 63
53 64
53 68
53 69
53 73
53 74
53 75
53 76
53 78
53 81
53 82
53 84
53 85
53 89
53 94
53 95
53 97
53 98
53 144
54 56
54 58
54 63
54 65
54 66
54 69
54 70
54 72
54 76
54 77
54 79
54 84
54 85
54 88
54 89
54 92
54 93
54 99
55 56
55 58
55 60
55 61
55 63
55 66
55 67
55 68
55 69
55 70
55 72
55 73
55 74
55 76
55 77
55 78
55 79
55 80
55 81
55 83
55 84
55 89
55 90
55 91
55 94
55 97
55 99
56 63
56 65
56 67
56 73
56 75
56 78
56 79
56 82
56 84
56 86
56 87
56 88
56 89
56 91
56 93
56 99
57 59
57 63
57 64
57 70
57 71
57 76
57 77
57 84
57 86
57 88
57 90
57 91
57 96
57 98
57 99
58 59
58 63
58 64
58 65
58 66
58 67
58 70
58 73
58 74
58 79
58 80
58 81
58 83
58 84
58 85
58 87
58 89
58 90
58 92
58 94
58 95
59 62
59 63
59 71
59 72
59 73
59 75
59 81
59 82
59 86
59 88
59 90
59 93
59 99
59 115
60 62
60 63
60 67
60 68
60 70
60 74
60 75
60 81
60 88
60 90
60 91
60 94
60 98
61 63
61 64
61 65
61 66
61 67
61 68
61 69
61 70
61 71
61 72
61 74
61 77
61 79
61 80
61 81
61 82
61 83
61 84
61 85
61 89
61 90
61 94
61 97
61 99
62 65
62 66
62 67
62 68
62 69
62 70
62 71
62 72
62 74
62 76
62 78
62 80
62 82
62 83
62 84
62 85
62 87
62 88
62 89
62 91
62 94
62 97
63 64
63 65
63 70
63 71
63 72
63 75
63 78
63 80
63 81
63 82
63 84
63 85
63 89
63 90
63 93
63 95
63 97
63 98
64 66
64 67
64 69
64 73
64 74
64 78
64 81
64 83
64 84
64 85
64 88
64 89
64 91
64 92
64 94
64 95
64 97
64 98
64 99
64 136
65 67
65 71
65 74
65 78
65 79
65 82
65 83
65 84
65 85
65 90
65 91
65 93
65 98
65 99
65 139
65 101
66 68
66 71
66 72
66 73
66 76
66 77
66 81
66 83
66 86
66 87
66 88
66 89
66 92
66 93
66 94
66 95
66 97
66 98
67 68
67 69
67 74
67 76
67 78
67 82
67 85
67 92
67 94
67 97
67 99
68 70
68 73
68 74
68 75
68 78
68 80
68 82
68 84
68 87
68 88
68 89
68 93
68 94
68 98
68 140
69 70
69 72
69 75
69 77
69 78
69 79
69 80
69 82
69 84
69 87
69 90
69 92
69 94
69 95
69 96
69 97
69 98
69 99
70 71
70 73
70 74
70 75
70 78
70 79
70 80
70 81
70 83
70 84
70 85
70 87
70 88
70 89
70 91
70 93
70 96
70 97
70 98
70 99
71 72
71 75
71 76
71 77
71 78
71 79
71 82
71 83
71 85
71 87
71 88
71 89
71 92
71 93
71 94
71 96
71 97
71 98
71 99
71 141
72 74
72 76
72 79
72 80
72 82
72 83
72 84
72 85
72 87
72 88
72 91
72 92
72 95
72 97
72 147
73 77
73 79
73 80
73 81
73 83
73 85
73 86
73 87
73 88
73 91
73 92
73 96
73 125
74 76
74 77
74 78
74 79
74 80
74 81
74 85
74 87
74 88
74 90
74 91
74 92
74 96
74 97
74 99
75 76
75 79
75 82
75 84
75 87
75 88
75 90
75 91
75 95
75 96
75 97
75 98
75 99
76 77
76 78
76 79
76 80
76 82
76 83
76 87
76 89
76 92
76 93
76 96
76 97
76 98
76 132
76 125
77 83
77 84
77 86
77 87
77 89
77 93
77 98
78 79
78 80
78 84
78 87
78 90
78 93
78 94
78 95
78 97
78 98
78 99
79 80
79 82
79 85
79 87
79 89
79 90
79 94
79 98
80 81
80 82
80 84
80 86
80 87
80 88
80 91
80 93
80 97
80 98
81 85
81 86
81 87
81 89
81 91
81 92
81 94
81 96
81 97
81 98
81 122
82 85
82 86
82 87
82 89
82 95
82 96
82 99
82 121
83 85
83 86
83 87
83 90
83 96
83 99
84 88
84 90
84 91
84 92
84 96
84 97
84 98
84 116
85 88
85 89
85 90
85 93
85 94
85 99
86 88
86 89
86 93
86 96
86 99
86 145
87 88
87 92
87 93
87 94
87 95
87 99
88 89
88 93
88 95
88 97
88 98
89 90
89 91
89 94
89 95
89 98
89 99
89 139
90 92
90 94
90 98
90 121
91 97
91 98
92 94
92 97
92 98
93 94
93 96
93 97
93 98
93 128
93 131
94 98
94 99
94 114
95 98
96 107
98 99
99 139
99 142
128 131
128 132
128 134
128 136
128 138
128 139
128 142
128 143
128 144
128 146
128 100
128 102
128 105
128 106
128 107
128 108
128 110
128 111
128 116
128 117
128 118
128 120
128 121
128 123
128 125
128 127
129 131
129 135
129 141
129 143
129 144
129 145
129 146
129 100
129 101
129 106
129 107
129 110
129 111
129 112
129 114
129 117
129 118
129 120
129 121
129 122
129 125
130 131
130 132
130 135
130 136
130 137
130 139
130 142
130 143
130 145
130 148
130 149
130 101
130 102
130 103
130 104
130 106
130 110
130 115
130 116
130 117
130 121
130 124
130 126
131 132
131 134
131 136
131 138
131 139
131 141
131 145
131 147
131 148
131 100
131 101
131 102
131 104
131 109
131 110
131 113
131 115
131 116
131 117
131 120
131 122
131 124
131 126
131 127
132 133
132 135
132 138
132 149
132 101
132 102
132 103
132 106
132 108
132 109
132 113
132 115
132 117
132 118
132 119
132 121
132 125
132 127
133 134
133 135
133 136
133 137
133 138
133 140
133 142
133 145
133 100
133 101
133 103
133 107
133 109
133 110
133 112
133 118
133 120
133 121
133 125
133 126
134 136
134 137
134 138
134 140
134 142
134 143
134 144
134 145
134 146
134 147
134 148
134 149
134 100
134 102
134 105
134 107
134 108
134 109
134 110
134 111
134 112
134 113
134 114
134 115
134 117
134 118
134 121
134 122
134 123
134 125
134 127
135 136
135 138
135 140
135 143
135 144
135 145
135 146
135 147
135 148
135 149
135 101
135 102
135 103
135 105
135 107
135 108
135 109
135 110
135 112
135 118
135 122
135 126
135 127
136 138
136 139
136 140
136 141
136 143
136 146
136 149
136 100
136 101
136 104
136 106
136 107
136 109
136 110
136 114
136 118
136 119
136 125
136 126
137 138
137 140
137 141
137 142
137 143
137 144
137 147
137 149
137 100
137 101
137 102
137 104
137 105
137 107
137 108
137 109
137 111
137 112
137 114
137 116
137 118
137 119
137 121
137 123
137 124
137 127
138 141
138 144
138 145
138 149
138 100
138 101
138 105
138 106
138 108
138 109
138 113
138 114
138 115
138 116
138 118
138 120
138 121
138 122
138 123
138 124
139 140
139 142
139 144
139 146
139 147
139 148
139 103
139 104
139 107
139 108
139 109
139 110
139 111
139 113
139 114
139 118
139 119
139 124
139 126
139 127
140 142
140 143
140 146
140 147
140 148
140 149
140 100
140 103
140 108
140 109
140 111
140 114
140 118
140 122
140 123
140 124
140 126
140 127
141 145
141 147
141 148
141 100
141 102
141 104
141 105
141 107
141 109
141 111
141 112
141 115
141 119
141 120
141 124
141 125
141 127
142 143
142 144
142 145
142 148
142 149
142 100
142 105
142 107
142 109
142 110
142 112
142 113
142 116
142 118
142 119
142 120
142 122
142 125
142 127
143 144
143 147
143 149
143 102
143 103
143 104
143 106
143 108
143 109
143 117
143 119
143 120
143 122
143 123
143 124
143 125
143 127
144 146
144 148
144 103
144 105
144 106
144 107
144 108
144 112
144 113
144 116
144 118
144 122
144 124
144 125
144 126
144 127
145 147
145 100
145 101
145 103
145 109
145 112
145 113
145 114
145 115
145 122
145 123
145 124
145 125
145 126
145 127
146 149
146 100
146 102
146 103
146 106
146 109
146 113
146 115
146 117
146 119
146 120
146 121
146 124
146 125
147 100
147 101
147 106
147 109
147 111
147 112
147 113
147 117
147 119
147 120
147 125
147 126
147 127
148 100
148 105
148 109
148 112
148 113
148 114
148 115
148 116
148 124
148 127
149 100
149 101
149 104
149 106
149 107
149 108
149 110
149 111
149 112
149 113
149 114
149 115
149 118
149 121
149 122
149 123
149 125
149 127
100 102
100 105
100 106
100 107
100 108
100 110
100 113
100 114
100 116
100 117
100 118
100 119
100 120
100 121
100 126
100 127
101 102
101 103
101 104
101 108
101 109
101 110
101 111
101 112
101 116
101 117
101 118
101 119
101 122
101 123
101 127
102 103
102 107
102 112
102 113
102 118
102 119
102 122
102 125
102 127
103 105
103 107
103 109
103 110
103 112
103 113
103 114
103 115
103 117
103 123
103 126
104 109
104 112
104 113
104 114
104 115
104 119
104 123
104 124
104 126
105 106
105 109
105 110
105 112
105 113
105 115
105 116
105 119
105 121
105 123
106 108
106 109
106 110
106 111
106 112
106 114
106 115
106 118
106 121
106 122
106 123
107 109
107 110
107 112
107 113
107 115
107 116
107 117
107 118
107 121
107 125
107 126
108 110
108 113
108 114
108 115
108 119
108 120
108 121
108 122
108 123
108 125
108 127
109 110
109 111
109 114
109 115
109 118
109 119
109 120
109 122
109 124
109 125
109 126
109 127
110 119
110 120
110 121
110 122
110 123
110 124
110 127
111 112
111 116
111 117
111 118
111 119
111 120
111 121
111 122
111 124
111 125
111 126
111 127
112 113
112 114
112 115
112 116
112 117
112 120
112 121
112 126
112 127
113 114
113 115
113 117
113 118
113 123
113 124
113 126
113 127
114 116
114 117
114 120
114 121
114 127
115 117
115 120
115 124
115 125
116 119
116 124
116 125
116 126
116 127
117 118
117 119
117 120
117 123
117 124
117 125
118 121
118 123
118 126
118 127
119 120
119 127
120 121
120 122
120 126
120 127
121 124
121 125
121 126
122 125
122 126
122 127
123 124
123 125
123 126
123 127
124 125
125 126
126 127
