0 2
0 3
0 6
0 7
0 10
0 11
0 12
0 14
0 16
0 17
0 18
0 19
0 20
0 23
0 25
0 28
0 29
0 30
0 33
0 36
0 37
0 39
0 42
0 43
0 44
0 46
0 48
0 51
0 69
0 71
0 91
0 93
0 135
0 123
0 124
1 2
1 4
1 5
1 6
1 11
1 12
1 13
1 14
1 16
1 17
1 18
1 21
1 23
1 27
1 31
1 34
1 38
1 39
1 40
1 41
1 42
1 43
1 44
1 47
1 73
1 93
1 95
1 128
1 111
1 124
2 4
2 6
2 7
2 11
2 13
2 14
2 15
2 17
2 23
2 28
2 29
2 31
2 34
2 38
2 42
2 44
2 45
2 46
2 63
2 72
2 75
2 82
2 90
2 93
2 131
2 132
2 127
3 5
3 7
3 8
3 9
3 10
3 11
3 13
3 14
3 17
3 20
3 23
3 24
3 25
3 26
3 31
3 32
3 35
3 36
3 37
3 39
3 41
3 44
3 45
3 54
3 56
3 69
3 94
3 140
3 143
3 147
3 104
3 107
3 108
3 113
3 114
3 116
3 118
3 121
4 5
4 8
4 9
4 11
4 13
4 14
4 15
4 16
4 17
4 18
4 19
4 21
4 24
4 25
4 28
4 29
4 35
4 37
4 39
4 48
4 52
4 55
4 66
4 75
4 76
4 97
4 101
4 120
5 7
5 11
5 12
5 13
5 14
5 20
5 23
5 25
5 26
5 27
5 30
5 31
5 32
5 36
5 37
5 38
5 39
5 41
5 45
5 46
5 47
5 48
5 49
5 54
5 68
5 79
5 89
5 136
5 145
5 148
5 108
5 118
5 120
6 7
6 16
6 17
6 18
6 20
6 24
6 25
6 26
6 27
6 29
6 30
6 32
6 37
6 39
6 45
6 48
6 64
6 65
6 69
6 77
6 81
6 84
6 89
6 91
6 95
6 133
6 137
6 148
6 121
6 122
6 126
7 8
7 11
7 15
7 16
7 17
7 19
7 20
7 22
7 24
7 26
7 27
7 28
7 32
7 35
7 36
7 37
7 40
7 45
7 46
7 47
7 48
7 49
7 52
7 56
7 73
7 88
7 91
7 137
7 149
7 103
7 104
7 108
8 11
8 13
8 14
8 15
8 16
8 17
8 18
8 21
8 22
8 23
8 24
8 25
8 26
8 27
8 29
8 30
8 33
8 34
8 35
8 36
8 39
8 40
8 42
8 45
8 46
8 47
8 49
8 51
8 61
8 64
8 79
8 90
8 94
8 135
8 100
9 12
9 14
9 16
9 21
9 22
9 23
9 25
9 26
9 27
9 29
9 30
9 32
9 34
9 36
9 37
9 38
9 39
9 40
9 41
9 44
9 49
9 69
9 73
9 77
9 129
9 100
9 125
10 11
10 14
10 15
10 16
10 18
10 21
10 22
10 23
10 25
10 27
10 31
10 32
10 33
10 34
10 35
10 37
10 38
10 41
10 44
10 46
10 48
10 49
10 56
10 73
10 80
10 96
10 149
10 110
11 12
11 13
11 19
11 20
11 24
11 27
11 28
11 29
11 30
11 33
11 39
11 41
11 42
11 43
11 46
11 48
11 49
11 61
11 77
11 87
11 88
11 93
11 99
11 136
11 140
11 144
11 101
11 104
11 108
11 119
11 127
12 13
12 14
12 15
12 16
12 17
12 18
12 19
12 22
12 25
12 27
12 28
12 33
12 35
12 36
12 39
12 40
12 41
12 44
12 45
12 48
12 63
12 79
12 91
12 94
12 133
12 105
12 110
13 14
13 18
13 19
13 22
13 23
13 25
13 26
13 27
13 29
13 30
13 32
13 34
13 36
13 37
13 38
13 39
13 40
13 45
13 46
13 49
13 59
13 62
13 63
13 69
13 75
13 78
13 93
13 95
13 98
13 130
13 144
13 100
13 103
13 126
13 127
14 16
14 18
14 21
14 22
14 30
14 33
14 36
14 40
14 41
14 43
14 44
14 47
14 55
14 70
14 72
14 79
14 94
14 130
14 141
14 110
14 117
14 120
15 18
15 19
15 22
15 27
15 29
15 30
15 32
15 33
15 34
15 35
15 36
15 39
15 40
15 42
15 43
15 44
15 49
15 82
15 85
15 89
15 92
15 97
15 145
15 100
15 111
15 124
15 125
16 21
16 22
16 25
16 27
16 31
16 33
16 35
16 38
16 42
16 44
16 45
16 46
16 48
16 49
16 58
16 75
16 78
16 81
16 82
16 83
16 143
16 149
16 107
16 115
16 116
16 122
17 19
17 20
17 21
17 22
17 23
17 26
17 27
17 28
17 31
17 33
17 39
17 40
17 49
17 57
17 60
17 67
17 68
17 79
17 98
17 130
17 145
17 103
17 105
17 106
17 124
18 19
18 25
18 26
18 28
18 32
18 33
18 34
18 37
18 40
18 42
18 43
18 44
18 46
18 47
18 48
18 65
18 129
18 143
18 144
18 145
18 146
18 100
18 102
18 106
18 110
18 113
18 115
19 20
19 21
19 23
19 24
19 26
19 27
19 28
19 29
19 30
19 31
19 32
19 35
19 36
19 37
19 39
19 40
19 42
19 46
19 47
19 49
19 56
19 90
19 99
19 102
19 105
19 127
20 25
20 28
20 31
20 33
20 35
20 36
20 41
20 42
20 45
20 46
20 48
20 49
20 62
20 69
20 83
20 88
20 94
20 138
20 140
20 149
20 109
20 110
20 118
20 123
20 124
21 22
21 25
21 28
21 29
21 32
21 34
21 35
21 36
21 39
21 42
21 43
21 45
21 46
21 48
21 49
21 55
21 59
21 60
21 65
21 76
21 83
21 89
21 92
21 94
21 130
21 131
21 133
21 137
21 149
21 123
22 24
22 25
22 26
22 27
22 31
22 34
22 35
22 36
22 37
22 42
22 44
22 45
22 49
22 51
22 76
22 90
22 145
22 146
22 111
22 117
23 24
23 33
23 34
23 40
23 41
23 47
23 49
23 51
23 85
23 91
23 95
23 128
23 142
23 144
23 105
23 123
23 127
24 26
24 28
24 31
24 34
24 35
24 36
24 40
24 41
24 44
24 45
24 46
24 47
24 48
24 49
24 51
24 53
24 65
24 66
24 68
24 76
24 132
24 121
25 26
25 27
25 28
25 29
25 30
25 33
25 34
25 35
25 37
25 38
25 40
25 42
25 46
25 47
25 56
25 69
25 81
25 83
25 90
25 128
25 135
25 144
25 149
25 121
25 126
26 27
26 29
26 30
26 33
26 34
26 35
26 36
26 37
26 39
26 40
26 43
26 44
26 47
26 48
26 49
26 62
26 64
26 81
26 83
26 92
26 94
26 129
26 130
26 139
26 125
27 29
27 30
27 32
27 34
27 37
27 38
27 39
27 40
27 41
27 42
27 43
27 44
27 45
27 47
27 48
27 49
27 55
27 65
27 68
27 70
27 95
27 139
27 120
28 30
28 32
28 33
28 35
28 36
28 37
28 38
28 41
28 42
28 43
28 44
28 45
28 47
28 49
28 50
28 54
28 59
28 71
28 76
28 145
28 149
28 103
28 110
28 112
29 30
29 33
29 34
29 35
29 36
29 38
29 39
29 42
29 43
29 45
29 55
29 64
29 66
29 85
29 89
29 100
29 112
30 32
30 33
30 34
30 37
30 39
30 44
30 45
30 47
30 75
30 85
30 93
30 94
30 138
30 101
30 103
30 111
30 117
31 32
31 33
31 43
31 44
31 45
31 46
31 58
31 69
31 73
31 75
31 85
31 92
31 97
31 141
31 107
31 121
31 127
32 34
32 36
32 40
32 42
32 47
32 48
32 49
32 52
32 53
32 64
32 72
32 77
32 90
32 101
32 110
33 35
33 37
33 38
33 39
33 40
33 42
33 43
33 45
33 48
33 64
33 72
33 75
33 90
33 95
33 132
33 133
33 104
33 111
33 112
33 113
33 125
34 35
34 36
34 37
34 38
34 39
34 40
34 42
34 43
34 47
34 48
34 50
34 52
34 86
34 128
34 134
34 139
34 107
34 108
34 115
34 124
35 38
35 41
35 44
35 46
35 48
35 49
35 54
35 72
35 75
35 78
35 81
35 130
35 132
35 135
35 147
35 105
35 115
35 126
36 37
36 40
36 41
36 43
36 47
36 48
36 49
36 78
36 82
36 98
36 134
36 135
36 136
36 139
36 146
36 149
36 121
36 122
36 124
37 39
37 41
37 43
37 44
37 45
37 46
37 47
37 62
37 81
37 83
37 86
37 94
37 130
37 143
37 113
37 116
38 40
38 43
38 44
38 45
38 47
38 53
38 58
38 69
38 74
38 79
38 89
38 96
38 139
38 107
38 113
38 120
38 123
38 126
39 40
39 41
39 47
39 48
39 49
39 54
39 69
39 74
39 80
39 85
39 98
39 131
40 41
40 43
40 44
40 45
40 47
40 54
40 64
40 68
40 71
40 75
40 79
40 86
40 88
40 95
40 96
40 131
40 137
40 145
40 101
40 102
40 104
40 113
40 118
40 120
41 42
41 43
41 45
41 46
41 48
41 49
41 50
41 59
41 67
41 76
41 96
41 144
41 111
41 124
42 44
42 46
42 50
42 53
42 59
42 64
42 74
42 99
42 115
42 124
43 61
43 65
43 68
43 69
43 72
43 87
43 89
43 117
43 122
44 45
44 47
44 48
44 56
44 61
44 80
44 86
44 87
44 137
44 143
44 147
44 149
44 107
44 113
44 121
44 122
45 47
45 48
45 49
45 50
45 67
45 69
45 80
45 92
45 97
45 98
45 140
45 147
45 113
45 115
46 47
46 48
46 49
46 58
46 77
46 78
46 97
46 134
46 141
46 146
46 103
46 118
47 49
47 50
47 54
47 64
47 65
47 83
47 85
47 86
47 128
47 130
47 132
47 133
47 142
47 143
48 56
48 59
48 80
48 84
48 90
48 132
48 141
48 146
49 58
49 77
49 79
49 97
49 129
49 142
49 144
49 103
49 115
49 118
49 125
50 51
50 53
50 55
50 60
50 65
50 70
50 71
50 76
50 78
50 79
50 81
50 82
50 83
50 85
50 86
50 88
50 91
50 92
50 95
50 130
50 143
50 108
50 113
50 127
51 52
51 54
51 58
51 61
51 63
51 64
51 66
51 67
51 69
51 71
51 73
51 74
51 76
51 78
51 81
51 82
51 83
51 86
51 87
51 88
51 90
51 91
51 92
51 99
51 129
51 144
51 110
51 116
51 121
52 56
52 58
52 66
52 67
52 68
52 70
52 71
52 73
52 74
52 76
52 78
52 80
52 81
52 82
52 83
52 85
52 88
52 89
52 90
52 92
52 93
52 94
52 95
52 98
52 112
52 126
53 54
53 56
53 57
53 58
53 61
53 65
53 69
53 70
53 71
53 72
53 73
53 74
53 77
53 78
53 79
53 83
53 85
53 86
53 89
53 90
53 91
53 92
53 93
53 94
53 95
53 97
53 145
53 104
53 114
54 56
54 57
54 58
54 59
54 61
54 63
54 64
54 66
54 67
54 68
54 70
54 71
54 75
54 76
54 77
54 80
54 81
54 82
54 85
54 87
54 90
54 96
54 97
54 98
54 128
54 137
54 143
54 144
54 101
55 56
55 57
55 58
55 62
55 63
55 64
55 65
55 70
55 72
55 74
55 78
55 79
55 82
55 83
55 85
55 86
55 87
55 88
55 89
55 92
55 93
55 95
55 99
55 131
55 134
55 140
55 142
55 112
55 115
55 124
56 58
56 59
56 62
56 65
56 68
56 69
56 71
56 72
56 78
56 79
56 81
56 82
56 83
56 85
56 86
56 93
56 95
56 96
56 97
56 98
56 99
56 136
56 100
56 107
56 118
56 121
56 124
57 60
57 70
57 72
57 73
57 74
57 75
57 77
57 78
57 82
57 83
57 85
57 88
57 89
57 90
57 94
57 99
57 131
57 138
57 143
57 144
57 147
57 101
57 116
57 126
58 59
58 62
58 63
58 67
58 68
58 69
58 72
58 73
58 76
58 77
58 84
58 85
58 88
58 89
58 90
58 91
58 94
58 97
58 102
58 122
59 60
59 61
59 64
59 65
59 69
59 70
59 71
59 74
59 76
59 78
59 79
59 81
59 85
59 86
59 88
59 89
59 91
59 92
59 93
59 94
59 95
59 96
59 98
59 99
59 106
59 126
60 63
60 64
60 67
60 68
60 72
60 75
60 79
60 81
60 84
60 88
60 90
60 92
60 99
60 142
60 104
60 105
60 110
60 118
60 120
60 121
61 64
61 70
61 76
61 77
61 81
61 83
61 87
61 89
61 90
61 91
61 92
61 94
61 95
61 137
61 138
61 143
61 109
61 121
62 63
62 64
62 67
62 68
62 74
62 75
62 79
62 80
62 83
62 85
62 89
62 90
62 91
62 92
62 95
62 96
62 97
62 99
62 132
62 136
62 103
62 106
62 111
63 65
63 66
63 68
63 69
63 72
63 73
63 74
63 75
63 77
63 79
63 80
63 81
63 82
63 83
63 85
63 87
63 88
63 91
63 92
63 93
63 95
63 96
63 99
63 138
63 139
63 141
63 142
63 106
63 124
63 127
64 65
64 66
64 68
64 69
64 70
64 71
64 72
64 73
64 75
64 76
64 81
64 84
64 85
64 91
64 92
64 93
64 94
64 96
64 97
64 98
64 129
64 131
64 101
64 103
65 66
65 67
65 68
65 69
65 70
65 71
65 72
65 74
65 76
65 77
65 79
65 82
65 84
65 85
65 86
65 87
65 88
65 90
65 92
65 96
65 97
65 98
65 101
65 113
66 68
66 74
66 76
66 77
66 81
66 83
66 84
66 86
66 88
66 89
66 94
66 95
66 99
66 129
66 134
66 123
66 124
67 71
67 72
67 73
67 74
67 76
67 78
67 81
67 82
67 85
67 86
67 87
67 89
67 90
67 94
67 95
67 97
67 98
67 140
67 145
67 148
67 104
67 123
68 70
68 71
68 73
68 74
68 75
68 76
68 78
68 82
68 83
68 84
68 85
68 86
68 88
68 93
68 94
68 95
68 96
68 97
68 99
68 139
68 141
68 143
69 70
69 72
69 76
69 78
69 79
69 80
69 81
69 83
69 87
69 89
69 90
69 91
69 92
69 93
69 94
69 98
69 148
69 106
70 74
70 77
70 78
70 81
70 83
70 84
70 88
70 92
70 94
70 95
70 97
70 98
70 99
70 133
70 110
70 113
70 116
70 121
71 72
71 74
71 78
71 79
71 80
71 81
71 83
71 87
71 88
71 94
71 95
71 96
71 97
71 98
71 99
71 137
71 143
71 148
71 122
72 73
72 74
72 75
72 76
72 77
72 78
72 79
72 80
72 81
72 82
72 89
72 90
72 91
72 92
72 94
72 95
72 98
72 99
72 112
73 74
73 76
73 80
73 82
73 84
73 85
73 88
73 89
73 90
73 94
73 95
73 96
73 98
73 132
73 102
73 112
73 115
73 123
74 76
74 77
74 83
74 85
74 87
74 88
74 89
74 90
74 91
74 92
74 93
74 95
74 97
74 98
74 135
74 136
74 121
74 126
75 77
75 78
75 79
75 85
75 86
75 94
75 95
75 96
75 99
75 147
75 102
75 103
75 105
75 113
76 78
76 82
76 83
76 85
76 86
76 88
76 90
76 91
76 93
76 95
76 96
76 98
76 99
76 134
76 146
76 100
76 110
76 112
76 113
76 124
77 81
77 82
77 83
77 85
77 87
77 91
77 92
77 93
77 94
77 95
77 96
77 98
77 111
78 81
78 82
78 83
78 86
78 87
78 91
78 92
78 93
78 95
78 98
78 101
78 124
79 80
79 83
79 84
79 85
79 88
79 90
79 91
79 93
79 94
79 95
79 97
79 98
79 99
79 139
79 108
79 116
79 121
79 125
80 84
80 86
80 89
80 91
80 92
80 96
80 97
80 130
80 146
80 107
80 121
80 122
81 84
81 85
81 86
81 87
81 89
81 90
81 91
81 93
81 95
81 98
81 99
81 129
81 130
81 140
81 141
81 143
81 149
81 104
81 106
81 107
81 111
81 119
82 83
82 84
82 85
82 86
82 87
82 88
82 89
82 93
82 95
82 98
82 99
82 130
82 132
82 134
82 135
82 116
83 85
83 87
83 88
83 89
83 92
83 96
83 99
83 128
83 134
83 136
83 148
83 105
83 127
84 86
84 88
84 89
84 90
84 92
84 93
84 94
84 95
84 133
84 145
85 88
85 89
85 90
85 92
85 93
85 94
85 95
85 98
85 99
85 131
85 137
85 112
85 123
86 87
86 88
86 91
86 92
86 94
86 95
86 96
86 98
86 130
86 144
86 148
86 106
86 108
86 109
86 111
86 118
87 90
87 94
87 96
87 98
87 146
87 147
87 105
87 120
88 91
88 92
88 93
88 94
88 96
88 97
88 98
88 134
88 149
89 91
89 93
89 97
89 98
89 144
89 120
90 92
90 94
90 96
90 97
90 98
90 100
90 101
90 119
90 126
91 92
91 93
91 94
91 97
91 98
91 99
91 145
91 109
91 117
92 94
92 95
92 96
92 97
92 137
92 138
92 149
92 109
92 116
92 121
93 95
93 96
93 98
93 144
93 104
93 109
93 113
93 119
94 96
94 97
94 99
94 136
94 142
94 148
94 113
94 117
94 123
95 96
95 97
95 128
95 138
95 140
95 142
95 104
95 120
95 127
96 97
96 98
96 99
96 129
96 146
96 108
96 110
96 125
96 127
97 98
97 128
97 129
97 146
98 99
98 137
98 138
98 148
98 149
98 120
98 121
98 127
99 130
99 146
128 130
128 131
128 134
128 135
128 136
128 137
128 138
128 141
128 142
128 143
128 144
128 145
128 147
128 148
128 100
128 101
128 104
128 105
128 107
128 114
128 116
128 118
128 120
128 122
128 123
128 127
129 130
129 131
129 132
129 133
129 134
129 135
129 139
129 140
129 141
129 142
129 144
129 146
129 148
129 103
129 104
129 107
129 108
129 111
129 112
129 113
129 117
129 118
129 119
129 120
129 122
129 125
129 126
130 131
130 134
130 136
130 138
130 140
130 141
130 142
130 144
130 146
130 147
130 148
130 103
130 104
130 113
130 114
130 119
130 122
130 125
130 127
131 132
131 133
131 134
131 135
131 137
131 138
131 139
131 141
131 144
131 146
131 147
131 148
131 100
131 104
131 106
131 107
131 108
131 109
131 111
131 112
131 114
131 117
131 121
131 123
132 134
132 136
132 139
132 140
132 143
132 144
132 146
132 148
132 100
132 101
132 103
132 107
132 108
132 109
132 110
132 113
132 114
132 116
132 117
132 119
132 121
132 122
132 124
133 139
133 141
133 143
133 144
133 145
133 148
133 149
133 101
133 102
133 104
133 107
133 108
133 110
133 111
133 115
133 117
133 120
133 121
133 125
134 135
134 136
134 137
134 138
134 139
134 140
134 141
134 142
134 144
134 145
134 101
134 103
134 104
134 105
134 107
134 111
134 112
134 116
134 117
134 119
134 124
135 136
135 140
135 144
135 145
135 148
135 149
135 100
135 105
135 107
135 108
135 109
135 111
135 114
135 116
135 121
135 123
135 124
135 125
135 127
136 137
136 138
136 139
136 142
136 145
136 146
136 147
136 149
136 104
136 105
136 106
136 109
136 110
136 111
136 112
136 114
136 115
136 116
136 117
136 118
136 120
136 123
137 141
137 142
137 143
137 144
137 146
137 149
137 101
137 102
137 103
137 105
137 106
137 107
137 108
137 110
137 111
137 114
137 116
137 118
137 122
137 123
137 125
137 126
138 140
138 142
138 143
138 146
138 147
138 148
138 149
138 101
138 102
138 103
138 104
138 105
138 106
138 108
138 109
138 110
138 111
138 112
138 117
138 119
138 120
138 122
138 123
138 124
139 140
139 141
139 142
139 148
139 149
139 100
139 101
139 103
139 104
139 108
139 109
139 110
139 111
139 114
139 119
139 120
139 122
139 124
139 125
139 126
139 127
140 141
140 142
140 144
140 145
140 148
140 100
140 101
140 102
140 103
140 105
140 106
140 108
140 110
140 113
140 115
140 119
140 120
140 121
140 122
140 125
140 127
141 142
141 143
141 145
141 147
141 149
141 100
141 104
141 105
141 107
141 109
141 110
141 112
141 114
141 116
141 119
141 121
141 124
141 125
141 126
142 147
142 149
142 100
142 101
142 102
142 103
142 104
142 107
142 108
142 109
142 110
142 111
142 112
142 117
142 118
142 121
142 122
142 123
142 126
143 146
143 148
143 149
143 105
143 106
143 108
143 109
143 111
143 112
143 116
143 120
143 121
143 122
143 125
143 126
143 127
144 145
144 148
144 149
144 101
144 102
144 107
144 110
144 115
144 116
144 117
144 118
144 121
144 125
145 147
145 148
145 100
145 101
145 102
145 103
145 105
145 106
145 107
145 108
145 110
145 111
145 115
145 116
145 117
145 120
145 122
145 125
145 126
145 127
146 100
146 102
146 103
146 105
146 106
146 108
146 110
146 112
146 113
146 114
146 116
146 118
146 120
146 122
146 123
146 124
146 125
146 127
147 149
147 101
147 103
147 106
147 107
147 108
147 109
147 110
147 112
147 113
147 114
147 115
147 117
147 120
147 121
147 122
147 124
147 126
148 101
148 103
148 111
148 112
148 114
148 117
148 119
148 120
148 122
148 124
148 125
148 126
148 127
149 100
149 101
149 104
149 105
149 106
149 110
149 111
149 112
149 115
149 122
149 125
149 126
100 104
100 105
100 109
100 110
100 111
100 117
100 122
101 102
101 103
101 105
101 108
101 109
101 110
101 111
101 113
101 117
101 123
101 124
101 127
102 104
102 115
102 117
102 120
102 123
102 125
102 126
102 127
103 106
103 107
103 116
103 119
103 122
103 125
103 126
104 107
104 108
104 111
104 112
104 113
104 114
104 115
104 116
104 118
104 120
104 123
104 124
104 127
105 107
105 111
105 112
105 113
105 114
105 115
105 116
105 118
105 119
105 120
105 121
105 125
105 126
106 111
106 113
106 115
106 116
106 118
106 119
106 121
106 123
106 125
106 126
107 109
107 110
107 111
107 117
107 120
107 121
107 124
107 125
108 113
108 117
108 120
108 126
108 127
109 110
109 111
109 112
109 114
109 118
109 120
109 121
109 122
109 123
109 125
109 126
109 127
110 111
110 113
110 119
110 120
110 122
110 123
110 126
110 127
111 113
111 117
111 118
111 121
111 127
112 116
112 117
112 118
112 124
112 125
112 126
113 119
113 120
113 121
113 122
113 127
114 115
114 116
114 119
114 121
114 122
114 123
114 127
115 116
115 118
115 119
115 121
115 122
116 117
116 118
116 121
116 122
116 125
117 118
117 119
117 120
117 121
117 123
117 124
117 125
117 126
118 119
118 122
118 123
118 125
118 126
119 121
119 122
119 124
119 125
119 127
120 121
121 123
121 124
121 125
122 123
122 127
123 124
123 125
123 127
124 125
124 126
124 127
125 126
125 127
126 127
