0 4
0 5
0 8
0 9
0 10
0 11
0 12
0 13
0 18
0 19
0 20
0 21
0 23
0 24
0 26
0 27
0 28
0 29
0 31
0 32
0 33
0 39
0 40
0 41
0 42
0 44
0 47
0 48
0 49
0 122
1 4
1 5
1 8
1 9
1 14
1 17
1 19
1 20
1 21
1 22
1 23
1 26
1 28
1 32
1 34
1 35
1 36
1 37
1 38
1 39
1 41
1 42
1 46
1 47
1 48
1 49
1 53
1 109
2 3
2 4
2 5
2 7
2 8
2 11
2 12
2 13
2 14
2 16
2 19
2 21
2 24
2 26
2 27
2 29
2 33
2 37
2 40
2 44
2 47
3 4
3 5
3 6
3 7
3 8
3 10
3 11
3 12
3 14
3 16
3 21
3 22
3 23
3 24
3 25
3 27
3 28
3 29
3 30
3 31
3 32
3 34
3 35
3 39
3 40
3 42
3 43
3 45
3 47
3 48
3 74
3 149
4 5
4 9
4 13
4 14
4 16
4 18
4 19
4 20
4 22
4 23
4 24
4 27
4 28
4 30
4 31
4 32
4 33
4 35
4 36
4 37
4 39
4 40
4 41
4 42
4 44
4 45
4 46
4 47
4 104
5 7
5 8
5 10
5 11
5 12
5 13
5 18
5 19
5 21
5 22
5 24
5 25
5 26
5 28
5 29
5 30
5 33
5 34
5 35
5 36
5 37
5 38
5 39
5 43
5 46
5 49
6 8
6 10
6 13
6 14
6 15
6 16
6 17
6 19
6 21
6 22
6 23
6 25
6 26
6 27
6 28
6 29
6 30
6 31
6 32
6 33
6 34
6 38
6 39
6 41
6 44
6 46
6 48
6 49
7 8
7 10
7 11
7 12
7 13
7 15
7 16
7 17
7 18
7 20
7 26
7 28
7 29
7 31
7 35
7 38
7 39
7 40
7 41
7 42
7 43
7 44
7 46
7 47
7 48
7 49
7 71
7 85
8 9
8 11
8 12
8 14
8 15
8 16
8 17
8 18
8 19
8 20
8 22
8 23
8 25
8 26
8 27
8 29
8 31
8 34
8 35
8 36
8 37
8 38
8 40
8 41
8 43
8 45
8 48
8 49
8 61
9 10
9 13
9 14
9 16
9 17
9 21
9 22
9 23
9 24
9 26
9 27
9 28
9 29
9 30
9 31
9 32
9 33
9 34
9 37
9 39
9 40
9 45
9 46
9 47
9 95
9 148
10 11
10 12
10 17
10 19
10 20
10 23
10 24
10 25
10 26
10 27
10 28
10 29
10 31
10 32
10 33
10 34
10 37
10 38
10 42
10 47
10 49
10 68
11 12
11 13
11 14
11 17
11 21
11 24
11 26
11 29
11 33
11 34
11 35
11 37
11 39
11 40
11 41
11 43
11 44
11 45
11 47
11 48
11 49
11 79
11 103
12 14
12 16
12 17
12 18
12 19
12 20
12 23
12 24
12 25
12 26
12 27
12 28
12 30
12 31
12 33
12 35
12 38
12 39
12 42
12 43
12 44
12 45
12 46
12 47
12 48
12 49
12 73
13 15
13 16
13 17
13 20
13 21
13 22
13 23
13 28
13 29
13 31
13 32
13 35
13 37
13 40
13 41
13 43
13 46
13 48
13 49
14 16
14 18
14 20
14 21
14 22
14 24
14 25
14 26
14 27
14 28
14 29
14 30
14 31
14 32
14 33
14 34
14 35
14 37
14 38
14 39
14 40
14 46
14 47
15 17
15 18
15 20
15 21
15 23
15 25
15 27
15 28
15 29
15 31
15 32
15 33
15 34
15 35
15 38
15 39
15 40
15 41
15 43
15 44
15 45
15 47
15 49
15 81
15 87
16 17
16 18
16 20
16 21
16 23
16 25
16 26
16 30
16 31
16 35
16 36
16 37
16 38
16 43
16 44
16 45
16 46
16 47
16 49
16 87
17 18
17 19
17 20
17 21
17 22
17 23
17 24
17 25
17 26
17 27
17 28
17 29
17 30
17 31
17 32
17 34
17 35
17 37
17 39
17 40
17 46
17 47
17 49
18 19
18 21
18 23
18 25
18 26
18 27
18 28
18 29
18 30
18 31
18 32
18 33
18 35
18 36
18 37
18 38
18 39
18 40
18 41
18 42
18 44
18 45
18 47
18 48
18 78
19 21
19 22
19 23
19 25
19 26
19 27
19 28
19 29
19 30
19 32
19 34
19 35
19 36
19 38
19 39
19 40
19 41
19 44
19 45
19 47
19 48
19 49
19 103
20 21
20 22
20 23
20 25
20 26
20 28
20 30
20 32
20 33
20 34
20 35
20 36
20 41
20 44
20 45
20 46
20 47
20 48
20 49
21 22
21 23
21 25
21 26
21 27
21 29
21 34
21 37
21 41
21 44
21 46
21 48
21 49
21 98
22 23
22 24
22 25
22 26
22 27
22 31
22 32
22 33
22 34
22 35
22 37
22 38
22 39
22 40
22 41
22 42
22 45
22 112
23 27
23 28
23 29
23 32
23 33
23 34
23 35
23 36
23 38
23 39
23 40
23 43
23 44
23 47
23 48
23 49
23 113
24 25
24 27
24 29
24 30
24 31
24 32
24 34
24 35
24 37
24 39
24 40
24 46
24 47
24 48
25 26
25 27
25 34
25 35
25 37
25 38
25 40
25 41
25 44
25 47
25 49
25 79
25 145
26 29
26 32
26 34
26 36
26 37
26 38
26 39
26 43
26 44
26 45
26 48
26 49
26 51
26 119
27 29
27 30
27 31
27 32
27 34
27 36
27 37
27 39
27 41
27 43
27 44
27 45
27 48
27 49
28 29
28 32
28 33
28 34
28 35
28 36
28 37
28 38
28 39
28 40
28 44
28 45
28 47
28 48
28 49
28 76
28 128
29 33
29 36
29 37
29 38
29 39
29 40
29 43
29 44
29 46
29 47
29 132
30 31
30 34
30 36
30 37
30 39
30 40
30 42
30 43
30 45
30 46
30 47
30 48
30 49
30 86
31 33
31 35
31 36
31 37
31 38
31 40
31 41
31 42
31 43
31 44
31 46
31 47
31 48
31 49
32 33
32 35
32 37
32 40
32 41
32 42
32 43
32 46
32 47
32 84
33 34
33 35
33 36
33 38
33 39
33 40
33 44
33 45
33 46
33 48
33 143
34 35
34 40
34 41
34 42
34 43
34 47
34 138
35 36
35 38
35 39
35 40
35 42
35 43
35 44
35 47
35 48
35 49
36 37
36 39
36 41
36 42
36 43
36 44
36 45
36 48
37 39
37 41
37 43
37 46
37 48
38 39
38 40
38 41
38 42
38 43
38 44
38 45
38 47
38 49
38 61
39 41
39 42
39 43
39 44
39 46
39 58
39 119
40 41
40 44
40 45
40 46
40 47
40 48
40 68
40 72
41 43
41 46
41 47
41 119
42 43
42 44
42 45
42 46
42 47
42 48
42 49
43 45
43 46
43 47
43 49
44 45
44 46
44 47
44 48
44 49
44 142
45 46
45 49
46 47
46 48
46 49
46 55
47 48
47 136
48 76
49 131
50 51
50 52
50 53
50 55
50 58
50 59
50 60
50 61
50 64
50 65
50 67
50 68
50 69
50 70
50 71
50 72
50 73
50 74
50 75
50 76
50 77
50 80
50 82
50 83
50 84
50 85
50 86
50 90
50 93
50 95
50 97
50 118
51 52
51 54
51 55
51 57
51 58
51 62
51 64
51 65
51 67
51 68
51 69
51 70
51 71
51 72
51 75
51 77
51 81
51 82
51 83
51 84
51 85
51 87
51 89
51 93
51 94
51 95
51 97
51 140
52 54
52 55
52 56
52 57
52 59
52 60
52 61
52 62
52 63
52 65
52 67
52 68
52 71
52 72
52 73
52 74
52 75
52 76
52 77
52 78
52 79
52 80
52 81
52 82
52 83
52 84
52 85
52 86
52 88
52 89
52 94
52 95
52 149
53 61
53 64
53 68
53 69
53 70
53 71
53 77
53 79
53 80
53 81
53 82
53 85
53 87
53 88
53 90
53 91
53 93
53 98
53 99
54 55
54 56
54 58
54 59
54 60
54 61
54 62
54 65
54 67
54 68
54 71
54 74
54 75
54 79
54 80
54 81
54 82
54 83
54 85
54 87
54 88
54 89
54 91
54 94
54 95
54 96
54 97
54 98
54 99
55 56
55 57
55 59
55 60
55 62
55 63
55 66
55 71
55 72
55 73
55 74
55 75
55 77
55 78
55 79
55 80
55 84
55 88
55 91
55 95
55 96
55 98
56 58
56 60
56 65
56 70
56 72
56 73
56 75
56 76
56 78
56 79
56 80
56 81
56 84
56 85
56 86
56 87
56 88
56 89
56 91
56 92
56 94
56 95
56 96
56 98
56 99
57 60
57 61
57 62
57 64
57 65
57 68
57 69
57 71
57 75
57 76
57 78
57 79
57 82
57 83
57 89
57 90
57 91
57 92
57 95
57 98
58 59
58 60
58 61
58 62
58 64
58 66
58 67
58 70
58 71
58 72
58 73
58 75
58 77
58 79
58 80
58 81
58 82
58 85
58 86
58 88
58 89
58 91
58 92
58 93
58 94
58 95
58 99
59 61
59 62
59 63
59 66
59 67
59 68
59 69
59 70
59 71
59 74
59 77
59 79
59 80
59 81
59 83
59 86
59 87
59 89
59 91
59 92
59 93
59 94
59 95
59 147
60 63
60 64
60 65
60 70
60 73
60 75
60 76
60 77
60 79
60 81
60 82
60 83
60 85
60 86
60 87
60 89
60 90
60 94
60 95
60 96
60 97
60 99
61 62
61 64
61 66
61 68
61 69
61 71
61 72
61 73
61 74
61 75
61 78
61 79
61 81
61 82
61 84
61 86
61 87
61 89
61 90
61 93
61 95
61 96
61 97
61 99
61 119
62 63
62 64
62 67
62 69
62 73
62 74
62 75
62 77
62 78
62 80
62 83
62 84
62 85
62 87
62 88
62 89
62 92
62 94
62 95
62 97
62 98
62 99
63 65
63 66
63 67
63 68
63 69
63 70
63 71
63 74
63 75
63 79
63 80
63 83
63 84
63 85
63 86
63 89
63 90
63 91
63 92
63 93
63 94
63 97
63 140
64 67
64 69
64 70
64 71
64 75
64 76
64 78
64 80
64 81
64 82
64 83
64 85
64 86
64 88
64 89
64 91
64 92
64 93
64 95
64 97
64 98
64 113
65 67
65 68
65 76
65 77
65 78
65 79
65 84
65 86
65 88
65 89
65 90
65 91
65 92
65 93
65 94
65 95
65 97
65 142
66 69
66 70
66 72
66 73
66 74
66 75
66 76
66 79
66 80
66 82
66 84
66 87
66 91
66 92
66 93
66 95
66 96
66 97
66 99
66 144
67 68
67 70
67 71
67 75
67 77
67 78
67 80
67 81
67 82
67 83
67 85
67 87
67 89
67 91
67 92
67 93
67 94
67 95
67 97
67 98
68 69
68 70
68 71
68 72
68 73
68 74
68 75
68 76
68 77
68 79
68 80
68 81
68 82
68 83
68 84
68 85
68 86
68 89
68 90
68 91
68 93
68 94
68 95
68 97
68 98
68 99
68 126
69 75
69 76
69 82
69 83
69 84
69 87
69 89
69 90
69 91
69 95
69 96
69 97
69 98
69 99
69 115
70 71
70 72
70 73
70 74
70 77
70 79
70 82
70 83
70 85
70 87
70 88
70 89
70 91
70 92
70 94
70 99
71 72
71 76
71 79
71 84
71 85
71 87
71 88
71 89
71 92
71 94
71 95
71 96
71 99
72 75
72 76
72 78
72 79
72 82
72 84
72 87
72 89
72 90
72 92
72 93
72 94
72 95
72 98
73 75
73 76
73 78
73 80
73 81
73 83
73 87
73 92
73 93
73 94
73 97
73 98
73 121
74 75
74 76
74 77
74 78
74 79
74 80
74 81
74 82
74 87
74 88
74 90
74 91
74 93
74 94
74 95
74 98
75 76
75 78
75 79
75 81
75 83
75 85
75 86
75 87
75 89
75 90
75 93
75 94
75 95
75 97
75 113
76 77
76 78
76 79
76 81
76 82
76 83
76 84
76 85
76 87
76 88
76 89
76 90
76 91
76 92
76 95
76 97
76 98
76 128
76 132
77 79
77 80
77 81
77 85
77 86
77 87
77 88
77 89
77 90
77 95
77 97
77 98
77 119
78 79
78 80
78 81
78 82
78 85
78 86
78 87
78 90
78 92
78 93
78 95
78 96
78 97
78 98
78 99
78 127
79 81
79 82
79 83
79 85
79 86
79 87
79 89
79 90
79 91
79 92
79 93
79 94
79 95
79 97
79 121
80 81
80 84
80 86
80 88
80 89
80 90
80 95
80 97
80 98
80 126
81 82
81 83
81 84
81 85
81 86
81 87
81 88
81 89
81 90
81 91
81 92
81 94
81 95
81 96
81 97
81 103
82 83
82 84
82 88
82 90
82 91
82 94
82 95
82 97
82 98
82 99
82 128
82 133
82 141
82 143
82 149
83 84
83 85
83 86
83 87
83 89
83 91
83 92
83 94
83 96
83 98
83 99
84 85
84 87
84 89
84 92
84 94
84 95
84 97
84 126
85 86
85 87
85 88
85 89
85 90
85 91
85 92
85 93
85 94
85 95
85 96
85 139
86 88
86 89
86 92
86 94
86 96
86 97
86 99
87 88
87 89
87 90
87 91
87 93
87 94
87 127
88 90
88 91
88 92
88 93
88 94
88 96
88 97
88 98
89 90
89 92
89 93
89 94
89 99
90 91
90 92
90 93
90 94
90 95
90 97
90 98
91 92
91 93
91 94
91 95
91 96
91 98
91 99
91 146
91 113
92 93
92 94
92 95
92 98
92 99
93 94
93 95
93 98
93 106
94 95
94 96
94 97
94 99
95 96
95 97
95 99
95 146
96 97
96 99
97 98
97 99
97 147
97 100
99 105
128 130
128 131
128 132
128 134
128 135
128 136
128 137
128 139
128 140
128 141
128 142
128 146
128 149
128 100
128 101
128 102
128 103
128 104
128 106
128 109
128 118
128 119
128 121
128 122
128 123
129 130
129 132
129 133
129 135
129 138
129 140
129 141
129 142
129 143
129 145
129 146
129 147
129 149
129 100
129 101
129 102
129 103
129 104
129 106
129 107
129 109
129 111
129 112
129 113
129 116
129 117
129 118
129 119
129 122
129 124
129 126
129 127
130 132
130 134
130 135
130 136
130 137
130 138
130 139
130 140
130 142
130 146
130 147
130 148
130 100
130 101
130 102
130 103
130 104
130 105
130 106
130 107
130 111
130 113
130 114
130 116
130 118
130 120
130 122
130 123
130 125
130 126
131 132
131 138
131 139
131 141
131 146
131 147
131 100
131 101
131 102
131 103
131 104
131 105
131 106
131 110
131 113
131 119
131 120
131 121
131 122
131 123
131 124
131 125
131 126
131 127
132 133
132 134
132 136
132 138
132 139
132 141
132 142
132 145
132 149
132 102
132 106
132 107
132 110
132 112
132 116
132 117
132 119
132 122
132 124
132 125
132 127
133 135
133 137
133 138
133 139
133 143
133 144
133 146
133 147
133 148
133 149
133 100
133 102
133 106
133 107
133 109
133 114
133 115
133 117
133 118
133 119
133 120
133 122
133 123
133 125
133 127
134 136
134 137
134 138
134 143
134 144
134 149
134 100
134 102
134 104
134 106
134 111
134 112
134 113
134 114
134 117
134 119
134 120
134 124
134 126
135 136
135 138
135 139
135 140
135 141
135 142
135 144
135 145
135 147
135 149
135 100
135 102
135 103
135 105
135 106
135 107
135 109
135 113
135 114
135 115
135 118
135 119
135 121
135 124
135 125
135 126
135 127
136 139
136 140
136 141
136 143
136 146
136 148
136 101
136 102
136 103
136 104
136 109
136 110
136 111
136 112
136 113
136 116
136 118
136 120
136 122
136 123
136 124
137 140
137 141
137 142
137 148
137 149
137 100
137 101
137 103
137 105
137 106
137 108
137 109
137 111
137 112
137 114
137 115
137 116
137 119
137 120
137 121
137 122
137 123
137 125
137 127
138 139
138 140
138 141
138 143
138 146
138 101
138 102
138 104
138 105
138 110
138 111
138 112
138 114
138 115
138 116
138 117
138 119
138 121
138 123
138 124
138 125
138 126
138 127
139 140
139 142
139 143
139 148
139 149
139 100
139 101
139 102
139 104
139 107
139 108
139 109
139 110
139 111
139 113
139 115
139 120
139 121
139 124
139 126
139 127
140 142
140 143
140 144
140 145
140 100
140 101
140 102
140 103
140 104
140 105
140 106
140 108
140 109
140 112
140 113
140 114
140 116
140 118
140 119
140 120
140 121
140 125
140 126
140 127
141 143
141 147
141 148
141 100
141 101
141 102
141 103
141 104
141 105
141 111
141 112
141 113
141 114
141 115
141 116
141 117
141 118
141 119
141 122
141 125
142 143
142 144
142 145
142 146
142 147
142 149
142 101
142 104
142 105
142 106
142 108
142 109
142 110
142 111
142 112
142 113
142 115
142 120
142 121
142 122
142 124
142 127
143 144
143 146
143 147
143 148
143 100
143 101
143 103
143 107
143 109
143 112
143 113
143 114
143 115
143 120
143 121
143 126
143 127
144 145
144 147
144 148
144 100
144 101
144 105
144 106
144 108
144 109
144 110
144 112
144 114
144 115
144 117
144 118
144 119
144 122
144 125
144 126
144 127
145 146
145 147
145 148
145 149
145 101
145 106
145 108
145 109
145 110
145 111
145 112
145 114
145 116
145 118
145 121
145 122
146 147
146 149
146 101
146 103
146 105
146 106
146 107
146 109
146 110
146 111
146 113
146 114
146 120
146 121
146 122
146 123
146 125
146 126
147 149
147 100
147 101
147 103
147 104
147 105
147 106
147 107
147 110
147 113
147 114
147 115
147 116
147 117
147 118
147 120
147 122
147 123
147 124
147 125
147 127
148 149
148 102
148 103
148 107
148 110
148 111
148 113
148 114
148 116
148 118
148 119
148 120
148 121
148 122
148 124
148 125
149 100
149 102
149 105
149 106
149 109
149 113
149 115
149 117
149 118
149 119
149 121
149 122
149 123
149 124
149 126
149 127
100 101
100 102
100 103
100 107
100 109
100 114
100 117
100 119
100 120
100 121
100 122
100 123
100 124
100 125
100 126
101 103
101 110
101 111
101 112
101 113
101 116
101 119
101 120
101 123
101 125
101 127
102 103
102 104
102 105
102 106
102 107
102 110
102 111
102 113
102 114
102 115
102 116
102 120
102 121
102 123
102 124
102 125
102 126
103 108
103 109
103 110
103 111
103 112
103 113
103 114
103 117
103 118
103 120
103 121
103 124
103 125
103 126
104 105
104 107
104 108
104 112
104 113
104 115
104 117
104 119
104 121
104 124
104 125
104 126
105 106
105 108
105 110
105 113
105 114
105 117
105 118
105 119
105 121
105 123
105 124
105 125
105 127
106 107
106 108
106 110
106 112
106 113
106 117
106 118
106 119
106 120
106 122
106 123
106 126
106 127
107 111
107 113
107 114
107 116
107 117
107 120
107 121
107 122
107 123
107 124
108 109
108 112
108 113
108 116
108 117
108 118
108 119
108 121
108 124
109 111
109 113
109 117
109 118
109 121
109 124
109 127
110 111
110 114
110 115
110 117
110 118
110 119
110 120
110 121
110 123
110 125
110 126
110 127
111 113
111 115
111 117
111 118
111 119
111 120
111 121
111 123
111 124
111 127
112 114
112 115
112 116
112 117
112 118
112 119
112 121
112 122
112 123
112 126
112 127
113 114
113 115
113 116
113 117
113 119
113 120
113 121
113 122
113 124
113 126
113 127
114 116
114 118
114 119
114 120
114 123
114 124
115 116
115 117
115 118
115 121
115 122
115 123
115 124
115 125
115 126
115 127
116 117
116 118
116 120
116 122
116 124
116 125
116 126
116 127
117 118
117 119
117 120
117 123
117 124
118 119
118 123
118 125
118 126
118 127
119 120
119 121
119 122
119 123
119 124
119 125
119 126
120 122
120 123
120 124
120 125
120 127
121 122
121 123
121 125
121 126
121 127
122 123
122 126
122 127
123 124
123 125
123 127
124 126
124 127
125 126
125 127
126 127
