0 3
0 4
0 6
0 7
0 8
0 11
0 13
0 14
0 15
0 17
0 19
0 20
0 21
0 22
0 23
0 24
0 26
0 27
0 28
0 33
0 36
0 37
0 39
0 40
0 42
0 43
0 44
0 45
0 47
0 49
0 50
0 54
0 65
0 68
0 72
0 91
0 95
0 131
0 137
0 145
0 100
0 104
0 117
1 3
1 4
1 7
1 8
1 9
1 13
1 17
1 18
1 20
1 23
1 24
1 27
1 28
1 31
1 35
1 36
1 39
1 40
1 41
1 42
1 43
1 45
1 46
1 47
1 49
1 50
1 54
1 56
1 67
1 75
1 77
1 88
1 95
1 137
1 140
1 117
1 118
1 119
1 124
2 4
2 7
2 10
2 11
2 12
2 13
2 14
2 16
2 17
2 18
2 20
2 22
2 25
2 27
2 28
2 29
2 31
2 34
2 36
2 38
2 39
2 41
2 42
2 43
2 46
2 47
2 48
2 54
2 72
2 78
2 88
2 92
2 99
2 128
2 132
2 134
2 125
3 4
3 5
3 6
3 8
3 10
3 11
3 16
3 19
3 21
3 23
3 26
3 27
3 28
3 29
3 32
3 33
3 34
3 36
3 37
3 39
3 41
3 42
3 43
3 44
3 47
3 48
3 49
3 53
3 62
3 71
3 72
3 85
3 86
3 143
3 145
3 102
3 118
3 124
4 6
4 7
4 10
4 11
4 12
4 13
4 14
4 16
4 17
4 18
4 19
4 22
4 23
4 26
4 27
4 29
4 30
4 31
4 33
4 34
4 35
4 36
4 37
4 38
4 40
4 41
4 42
4 43
4 45
4 46
4 47
4 48
4 67
4 69
4 80
4 81
4 96
4 135
4 136
4 141
4 144
4 149
4 113
4 119
5 6
5 7
5 8
5 13
5 14
5 15
5 16
5 17
5 19
5 21
5 24
5 25
5 26
5 27
5 28
5 29
5 30
5 31
5 33
5 34
5 35
5 36
5 37
5 39
5 40
5 41
5 43
5 44
5 45
5 47
5 49
5 52
5 57
5 62
5 88
5 95
5 128
5 136
5 139
5 117
5 118
5 122
6 7
6 8
6 9
6 10
6 11
6 12
6 13
6 14
6 15
6 17
6 18
6 19
6 21
6 22
6 23
6 24
6 25
6 26
6 27
6 28
6 29
6 30
6 32
6 33
6 34
6 36
6 37
6 38
6 40
6 42
6 44
6 45
6 47
6 50
6 56
6 59
6 61
6 81
6 85
6 130
6 139
6 144
6 146
6 147
6 148
6 101
6 112
6 113
6 118
6 123
7 9
7 10
7 15
7 20
7 21
7 22
7 23
7 24
7 27
7 29
7 30
7 31
7 33
7 36
7 38
7 39
7 41
7 43
7 47
7 48
7 52
7 54
7 55
7 74
7 81
7 88
7 93
7 138
7 139
7 142
7 111
8 9
8 11
8 12
8 13
8 14
8 15
8 17
8 18
8 21
8 22
8 23
8 24
8 25
8 26
8 28
8 29
8 30
8 31
8 32
8 34
8 36
8 38
8 39
8 41
8 42
8 43
8 44
8 45
8 46
8 48
8 49
8 51
8 54
8 57
8 65
8 69
8 81
8 90
8 95
8 136
8 113
8 119
9 11
9 12
9 13
9 14
9 15
9 16
9 18
9 19
9 20
9 21
9 22
9 23
9 25
9 26
9 29
9 30
9 32
9 34
9 35
9 37
9 39
9 40
9 41
9 42
9 43
9 44
9 46
9 47
9 48
9 51
9 60
9 61
9 64
9 69
9 71
9 73
9 78
9 80
9 82
9 87
9 93
9 142
9 100
10 11
10 12
10 14
10 15
10 17
10 19
10 21
10 22
10 23
10 24
10 28
10 29
10 30
10 33
10 34
10 36
10 38
10 40
10 43
10 44
10 47
10 48
10 49
10 70
10 74
10 80
10 93
10 101
10 119
10 120
10 121
11 12
11 13
11 14
11 15
11 17
11 18
11 19
11 20
11 23
11 24
11 26
11 27
11 28
11 29
11 31
11 32
11 33
11 35
11 39
11 42
11 45
11 46
11 47
11 48
11 49
11 52
11 69
11 88
11 129
11 133
11 135
11 104
11 124
11 125
12 13
12 14
12 15
12 16
12 17
12 19
12 22
12 23
12 24
12 26
12 28
12 29
12 30
12 32
12 35
12 36
12 37
12 38
12 39
12 41
12 43
12 44
12 45
12 46
12 47
12 50
12 71
12 74
12 79
12 80
12 85
12 93
12 129
12 139
12 109
12 121
13 16
13 18
13 19
13 21
13 22
13 23
13 26
13 27
13 28
13 30
13 31
13 32
13 33
13 35
13 36
13 37
13 38
13 39
13 41
13 44
13 47
13 48
13 49
13 51
13 74
13 81
13 86
13 91
13 95
13 129
13 108
13 111
13 119
13 124
14 15
14 16
14 17
14 19
14 20
14 21
14 22
14 24
14 25
14 27
14 28
14 31
14 32
14 33
14 34
14 35
14 36
14 37
14 38
14 39
14 41
14 42
14 44
14 45
14 46
14 47
14 48
14 49
14 53
14 55
14 56
14 68
14 69
14 73
14 86
14 98
14 130
14 144
14 107
14 121
14 127
15 17
15 18
15 19
15 21
15 22
15 23
15 24
15 25
15 26
15 27
15 29
15 30
15 31
15 33
15 36
15 38
15 39
15 40
15 42
15 44
15 45
15 46
15 47
15 48
15 69
15 74
15 89
15 99
15 134
15 139
15 144
15 148
15 107
15 114
16 17
16 20
16 21
16 22
16 23
16 24
16 25
16 27
16 29
16 30
16 31
16 33
16 34
16 37
16 38
16 39
16 40
16 41
16 45
16 46
16 60
16 64
16 67
16 74
16 82
16 84
16 93
16 139
16 140
16 142
16 101
16 117
16 121
17 19
17 20
17 22
17 24
17 26
17 27
17 28
17 29
17 30
17 32
17 34
17 35
17 36
17 37
17 38
17 43
17 44
17 45
17 47
17 51
17 81
17 86
17 90
17 99
17 145
17 149
17 114
17 116
18 19
18 20
18 21
18 22
18 24
18 26
18 27
18 29
18 31
18 32
18 33
18 34
18 35
18 36
18 37
18 38
18 39
18 40
18 41
18 45
18 46
18 47
18 49
18 53
18 71
18 83
18 86
18 99
18 139
18 140
18 143
18 146
18 147
18 101
18 109
18 112
18 116
18 121
19 20
19 21
19 23
19 24
19 25
19 26
19 28
19 29
19 31
19 37
19 41
19 43
19 44
19 45
19 46
19 48
19 65
19 73
19 80
19 91
19 92
19 96
19 98
19 104
19 122
19 125
20 21
20 22
20 24
20 25
20 27
20 31
20 32
20 33
20 34
20 36
20 37
20 38
20 39
20 41
20 43
20 44
20 45
20 46
20 47
20 48
20 65
20 67
20 69
20 70
20 71
20 73
20 79
20 81
20 92
20 93
20 128
20 133
20 145
20 103
20 106
20 109
20 127
21 22
21 23
21 24
21 26
21 31
21 32
21 33
21 34
21 35
21 36
21 37
21 38
21 39
21 40
21 42
21 43
21 44
21 45
21 47
21 49
21 57
21 76
21 87
21 93
21 96
21 133
21 105
21 122
22 23
22 24
22 25
22 29
22 30
22 31
22 32
22 33
22 35
22 36
22 37
22 41
22 43
22 44
22 46
22 49
22 64
22 72
22 75
22 77
22 107
22 109
23 26
23 28
23 29
23 30
23 31
23 32
23 33
23 34
23 35
23 36
23 38
23 40
23 42
23 44
23 47
23 53
23 56
23 62
23 66
23 74
23 84
23 91
23 102
23 106
23 125
24 27
24 28
24 29
24 30
24 31
24 32
24 33
24 36
24 38
24 39
24 43
24 44
24 48
24 49
24 56
24 66
24 69
24 85
24 95
24 130
24 135
24 107
24 127
25 26
25 27
25 28
25 33
25 36
25 37
25 38
25 39
25 42
25 44
25 46
25 48
25 49
25 61
25 65
25 100
25 102
25 113
25 119
26 28
26 29
26 30
26 33
26 34
26 35
26 39
26 40
26 43
26 46
26 47
26 48
26 49
26 59
26 60
26 82
26 93
26 102
26 104
26 120
27 28
27 29
27 32
27 34
27 37
27 38
27 39
27 40
27 43
27 44
27 46
27 49
27 93
27 98
27 99
27 129
27 131
27 133
27 134
27 137
27 140
27 145
27 147
27 123
27 125
28 31
28 36
28 38
28 39
28 40
28 41
28 42
28 43
28 47
28 48
28 49
28 54
28 60
28 71
28 79
28 82
28 84
28 94
28 129
28 133
28 104
28 106
28 109
29 32
29 33
29 35
29 36
29 38
29 39
29 40
29 42
29 43
29 44
29 47
29 48
29 49
29 63
29 64
29 66
29 94
29 96
29 146
29 108
29 111
29 119
30 31
30 33
30 36
30 37
30 41
30 43
30 49
30 95
30 143
30 104
30 108
30 121
30 123
31 32
31 35
31 40
31 41
31 43
31 44
31 45
31 46
31 48
31 49
31 72
31 81
31 91
31 96
31 146
31 105
31 113
32 34
32 35
32 36
32 37
32 39
32 41
32 42
32 46
32 47
32 79
32 80
32 131
32 133
32 142
32 102
32 111
32 112
32 114
32 117
32 118
33 34
33 35
33 36
33 38
33 40
33 41
33 42
33 43
33 45
33 46
33 47
33 65
33 68
33 71
33 80
33 83
33 92
33 95
33 149
34 38
34 40
34 41
34 45
34 46
34 49
34 53
34 57
34 64
34 89
34 91
34 101
34 102
35 36
35 37
35 38
35 39
35 40
35 41
35 42
35 43
35 45
35 46
35 47
35 67
35 79
35 81
35 84
35 90
35 137
35 145
35 101
35 102
35 110
35 118
36 37
36 38
36 43
36 46
36 47
36 49
36 60
36 63
36 77
36 81
36 95
36 133
36 110
36 111
36 112
36 113
36 114
36 116
36 118
36 126
37 41
37 42
37 43
37 46
37 48
37 53
37 57
37 59
37 62
37 64
37 69
37 70
37 71
37 140
37 101
37 102
38 39
38 40
38 41
38 43
38 45
38 46
38 47
38 49
38 50
38 52
38 69
38 76
38 78
38 79
38 81
38 84
38 89
38 91
38 92
38 130
38 131
38 138
38 139
38 140
38 113
38 120
39 44
39 46
39 47
39 49
39 56
39 62
39 63
39 64
39 70
39 79
39 90
39 137
39 141
39 147
39 112
39 117
39 119
39 123
40 41
40 45
40 46
40 47
40 48
40 49
40 51
40 59
40 71
40 97
40 99
40 136
40 137
40 138
40 109
40 115
40 121
41 43
41 45
41 47
41 49
41 54
41 64
41 67
41 68
41 73
41 78
41 85
41 94
41 129
41 136
41 138
41 140
41 113
41 119
42 43
42 44
42 46
42 48
42 49
42 66
42 70
42 71
42 81
42 93
42 98
42 133
42 135
42 140
42 146
42 100
42 102
42 121
42 123
43 44
43 46
43 47
43 48
43 52
43 55
43 74
43 82
43 83
43 88
43 93
43 139
43 143
43 102
43 107
43 121
44 45
44 47
44 51
44 79
44 95
44 134
44 141
44 144
44 103
44 117
44 125
45 46
45 48
45 49
45 80
45 85
45 87
45 111
45 125
46 47
46 48
46 49
46 53
46 65
46 70
46 73
46 81
46 93
46 97
46 144
46 113
46 122
46 124
47 48
47 51
47 54
47 56
47 78
47 94
47 133
47 135
47 139
47 105
47 108
47 118
47 126
48 49
48 72
48 73
48 96
48 129
48 146
48 105
48 107
48 109
48 115
49 60
49 82
49 93
49 142
49 115
49 118
50 51
50 52
50 56
50 57
50 59
50 60
50 61
50 63
50 65
50 68
50 71
50 73
50 74
50 76
50 80
50 84
50 88
50 90
50 92
50 93
50 97
50 98
50 99
50 138
50 148
50 117
50 126
51 58
51 59
51 60
51 61
51 62
51 63
51 64
51 65
51 66
51 68
51 70
51 72
51 75
51 76
51 77
51 78
51 80
51 81
51 82
51 83
51 90
51 92
51 95
51 96
51 99
51 141
51 101
51 107
51 114
51 120
51 124
52 53
52 55
52 57
52 60
52 61
52 62
52 64
52 65
52 66
52 68
52 69
52 72
52 73
52 74
52 75
52 76
52 80
52 81
52 82
52 87
52 92
52 93
52 94
52 95
52 96
52 97
52 99
52 136
52 144
53 54
53 55
53 57
53 58
53 59
53 60
53 61
53 65
53 66
53 67
53 68
53 69
53 70
53 72
53 74
53 75
53 80
53 81
53 82
53 85
53 88
53 93
53 94
53 96
53 97
53 99
53 131
53 137
53 149
53 100
53 104
54 55
54 56
54 57
54 58
54 62
54 65
54 66
54 67
54 68
54 70
54 71
54 72
54 76
54 80
54 81
54 82
54 87
54 89
54 90
54 91
54 92
54 93
54 96
54 97
54 98
54 106
54 124
55 56
55 58
55 60
55 61
55 62
55 63
55 64
55 65
55 67
55 68
55 70
55 73
55 74
55 75
55 76
55 77
55 78
55 79
55 82
55 83
55 84
55 85
55 86
55 87
55 88
55 91
55 92
55 94
55 95
55 96
55 97
55 98
55 99
55 131
55 134
55 142
56 59
56 61
56 62
56 63
56 64
56 65
56 68
56 69
56 70
56 75
56 77
56 81
56 83
56 84
56 86
56 88
56 92
56 93
56 94
56 95
56 96
56 99
56 137
56 116
56 117
56 119
56 127
57 61
57 65
57 68
57 69
57 70
57 71
57 72
57 73
57 74
57 75
57 76
57 79
57 81
57 82
57 85
57 89
57 90
57 91
57 92
57 94
57 95
57 96
57 99
57 142
57 110
57 116
57 122
58 59
58 60
58 63
58 67
58 69
58 71
58 74
58 75
58 78
58 79
58 80
58 81
58 86
58 90
58 91
58 92
58 94
58 97
58 98
58 100
58 105
58 115
58 118
58 127
59 61
59 63
59 66
59 67
59 68
59 70
59 74
59 76
59 79
59 80
59 81
59 83
59 84
59 86
59 93
59 95
59 96
59 99
59 140
59 103
59 106
60 62
60 65
60 68
60 70
60 71
60 74
60 75
60 76
60 77
60 79
60 80
60 82
60 83
60 85
60 86
60 88
60 89
60 90
60 92
60 94
60 95
60 96
60 98
60 146
60 103
60 110
61 65
61 67
61 68
61 69
61 70
61 72
61 73
61 75
61 78
61 79
61 81
61 83
61 84
61 85
61 86
61 89
61 90
61 91
61 94
61 96
61 97
61 98
61 148
61 103
61 107
61 114
61 119
61 127
62 63
62 65
62 66
62 67
62 68
62 70
62 71
62 72
62 76
62 77
62 79
62 83
62 84
62 85
62 86
62 87
62 90
62 91
62 94
62 95
62 96
62 97
62 98
62 99
62 110
62 112
62 113
62 117
62 121
62 127
63 64
63 66
63 71
63 72
63 73
63 74
63 75
63 77
63 80
63 83
63 85
63 86
63 88
63 91
63 92
63 93
63 94
63 96
63 97
63 98
63 133
63 135
63 143
63 148
63 107
63 111
63 116
63 122
64 65
64 66
64 67
64 68
64 69
64 70
64 72
64 73
64 74
64 78
64 80
64 82
64 83
64 84
64 85
64 86
64 87
64 89
64 90
64 91
64 92
64 95
64 98
64 99
64 130
64 132
64 113
64 115
65 66
65 69
65 70
65 74
65 77
65 78
65 80
65 81
65 82
65 84
65 86
65 89
65 90
65 91
65 92
65 94
65 95
65 99
65 133
65 138
65 140
65 141
65 142
65 100
65 118
66 68
66 69
66 70
66 72
66 73
66 75
66 78
66 79
66 80
66 81
66 83
66 84
66 86
66 87
66 89
66 90
66 91
66 92
66 94
66 95
66 99
66 144
66 148
66 104
66 117
66 126
67 69
67 70
67 71
67 72
67 73
67 77
67 78
67 79
67 80
67 81
67 84
67 85
67 86
67 87
67 88
67 92
67 95
67 96
67 97
67 135
67 137
67 147
67 149
67 104
67 106
68 69
68 70
68 71
68 73
68 74
68 76
68 77
68 78
68 79
68 81
68 84
68 85
68 86
68 87
68 88
68 89
68 90
68 91
68 93
68 94
68 95
68 96
68 99
68 128
68 135
68 145
68 107
68 111
68 114
69 70
69 72
69 74
69 75
69 77
69 78
69 81
69 86
69 91
69 95
69 97
69 98
69 99
69 131
69 147
69 110
69 111
69 113
70 71
70 72
70 78
70 80
70 82
70 83
70 84
70 85
70 87
70 88
70 89
70 90
70 91
70 92
70 94
70 95
70 97
70 99
70 132
70 133
70 138
70 142
70 110
70 120
71 72
71 73
71 74
71 77
71 78
71 79
71 80
71 81
71 82
71 84
71 85
71 86
71 87
71 88
71 89
71 92
71 93
71 94
71 95
71 97
71 98
71 99
71 139
71 147
71 148
71 104
71 114
71 119
71 125
71 127
72 73
72 76
72 77
72 79
72 80
72 81
72 82
72 85
72 87
72 88
72 90
72 91
72 92
72 95
72 96
72 97
72 98
72 131
72 136
72 148
72 110
73 74
73 75
73 79
73 81
73 82
73 83
73 84
73 85
73 86
73 88
73 89
73 90
73 91
73 94
73 98
73 99
73 128
73 144
73 145
73 147
73 117
73 121
73 125
74 76
74 77
74 80
74 81
74 85
74 87
74 89
74 91
74 94
74 97
74 98
74 99
74 104
74 109
74 113
74 116
75 76
75 77
75 79
75 80
75 82
75 84
75 85
75 86
75 90
75 91
75 92
75 93
75 95
75 96
75 97
75 99
76 77
76 79
76 80
76 81
76 82
76 84
76 85
76 87
76 90
76 91
76 92
76 93
76 95
76 96
76 99
76 139
76 107
76 113
76 119
77 79
77 80
77 81
77 83
77 84
77 85
77 86
77 89
77 90
77 92
77 93
77 94
77 95
77 98
77 131
77 135
77 141
77 144
77 149
77 102
77 105
77 127
78 80
78 81
78 84
78 87
78 90
78 91
78 92
78 93
78 94
78 95
78 96
78 97
78 99
78 140
78 145
78 101
78 109
78 112
78 121
79 80
79 81
79 85
79 87
79 88
79 97
79 98
79 99
79 132
79 145
79 114
79 127
80 81
80 83
80 86
80 87
80 89
80 92
80 94
80 95
80 96
80 97
80 98
80 99
80 128
80 130
80 137
80 143
80 149
80 100
80 106
80 114
81 84
81 85
81 87
81 92
81 95
81 96
81 97
81 98
81 131
81 135
81 101
81 103
81 105
81 113
81 123
81 127
82 86
82 87
82 89
82 90
82 91
82 92
82 94
82 96
82 97
82 99
82 130
82 135
82 103
82 104
82 108
82 117
83 84
83 85
83 87
83 88
83 90
83 92
83 93
83 94
83 95
83 96
83 97
83 148
83 101
83 105
83 111
83 117
83 125
83 127
84 85
84 86
84 87
84 88
84 90
84 91
84 93
84 96
84 97
84 132
84 135
84 137
84 140
84 108
84 120
85 86
85 94
85 95
85 96
85 97
85 99
85 134
85 136
85 137
85 141
85 147
85 119
85 125
86 87
86 88
86 93
86 95
86 96
86 97
86 98
86 99
86 135
86 147
86 103
86 104
86 120
86 124
86 127
87 89
87 91
87 93
87 99
87 140
87 104
88 91
88 92
88 94
88 96
88 97
88 98
88 99
88 138
88 101
88 103
88 113
88 114
88 122
89 90
89 92
89 93
89 94
89 95
89 97
89 99
89 115
90 91
90 92
90 93
90 94
90 96
90 97
90 99
90 130
90 100
90 105
91 94
91 95
91 97
91 98
91 141
91 145
91 147
91 148
91 116
92 93
92 94
92 95
92 96
92 98
92 99
92 110
92 118
93 94
93 95
93 128
93 132
93 140
93 144
93 147
93 149
93 112
93 115
93 122
93 123
94 97
94 98
94 99
94 131
94 105
94 112
94 124
95 96
95 97
95 98
95 99
95 131
95 138
95 142
95 149
95 101
95 113
95 124
96 97
96 98
96 129
96 130
96 131
96 134
96 135
96 139
96 104
96 106
96 113
96 115
96 117
97 131
97 145
97 114
97 118
97 121
97 124
98 138
98 120
98 123
99 128
99 132
99 139
99 145
99 147
99 111
99 117
128 129
128 130
128 131
128 132
128 133
128 134
128 135
128 136
128 137
128 139
128 141
128 142
128 144
128 145
128 146
128 149
128 100
128 101
128 102
128 103
128 108
128 109
128 113
128 118
128 120
128 122
128 123
128 124
128 125
128 126
128 127
129 130
129 132
129 133
129 136
129 137
129 138
129 139
129 140
129 141
129 142
129 143
129 145
129 147
129 148
129 149
129 100
129 101
129 107
129 108
129 109
129 110
129 111
129 112
129 113
129 114
129 115
129 118
129 119
129 123
130 131
130 133
130 135
130 136
130 137
130 138
130 142
130 143
130 144
130 146
130 147
130 148
130 149
130 100
130 101
130 102
130 105
130 107
130 108
130 109
130 110
130 111
130 112
130 114
130 118
130 121
130 122
130 123
130 124
130 125
130 126
130 127
131 133
131 135
131 138
131 139
131 140
131 141
131 143
131 145
131 147
131 148
131 149
131 100
131 102
131 104
131 105
131 106
131 107
131 109
131 110
131 112
131 113
131 114
131 115
131 116
131 117
131 118
131 119
131 122
131 125
131 126
132 134
132 136
132 137
132 138
132 139
132 140
132 141
132 142
132 144
132 148
132 149
132 100
132 105
132 107
132 108
132 109
132 116
132 118
132 120
132 121
132 122
132 123
132 124
132 125
133 135
133 136
133 138
133 140
133 146
133 147
133 148
133 100
133 101
133 102
133 104
133 105
133 106
133 108
133 110
133 112
133 114
133 115
133 116
133 117
133 119
133 121
133 124
133 126
133 127
134 135
134 136
134 139
134 143
134 146
134 147
134 148
134 149
134 101
134 102
134 105
134 106
134 107
134 108
134 111
134 113
134 114
134 118
134 119
134 120
134 121
134 122
135 136
135 137
135 139
135 140
135 141
135 143
135 146
135 147
135 148
135 149
135 100
135 101
135 102
135 103
135 104
135 106
135 107
135 113
135 114
135 115
135 117
135 119
135 121
135 124
135 126
135 127
136 138
136 139
136 140
136 144
136 145
136 146
136 147
136 149
136 100
136 101
136 102
136 103
136 104
136 105
136 106
136 107
136 108
136 109
136 110
136 112
136 113
136 114
136 115
136 116
136 119
136 121
136 122
136 124
136 126
136 127
137 139
137 141
137 143
137 144
137 145
137 147
137 149
137 100
137 102
137 103
137 104
137 105
137 106
137 107
137 109
137 110
137 112
137 116
137 118
137 119
137 120
137 121
137 123
137 124
137 125
137 126
138 140
138 141
138 143
138 144
138 145
138 147
138 100
138 101
138 104
138 106
138 107
138 109
138 110
138 111
138 112
138 113
138 116
138 117
138 118
138 119
138 121
138 123
138 124
138 126
139 140
139 141
139 142
139 145
139 147
139 148
139 100
139 101
139 103
139 104
139 106
139 109
139 110
139 114
139 116
139 117
139 119
139 120
139 121
139 122
139 123
139 125
139 126
139 127
140 143
140 144
140 146
140 147
140 148
140 149
140 102
140 105
140 106
140 107
140 109
140 110
140 112
140 116
140 117
140 118
140 120
140 121
140 122
140 125
141 143
141 144
141 145
141 146
141 147
141 148
141 101
141 102
141 104
141 107
141 109
141 110
141 111
141 114
141 115
141 116
141 120
141 122
141 123
141 124
141 125
141 126
141 127
142 144
142 146
142 148
142 149
142 102
142 103
142 105
142 106
142 111
142 112
142 115
142 116
142 117
142 119
142 120
142 124
142 125
142 126
143 144
143 147
143 148
143 100
143 101
143 102
143 103
143 105
143 107
143 109
143 110
143 111
143 113
143 117
143 118
143 119
143 121
143 122
143 123
143 124
143 126
144 145
144 146
144 147
144 148
144 149
144 100
144 103
144 106
144 107
144 110
144 113
144 116
144 118
144 119
144 120
144 121
144 123
144 125
144 126
145 103
145 104
145 105
145 106
145 108
145 110
145 112
145 113
145 114
145 115
145 119
145 120
145 125
146 147
146 148
146 101
146 103
146 104
146 107
146 110
146 111
146 112
146 113
146 114
146 115
146 117
146 119
146 123
146 124
146 125
146 127
147 148
147 100
147 101
147 102
147 103
147 104
147 105
147 106
147 107
147 110
147 111
147 112
147 113
147 115
147 116
147 117
147 121
147 124
147 126
148 103
148 105
148 106
148 107
148 111
148 113
148 114
148 119
148 120
148 124
148 125
148 127
149 103
149 107
149 111
149 112
149 114
149 116
149 117
149 119
149 120
149 123
149 124
149 126
100 104
100 105
100 108
100 110
100 111
100 113
100 115
100 116
100 117
100 118
100 120
100 121
100 122
100 124
100 125
100 126
101 103
101 107
101 109
101 110
101 111
101 112
101 113
101 114
101 115
101 116
101 119
101 120
101 123
101 124
101 127
102 103
102 104
102 106
102 110
102 111
102 112
102 115
102 116
102 118
102 119
102 120
102 121
102 122
102 123
102 124
102 125
102 126
102 127
103 104
103 105
103 106
103 111
103 113
103 116
103 118
103 122
103 123
103 124
103 125
103 127
104 106
104 108
104 109
104 111
104 113
104 114
104 115
104 117
104 118
104 119
104 120
104 121
104 122
104 126
104 127
105 106
105 107
105 110
105 111
105 113
105 114
105 115
105 118
105 120
105 121
105 123
106 108
106 109
106 110
106 114
106 115
106 119
106 121
106 124
106 126
106 127
107 108
107 110
107 111
107 112
107 113
107 115
107 116
107 117
107 121
107 123
107 124
107 126
108 109
108 111
108 113
108 114
108 119
108 120
108 121
108 124
108 125
108 127
109 110
109 111
109 114
109 115
109 116
109 117
109 118
109 120
109 121
109 122
109 124
109 126
109 127
110 115
110 116
110 118
110 119
110 123
110 126
110 127
111 114
111 115
111 116
111 117
111 118
111 120
111 121
111 123
111 124
111 126
111 127
112 114
112 115
112 118
112 119
112 120
112 122
112 123
112 124
112 125
112 126
112 127
113 116
113 118
113 122
113 125
113 126
114 115
114 116
114 119
114 120
114 122
114 123
114 124
115 119
115 122
115 123
115 124
115 125
115 127
116 119
116 121
116 123
116 127
117 118
117 120
117 122
117 123
117 124
117 125
117 126
117 127
118 119
118 120
118 121
118 122
118 124
118 125
119 121
119 122
119 123
119 124
119 125
119 127
120 121
120 122
120 124
120 125
121 122
121 123
121 124
122 123
122 125
122 126
122 127
123 124
123 126
124 126
125 126
125 127
126 127
