0 1
0 4
0 5
0 6
0 7
0 8
0 9
0 10
0 11
0 12
0 15
0 17
0 18
0 19
0 20
0 21
0 23
0 24
0 25
0 27
0 28
0 30
0 31
0 32
0 35
0 39
0 40
0 43
0 44
0 46
0 48
0 49
0 51
0 52
0 55
0 59
0 63
0 65
0 66
0 68
0 73
0 74
0 85
0 86
0 87
0 92
0 97
0 99
0 134
0 137
0 139
0 142
0 147
0 148
0 149
0 106
0 107
0 109
0 113
0 119
0 121
0 125
1 2
1 5
1 6
1 7
1 8
1 9
1 12
1 13
1 14
1 15
1 17
1 18
1 20
1 21
1 22
1 23
1 26
1 27
1 28
1 29
1 32
1 35
1 36
1 37
1 38
1 40
1 42
1 44
1 47
1 48
1 49
1 50
1 51
1 62
1 63
1 65
1 74
1 76
1 82
1 88
1 132
1 145
1 146
1 102
1 103
1 104
1 108
1 109
1 110
1 115
1 121
1 126
2 3
2 5
2 12
2 15
2 16
2 18
2 19
2 20
2 21
2 22
2 24
2 25
2 26
2 32
2 33
2 34
2 36
2 37
2 38
2 39
2 42
2 43
2 45
2 49
2 51
2 52
2 84
2 98
2 129
2 133
2 134
2 136
2 144
2 148
2 108
2 118
2 123
2 124
3 4
3 5
3 6
3 7
3 8
3 9
3 11
3 12
3 13
3 14
3 15
3 18
3 20
3 21
3 22
3 23
3 26
3 28
3 30
3 32
3 33
3 36
3 39
3 40
3 42
3 43
3 44
3 46
3 47
3 48
3 55
3 64
3 70
3 87
3 95
3 96
3 97
3 136
3 141
3 144
3 100
3 101
3 104
3 106
3 108
3 109
3 115
3 118
3 123
3 125
3 127
4 5
4 8
4 9
4 10
4 13
4 14
4 15
4 16
4 17
4 19
4 20
4 21
4 22
4 25
4 27
4 29
4 32
4 34
4 35
4 36
4 37
4 38
4 39
4 40
4 41
4 42
4 43
4 44
4 45
4 47
4 49
4 58
4 65
4 68
4 69
4 73
4 76
4 77
4 79
4 86
4 91
4 95
4 98
4 130
4 132
4 134
4 140
4 144
4 109
5 8
5 9
5 10
5 13
5 14
5 15
5 16
5 17
5 18
5 19
5 24
5 25
5 26
5 27
5 29
5 30
5 31
5 33
5 34
5 35
5 36
5 37
5 39
5 43
5 44
5 45
5 47
5 48
5 51
5 52
5 58
5 62
5 78
5 83
5 85
5 86
5 99
5 137
5 139
5 141
5 143
5 105
5 111
5 113
5 118
5 123
6 7
6 8
6 10
6 14
6 15
6 16
6 17
6 20
6 21
6 25
6 26
6 29
6 30
6 31
6 32
6 34
6 36
6 38
6 39
6 40
6 44
6 45
6 46
6 48
6 49
6 60
6 73
6 85
6 88
6 97
6 129
6 132
6 137
6 139
6 141
6 144
6 145
6 149
6 109
6 122
6 126
7 8
7 9
7 11
7 12
7 14
7 15
7 16
7 18
7 20
7 21
7 22
7 25
7 26
7 31
7 32
7 33
7 35
7 41
7 42
7 43
7 45
7 46
7 49
7 54
7 58
7 60
7 63
7 66
7 69
7 72
7 74
7 85
7 89
7 94
7 97
7 133
7 136
7 143
7 145
7 146
7 100
7 102
7 106
7 107
7 109
7 110
7 114
7 120
7 122
7 127
8 9
8 11
8 12
8 14
8 15
8 16
8 18
8 19
8 20
8 22
8 23
8 24
8 25
8 26
8 27
8 28
8 29
8 30
8 31
8 32
8 35
8 37
8 38
8 40
8 41
8 43
8 44
8 45
8 47
8 49
8 52
8 55
8 57
8 59
8 61
8 63
8 75
8 78
8 81
8 87
8 91
8 95
8 97
8 130
8 134
8 101
8 107
8 113
8 114
8 121
9 10
9 12
9 14
9 16
9 17
9 19
9 21
9 22
9 23
9 24
9 25
9 27
9 28
9 30
9 34
9 35
9 36
9 37
9 38
9 42
9 43
9 44
9 45
9 46
9 47
9 48
9 52
9 57
9 60
9 63
9 66
9 78
9 79
9 84
9 85
9 87
9 91
9 92
9 94
9 133
9 137
9 110
9 112
9 115
9 116
9 124
9 125
10 11
10 12
10 13
10 16
10 17
10 22
10 24
10 25
10 26
10 28
10 29
10 32
10 33
10 36
10 37
10 38
10 42
10 43
10 44
10 46
10 47
10 49
10 50
10 52
10 60
10 71
10 79
10 80
10 81
10 82
10 83
10 84
10 96
10 133
10 137
10 142
10 146
10 111
10 112
10 118
10 121
10 123
10 127
11 13
11 14
11 17
11 18
11 19
11 20
11 23
11 26
11 31
11 33
11 34
11 35
11 36
11 39
11 41
11 43
11 44
11 47
11 48
11 49
11 57
11 63
11 64
11 65
11 68
11 72
11 77
11 79
11 81
11 83
11 87
11 92
11 94
11 97
11 99
11 128
11 132
11 133
11 135
11 136
11 137
11 140
11 145
11 149
11 101
11 103
11 104
11 107
11 111
11 113
11 116
11 119
11 120
11 124
12 15
12 16
12 17
12 24
12 25
12 26
12 27
12 28
12 30
12 32
12 36
12 37
12 38
12 39
12 42
12 43
12 44
12 45
12 46
12 47
12 48
12 49
12 60
12 62
12 68
12 74
12 75
12 80
12 84
12 88
12 95
12 96
12 99
12 128
12 136
12 145
12 101
12 115
12 117
12 119
12 123
13 15
13 16
13 17
13 20
13 21
13 22
13 24
13 26
13 27
13 28
13 30
13 33
13 35
13 37
13 39
13 40
13 43
13 44
13 45
13 46
13 47
13 48
13 56
13 68
13 95
13 96
13 133
13 136
13 137
13 139
13 143
13 145
13 146
13 100
13 107
13 118
13 122
13 126
14 15
14 17
14 18
14 21
14 22
14 23
14 24
14 25
14 29
14 30
14 32
14 33
14 34
14 38
14 40
14 42
14 43
14 44
14 45
14 46
14 47
14 48
14 49
14 52
14 60
14 71
14 73
14 79
14 83
14 84
14 88
14 97
14 148
14 100
14 101
14 102
14 113
14 115
14 122
14 125
14 127
15 16
15 17
15 18
15 20
15 21
15 22
15 24
15 27
15 28
15 30
15 33
15 34
15 35
15 36
15 38
15 39
15 41
15 42
15 43
15 45
15 47
15 48
15 58
15 61
15 63
15 71
15 91
15 97
15 98
15 130
15 132
15 134
15 140
15 141
15 143
15 101
15 123
16 17
16 19
16 21
16 24
16 25
16 26
16 28
16 29
16 33
16 34
16 35
16 36
16 38
16 42
16 44
16 46
16 49
16 64
16 80
16 89
16 96
16 132
16 138
16 139
16 140
16 103
16 105
16 110
16 111
16 112
16 113
16 117
16 123
16 124
16 127
17 18
17 21
17 23
17 24
17 25
17 26
17 27
17 29
17 30
17 31
17 33
17 34
17 35
17 42
17 44
17 45
17 46
17 47
17 48
17 49
17 51
17 56
17 58
17 59
17 60
17 71
17 79
17 81
17 88
17 89
17 92
17 98
17 128
17 134
17 148
18 22
18 23
18 24
18 26
18 28
18 29
18 32
18 33
18 36
18 37
18 38
18 39
18 42
18 43
18 44
18 45
18 47
18 52
18 53
18 61
18 63
18 78
18 88
18 91
18 93
18 97
18 98
18 129
18 130
18 131
18 132
18 135
18 138
18 144
18 145
18 149
18 100
18 104
18 113
18 114
18 117
18 126
19 20
19 22
19 24
19 25
19 26
19 27
19 28
19 29
19 30
19 33
19 39
19 40
19 41
19 43
19 47
19 48
19 53
19 56
19 61
19 65
19 72
19 73
19 84
19 91
19 94
19 95
19 128
19 135
19 140
19 145
19 103
19 118
19 126
20 22
20 24
20 25
20 30
20 32
20 33
20 34
20 35
20 36
20 37
20 39
20 40
20 41
20 42
20 46
20 49
20 56
20 59
20 60
20 65
20 76
20 77
20 81
20 88
20 89
20 94
20 95
20 130
20 136
20 138
20 139
20 144
20 145
20 148
20 102
20 103
20 106
20 108
20 114
20 125
21 23
21 24
21 25
21 26
21 27
21 30
21 31
21 32
21 33
21 36
21 37
21 38
21 40
21 41
21 42
21 43
21 45
21 46
21 47
21 48
21 54
21 57
21 65
21 69
21 75
21 87
21 88
21 92
21 97
21 130
21 131
21 103
21 113
21 125
22 24
22 25
22 26
22 27
22 28
22 29
22 34
22 36
22 37
22 38
22 39
22 40
22 42
22 43
22 49
22 61
22 62
22 65
22 67
22 73
22 75
22 91
22 97
22 147
22 102
22 104
22 115
22 119
22 120
22 124
23 24
23 26
23 27
23 28
23 30
23 32
23 34
23 35
23 37
23 38
23 39
23 40
23 41
23 42
23 44
23 45
23 47
23 48
23 57
23 68
23 69
23 70
23 82
23 83
23 85
23 86
23 90
23 129
23 133
23 146
23 108
23 111
23 113
23 117
23 119
23 124
23 127
24 28
24 29
24 30
24 31
24 32
24 34
24 35
24 36
24 38
24 39
24 40
24 41
24 42
24 47
24 48
24 49
24 58
24 64
24 66
24 74
24 76
24 77
24 83
24 89
24 138
24 142
24 146
24 108
24 113
24 115
24 125
25 27
25 28
25 29
25 31
25 33
25 34
25 36
25 38
25 39
25 40
25 41
25 42
25 45
25 46
25 47
25 50
25 61
25 73
25 74
25 80
25 83
25 84
25 89
25 93
25 104
25 118
25 120
25 123
25 124
25 125
26 28
26 30
26 31
26 32
26 33
26 35
26 36
26 37
26 38
26 40
26 41
26 43
26 44
26 45
26 47
26 49
26 53
26 63
26 64
26 65
26 66
26 67
26 70
26 73
26 77
26 79
26 84
26 92
26 140
26 141
26 142
26 149
26 101
26 114
26 120
26 121
26 123
27 28
27 29
27 30
27 31
27 33
27 34
27 35
27 37
27 39
27 40
27 43
27 44
27 45
27 56
27 63
27 66
27 70
27 73
27 79
27 93
27 98
27 133
27 137
27 142
27 143
27 148
27 100
27 101
27 109
27 110
27 113
27 114
27 117
27 118
27 120
27 124
28 29
28 30
28 32
28 34
28 35
28 36
28 38
28 40
28 42
28 43
28 44
28 45
28 49
28 62
28 71
28 72
28 77
28 84
28 90
28 91
28 95
28 96
28 128
28 136
28 137
28 138
28 139
28 148
28 100
28 104
28 108
28 112
28 113
28 114
28 117
28 122
29 31
29 32
29 33
29 36
29 38
29 39
29 40
29 41
29 43
29 45
29 46
29 47
29 49
29 53
29 64
29 74
29 76
29 95
29 130
29 138
29 140
29 101
29 105
29 109
29 110
29 112
29 116
29 120
29 123
29 127
30 31
30 32
30 33
30 34
30 35
30 36
30 37
30 38
30 40
30 41
30 44
30 45
30 46
30 47
30 48
30 49
30 52
30 55
30 70
30 72
30 78
30 95
30 97
30 99
30 134
30 143
30 107
30 113
30 114
30 116
30 120
30 124
31 32
31 33
31 34
31 35
31 36
31 37
31 38
31 40
31 42
31 43
31 47
31 50
31 51
31 62
31 67
31 70
31 73
31 76
31 78
31 79
31 83
31 86
31 95
31 131
31 132
31 133
31 136
31 140
31 144
31 147
31 100
31 103
31 109
31 112
31 116
31 120
31 126
31 127
32 33
32 34
32 35
32 41
32 43
32 48
32 50
32 54
32 55
32 56
32 58
32 60
32 63
32 74
32 76
32 79
32 82
32 83
32 85
32 89
32 92
32 93
32 96
32 136
32 144
32 145
32 101
32 103
32 108
32 119
32 120
32 123
32 124
33 34
33 35
33 36
33 37
33 38
33 40
33 41
33 42
33 43
33 44
33 45
33 46
33 48
33 49
33 52
33 58
33 60
33 62
33 73
33 74
33 76
33 78
33 81
33 83
33 86
33 93
33 94
33 128
33 129
33 134
33 135
33 101
33 108
33 117
33 119
33 125
33 127
34 35
34 36
34 37
34 38
34 39
34 43
34 44
34 45
34 46
34 47
34 48
34 52
34 56
34 58
34 64
34 66
34 74
34 80
34 134
34 140
34 105
34 117
34 118
35 36
35 38
35 40
35 42
35 46
35 48
35 52
35 66
35 67
35 69
35 70
35 81
35 85
35 95
35 143
35 145
35 146
35 149
35 101
35 105
35 109
35 113
35 115
35 117
35 122
35 124
35 126
36 40
36 42
36 43
36 44
36 48
36 49
36 58
36 61
36 62
36 63
36 66
36 69
36 74
36 81
36 82
36 83
36 96
36 131
36 136
36 137
36 144
36 146
36 147
36 148
36 105
36 106
36 110
36 113
36 124
37 38
37 41
37 42
37 43
37 45
37 46
37 48
37 49
37 58
37 60
37 65
37 70
37 71
37 74
37 82
37 98
37 129
37 130
37 135
37 143
37 145
37 149
37 101
37 102
37 114
37 115
37 120
37 121
37 126
38 39
38 42
38 43
38 44
38 46
38 56
38 60
38 67
38 68
38 69
38 75
38 82
38 95
38 129
38 137
38 144
38 145
38 147
38 103
38 106
38 109
38 123
38 124
38 125
39 42
39 43
39 44
39 45
39 46
39 49
39 58
39 62
39 71
39 84
39 92
39 93
39 128
39 137
39 140
39 143
39 147
39 149
39 106
39 108
39 110
39 122
39 127
40 41
40 42
40 44
40 45
40 46
40 48
40 49
40 55
40 57
40 60
40 68
40 70
40 75
40 80
40 84
40 86
40 129
40 138
40 140
40 142
40 145
40 102
40 112
40 119
40 120
41 42
41 43
41 44
41 45
41 46
41 49
41 61
41 62
41 64
41 71
41 74
41 75
41 78
41 82
41 95
41 96
41 133
41 139
41 140
41 141
41 144
41 101
41 105
41 110
41 116
41 124
41 125
42 43
42 44
42 45
42 46
42 47
42 48
42 49
42 54
42 69
42 70
42 76
42 99
42 131
42 133
42 136
42 139
42 103
42 107
42 122
42 124
43 44
43 46
43 48
43 53
43 62
43 64
43 69
43 71
43 72
43 78
43 89
43 91
43 135
43 136
43 138
43 147
43 148
43 149
43 100
43 102
43 103
43 104
43 106
43 109
43 111
43 113
43 120
43 122
43 124
44 46
44 48
44 49
44 56
44 57
44 60
44 69
44 74
44 77
44 78
44 96
44 130
44 140
44 149
44 102
44 103
44 106
44 107
44 108
44 115
44 121
44 126
44 127
45 46
45 48
45 51
45 53
45 56
45 57
45 58
45 64
45 69
45 70
45 72
45 78
45 83
45 90
45 96
45 132
45 141
45 149
45 106
45 108
45 114
45 116
45 120
45 121
45 122
45 124
45 127
46 47
46 48
46 49
46 56
46 70
46 74
46 76
46 84
46 88
46 90
46 94
46 99
46 130
46 132
46 138
46 148
46 102
46 104
46 106
46 107
46 115
46 116
46 117
46 119
46 121
46 127
47 48
47 49
47 53
47 54
47 56
47 57
47 58
47 61
47 62
47 78
47 84
47 85
47 88
47 90
47 92
47 95
47 98
47 128
47 140
47 142
47 144
47 146
47 101
47 113
47 118
47 122
48 49
48 62
48 63
48 79
48 80
48 81
48 90
48 149
48 102
48 117
48 119
49 54
49 55
49 61
49 68
49 81
49 83
49 128
49 143
49 144
49 148
49 101
49 106
49 110
49 116
49 120
49 121
49 123
49 127
50 51
50 52
50 54
50 55
50 56
50 57
50 59
50 60
50 64
50 68
50 71
50 72
50 77
50 78
50 79
50 80
50 84
50 85
50 87
50 88
50 90
50 92
50 94
50 96
50 97
50 131
50 137
50 142
50 101
50 105
50 117
50 122
50 123
51 53
51 55
51 58
51 59
51 60
51 61
51 62
51 63
51 64
51 65
51 67
51 68
51 69
51 70
51 71
51 72
51 73
51 74
51 76
51 78
51 81
51 83
51 84
51 87
51 88
51 89
51 96
51 97
51 98
51 99
51 132
51 136
51 139
51 146
51 148
51 104
51 107
51 116
51 121
51 122
51 123
51 125
51 126
52 53
52 54
52 55
52 56
52 58
52 59
52 60
52 61
52 64
52 65
52 67
52 70
52 72
52 73
52 74
52 75
52 76
52 77
52 78
52 81
52 84
52 86
52 88
52 89
52 91
52 93
52 95
52 96
52 97
52 99
52 128
52 136
52 138
52 102
52 105
52 108
52 109
52 112
52 117
52 121
52 123
53 54
53 61
53 62
53 69
53 71
53 72
53 73
53 74
53 76
53 78
53 79
53 80
53 81
53 84
53 87
53 88
53 89
53 90
53 92
53 93
53 95
53 96
53 97
53 98
53 99
53 128
53 130
53 135
53 137
53 102
53 104
53 110
53 112
53 115
53 120
53 122
53 126
54 56
54 57
54 61
54 62
54 63
54 66
54 67
54 68
54 72
54 74
54 75
54 76
54 77
54 78
54 79
54 80
54 81
54 82
54 83
54 84
54 85
54 86
54 88
54 92
54 93
54 94
54 95
54 96
54 97
54 133
54 145
54 109
54 116
54 122
55 57
55 58
55 61
55 63
55 65
55 67
55 68
55 69
55 72
55 73
55 74
55 75
55 76
55 78
55 80
55 81
55 85
55 87
55 89
55 91
55 93
55 95
55 97
55 98
55 99
55 128
55 132
55 147
55 149
55 107
55 108
55 111
55 112
55 117
55 122
55 124
55 126
56 59
56 60
56 61
56 62
56 63
56 67
56 68
56 69
56 70
56 72
56 73
56 74
56 78
56 79
56 80
56 85
56 86
56 88
56 89
56 91
56 92
56 93
56 97
56 98
56 99
56 130
56 131
56 135
56 138
56 140
56 141
56 142
56 145
56 102
56 111
56 119
56 123
57 61
57 62
57 63
57 64
57 69
57 70
57 72
57 75
57 77
57 78
57 82
57 84
57 87
57 88
57 91
57 94
57 97
57 98
57 99
57 131
57 132
57 140
57 144
57 146
57 101
57 103
57 114
57 115
57 116
57 125
58 61
58 62
58 63
58 64
58 67
58 68
58 69
58 70
58 71
58 73
58 74
58 75
58 76
58 78
58 80
58 81
58 82
58 83
58 85
58 87
58 88
58 89
58 91
58 95
58 96
58 99
58 129
58 130
58 131
58 136
58 141
58 107
58 108
58 124
58 126
59 60
59 63
59 64
59 65
59 67
59 69
59 70
59 71
59 72
59 73
59 77
59 78
59 79
59 80
59 86
59 90
59 92
59 95
59 96
59 97
59 99
59 130
59 131
59 134
59 148
59 149
59 104
59 111
59 121
59 126
60 61
60 62
60 65
60 66
60 67
60 69
60 70
60 71
60 74
60 75
60 76
60 78
60 80
60 81
60 82
60 84
60 89
60 90
60 92
60 96
60 97
60 98
60 136
60 148
60 105
60 106
60 108
60 110
60 111
60 112
60 117
60 120
60 125
61 62
61 63
61 64
61 66
61 67
61 68
61 71
61 72
61 73
61 75
61 77
61 78
61 80
61 81
61 84
61 87
61 88
61 89
61 93
61 99
61 136
61 100
61 103
61 106
61 109
61 112
61 125
61 126
62 64
62 65
62 66
62 68
62 69
62 70
62 72
62 73
62 77
62 79
62 80
62 81
62 83
62 84
62 86
62 87
62 90
62 91
62 93
62 96
62 97
62 128
62 130
62 132
62 144
62 149
62 109
62 116
62 119
62 120
62 124
63 64
63 66
63 67
63 68
63 70
63 71
63 73
63 75
63 77
63 79
63 83
63 84
63 85
63 86
63 88
63 90
63 93
63 94
63 95
63 96
63 98
63 129
63 132
63 140
63 142
63 147
63 105
63 108
63 111
63 112
63 118
63 124
64 65
64 66
64 68
64 69
64 70
64 72
64 74
64 75
64 77
64 78
64 79
64 80
64 82
64 83
64 84
64 85
64 86
64 87
64 89
64 90
64 91
64 92
64 95
64 97
64 98
64 99
64 132
64 138
64 140
64 141
64 144
64 148
64 149
64 109
64 115
64 121
64 127
65 67
65 69
65 70
65 75
65 76
65 79
65 82
65 83
65 84
65 88
65 89
65 92
65 93
65 94
65 95
65 96
65 97
65 98
65 99
65 128
65 130
65 139
65 104
65 106
65 114
65 115
65 116
66 67
66 68
66 69
66 70
66 72
66 73
66 74
66 75
66 76
66 78
66 81
66 82
66 83
66 85
66 86
66 87
66 88
66 89
66 90
66 92
66 94
66 95
66 96
66 97
66 98
66 99
66 133
66 135
66 136
66 137
66 143
66 147
66 149
66 104
66 113
66 114
66 115
67 68
67 69
67 71
67 73
67 74
67 77
67 79
67 82
67 83
67 86
67 87
67 89
67 90
67 93
67 94
67 95
67 96
67 97
67 99
67 130
67 135
67 136
67 140
67 143
67 144
67 146
67 104
67 108
67 124
67 126
68 69
68 72
68 73
68 75
68 76
68 77
68 82
68 83
68 84
68 85
68 87
68 88
68 89
68 90
68 91
68 92
68 93
68 95
68 99
68 140
68 143
68 100
68 108
68 112
68 113
68 115
68 118
68 120
68 121
68 125
69 71
69 72
69 73
69 75
69 76
69 78
69 79
69 80
69 81
69 82
69 83
69 84
69 85
69 88
69 89
69 91
69 93
69 95
69 96
69 97
69 98
69 128
69 130
69 132
69 134
69 139
69 141
69 101
69 103
69 121
69 123
70 71
70 73
70 74
70 75
70 79
70 83
70 86
70 87
70 89
70 90
70 92
70 93
70 94
70 95
70 96
70 97
70 98
70 128
70 129
70 132
70 134
70 135
70 105
70 110
70 114
70 116
70 117
71 72
71 74
71 75
71 77
71 78
71 80
71 81
71 84
71 85
71 88
71 91
71 92
71 94
71 95
71 96
71 97
71 98
71 99
71 133
71 138
71 146
71 147
71 109
71 110
71 111
71 113
71 117
71 118
71 120
71 121
72 75
72 76
72 77
72 78
72 80
72 82
72 85
72 86
72 87
72 88
72 91
72 93
72 94
72 95
72 96
72 99
72 129
72 131
72 104
72 107
72 109
72 122
72 125
73 74
73 75
73 76
73 77
73 79
73 80
73 81
73 82
73 86
73 88
73 89
73 90
73 91
73 92
73 93
73 94
73 95
73 96
73 97
73 128
73 129
73 131
73 132
73 134
73 136
73 141
73 144
73 149
73 104
73 110
73 113
73 116
73 117
73 121
74 75
74 76
74 77
74 79
74 80
74 82
74 84
74 85
74 90
74 95
74 97
74 98
74 99
74 129
74 131
74 132
74 134
74 137
74 139
74 140
74 143
74 144
74 145
74 146
74 148
74 103
74 104
74 111
74 121
74 125
75 80
75 82
75 83
75 84
75 85
75 86
75 87
75 90
75 91
75 92
75 94
75 95
75 96
75 98
75 144
75 147
75 106
75 120
75 123
75 124
75 125
76 77
76 78
76 79
76 80
76 81
76 83
76 84
76 86
76 87
76 88
76 91
76 92
76 93
76 94
76 96
76 97
76 128
76 131
76 135
76 136
76 141
76 145
76 146
76 147
76 101
76 113
76 114
76 122
77 78
77 79
77 83
77 85
77 88
77 91
77 93
77 94
77 95
77 97
77 98
77 131
77 136
77 137
77 141
77 142
77 100
77 115
77 120
77 123
77 126
78 79
78 80
78 82
78 83
78 84
78 85
78 87
78 91
78 92
78 94
78 95
78 96
78 97
78 99
78 134
78 135
78 137
78 144
78 101
78 102
78 110
78 114
78 116
79 81
79 82
79 84
79 86
79 90
79 93
79 95
79 96
79 98
79 99
79 136
79 142
79 145
79 103
79 106
79 117
79 118
79 119
79 121
79 122
80 82
80 83
80 84
80 85
80 86
80 89
80 90
80 91
80 93
80 95
80 96
80 97
80 98
80 133
80 137
80 144
80 148
80 100
80 101
80 102
80 107
80 109
80 112
80 115
80 123
80 125
80 126
81 82
81 83
81 84
81 86
81 87
81 89
81 90
81 91
81 96
81 97
81 131
81 135
81 137
81 142
81 146
81 110
81 120
81 121
82 83
82 84
82 85
82 87
82 88
82 89
82 91
82 92
82 93
82 94
82 95
82 97
82 98
82 128
82 129
82 131
82 142
82 100
82 106
82 108
82 115
82 119
82 123
83 84
83 85
83 86
83 87
83 88
83 89
83 90
83 91
83 93
83 95
83 98
83 132
83 139
83 143
83 148
83 102
83 125
84 86
84 90
84 91
84 94
84 95
84 97
84 98
84 99
84 133
84 134
84 136
84 142
84 144
84 149
84 101
84 102
84 106
84 122
84 127
85 86
85 87
85 90
85 93
85 95
85 96
85 97
85 98
85 135
85 138
85 149
85 101
85 109
85 110
85 117
85 119
85 121
86 87
86 88
86 90
86 91
86 92
86 96
86 129
86 136
86 140
86 145
86 149
86 100
86 109
86 112
86 119
86 125
87 89
87 90
87 91
87 92
87 93
87 94
87 95
87 96
87 128
87 130
87 133
87 137
87 143
87 148
87 105
87 113
87 124
87 125
87 127
88 89
88 92
88 93
88 95
88 98
88 129
88 131
88 133
88 136
88 137
88 140
88 149
88 104
88 116
88 119
88 125
89 90
89 95
89 97
89 98
89 99
89 132
89 137
89 142
89 143
89 148
89 104
89 107
89 112
89 113
89 125
90 92
90 93
90 94
90 95
90 97
90 98
90 99
90 128
90 129
90 133
90 142
90 144
90 149
90 103
90 116
90 118
90 121
90 127
91 94
91 96
91 97
91 98
91 99
91 129
91 143
91 144
91 103
91 106
91 107
91 111
91 122
91 125
92 97
92 99
92 128
92 130
92 135
92 136
92 137
92 142
92 146
92 102
92 109
92 126
93 94
93 95
93 98
93 99
93 133
93 137
93 147
93 104
93 118
93 121
93 122
93 126
94 95
94 97
94 98
94 99
94 130
94 142
94 146
94 147
94 148
94 100
94 103
94 108
94 109
94 115
94 116
94 122
94 123
95 97
95 98
95 99
95 134
95 137
95 141
95 107
95 119
95 122
95 123
96 97
96 129
96 131
96 139
96 146
96 147
96 149
96 110
96 116
97 98
97 105
97 113
97 116
97 118
97 121
98 129
98 130
98 131
98 140
98 145
98 100
98 112
98 120
98 121
98 125
99 135
99 147
99 149
99 100
99 101
99 103
99 105
99 110
99 113
99 116
128 131
128 134
128 135
128 136
128 137
128 140
128 142
128 143
128 144
128 146
128 100
128 101
128 104
128 105
128 106
128 109
128 110
128 111
128 112
128 114
128 116
128 117
128 118
128 119
128 121
128 122
128 125
128 126
128 127
129 133
129 134
129 136
129 137
129 139
129 140
129 141
129 143
129 145
129 146
129 148
129 102
129 104
129 106
129 107
129 110
129 112
129 115
129 116
129 118
129 120
129 121
129 126
130 131
130 133
130 134
130 135
130 136
130 139
130 140
130 141
130 144
130 145
130 146
130 147
130 148
130 149
130 100
130 101
130 102
130 103
130 104
130 106
130 107
130 108
130 109
130 110
130 111
130 112
130 113
130 114
130 115
130 116
130 117
130 119
130 122
130 123
131 132
131 133
131 134
131 135
131 137
131 139
131 141
131 142
131 143
131 144
131 146
131 148
131 100
131 101
131 103
131 104
131 106
131 107
131 111
131 113
131 114
131 117
131 118
131 119
131 122
131 123
131 124
131 126
131 127
132 135
132 136
132 137
132 141
132 142
132 143
132 145
132 147
132 102
132 104
132 105
132 107
132 108
132 111
132 112
132 115
132 119
132 121
132 122
132 127
133 134
133 137
133 138
133 140
133 143
133 146
133 147
133 148
133 102
133 105
133 107
133 108
133 109
133 112
133 114
133 116
133 117
133 120
133 122
133 126
133 127
134 135
134 136
134 137
134 138
134 140
134 141
134 142
134 143
134 144
134 147
134 100
134 102
134 103
134 105
134 107
134 108
134 109
134 110
134 112
134 113
134 114
134 115
134 116
134 119
134 120
134 121
134 122
134 124
134 125
134 126
135 138
135 139
135 140
135 142
135 143
135 144
135 145
135 147
135 148
135 100
135 101
135 102
135 103
135 107
135 108
135 110
135 112
135 115
135 116
135 117
135 119
135 120
135 125
135 126
135 127
136 139
136 140
136 141
136 143
136 144
136 146
136 147
136 148
136 100
136 102
136 103
136 104
136 105
136 109
136 112
136 113
136 115
136 119
136 120
136 122
136 123
136 124
136 125
136 126
136 127
137 138
137 139
137 140
137 141
137 142
137 144
137 146
137 147
137 149
137 101
137 102
137 105
137 106
137 107
137 108
137 109
137 110
137 112
137 115
137 118
137 119
137 121
137 123
137 124
137 125
137 126
138 139
138 140
138 141
138 142
138 144
138 145
138 148
138 149
138 100
138 103
138 104
138 105
138 106
138 112
138 113
138 114
138 115
138 116
138 117
138 119
138 120
138 121
138 122
138 123
138 126
138 127
139 140
139 142
139 143
139 146
139 147
139 148
139 100
139 102
139 105
139 107
139 108
139 109
139 110
139 112
139 114
139 116
139 121
139 122
139 124
139 125
139 126
139 127
140 141
140 144
140 147
140 148
140 101
140 102
140 106
140 111
140 112
140 114
140 118
140 119
140 120
140 121
140 122
140 123
140 124
140 125
140 126
140 127
141 142
141 143
141 146
141 148
141 149
141 100
141 101
141 102
141 103
141 104
141 105
141 106
141 108
141 109
141 110
141 112
141 118
141 119
141 120
141 121
141 122
141 125
141 126
142 143
142 144
142 145
142 146
142 148
142 149
142 104
142 106
142 109
142 111
142 116
142 117
142 118
142 119
142 123
142 124
142 125
142 126
143 144
143 145
143 148
143 149
143 100
143 101
143 102
143 103
143 105
143 108
143 110
143 111
143 112
143 113
143 114
143 116
143 117
143 118
143 119
143 120
143 122
143 123
143 126
143 127
144 145
144 148
144 100
144 101
144 102
144 104
144 105
144 106
144 107
144 108
144 110
144 111
144 112
144 113
144 114
144 115
144 118
144 119
144 120
144 121
144 122
144 123
144 125
144 126
144 127
145 146
145 147
145 100
145 103
145 106
145 107
145 108
145 109
145 111
145 112
145 113
145 114
145 117
145 119
145 122
145 125
145 127
146 148
146 149
146 102
146 103
146 104
146 105
146 106
146 107
146 108
146 109
146 111
146 112
146 113
146 115
146 117
146 118
146 119
146 120
146 122
146 124
146 126
147 149
147 100
147 103
147 104
147 105
147 106
147 110
147 111
147 112
147 114
147 115
147 116
147 118
147 119
147 120
147 122
147 125
147 126
147 127
148 149
148 100
148 101
148 102
148 105
148 106
148 107
148 108
148 109
148 110
148 112
148 113
148 114
148 116
148 119
148 122
148 123
148 124
148 125
148 127
149 100
149 101
149 102
149 103
149 105
149 106
149 107
149 108
149 112
149 113
149 114
149 118
149 120
149 121
149 122
149 123
149 124
149 127
100 101
100 102
100 103
100 104
100 105
100 106
100 107
100 108
100 111
100 115
100 117
100 118
100 121
100 122
100 123
100 124
100 126
100 127
101 104
101 106
101 107
101 108
101 110
101 111
101 113
101 116
101 117
101 118
101 120
101 121
101 125
101 126
101 127
102 103
102 104
102 105
102 106
102 107
102 109
102 110
102 111
102 112
102 113
102 116
102 118
102 119
102 123
102 125
103 105
103 106
103 107
103 112
103 113
103 114
103 115
103 116
103 117
103 118
103 119
103 120
103 121
103 122
103 123
103 124
103 126
103 127
104 105
104 106
104 107
104 109
104 110
104 111
104 112
104 115
104 116
104 117
104 120
104 121
104 122
104 124
104 125
104 127
105 109
105 112
105 113
105 115
105 117
105 118
105 119
105 121
105 122
105 123
105 124
105 125
106 107
106 108
106 111
106 112
106 117
106 120
106 121
106 125
106 126
106 127
107 108
107 109
107 111
107 113
107 114
107 115
107 117
107 118
107 119
107 122
107 125
107 126
108 109
108 111
108 112
108 113
108 114
108 115
108 118
108 119
108 123
108 125
108 126
109 111
109 112
109 113
109 115
109 117
109 119
109 121
109 122
109 123
109 124
109 127
110 111
110 113
110 116
110 117
110 118
110 119
110 122
110 124
110 125
110 126
110 127
111 114
111 115
111 116
111 117
111 119
111 121
111 122
111 123
111 124
112 114
112 116
112 117
112 118
112 121
112 123
112 124
112 127
113 114
113 115
113 117
113 118
113 120
113 121
113 124
114 115
114 117
114 118
114 119
114 120
114 121
114 123
114 124
114 125
114 127
115 117
115 118
115 120
115 121
115 123
115 124
115 125
115 126
116 117
116 118
116 119
116 120
116 122
116 124
116 125
116 126
116 127
117 118
117 122
117 123
117 124
117 125
117 126
117 127
118 119
118 120
118 122
118 123
118 125
118 126
118 127
119 120
119 121
119 122
119 123
119 124
119 125
119 126
119 127
120 121
120 122
120 123
121 122
121 124
122 123
122 124
122 125
122 126
122 127
123 125
123 126
123 127
124 126
124 127
125 126
125 127
126 127
