0 1
0 2
0 4
0 5
0 7
0 11
0 12
0 13
0 16
0 19
0 20
0 22
0 24
0 26
0 30
0 31
0 32
0 33
0 34
0 36
0 37
0 38
0 39
0 44
0 45
0 46
0 47
0 48
0 49
0 58
0 66
0 76
0 140
0 142
0 105
0 109
0 121
1 2
1 3
1 4
1 5
1 6
1 7
1 9
1 10
1 13
1 14
1 15
1 16
1 17
1 18
1 19
1 20
1 22
1 26
1 29
1 30
1 31
1 33
1 35
1 38
1 39
1 43
1 44
1 45
1 46
1 47
1 48
1 49
1 57
1 65
1 66
1 91
1 98
1 132
1 135
1 137
1 102
1 103
1 109
1 112
1 115
2 3
2 4
2 5
2 6
2 7
2 9
2 10
2 11
2 15
2 16
2 17
2 19
2 21
2 22
2 23
2 24
2 26
2 28
2 29
2 30
2 31
2 36
2 37
2 38
2 39
2 41
2 42
2 44
2 46
2 47
2 51
2 56
2 64
2 84
2 134
2 139
2 140
2 145
3 4
3 5
3 6
3 7
3 8
3 9
3 12
3 14
3 15
3 16
3 17
3 19
3 22
3 23
3 24
3 28
3 30
3 32
3 33
3 34
3 35
3 37
3 38
3 39
3 40
3 41
3 42
3 43
3 46
3 47
3 49
3 88
3 92
3 96
3 132
3 105
4 6
4 9
4 10
4 12
4 14
4 15
4 16
4 17
4 19
4 20
4 21
4 22
4 26
4 27
4 28
4 30
4 31
4 32
4 34
4 36
4 37
4 38
4 40
4 41
4 42
4 44
4 45
4 46
4 47
4 48
4 49
4 62
4 71
4 77
4 93
4 130
4 147
4 149
4 107
4 109
4 116
4 126
5 7
5 8
5 9
5 12
5 13
5 14
5 15
5 16
5 17
5 19
5 20
5 21
5 22
5 23
5 24
5 25
5 26
5 27
5 28
5 29
5 30
5 31
5 32
5 33
5 34
5 35
5 36
5 38
5 39
5 41
5 42
5 43
5 45
5 47
5 48
5 49
5 56
5 62
5 63
5 84
5 85
5 86
5 91
5 92
5 96
5 132
5 133
5 108
5 117
6 7
6 8
6 10
6 13
6 14
6 15
6 16
6 17
6 18
6 19
6 20
6 21
6 22
6 25
6 28
6 29
6 30
6 31
6 33
6 35
6 36
6 37
6 38
6 39
6 40
6 41
6 42
6 43
6 44
6 45
6 46
6 47
6 48
6 49
6 82
6 84
6 86
6 131
6 138
6 142
6 101
6 114
6 119
6 123
7 8
7 12
7 14
7 15
7 16
7 17
7 18
7 19
7 21
7 24
7 25
7 27
7 28
7 30
7 31
7 32
7 33
7 35
7 39
7 40
7 41
7 42
7 44
7 45
7 46
7 49
7 82
7 96
7 128
7 136
7 142
7 104
7 127
8 9
8 10
8 11
8 12
8 14
8 15
8 16
8 18
8 19
8 20
8 23
8 24
8 25
8 26
8 28
8 29
8 30
8 31
8 32
8 33
8 34
8 37
8 39
8 40
8 41
8 42
8 43
8 44
8 45
8 46
8 47
8 48
8 66
8 69
8 72
8 73
8 74
8 78
8 85
8 130
8 133
8 138
8 104
8 117
9 12
9 13
9 14
9 15
9 16
9 17
9 19
9 21
9 22
9 23
9 24
9 25
9 26
9 29
9 30
9 31
9 33
9 34
9 35
9 37
9 39
9 40
9 43
9 44
9 45
9 46
9 48
9 57
9 58
9 65
9 77
9 80
9 95
9 96
9 132
9 142
9 143
9 102
9 107
9 122
9 125
9 127
10 15
10 16
10 18
10 19
10 21
10 22
10 23
10 24
10 25
10 26
10 27
10 28
10 29
10 30
10 31
10 32
10 33
10 35
10 37
10 38
10 39
10 41
10 42
10 44
10 45
10 46
10 47
10 48
10 50
10 63
10 76
10 101
10 103
10 104
10 119
10 120
11 13
11 14
11 15
11 16
11 17
11 22
11 23
11 24
11 25
11 27
11 28
11 30
11 32
11 34
11 35
11 38
11 40
11 41
11 42
11 43
11 44
11 45
11 47
11 48
11 49
11 61
11 96
11 129
11 135
11 145
11 147
11 148
11 101
11 107
11 109
11 112
11 122
11 123
12 13
12 14
12 16
12 17
12 18
12 20
12 21
12 22
12 25
12 26
12 27
12 28
12 29
12 30
12 31
12 32
12 34
12 35
12 36
12 37
12 39
12 40
12 41
12 42
12 43
12 44
12 46
12 47
12 48
12 62
12 66
12 71
12 75
12 76
12 80
12 85
12 86
12 98
12 135
12 136
12 141
12 107
12 111
12 120
12 122
12 123
13 15
13 18
13 21
13 22
13 24
13 26
13 27
13 30
13 34
13 35
13 36
13 38
13 39
13 40
13 41
13 42
13 45
13 46
13 47
13 48
13 49
13 60
13 62
13 65
13 85
13 95
13 96
13 97
13 140
13 148
13 110
13 113
13 116
13 119
13 123
13 124
14 16
14 17
14 18
14 19
14 21
14 22
14 24
14 25
14 26
14 27
14 28
14 30
14 31
14 32
14 33
14 34
14 35
14 36
14 37
14 38
14 39
14 40
14 41
14 42
14 44
14 45
14 46
14 47
14 49
14 51
14 58
14 61
14 66
14 67
14 75
14 84
14 93
14 97
14 138
14 108
14 111
14 120
15 16
15 17
15 20
15 21
15 22
15 24
15 25
15 26
15 27
15 28
15 29
15 32
15 33
15 34
15 36
15 37
15 39
15 40
15 43
15 45
15 46
15 47
15 49
15 51
15 54
15 74
15 91
15 94
15 138
15 143
16 17
16 19
16 20
16 21
16 24
16 25
16 27
16 31
16 32
16 35
16 37
16 38
16 39
16 40
16 41
16 42
16 43
16 45
16 47
16 49
16 57
16 59
16 61
16 67
16 76
16 81
16 88
16 93
16 94
16 131
16 140
16 108
16 109
16 112
16 127
17 19
17 20
17 21
17 23
17 25
17 27
17 28
17 29
17 32
17 33
17 36
17 37
17 42
17 43
17 44
17 45
17 46
17 47
17 56
17 96
17 137
17 142
17 105
17 107
17 112
18 20
18 21
18 22
18 24
18 25
18 26
18 27
18 28
18 29
18 30
18 31
18 33
18 34
18 37
18 39
18 40
18 41
18 42
18 43
18 44
18 45
18 46
18 47
18 48
18 49
18 68
18 71
18 72
18 85
18 139
18 145
19 21
19 22
19 26
19 27
19 28
19 29
19 30
19 31
19 32
19 34
19 36
19 38
19 39
19 40
19 44
19 45
19 46
19 47
19 48
19 49
19 54
19 59
19 64
19 77
19 84
19 142
19 143
19 105
19 109
19 114
19 120
19 121
20 22
20 23
20 26
20 27
20 31
20 34
20 35
20 38
20 39
20 41
20 43
20 44
20 45
20 47
20 48
20 49
20 54
20 56
20 76
20 83
20 85
20 92
20 93
20 95
20 146
20 149
20 104
20 105
20 110
21 23
21 26
21 30
21 31
21 32
21 34
21 35
21 36
21 38
21 39
21 44
21 45
21 46
21 48
21 49
21 54
21 76
21 86
21 128
21 147
21 107
21 108
22 25
22 26
22 28
22 29
22 30
22 31
22 33
22 34
22 35
22 36
22 37
22 41
22 42
22 43
22 46
22 47
22 49
22 69
22 74
22 76
22 95
22 97
22 99
22 128
22 129
22 132
22 137
22 146
22 149
22 105
22 109
22 122
23 24
23 26
23 28
23 29
23 30
23 35
23 40
23 41
23 42
23 43
23 45
23 46
23 47
23 54
23 68
23 75
23 142
23 148
23 101
23 102
23 107
23 112
23 121
24 25
24 26
24 29
24 30
24 31
24 32
24 33
24 34
24 36
24 37
24 38
24 39
24 41
24 43
24 45
24 46
24 47
24 49
24 53
24 59
24 61
24 67
24 72
24 73
24 91
24 94
24 96
24 128
24 137
24 139
24 148
24 100
24 108
25 26
25 27
25 28
25 30
25 31
25 33
25 34
25 35
25 36
25 37
25 40
25 41
25 42
25 44
25 45
25 46
25 47
25 49
25 52
25 63
25 64
25 72
25 73
25 128
25 129
25 101
26 27
26 28
26 31
26 32
26 33
26 34
26 35
26 37
26 39
26 40
26 41
26 42
26 43
26 44
26 45
26 46
26 48
26 49
26 50
26 54
26 67
26 70
26 71
26 75
26 136
26 139
26 106
26 125
27 28
27 29
27 30
27 32
27 34
27 35
27 36
27 39
27 40
27 41
27 42
27 44
27 46
27 47
27 49
27 65
27 82
27 87
27 93
27 141
27 143
27 144
27 105
27 115
27 124
28 29
28 31
28 32
28 33
28 34
28 35
28 36
28 37
28 38
28 39
28 40
28 41
28 42
28 44
28 45
28 47
28 64
28 72
28 89
28 137
28 113
28 118
28 123
28 125
28 126
29 30
29 31
29 32
29 33
29 34
29 35
29 36
29 37
29 39
29 40
29 42
29 43
29 44
29 45
29 46
29 47
29 48
29 49
29 50
29 68
29 79
29 89
29 90
29 96
29 97
29 141
29 102
29 120
29 123
30 35
30 36
30 37
30 38
30 39
30 40
30 41
30 44
30 45
30 46
30 47
30 48
30 49
30 56
30 60
30 62
30 74
30 78
30 89
30 107
30 116
31 32
31 40
31 42
31 44
31 46
31 48
31 49
31 67
31 70
31 84
31 108
31 111
32 33
32 34
32 36
32 37
32 38
32 42
32 43
32 45
32 49
32 77
32 89
32 98
32 130
32 139
32 103
32 114
33 35
33 36
33 39
33 40
33 42
33 43
33 44
33 45
33 46
33 47
33 48
33 49
33 61
33 68
33 74
33 77
33 78
33 129
33 130
33 134
33 141
33 106
33 110
33 113
34 36
34 37
34 38
34 39
34 40
34 41
34 44
34 45
34 46
34 47
34 48
34 50
34 53
34 59
34 65
34 90
34 132
34 110
34 122
34 123
35 36
35 38
35 39
35 43
35 44
35 45
35 46
35 47
35 55
35 75
35 81
35 87
35 93
35 131
35 135
35 148
35 106
35 111
35 127
36 38
36 39
36 40
36 41
36 42
36 44
36 45
36 46
36 47
36 48
36 49
36 59
36 60
36 133
36 135
36 136
36 146
36 101
36 111
36 114
37 38
37 40
37 41
37 42
37 43
37 44
37 46
37 48
37 49
37 59
37 77
37 82
37 92
37 128
37 133
37 137
37 140
37 116
37 120
38 40
38 41
38 42
38 43
38 45
38 46
38 48
38 49
38 54
38 84
38 85
38 90
38 94
38 137
38 103
38 113
38 115
38 116
38 118
39 41
39 42
39 43
39 44
39 45
39 46
39 47
39 48
39 49
39 68
39 69
39 71
39 84
39 87
39 93
39 138
39 111
39 122
40 41
40 42
40 43
40 44
40 46
40 47
40 48
40 49
40 69
40 87
40 95
40 98
40 131
40 136
40 102
40 120
41 42
41 43
41 46
41 47
41 48
41 49
41 67
41 70
41 99
41 128
41 140
41 105
41 113
41 116
41 123
42 43
42 44
42 45
42 46
42 47
42 49
42 61
42 69
42 70
42 88
42 132
42 141
42 145
42 104
42 122
43 45
43 46
43 48
43 49
43 73
43 77
43 96
43 98
43 134
43 136
43 137
43 139
43 105
43 111
43 113
43 118
43 119
44 45
44 46
44 47
44 48
44 49
44 65
44 83
44 87
44 98
44 136
44 137
44 113
45 46
45 47
45 48
45 49
45 51
45 63
45 75
45 95
45 131
45 137
45 102
45 118
45 124
45 126
46 47
46 48
46 49
46 51
46 55
46 99
46 147
46 100
46 106
46 116
46 117
46 122
46 124
46 126
47 48
47 49
47 56
47 79
47 85
47 90
47 96
47 98
47 128
47 135
47 136
47 138
47 139
47 148
47 149
47 122
47 127
48 49
48 63
48 69
48 75
48 86
48 88
48 90
48 144
48 121
49 51
49 54
49 63
49 74
49 83
49 94
49 134
49 135
49 139
49 145
49 101
50 51
50 52
50 53
50 54
50 55
50 57
50 58
50 60
50 61
50 63
50 64
50 65
50 66
50 67
50 69
50 71
50 72
50 77
50 78
50 81
50 82
50 83
50 84
50 85
50 87
50 88
50 89
50 90
50 92
50 93
50 95
50 96
50 97
50 98
50 99
50 139
50 120
51 53
51 54
51 56
51 62
51 63
51 64
51 65
51 66
51 68
51 69
51 70
51 72
51 73
51 74
51 77
51 78
51 80
51 81
51 82
51 84
51 85
51 86
51 87
51 88
51 92
51 93
51 94
51 95
51 96
51 97
51 98
51 99
51 148
51 104
51 111
51 119
51 121
52 53
52 55
52 56
52 58
52 59
52 60
52 61
52 62
52 63
52 64
52 67
52 69
52 72
52 73
52 74
52 75
52 76
52 79
52 82
52 83
52 84
52 85
52 86
52 88
52 89
52 90
52 91
52 93
52 94
52 95
52 97
52 98
52 99
52 137
52 139
52 147
53 54
53 56
53 57
53 61
53 62
53 64
53 65
53 66
53 67
53 68
53 69
53 70
53 73
53 74
53 75
53 76
53 78
53 80
53 81
53 82
53 83
53 84
53 85
53 88
53 91
53 92
53 93
53 95
53 96
53 97
53 98
53 99
53 101
53 110
53 127
54 55
54 56
54 57
54 58
54 60
54 61
54 62
54 63
54 66
54 67
54 68
54 69
54 70
54 71
54 73
54 74
54 76
54 78
54 79
54 80
54 81
54 82
54 83
54 84
54 86
54 88
54 90
54 93
54 94
54 96
54 97
54 98
54 99
54 130
54 135
55 57
55 58
55 59
55 60
55 61
55 62
55 63
55 64
55 65
55 66
55 68
55 71
55 72
55 73
55 74
55 75
55 76
55 77
55 78
55 84
55 85
55 89
55 91
55 92
55 94
55 95
55 96
55 97
55 99
55 142
55 144
55 110
55 121
55 124
56 57
56 58
56 59
56 61
56 65
56 67
56 68
56 70
56 71
56 72
56 74
56 75
56 76
56 78
56 79
56 80
56 82
56 84
56 87
56 89
56 90
56 91
56 92
56 93
56 94
56 96
56 97
56 98
56 99
56 137
56 143
56 103
56 108
56 112
56 113
56 115
56 124
56 126
57 60
57 64
57 65
57 66
57 67
57 68
57 69
57 70
57 73
57 74
57 75
57 76
57 78
57 79
57 80
57 81
57 83
57 87
57 89
57 90
57 91
57 92
57 93
57 94
57 95
57 96
57 98
57 99
57 106
57 109
57 116
58 59
58 61
58 62
58 64
58 65
58 66
58 67
58 70
58 71
58 72
58 73
58 74
58 75
58 76
58 77
58 80
58 81
58 83
58 84
58 85
58 86
58 87
58 88
58 89
58 90
58 92
58 93
58 96
58 97
58 98
58 99
58 128
58 104
58 114
59 61
59 62
59 63
59 64
59 66
59 67
59 68
59 69
59 70
59 71
59 72
59 73
59 74
59 75
59 77
59 79
59 80
59 81
59 82
59 85
59 90
59 91
59 92
59 93
59 95
59 96
59 97
59 98
59 99
59 128
59 148
59 105
60 61
60 62
60 63
60 64
60 65
60 66
60 67
60 68
60 69
60 72
60 73
60 74
60 75
60 76
60 77
60 79
60 81
60 82
60 83
60 86
60 87
60 88
60 89
60 91
60 92
60 93
60 94
60 96
60 97
60 98
60 99
60 132
60 145
60 113
60 116
61 62
61 67
61 68
61 70
61 71
61 72
61 74
61 75
61 76
61 78
61 80
61 81
61 82
61 83
61 84
61 86
61 88
61 89
61 90
61 92
61 93
61 95
61 96
61 97
61 98
61 99
61 139
61 126
62 64
62 65
62 69
62 71
62 72
62 73
62 75
62 76
62 78
62 80
62 81
62 82
62 83
62 84
62 86
62 88
62 89
62 91
62 92
62 93
62 94
62 96
62 97
62 100
62 107
62 119
62 126
63 64
63 65
63 66
63 68
63 70
63 73
63 74
63 75
63 76
63 78
63 79
63 80
63 81
63 83
63 84
63 87
63 88
63 89
63 90
63 92
63 93
63 94
63 95
63 96
63 98
63 99
63 141
63 106
63 110
63 117
64 65
64 67
64 68
64 70
64 71
64 72
64 73
64 74
64 75
64 77
64 78
64 81
64 82
64 83
64 85
64 86
64 89
64 90
64 91
64 92
64 93
64 94
64 95
64 97
64 99
64 133
64 144
64 146
64 103
65 67
65 68
65 69
65 70
65 71
65 75
65 76
65 77
65 78
65 80
65 81
65 87
65 89
65 90
65 92
65 93
65 95
65 97
65 98
65 99
65 139
65 146
65 103
65 122
65 124
66 69
66 70
66 71
66 74
66 76
66 78
66 79
66 82
66 83
66 84
66 85
66 88
66 89
66 91
66 93
66 95
66 96
66 97
66 98
66 132
66 124
67 69
67 70
67 71
67 72
67 73
67 74
67 75
67 76
67 77
67 78
67 79
67 80
67 81
67 82
67 83
67 84
67 87
67 89
67 92
67 93
67 94
67 96
67 99
67 129
67 142
67 100
67 111
67 112
67 115
67 121
67 127
68 69
68 71
68 74
68 76
68 77
68 78
68 79
68 80
68 82
68 83
68 84
68 85
68 86
68 87
68 89
68 90
68 91
68 93
68 94
68 96
68 97
68 99
68 132
68 138
68 143
68 102
68 103
68 118
69 70
69 71
69 73
69 75
69 76
69 79
69 80
69 81
69 82
69 84
69 85
69 86
69 87
69 88
69 89
69 92
69 93
69 94
69 95
69 97
69 137
69 142
69 101
69 117
69 118
69 119
69 120
69 123
70 73
70 74
70 75
70 76
70 78
70 79
70 80
70 81
70 82
70 83
70 85
70 86
70 88
70 89
70 90
70 91
70 92
70 93
70 94
70 95
70 97
70 98
70 99
70 143
70 148
70 104
70 110
70 123
71 72
71 73
71 74
71 75
71 76
71 77
71 78
71 79
71 80
71 81
71 82
71 84
71 85
71 86
71 87
71 88
71 90
71 91
71 92
71 93
71 94
71 95
71 96
71 99
71 129
71 130
71 135
71 149
71 103
72 73
72 74
72 76
72 77
72 78
72 79
72 80
72 81
72 82
72 84
72 85
72 86
72 87
72 88
72 90
72 91
72 92
72 93
72 94
72 95
72 96
72 97
72 98
72 99
72 128
72 148
72 118
72 120
73 74
73 76
73 77
73 78
73 79
73 80
73 81
73 82
73 83
73 84
73 85
73 87
73 88
73 90
73 92
73 93
73 94
73 95
73 98
73 99
73 131
73 148
73 126
74 75
74 76
74 77
74 78
74 79
74 81
74 82
74 83
74 84
74 85
74 86
74 87
74 91
74 92
74 93
74 94
74 96
74 97
74 98
74 99
74 136
74 145
74 105
74 117
75 76
75 77
75 78
75 79
75 81
75 83
75 84
75 85
75 87
75 90
75 92
75 94
75 95
75 96
75 97
75 99
75 147
75 107
75 120
76 77
76 78
76 79
76 81
76 83
76 84
76 86
76 87
76 88
76 91
76 93
76 94
76 95
76 96
76 98
76 99
76 141
76 142
76 100
76 102
76 103
76 106
76 107
76 108
76 112
76 116
76 121
77 78
77 80
77 81
77 82
77 83
77 84
77 86
77 87
77 88
77 89
77 91
77 93
77 94
77 95
77 96
77 133
77 146
77 115
78 79
78 80
78 81
78 82
78 83
78 84
78 86
78 87
78 88
78 89
78 90
78 91
78 92
78 93
78 94
78 95
78 97
78 99
78 104
78 106
78 125
78 127
79 80
79 82
79 83
79 84
79 85
79 87
79 88
79 90
79 91
79 93
79 94
79 95
79 97
79 98
79 99
79 131
79 144
79 101
79 126
80 81
80 82
80 83
80 85
80 86
80 87
80 90
80 91
80 93
80 95
80 96
80 97
80 131
80 135
80 142
80 147
80 148
80 105
80 106
80 116
80 125
81 82
81 83
81 84
81 86
81 87
81 88
81 89
81 91
81 92
81 93
81 94
81 95
81 97
81 98
81 131
81 133
81 144
81 100
81 106
81 116
81 121
82 84
82 86
82 87
82 89
82 90
82 91
82 92
82 93
82 94
82 95
82 132
82 147
82 102
82 104
82 111
82 118
82 126
83 84
83 85
83 87
83 88
83 89
83 90
83 91
83 93
83 94
83 95
83 96
83 97
83 98
83 99
83 149
83 107
83 114
83 120
83 122
84 85
84 88
84 89
84 92
84 93
84 94
84 97
84 99
84 133
84 147
84 120
84 121
84 125
85 87
85 89
85 90
85 91
85 96
85 97
85 99
85 138
85 141
85 100
85 105
85 113
86 88
86 89
86 90
86 91
86 92
86 94
86 95
86 99
86 110
86 113
86 115
87 88
87 90
87 92
87 94
87 95
87 97
87 98
87 141
87 146
87 104
87 118
87 126
88 89
88 90
88 92
88 93
88 94
88 95
88 96
88 98
88 99
88 106
88 116
88 119
89 90
89 91
89 92
89 93
89 94
89 95
89 96
89 97
89 98
89 131
89 140
89 115
90 91
90 92
90 93
90 94
90 96
90 97
90 98
90 99
90 144
90 145
90 146
90 105
90 109
90 117
90 120
91 93
91 94
91 95
91 96
91 98
91 99
91 134
91 147
91 149
91 105
91 114
91 119
92 93
92 94
92 95
92 96
92 99
92 102
92 120
92 127
93 94
93 96
93 97
93 98
93 99
93 129
93 132
93 144
93 113
93 116
94 95
94 96
94 97
94 98
94 144
94 148
94 149
94 100
95 96
95 97
95 98
95 132
95 144
95 100
95 108
95 114
96 97
96 98
96 129
96 108
96 122
97 99
97 148
97 123
97 126
98 132
98 145
98 146
98 104
98 108
98 113
99 129
99 132
99 140
99 100
99 102
99 105
99 112
99 115
128 130
128 131
128 133
128 135
128 137
128 138
128 139
128 140
128 142
128 143
128 146
128 147
128 148
128 149
128 100
128 101
128 102
128 103
128 104
128 108
128 109
128 111
128 113
128 114
128 118
128 119
128 120
128 124
128 125
128 126
128 127
129 130
129 133
129 135
129 136
129 137
129 140
129 142
129 143
129 144
129 146
129 147
129 148
129 149
129 101
129 102
129 103
129 104
129 105
129 106
129 108
129 109
129 114
129 115
129 117
129 118
129 119
129 121
129 122
129 123
129 125
129 126
129 127
130 131
130 132
130 133
130 135
130 136
130 137
130 139
130 141
130 147
130 148
130 149
130 100
130 101
130 102
130 103
130 105
130 107
130 108
130 109
130 110
130 112
130 114
130 115
130 116
130 117
130 118
130 119
130 120
130 121
130 122
130 123
130 125
130 126
131 132
131 133
131 135
131 138
131 139
131 140
131 141
131 142
131 143
131 144
131 145
131 146
131 147
131 149
131 100
131 102
131 103
131 104
131 105
131 106
131 107
131 109
131 112
131 114
131 118
131 119
131 121
131 122
131 123
131 124
131 125
131 126
131 127
132 133
132 134
132 135
132 136
132 137
132 138
132 141
132 142
132 143
132 144
132 145
132 146
132 147
132 148
132 149
132 100
132 101
132 103
132 109
132 111
132 112
132 113
132 118
132 120
132 121
132 124
132 127
133 135
133 137
133 138
133 139
133 141
133 142
133 144
133 146
133 147
133 148
133 149
133 100
133 102
133 103
133 104
133 107
133 109
133 112
133 113
133 115
133 116
133 117
133 118
133 119
133 120
133 121
133 122
133 123
133 124
133 125
133 126
133 127
134 136
134 138
134 139
134 141
134 145
134 146
134 147
134 148
134 149
134 100
134 101
134 102
134 103
134 104
134 105
134 106
134 107
134 109
134 111
134 114
134 115
134 116
134 119
134 120
134 121
134 122
134 123
134 124
134 125
134 126
134 127
135 136
135 139
135 140
135 141
135 142
135 143
135 144
135 146
135 147
135 148
135 149
135 101
135 102
135 103
135 104
135 106
135 107
135 108
135 110
135 113
135 114
135 117
135 118
135 119
135 120
135 121
135 124
135 125
135 127
136 137
136 138
136 139
136 142
136 143
136 145
136 146
136 147
136 148
136 149
136 100
136 102
136 103
136 104
136 105
136 106
136 107
136 108
136 109
136 111
136 112
136 113
136 115
136 116
136 119
136 122
136 123
136 124
136 127
137 139
137 140
137 141
137 143
137 144
137 145
137 149
137 100
137 104
137 105
137 106
137 107
137 109
137 110
137 111
137 112
137 113
137 114
137 115
137 116
137 117
137 119
137 120
137 121
137 122
137 123
137 124
137 125
137 126
137 127
138 139
138 141
138 142
138 143
138 146
138 147
138 148
138 149
138 100
138 101
138 102
138 104
138 105
138 106
138 107
138 108
138 109
138 110
138 111
138 112
138 113
138 114
138 115
138 116
138 117
138 119
138 120
138 123
138 124
138 125
138 126
139 140
139 141
139 142
139 145
139 146
139 147
139 148
139 149
139 100
139 101
139 104
139 105
139 107
139 108
139 109
139 110
139 111
139 113
139 115
139 116
139 118
139 120
139 122
139 123
139 124
139 125
139 126
139 127
140 141
140 142
140 145
140 146
140 149
140 101
140 102
140 104
140 106
140 107
140 109
140 110
140 111
140 113
140 115
140 117
140 118
140 119
140 120
140 121
140 122
140 123
140 124
140 126
140 127
141 142
141 144
141 148
141 100
141 101
141 102
141 104
141 105
141 106
141 107
141 108
141 110
141 112
141 113
141 114
141 116
141 117
141 118
141 119
141 121
141 122
141 123
141 125
141 127
142 143
142 145
142 146
142 148
142 149
142 101
142 102
142 103
142 104
142 105
142 108
142 110
142 111
142 113
142 114
142 116
142 117
142 118
142 119
142 120
142 121
142 122
142 123
142 124
142 125
142 126
143 144
143 145
143 146
143 147
143 148
143 149
143 100
143 101
143 102
143 103
143 104
143 105
143 106
143 107
143 109
143 110
143 111
143 113
143 114
143 115
143 116
143 117
143 118
143 120
143 121
143 123
143 124
143 126
143 127
144 146
144 147
144 149
144 100
144 101
144 102
144 104
144 106
144 108
144 109
144 110
144 111
144 112
144 113
144 114
144 115
144 116
144 117
144 119
144 120
144 121
144 122
144 123
144 124
144 127
145 146
145 147
145 148
145 149
145 100
145 104
145 106
145 107
145 108
145 110
145 111
145 113
145 114
145 118
145 119
145 123
145 125
145 126
145 127
146 147
146 148
146 149
146 100
146 101
146 102
146 103
146 104
146 105
146 107
146 109
146 110
146 112
146 114
146 116
146 117
146 118
146 120
146 121
146 122
146 124
146 127
147 148
147 149
147 100
147 101
147 102
147 103
147 104
147 105
147 106
147 107
147 108
147 109
147 110
147 111
147 112
147 113
147 114
147 115
147 118
147 119
147 120
147 122
147 123
147 126
147 127
148 149
148 100
148 101
148 102
148 103
148 104
148 105
148 106
148 108
148 109
148 110
148 111
148 112
148 113
148 114
148 120
148 121
148 122
148 124
148 125
148 126
148 127
149 100
149 101
149 102
149 103
149 105
149 106
149 107
149 108
149 109
149 111
149 113
149 114
149 115
149 116
149 117
149 118
149 121
149 122
149 126
149 127
100 104
100 105
100 106
100 108
100 110
100 111
100 112
100 113
100 114
100 117
100 119
100 121
100 122
100 124
100 127
101 103
101 104
101 107
101 108
101 109
101 110
101 111
101 113
101 114
101 115
101 118
101 119
101 123
101 124
101 125
101 127
102 103
102 105
102 106
102 107
102 108
102 109
102 110
102 111
102 113
102 115
102 116
102 117
102 118
102 119
102 120
102 121
102 123
102 124
102 125
102 126
102 127
103 104
103 105
103 106
103 109
103 110
103 111
103 112
103 114
103 116
103 117
103 118
103 120
103 122
103 123
103 125
103 126
103 127
104 105
104 108
104 109
104 110
104 111
104 112
104 113
104 115
104 116
104 117
104 118
104 119
104 121
104 122
104 124
105 106
105 107
105 108
105 111
105 112
105 113
105 116
105 118
105 119
105 120
105 121
105 122
105 125
105 126
105 127
106 107
106 108
106 110
106 111
106 113
106 114
106 115
106 116
106 117
106 118
106 119
106 120
106 121
106 122
106 123
106 124
106 125
106 126
106 127
107 108
107 109
107 110
107 111
107 112
107 113
107 117
107 118
107 120
107 121
107 122
107 123
107 124
107 125
107 126
108 109
108 110
108 111
108 113
108 114
108 115
108 116
108 117
108 119
108 121
108 122
108 123
108 124
108 125
108 126
109 112
109 113
109 114
109 116
109 117
109 119
109 120
109 121
109 122
109 123
109 126
110 113
110 115
110 116
110 118
110 121
110 122
110 124
110 125
110 127
111 113
111 114
111 116
111 117
111 120
111 122
111 123
111 124
111 125
111 126
112 113
112 114
112 115
112 117
112 120
112 121
112 124
112 125
112 126
113 114
113 115
113 116
113 117
113 118
113 121
113 122
113 124
113 125
113 126
113 127
114 115
114 116
114 117
114 118
114 120
114 123
114 124
114 125
114 127
115 117
115 119
115 121
115 122
115 124
115 126
116 117
116 118
116 120
116 124
116 125
116 127
117 118
117 119
117 121
117 122
117 123
117 126
117 127
118 119
118 120
118 121
118 122
118 124
118 125
118 126
118 127
119 123
119 125
120 123
120 124
120 125
120 126
121 122
121 123
121 125
121 126
121 127
122 124
122 125
122 127
123 124
123 125
123 126
123 127
124 125
124 126
124 127
125 127
126 127
