0 1
0 2
0 4
0 5
0 7
0 9
0 10
0 11
0 13
0 15
0 16
0 19
0 20
0 21
0 23
0 24
0 26
0 29
0 30
0 31
0 32
0 35
0 36
0 37
0 38
0 40
0 43
0 44
0 45
0 46
0 47
0 49
0 53
0 58
0 63
0 67
0 73
0 74
0 77
0 79
0 85
0 86
0 89
0 90
0 95
0 96
0 130
0 132
0 133
0 137
0 104
0 116
0 127
1 3
1 4
1 5
1 6
1 7
1 8
1 9
1 10
1 11
1 12
1 13
1 14
1 16
1 17
1 18
1 20
1 21
1 22
1 23
1 24
1 25
1 26
1 27
1 29
1 30
1 32
1 34
1 36
1 37
1 38
1 40
1 41
1 42
1 43
1 44
1 45
1 46
1 47
1 48
1 49
1 50
1 62
1 64
1 67
1 78
1 79
1 82
1 83
1 87
1 95
1 97
1 99
1 132
1 136
1 138
1 104
1 106
1 110
1 111
1 112
1 115
1 122
1 123
1 124
1 125
2 3
2 4
2 6
2 7
2 8
2 9
2 10
2 11
2 12
2 13
2 14
2 15
2 16
2 18
2 19
2 20
2 21
2 23
2 24
2 25
2 26
2 28
2 29
2 31
2 34
2 35
2 36
2 39
2 40
2 41
2 42
2 43
2 44
2 46
2 48
2 49
2 52
2 54
2 56
2 63
2 64
2 71
2 86
2 90
2 95
2 96
2 98
2 131
2 144
2 145
2 149
2 105
2 108
2 109
2 110
2 120
2 125
3 4
3 7
3 8
3 9
3 10
3 11
3 12
3 14
3 15
3 16
3 18
3 19
3 20
3 22
3 23
3 26
3 27
3 28
3 29
3 30
3 33
3 34
3 35
3 36
3 37
3 38
3 39
3 40
3 41
3 43
3 44
3 47
3 48
3 49
3 50
3 54
3 58
3 61
3 62
3 64
3 79
3 80
3 81
3 87
3 89
3 92
3 128
3 136
3 139
3 141
3 142
3 147
3 108
3 109
3 117
3 119
3 121
3 124
3 126
4 5
4 7
4 8
4 9
4 10
4 11
4 12
4 13
4 14
4 15
4 16
4 17
4 18
4 20
4 21
4 22
4 24
4 25
4 26
4 27
4 28
4 29
4 30
4 31
4 34
4 35
4 37
4 38
4 41
4 43
4 44
4 46
4 47
4 48
4 49
4 50
4 53
4 58
4 59
4 66
4 71
4 75
4 79
4 90
4 92
4 93
4 98
4 128
4 133
4 138
4 139
4 141
4 144
4 147
4 102
4 106
4 112
4 122
4 125
5 8
5 9
5 10
5 12
5 14
5 15
5 17
5 18
5 19
5 20
5 21
5 24
5 25
5 26
5 27
5 28
5 29
5 31
5 33
5 34
5 36
5 37
5 38
5 39
5 40
5 41
5 42
5 43
5 44
5 45
5 48
5 49
5 52
5 54
5 56
5 67
5 71
5 72
5 73
5 85
5 88
5 89
5 90
5 134
5 139
5 143
5 102
5 103
5 112
5 121
5 122
5 125
5 126
6 11
6 12
6 13
6 15
6 16
6 17
6 18
6 19
6 20
6 21
6 23
6 24
6 26
6 28
6 29
6 30
6 31
6 32
6 34
6 36
6 37
6 38
6 39
6 41
6 42
6 45
6 47
6 48
6 49
6 50
6 52
6 53
6 60
6 64
6 74
6 75
6 78
6 89
6 91
6 95
6 96
6 97
6 99
6 137
6 141
6 142
6 146
6 148
6 103
6 116
6 118
7 8
7 9
7 14
7 15
7 16
7 17
7 18
7 19
7 20
7 21
7 22
7 23
7 24
7 25
7 27
7 28
7 33
7 34
7 35
7 36
7 37
7 39
7 40
7 44
7 45
7 49
7 52
7 53
7 54
7 60
7 63
7 67
7 71
7 75
7 79
7 87
7 132
7 133
7 134
7 137
7 138
7 139
7 141
7 142
7 144
7 148
7 100
7 104
7 107
7 110
7 112
7 114
7 120
7 125
7 127
8 9
8 10
8 11
8 12
8 14
8 17
8 18
8 19
8 20
8 21
8 24
8 26
8 27
8 29
8 31
8 32
8 33
8 38
8 39
8 40
8 41
8 42
8 43
8 44
8 45
8 46
8 47
8 52
8 53
8 69
8 75
8 80
8 85
8 89
8 93
8 98
8 132
8 133
8 139
8 141
8 143
8 100
8 103
8 105
8 107
8 109
8 119
9 11
9 12
9 14
9 15
9 16
9 17
9 18
9 20
9 24
9 25
9 27
9 28
9 29
9 31
9 32
9 33
9 34
9 35
9 37
9 38
9 40
9 41
9 42
9 43
9 44
9 46
9 47
9 48
9 49
9 50
9 60
9 61
9 65
9 66
9 73
9 74
9 75
9 79
9 85
9 90
9 91
9 99
9 132
9 143
9 145
9 101
9 104
10 12
10 13
10 15
10 16
10 17
10 20
10 21
10 26
10 27
10 28
10 29
10 30
10 32
10 34
10 38
10 41
10 44
10 45
10 46
10 47
10 48
10 49
10 64
10 68
10 76
10 78
10 87
10 94
10 97
10 98
10 129
10 134
10 139
10 141
10 148
10 102
10 103
10 105
10 116
10 126
11 12
11 13
11 15
11 16
11 17
11 19
11 20
11 21
11 24
11 25
11 26
11 28
11 30
11 31
11 32
11 33
11 34
11 35
11 36
11 37
11 38
11 39
11 40
11 42
11 45
11 46
11 47
11 49
11 55
11 56
11 60
11 61
11 63
11 73
11 82
11 85
11 87
11 133
11 134
11 135
11 138
11 146
11 106
11 110
11 111
11 114
11 115
11 116
11 119
11 123
11 127
12 13
12 14
12 15
12 17
12 18
12 19
12 20
12 21
12 22
12 23
12 25
12 26
12 27
12 28
12 30
12 31
12 36
12 37
12 39
12 40
12 41
12 42
12 44
12 45
12 46
12 48
12 51
12 54
12 55
12 64
12 66
12 67
12 70
12 76
12 79
12 82
12 83
12 85
12 94
12 135
12 136
12 139
12 142
12 146
12 100
12 111
12 116
12 117
12 120
12 121
13 17
13 18
13 20
13 21
13 22
13 23
13 24
13 25
13 26
13 27
13 30
13 33
13 35
13 36
13 37
13 40
13 41
13 43
13 45
13 46
13 49
13 65
13 68
13 70
13 81
13 82
13 86
13 91
13 94
13 145
13 100
13 102
13 103
13 127
14 15
14 16
14 17
14 19
14 21
14 22
14 23
14 28
14 33
14 37
14 38
14 39
14 40
14 41
14 42
14 44
14 46
14 48
14 49
14 51
14 54
14 67
14 77
14 79
14 83
14 90
14 94
14 97
14 142
14 144
14 110
14 114
14 117
14 125
15 16
15 18
15 19
15 21
15 23
15 24
15 26
15 27
15 28
15 29
15 30
15 32
15 33
15 36
15 37
15 39
15 40
15 41
15 42
15 43
15 44
15 46
15 48
15 49
15 56
15 59
15 62
15 65
15 70
15 73
15 74
15 76
15 78
15 80
15 84
15 91
15 96
15 129
15 131
15 133
15 139
15 140
15 146
15 147
15 149
15 101
15 102
15 104
15 105
16 17
16 18
16 22
16 23
16 24
16 26
16 27
16 29
16 31
16 32
16 34
16 35
16 39
16 40
16 41
16 42
16 43
16 44
16 47
16 48
16 49
16 50
16 52
16 62
16 64
16 65
16 76
16 84
16 91
16 94
16 128
16 130
16 131
16 135
16 137
16 141
16 143
16 103
16 104
16 108
16 109
16 110
16 111
16 116
16 120
16 121
16 126
17 19
17 20
17 21
17 22
17 24
17 28
17 29
17 30
17 31
17 33
17 35
17 36
17 37
17 38
17 40
17 42
17 44
17 45
17 46
17 47
17 48
17 49
17 52
17 57
17 62
17 63
17 64
17 69
17 72
17 74
17 87
17 89
17 93
17 97
17 137
17 144
17 147
17 100
17 101
17 105
17 113
17 121
17 123
17 127
18 19
18 20
18 22
18 23
18 25
18 28
18 29
18 31
18 32
18 33
18 35
18 36
18 37
18 38
18 40
18 41
18 42
18 44
18 45
18 46
18 47
18 48
18 52
18 56
18 61
18 64
18 70
18 73
18 77
18 79
18 81
18 98
18 128
18 133
18 134
18 148
18 100
18 103
18 108
18 109
18 110
18 114
18 118
18 123
18 125
19 20
19 21
19 22
19 28
19 31
19 32
19 34
19 36
19 37
19 38
19 39
19 40
19 42
19 43
19 44
19 46
19 47
19 49
19 56
19 57
19 67
19 73
19 79
19 84
19 87
19 98
19 129
19 130
19 141
19 101
19 106
19 107
19 112
19 113
19 116
19 121
19 122
19 123
19 124
19 127
20 21
20 24
20 25
20 26
20 27
20 28
20 30
20 31
20 32
20 33
20 35
20 36
20 37
20 38
20 39
20 40
20 41
20 42
20 43
20 45
20 46
20 55
20 59
20 62
20 129
20 130
20 133
20 134
20 139
20 146
20 147
20 102
20 103
20 111
20 117
20 124
21 22
21 23
21 25
21 26
21 28
21 29
21 30
21 32
21 34
21 35
21 36
21 37
21 38
21 41
21 43
21 44
21 45
21 46
21 47
21 49
21 51
21 52
21 57
21 67
21 71
21 85
21 90
21 91
21 92
21 99
21 128
21 129
21 130
21 131
21 143
21 147
21 105
21 106
21 110
21 118
21 122
21 123
21 124
21 127
22 23
22 24
22 25
22 29
22 31
22 32
22 33
22 34
22 35
22 39
22 40
22 41
22 42
22 43
22 48
22 49
22 51
22 52
22 53
22 56
22 57
22 74
22 139
22 141
22 143
22 146
22 149
22 100
22 103
22 111
22 117
22 127
23 25
23 26
23 27
23 28
23 29
23 30
23 32
23 35
23 36
23 37
23 40
23 42
23 45
23 46
23 47
23 48
23 49
23 61
23 63
23 70
23 73
23 74
23 75
23 81
23 82
23 88
23 91
23 94
23 130
23 133
23 134
23 139
23 102
23 121
24 25
24 26
24 27
24 28
24 29
24 31
24 32
24 34
24 36
24 38
24 41
24 43
24 44
24 45
24 46
24 47
24 48
24 53
24 55
24 57
24 58
24 59
24 64
24 66
24 71
24 74
24 81
24 82
24 84
24 87
24 92
24 130
24 132
24 133
24 134
24 103
24 104
24 111
24 113
24 116
24 119
25 26
25 28
25 29
25 30
25 31
25 32
25 33
25 35
25 36
25 37
25 38
25 39
25 40
25 41
25 42
25 44
25 45
25 47
25 49
25 50
25 54
25 56
25 59
25 64
25 67
25 68
25 74
25 76
25 77
25 79
25 81
25 87
25 93
25 98
25 129
25 131
25 137
25 144
25 146
25 149
25 100
25 101
25 103
25 107
25 110
25 112
25 117
25 121
25 122
25 126
26 27
26 28
26 29
26 30
26 31
26 33
26 35
26 37
26 38
26 40
26 42
26 44
26 46
26 47
26 48
26 49
26 55
26 61
26 64
26 76
26 81
26 82
26 89
26 91
26 92
26 95
26 99
26 133
26 135
26 142
26 144
26 146
26 100
26 104
26 123
27 28
27 29
27 32
27 34
27 36
27 38
27 39
27 42
27 43
27 44
27 45
27 46
27 47
27 48
27 49
27 52
27 56
27 58
27 60
27 66
27 74
27 75
27 88
27 93
27 94
27 132
27 138
27 146
27 149
27 101
27 117
27 122
28 31
28 33
28 34
28 35
28 37
28 39
28 40
28 42
28 43
28 46
28 47
28 48
28 51
28 52
28 53
28 62
28 71
28 81
28 94
28 133
28 142
28 144
28 147
28 148
28 106
28 110
28 122
28 126
28 127
29 30
29 32
29 33
29 36
29 37
29 38
29 40
29 43
29 44
29 45
29 46
29 47
29 48
29 49
29 56
29 60
29 67
29 71
29 72
29 73
29 75
29 81
29 84
29 89
29 98
29 132
29 135
29 140
29 144
29 108
29 111
29 115
29 117
29 118
29 119
30 31
30 32
30 34
30 35
30 37
30 39
30 40
30 41
30 42
30 46
30 47
30 48
30 49
30 51
30 56
30 76
30 79
30 90
30 93
30 95
30 96
30 133
30 134
30 135
30 136
30 138
30 143
30 144
30 149
30 100
30 106
30 111
30 121
30 123
30 126
30 127
31 32
31 33
31 34
31 35
31 36
31 37
31 39
31 40
31 41
31 42
31 44
31 45
31 46
31 47
31 48
31 49
31 52
31 53
31 57
31 59
31 60
31 61
31 68
31 69
31 73
31 77
31 86
31 91
31 95
31 97
31 129
31 133
31 136
31 137
31 141
31 146
31 100
31 102
31 104
31 107
31 115
31 127
32 34
32 35
32 36
32 37
32 38
32 39
32 40
32 42
32 43
32 45
32 46
32 47
32 49
32 56
32 58
32 60
32 62
32 66
32 75
32 76
32 85
32 87
32 93
32 129
32 131
32 135
32 137
32 139
32 145
32 146
32 112
32 116
32 118
32 119
32 121
32 123
32 125
33 34
33 36
33 38
33 39
33 41
33 42
33 43
33 44
33 46
33 47
33 49
33 53
33 65
33 72
33 82
33 85
33 89
33 91
33 92
33 98
33 128
33 130
33 134
33 135
33 139
33 140
33 146
33 148
33 107
33 113
33 118
33 126
34 35
34 36
34 37
34 38
34 40
34 41
34 42
34 43
34 44
34 45
34 46
34 47
34 48
34 49
34 55
34 62
34 65
34 68
34 76
34 77
34 82
34 88
34 89
34 97
34 132
34 138
34 111
34 117
34 122
34 124
35 36
35 37
35 38
35 39
35 40
35 42
35 43
35 44
35 45
35 46
35 47
35 49
35 50
35 56
35 69
35 88
35 95
35 96
35 132
35 137
35 101
35 111
35 113
35 125
35 127
36 37
36 39
36 40
36 41
36 42
36 43
36 46
36 47
36 48
36 54
36 56
36 59
36 69
36 72
36 82
36 86
36 87
36 95
36 98
36 99
36 135
36 140
36 144
36 147
36 108
36 109
36 112
36 126
36 127
37 39
37 41
37 42
37 44
37 45
37 46
37 47
37 48
37 53
37 67
37 74
37 75
37 87
37 90
37 94
37 95
37 129
37 132
37 133
37 134
37 140
37 145
37 146
37 101
37 106
37 108
37 112
37 114
37 115
37 124
38 39
38 40
38 41
38 42
38 43
38 45
38 48
38 49
38 57
38 69
38 75
38 82
38 84
38 86
38 134
38 135
38 145
38 101
38 113
38 114
38 115
38 116
38 126
39 41
39 42
39 44
39 45
39 47
39 49
39 57
39 62
39 68
39 75
39 80
39 81
39 83
39 86
39 89
39 132
39 133
39 135
39 138
39 140
39 144
39 118
39 121
39 123
39 124
39 126
40 41
40 42
40 43
40 45
40 46
40 47
40 50
40 53
40 56
40 59
40 60
40 76
40 77
40 82
40 87
40 88
40 92
40 95
40 97
40 128
40 132
40 133
40 136
40 143
40 147
40 109
40 113
40 122
40 123
41 44
41 45
41 46
41 48
41 49
41 53
41 66
41 72
41 73
41 76
41 81
41 84
41 85
41 86
41 88
41 93
41 95
41 128
41 131
41 144
41 149
41 104
41 109
41 112
41 124
42 43
42 44
42 46
42 47
42 48
42 49
42 77
42 81
42 87
42 89
42 92
42 95
42 98
42 136
42 138
42 146
42 101
42 108
42 119
42 120
42 122
42 126
43 45
43 48
43 49
43 54
43 55
43 57
43 62
43 74
43 75
43 78
43 94
43 132
43 146
43 147
43 100
43 112
43 120
43 125
44 45
44 46
44 47
44 50
44 64
44 66
44 68
44 76
44 83
44 84
44 89
44 99
44 131
44 141
44 143
44 148
44 149
44 102
44 107
44 113
44 114
44 117
44 120
44 121
45 46
45 49
45 60
45 62
45 70
45 77
45 87
45 94
45 96
45 128
45 129
45 131
45 134
45 136
45 140
45 149
45 102
45 113
45 116
45 122
45 126
46 47
46 48
46 50
46 54
46 60
46 67
46 70
46 73
46 84
46 87
46 91
46 92
46 93
46 94
46 95
46 96
46 135
46 139
46 144
46 100
46 105
46 107
46 118
46 119
46 124
47 48
47 49
47 53
47 59
47 62
47 65
47 67
47 71
47 75
47 93
47 99
47 129
47 133
47 102
47 106
47 107
47 114
47 116
47 124
47 125
48 49
48 52
48 53
48 54
48 61
48 68
48 79
48 80
48 84
48 88
48 96
48 99
48 131
48 145
48 104
48 106
48 108
48 115
48 117
48 118
48 120
48 122
48 124
49 51
49 68
49 75
49 77
49 82
49 84
49 98
49 99
49 128
49 131
49 132
49 138
49 140
49 141
49 146
49 104
49 106
49 114
49 119
49 121
50 51
50 52
50 57
50 58
50 59
50 61
50 64
50 65
50 67
50 69
50 70
50 72
50 73
50 74
50 75
50 76
50 77
50 78
50 79
50 81
50 84
50 85
50 86
50 88
50 89
50 90
50 91
50 92
50 93
50 94
50 95
50 96
50 97
50 98
50 148
50 100
50 106
50 111
50 116
50 119
51 52
51 54
51 56
51 61
51 62
51 63
51 64
51 65
51 67
51 68
51 69
51 70
51 71
51 73
51 74
51 75
51 77
51 78
51 79
51 80
51 81
51 83
51 85
51 86
51 87
51 88
51 90
51 91
51 93
51 94
51 95
51 96
51 97
51 98
51 99
51 128
51 129
51 135
51 136
51 140
51 142
51 145
51 104
51 107
51 109
51 115
51 116
51 123
51 125
52 55
52 56
52 57
52 58
52 59
52 60
52 61
52 62
52 63
52 64
52 65
52 66
52 68
52 69
52 70
52 72
52 74
52 75
52 76
52 78
52 79
52 81
52 82
52 83
52 84
52 86
52 87
52 88
52 89
52 91
52 92
52 93
52 96
52 97
52 98
52 99
52 128
52 129
52 134
52 136
52 140
52 141
52 102
52 109
52 126
53 55
53 56
53 57
53 58
53 59
53 60
53 61
53 63
53 64
53 65
53 66
53 68
53 71
53 75
53 76
53 77
53 78
53 79
53 81
53 83
53 84
53 86
53 88
53 89
53 91
53 93
53 94
53 95
53 96
53 97
53 99
53 145
53 146
53 147
53 100
53 102
53 104
53 118
53 122
53 127
54 56
54 57
54 58
54 59
54 60
54 61
54 64
54 65
54 66
54 67
54 68
54 69
54 70
54 72
54 73
54 76
54 77
54 79
54 80
54 81
54 82
54 83
54 84
54 85
54 86
54 87
54 89
54 90
54 91
54 93
54 94
54 95
54 96
54 97
54 99
54 138
54 142
54 147
54 106
54 107
54 108
54 113
54 114
54 120
55 57
55 59
55 61
55 62
55 63
55 64
55 65
55 66
55 67
55 68
55 69
55 72
55 73
55 75
55 77
55 79
55 82
55 83
55 85
55 86
55 87
55 88
55 90
55 91
55 92
55 93
55 94
55 95
55 97
55 98
55 99
55 128
55 132
55 134
55 138
55 139
55 140
55 104
55 119
55 126
56 57
56 58
56 59
56 60
56 62
56 63
56 64
56 66
56 67
56 70
56 73
56 74
56 76
56 79
56 82
56 83
56 85
56 87
56 89
56 91
56 92
56 93
56 94
56 95
56 96
56 97
56 98
56 130
56 132
56 134
56 141
56 142
56 146
56 148
56 101
56 104
56 105
56 106
56 118
56 122
56 124
57 59
57 61
57 63
57 64
57 66
57 67
57 70
57 71
57 72
57 76
57 77
57 78
57 79
57 80
57 81
57 82
57 83
57 84
57 87
57 89
57 90
57 91
57 92
57 96
57 97
57 98
57 99
57 129
57 131
57 134
57 135
57 138
57 140
57 145
57 148
57 105
57 108
57 115
57 122
57 127
58 60
58 61
58 62
58 63
58 64
58 66
58 67
58 68
58 69
58 70
58 71
58 72
58 73
58 74
58 76
58 77
58 78
58 79
58 84
58 85
58 86
58 87
58 88
58 89
58 90
58 92
58 94
58 95
58 96
58 97
58 99
58 130
58 139
58 140
58 148
58 104
58 110
58 120
58 124
59 60
59 63
59 64
59 65
59 66
59 67
59 69
59 70
59 72
59 73
59 74
59 76
59 79
59 80
59 81
59 85
59 86
59 88
59 89
59 91
59 92
59 93
59 94
59 95
59 96
59 97
59 98
59 99
59 135
59 139
59 143
59 148
59 107
59 112
59 113
59 116
59 117
59 127
60 61
60 63
60 65
60 66
60 67
60 68
60 70
60 72
60 74
60 75
60 76
60 77
60 78
60 79
60 80
60 82
60 83
60 87
60 89
60 90
60 92
60 93
60 94
60 95
60 96
60 97
60 98
60 132
60 135
60 143
60 144
60 146
60 149
60 100
60 104
60 126
60 127
61 62
61 67
61 69
61 70
61 71
61 72
61 73
61 75
61 76
61 78
61 79
61 81
61 84
61 85
61 86
61 87
61 88
61 89
61 90
61 91
61 92
61 93
61 94
61 95
61 97
61 98
61 99
61 129
61 132
61 135
61 136
61 137
61 141
61 100
61 102
61 113
61 114
62 63
62 65
62 66
62 67
62 72
62 73
62 77
62 79
62 80
62 81
62 82
62 84
62 86
62 87
62 88
62 89
62 90
62 92
62 93
62 94
62 95
62 96
62 97
62 98
62 99
62 128
62 132
62 133
62 144
62 145
62 103
62 106
62 113
62 114
62 121
62 124
63 64
63 65
63 66
63 69
63 70
63 71
63 73
63 74
63 75
63 76
63 77
63 78
63 82
63 83
63 85
63 86
63 87
63 88
63 90
63 92
63 93
63 94
63 96
63 97
63 99
63 128
63 132
63 134
63 136
63 138
63 143
63 118
63 124
63 127
64 65
64 66
64 67
64 68
64 70
64 72
64 74
64 75
64 76
64 77
64 79
64 80
64 81
64 82
64 83
64 84
64 86
64 89
64 90
64 91
64 93
64 94
64 96
64 97
64 98
64 99
64 135
64 138
64 141
64 144
64 100
64 106
64 109
65 66
65 67
65 68
65 69
65 70
65 76
65 77
65 80
65 82
65 83
65 85
65 86
65 87
65 88
65 89
65 90
65 91
65 92
65 93
65 95
65 96
65 97
65 98
65 99
65 129
65 135
65 142
65 147
65 148
65 105
65 112
65 113
65 122
65 124
65 127
66 67
66 69
66 73
66 80
66 81
66 84
66 85
66 86
66 88
66 89
66 92
66 93
66 94
66 99
66 129
66 131
66 137
66 140
66 147
66 103
66 114
66 117
66 126
67 68
67 69
67 74
67 75
67 76
67 78
67 81
67 82
67 83
67 84
67 85
67 86
67 87
67 89
67 92
67 94
67 95
67 96
67 97
67 98
67 99
67 129
67 130
67 141
67 145
67 100
67 104
67 107
67 114
67 121
67 126
68 69
68 70
68 71
68 72
68 75
68 76
68 77
68 78
68 79
68 80
68 82
68 83
68 84
68 85
68 87
68 88
68 90
68 93
68 94
68 95
68 96
68 98
68 132
68 137
68 138
68 139
68 144
68 149
68 102
68 103
68 104
68 109
68 117
68 121
68 124
69 70
69 73
69 75
69 76
69 77
69 78
69 79
69 80
69 82
69 84
69 87
69 89
69 90
69 91
69 92
69 93
69 94
69 95
69 96
69 145
69 106
69 110
69 111
69 123
70 71
70 73
70 74
70 75
70 76
70 77
70 78
70 79
70 80
70 81
70 82
70 85
70 88
70 90
70 92
70 93
70 94
70 95
70 97
70 98
70 131
70 137
70 140
70 143
70 145
70 147
70 101
70 103
70 104
71 72
71 73
71 76
71 77
71 78
71 79
71 80
71 81
71 82
71 83
71 84
71 85
71 87
71 88
71 89
71 90
71 92
71 93
71 95
71 96
71 97
71 98
71 99
71 130
71 134
71 135
71 139
71 142
71 146
71 101
71 102
71 105
71 107
71 110
71 112
71 113
71 118
72 73
72 74
72 75
72 76
72 78
72 79
72 81
72 82
72 86
72 88
72 90
72 91
72 92
72 93
72 94
72 99
72 129
72 132
72 134
72 135
72 137
72 148
72 149
72 104
72 107
72 110
72 112
72 114
72 117
72 121
72 126
73 75
73 80
73 81
73 83
73 86
73 87
73 88
73 89
73 91
73 92
73 93
73 94
73 97
73 130
73 138
73 139
73 142
73 100
73 107
73 111
73 114
73 119
73 125
74 75
74 77
74 79
74 80
74 82
74 83
74 85
74 86
74 87
74 88
74 89
74 90
74 91
74 92
74 93
74 94
74 95
74 99
74 130
74 136
74 139
74 145
74 146
74 149
74 100
74 101
74 103
74 106
74 107
74 111
74 116
74 118
74 121
74 122
74 126
75 76
75 77
75 78
75 80
75 81
75 82
75 83
75 85
75 86
75 88
75 89
75 90
75 91
75 92
75 93
75 94
75 96
75 97
75 98
75 99
75 128
75 130
75 139
75 141
75 142
75 149
75 103
75 106
75 114
75 116
75 117
75 118
76 77
76 79
76 80
76 82
76 85
76 88
76 89
76 90
76 91
76 94
76 95
76 96
76 97
76 98
76 99
76 132
76 133
76 137
76 139
76 143
76 147
76 100
76 105
76 110
76 114
76 115
76 120
76 121
76 124
77 79
77 82
77 83
77 84
77 85
77 86
77 87
77 88
77 90
77 91
77 92
77 93
77 94
77 97
77 98
77 99
77 138
77 142
77 147
77 101
77 104
77 107
77 109
77 115
77 126
78 81
78 82
78 83
78 84
78 85
78 86
78 87
78 89
78 93
78 96
78 97
78 98
78 99
78 146
78 100
78 101
78 104
78 109
78 111
78 114
78 117
78 119
78 121
78 123
78 127
79 80
79 82
79 83
79 85
79 86
79 87
79 88
79 90
79 91
79 92
79 93
79 94
79 96
79 97
79 99
79 132
79 134
79 140
79 145
79 101
79 103
79 113
79 117
79 121
79 124
80 81
80 82
80 83
80 86
80 89
80 90
80 92
80 94
80 95
80 97
80 98
80 99
80 130
80 138
80 143
80 102
80 105
80 120
80 121
80 125
81 83
81 85
81 86
81 87
81 88
81 90
81 91
81 92
81 93
81 95
81 96
81 98
81 99
81 128
81 129
81 136
81 139
81 141
81 142
81 148
81 111
81 118
81 121
81 123
81 125
82 83
82 84
82 85
82 86
82 87
82 88
82 90
82 92
82 93
82 94
82 95
82 96
82 97
82 98
82 99
82 146
82 148
82 102
82 108
82 109
82 120
82 122
83 84
83 85
83 87
83 88
83 90
83 91
83 92
83 93
83 95
83 96
83 99
83 141
83 145
83 146
83 104
83 105
83 111
83 116
84 85
84 86
84 87
84 88
84 89
84 91
84 92
84 93
84 97
84 99
84 136
84 138
84 140
84 143
84 147
84 100
84 102
84 109
84 113
84 127
85 89
85 91
85 92
85 93
85 94
85 95
85 96
85 97
85 98
85 99
85 130
85 133
85 135
85 139
85 124
85 126
86 87
86 88
86 89
86 90
86 92
86 93
86 94
86 95
86 96
86 97
86 99
86 137
86 140
86 100
86 104
86 109
86 114
86 124
86 126
87 88
87 89
87 90
87 91
87 94
87 95
87 96
87 97
87 98
87 99
87 128
87 138
87 140
87 141
87 142
87 147
87 149
87 107
87 125
88 90
88 92
88 93
88 94
88 95
88 97
88 98
88 99
88 144
88 147
88 101
88 104
88 119
89 90
89 91
89 92
89 93
89 94
89 95
89 96
89 97
89 98
89 130
89 132
89 143
89 147
89 149
89 116
89 122
89 124
90 91
90 92
90 93
90 94
90 95
90 96
90 97
90 98
90 99
90 134
90 135
90 140
90 148
90 108
90 109
90 111
90 123
90 126
90 127
91 92
91 94
91 97
91 98
91 136
91 140
91 147
91 108
91 120
92 93
92 98
92 99
92 129
92 133
92 136
92 139
92 143
92 144
92 101
92 110
92 116
92 123
93 95
93 97
93 98
93 99
93 130
93 131
93 135
93 142
93 143
93 111
93 121
94 95
94 96
94 97
94 99
94 130
94 132
94 137
94 145
94 147
94 104
94 107
94 112
94 117
94 123
95 96
95 99
95 130
95 132
95 133
95 100
95 102
95 104
95 106
95 112
95 118
95 122
95 127
96 97
96 98
96 99
96 138
96 142
96 104
96 111
96 112
96 119
96 120
96 127
97 98
97 138
97 139
97 141
97 148
97 109
97 110
97 111
97 114
97 120
98 99
98 130
98 132
98 133
98 139
98 143
98 147
98 102
98 109
98 113
98 115
98 124
99 130
99 135
99 137
99 101
99 105
99 106
99 108
99 112
99 116
99 117
99 121
128 129
128 131
128 133
128 134
128 138
128 139
128 141
128 143
128 144
128 146
128 147
128 148
128 100
128 101
128 102
128 104
128 106
128 107
128 108
128 109
128 112
128 113
128 116
128 118
128 119
128 120
128 122
128 123
128 124
128 125
128 126
129 130
129 131
129 133
129 135
129 136
129 137
129 138
129 139
129 141
129 142
129 143
129 144
129 145
129 147
129 100
129 101
129 102
129 104
129 105
129 106
129 107
129 108
129 109
129 110
129 112
129 113
129 115
129 118
129 119
129 123
129 124
129 126
130 132
130 133
130 134
130 135
130 139
130 142
130 143
130 144
130 145
130 147
130 148
130 149
130 100
130 104
130 105
130 107
130 109
130 111
130 112
130 114
130 117
130 118
130 120
130 122
130 123
130 124
130 125
130 127
131 133
131 134
131 135
131 136
131 138
131 139
131 140
131 141
131 142
131 143
131 144
131 145
131 146
131 147
131 149
131 100
131 101
131 104
131 105
131 106
131 107
131 108
131 109
131 110
131 111
131 113
131 115
131 116
131 117
131 118
131 119
131 121
131 122
131 124
131 125
131 127
132 133
132 134
132 135
132 137
132 138
132 139
132 141
132 142
132 143
132 145
132 146
132 147
132 148
132 149
132 100
132 102
132 103
132 104
132 106
132 107
132 108
132 110
132 111
132 112
132 115
132 116
132 117
132 118
132 119
132 120
132 122
132 126
132 127
133 134
133 135
133 137
133 139
133 140
133 141
133 142
133 143
133 145
133 146
133 147
133 149
133 100
133 101
133 102
133 104
133 105
133 106
133 107
133 108
133 111
133 112
133 113
133 114
133 117
133 118
133 119
133 120
133 121
133 122
133 123
133 124
133 125
133 126
133 127
134 136
134 137
134 139
134 141
134 143
134 146
134 147
134 148
134 100
134 101
134 102
134 103
134 105
134 106
134 107
134 109
134 110
134 111
134 112
134 115
134 118
134 119
134 122
134 123
134 125
134 126
134 127
135 136
135 137
135 138
135 139
135 140
135 141
135 143
135 144
135 145
135 146
135 147
135 148
135 149
135 101
135 103
135 104
135 106
135 109
135 111
135 112
135 113
135 114
135 115
135 116
135 117
135 118
135 119
135 121
135 124
136 137
136 139
136 141
136 142
136 143
136 144
136 145
136 146
136 149
136 101
136 104
136 106
136 110
136 111
136 112
136 113
136 115
136 116
136 118
136 119
136 120
136 121
136 123
136 125
136 126
136 127
137 138
137 139
137 141
137 142
137 143
137 145
137 146
137 147
137 148
137 149
137 100
137 101
137 102
137 103
137 104
137 106
137 107
137 108
137 109
137 110
137 113
137 115
137 117
137 120
137 122
137 123
137 124
137 125
137 126
137 127
138 139
138 141
138 143
138 144
138 145
138 146
138 148
138 149
138 101
138 105
138 106
138 107
138 108
138 109
138 110
138 111
138 112
138 113
138 114
138 115
138 116
138 117
138 118
138 119
138 122
138 123
138 124
138 125
138 126
138 127
139 140
139 141
139 142
139 143
139 145
139 146
139 147
139 148
139 149
139 100
139 101
139 102
139 103
139 106
139 108
139 110
139 111
139 113
139 114
139 116
139 117
139 118
139 120
139 121
139 122
139 123
139 125
139 126
139 127
140 141
140 143
140 145
140 148
140 100
140 101
140 102
140 103
140 104
140 105
140 106
140 110
140 112
140 113
140 116
140 117
140 118
140 120
140 125
140 127
141 143
141 144
141 145
141 148
141 149
141 101
141 102
141 103
141 104
141 105
141 106
141 107
141 108
141 110
141 112
141 113
141 114
141 116
141 117
141 118
141 119
141 120
141 121
141 122
141 123
141 124
141 125
141 126
142 143
142 146
142 147
142 148
142 149
142 100
142 101
142 102
142 103
142 105
142 106
142 107
142 108
142 109
142 110
142 111
142 112
142 113
142 114
142 118
142 120
142 122
142 123
142 125
142 126
143 145
143 146
143 148
143 100
143 101
143 102
143 103
143 104
143 105
143 106
143 107
143 109
143 110
143 113
143 114
143 115
143 117
143 118
143 119
143 120
143 121
143 122
143 124
143 125
143 126
143 127
144 145
144 146
144 147
144 148
144 149
144 100
144 101
144 102
144 104
144 105
144 106
144 107
144 108
144 109
144 110
144 111
144 112
144 113
144 114
144 115
144 116
144 118
144 119
144 123
144 124
144 125
145 147
145 149
145 100
145 101
145 102
145 105
145 107
145 108
145 110
145 111
145 112
145 115
145 116
145 117
145 118
145 119
145 120
145 121
145 122
145 123
145 124
145 125
145 126
145 127
146 147
146 148
146 100
146 102
146 104
146 105
146 106
146 107
146 108
146 109
146 110
146 113
146 114
146 115
146 116
146 117
146 119
146 120
146 121
146 122
146 123
146 124
146 125
146 126
146 127
147 148
147 149
147 100
147 103
147 104
147 105
147 107
147 108
147 109
147 110
147 111
147 112
147 114
147 115
147 116
147 120
147 122
147 123
147 124
147 125
147 126
148 149
148 100
148 101
148 102
148 103
148 104
148 105
148 106
148 107
148 112
148 113
148 115
148 116
148 117
148 118
148 119
148 120
148 121
148 122
148 123
148 125
148 126
148 127
149 100
149 101
149 102
149 104
149 105
149 107
149 108
149 110
149 111
149 115
149 116
149 117
149 118
149 120
149 122
149 124
149 125
149 126
149 127
100 101
100 102
100 104
100 105
100 107
100 109
100 110
100 112
100 113
100 114
100 115
100 116
100 117
100 119
100 120
100 123
100 124
100 125
100 126
100 127
101 102
101 103
101 107
101 108
101 111
101 112
101 114
101 115
101 116
101 117
101 119
101 120
101 121
101 122
101 123
101 126
101 127
102 103
102 104
102 106
102 107
102 108
102 109
102 110
102 111
102 113
102 114
102 115
102 118
102 119
102 120
102 121
102 122
102 123
102 124
102 125
102 126
103 104
103 106
103 107
103 109
103 112
103 113
103 114
103 115
103 118
103 119
103 120
103 121
103 122
103 124
103 126
103 127
104 105
104 106
104 107
104 108
104 109
104 110
104 111
104 112
104 113
104 115
104 117
104 118
104 119
104 120
104 123
104 124
104 125
104 126
104 127
105 108
105 110
105 112
105 114
105 115
105 116
105 117
105 118
105 119
105 120
105 122
105 123
105 124
105 125
105 126
105 127
106 107
106 108
106 109
106 110
106 112
106 114
106 115
106 116
106 117
106 119
106 123
106 125
106 126
106 127
107 108
107 111
107 115
107 118
107 119
107 121
107 122
107 124
107 126
107 127
108 110
108 112
108 115
108 116
108 118
108 119
108 122
108 125
108 126
109 110
109 111
109 112
109 113
109 115
109 117
109 118
109 119
109 120
109 122
109 123
109 124
109 127
110 111
110 112
110 113
110 118
110 119
110 120
110 122
110 123
110 124
110 125
110 126
110 127
111 112
111 114
111 115
111 118
111 119
111 120
111 121
111 123
111 124
111 125
112 113
112 114
112 116
112 117
112 118
112 120
112 121
112 122
112 124
112 126
112 127
113 114
113 115
113 117
113 118
113 119
113 120
113 122
113 124
113 126
113 127
114 120
114 121
114 123
114 126
115 116
115 117
115 118
115 120
115 121
115 122
115 125
115 126
116 117
116 118
116 119
116 120
116 121
116 122
116 123
117 119
117 121
117 123
117 124
117 126
117 127
118 119
118 120
118 121
118 122
118 124
118 127
119 120
119 121
119 122
119 123
119 124
120 121
120 122
120 124
120 125
120 126
121 123
121 124
121 126
121 127
122 123
122 124
122 125
122 126
122 127
123 124
123 125
123 126
123 127
124 127
125 126
125 127
