0 1
0 2
0 3
0 4
0 5
0 8
0 9
0 10
0 11
0 12
0 18
0 19
0 20
0 23
0 24
0 26
0 27
0 28
0 29
0 30
0 32
0 33
0 34
0 35
0 39
0 40
0 41
0 43
0 44
0 45
0 46
0 47
0 48
0 52
0 53
0 56
0 58
0 60
0 63
0 68
0 70
0 72
0 75
0 80
0 82
0 86
0 87
0 91
0 92
0 94
0 96
0 130
0 131
0 132
0 135
0 136
0 137
0 139
0 142
0 145
0 147
0 148
0 149
0 103
0 108
0 110
0 111
0 114
0 118
0 125
1 2
1 3
1 4
1 5
1 6
1 8
1 9
1 10
1 12
1 14
1 16
1 17
1 18
1 19
1 20
1 21
1 22
1 23
1 24
1 25
1 26
1 28
1 29
1 30
1 32
1 33
1 34
1 35
1 39
1 41
1 42
1 44
1 45
1 47
1 48
1 49
1 51
1 52
1 54
1 66
1 72
1 73
1 76
1 77
1 80
1 83
1 87
1 88
1 89
1 91
1 93
1 95
1 97
1 99
1 129
1 130
1 136
1 145
1 105
1 111
1 113
1 115
1 117
1 119
1 124
1 127
2 3
2 4
2 7
2 8
2 9
2 10
2 11
2 12
2 13
2 14
2 15
2 16
2 17
2 18
2 19
2 24
2 25
2 26
2 27
2 28
2 32
2 33
2 34
2 36
2 37
2 38
2 40
2 41
2 42
2 43
2 44
2 46
2 47
2 51
2 58
2 62
2 65
2 73
2 75
2 86
2 91
2 96
2 99
2 128
2 130
2 134
2 135
2 138
2 139
2 140
2 141
2 144
2 145
2 147
2 148
2 101
2 105
2 106
2 109
2 110
2 116
2 119
2 121
2 123
2 126
3 4
3 6
3 8
3 10
3 13
3 14
3 15
3 20
3 21
3 22
3 24
3 26
3 27
3 28
3 29
3 30
3 31
3 33
3 35
3 36
3 39
3 40
3 41
3 44
3 45
3 46
3 47
3 48
3 49
3 55
3 57
3 59
3 60
3 67
3 68
3 70
3 74
3 76
3 79
3 80
3 81
3 83
3 86
3 91
3 95
3 96
3 128
3 133
3 136
3 137
3 138
3 139
3 142
3 143
3 145
3 146
3 103
3 104
3 106
3 113
3 120
3 122
3 126
3 127
4 5
4 6
4 7
4 10
4 11
4 12
4 13
4 14
4 15
4 16
4 20
4 22
4 23
4 25
4 26
4 27
4 30
4 32
4 33
4 34
4 35
4 37
4 38
4 39
4 40
4 41
4 42
4 43
4 44
4 45
4 46
4 51
4 54
4 56
4 59
4 66
4 74
4 76
4 77
4 128
4 135
4 139
4 141
4 143
4 144
4 146
4 147
4 148
4 100
4 101
4 102
4 109
4 110
4 112
4 126
4 127
5 11
5 13
5 14
5 15
5 16
5 17
5 19
5 20
5 23
5 24
5 26
5 28
5 29
5 32
5 33
5 34
5 35
5 36
5 37
5 40
5 41
5 42
5 43
5 45
5 46
5 48
5 53
5 56
5 61
5 64
5 67
5 71
5 77
5 82
5 83
5 84
5 85
5 86
5 95
5 96
5 98
5 131
5 133
5 135
5 138
5 143
5 145
5 146
5 148
5 102
5 103
5 118
5 121
5 122
5 126
5 127
6 7
6 8
6 9
6 10
6 12
6 16
6 18
6 19
6 21
6 22
6 24
6 25
6 28
6 30
6 31
6 33
6 35
6 37
6 38
6 39
6 40
6 41
6 43
6 44
6 45
6 46
6 47
6 49
6 50
6 52
6 55
6 57
6 58
6 60
6 62
6 66
6 68
6 72
6 73
6 74
6 75
6 76
6 77
6 78
6 79
6 81
6 83
6 89
6 92
6 93
6 130
6 135
6 141
6 144
6 145
6 147
6 149
6 102
6 104
6 106
6 113
6 125
6 126
7 8
7 10
7 11
7 12
7 13
7 17
7 18
7 19
7 20
7 21
7 24
7 25
7 26
7 27
7 29
7 31
7 32
7 33
7 38
7 42
7 43
7 44
7 45
7 47
7 48
7 53
7 54
7 61
7 63
7 66
7 69
7 70
7 81
7 83
7 96
7 133
7 135
7 142
7 145
7 101
7 104
7 107
7 108
7 109
7 113
7 114
7 117
7 122
7 126
8 9
8 10
8 12
8 13
8 15
8 16
8 17
8 18
8 20
8 21
8 22
8 23
8 24
8 25
8 26
8 28
8 29
8 30
8 32
8 33
8 34
8 35
8 36
8 37
8 38
8 39
8 40
8 41
8 43
8 44
8 45
8 47
8 48
8 49
8 52
8 56
8 59
8 61
8 63
8 64
8 67
8 71
8 72
8 74
8 76
8 77
8 79
8 81
8 86
8 87
8 92
8 95
8 98
8 128
8 130
8 132
8 133
8 141
8 146
8 148
8 101
8 107
8 108
8 113
8 114
8 120
8 127
9 10
9 11
9 12
9 13
9 14
9 15
9 17
9 18
9 19
9 21
9 23
9 24
9 25
9 27
9 30
9 31
9 32
9 34
9 37
9 38
9 39
9 41
9 42
9 43
9 45
9 47
9 48
9 49
9 60
9 61
9 62
9 68
9 69
9 70
9 71
9 74
9 80
9 83
9 84
9 89
9 96
9 97
9 132
9 133
9 135
9 136
9 138
9 139
9 140
9 142
9 145
9 101
9 107
9 111
9 112
9 113
9 114
9 115
9 124
9 125
10 11
10 15
10 16
10 20
10 23
10 24
10 26
10 27
10 28
10 30
10 32
10 35
10 37
10 39
10 40
10 43
10 44
10 45
10 46
10 47
10 49
10 53
10 54
10 59
10 60
10 63
10 66
10 67
10 68
10 75
10 81
10 86
10 92
10 94
10 96
10 99
10 130
10 138
10 140
10 148
10 101
10 105
10 109
10 119
10 120
10 125
10 127
11 13
11 14
11 15
11 16
11 17
11 18
11 20
11 22
11 24
11 25
11 27
11 28
11 29
11 30
11 32
11 35
11 36
11 37
11 38
11 39
11 41
11 43
11 44
11 45
11 47
11 48
11 49
11 53
11 62
11 64
11 67
11 73
11 75
11 76
11 81
11 92
11 94
11 96
11 97
11 99
11 130
11 131
11 135
11 136
11 139
11 140
11 141
11 143
11 145
11 148
11 149
11 100
11 101
11 102
11 105
11 108
11 109
11 111
11 116
11 117
11 118
11 122
11 124
12 13
12 14
12 15
12 16
12 18
12 19
12 20
12 21
12 22
12 24
12 25
12 27
12 28
12 29
12 30
12 31
12 39
12 40
12 41
12 42
12 44
12 46
12 47
12 48
12 49
12 57
12 69
12 73
12 74
12 80
12 82
12 86
12 89
12 94
12 95
12 96
12 97
12 98
12 99
12 128
12 132
12 144
12 147
12 101
12 105
12 109
12 111
12 115
12 116
12 117
12 118
13 14
13 15
13 16
13 17
13 19
13 20
13 21
13 25
13 26
13 28
13 30
13 31
13 33
13 34
13 35
13 36
13 37
13 40
13 42
13 43
13 44
13 45
13 47
13 49
13 53
13 58
13 61
13 67
13 68
13 71
13 74
13 78
13 80
13 82
13 85
13 86
13 88
13 93
13 98
13 129
13 131
13 141
13 143
13 144
13 146
13 148
13 101
13 109
13 114
13 116
13 118
13 119
13 124
13 125
13 126
14 15
14 16
14 17
14 19
14 20
14 21
14 22
14 25
14 26
14 30
14 31
14 32
14 33
14 34
14 35
14 36
14 37
14 41
14 42
14 43
14 45
14 46
14 47
14 49
14 53
14 54
14 58
14 59
14 63
14 64
14 65
14 67
14 73
14 75
14 79
14 82
14 86
14 88
14 89
14 96
14 97
14 98
14 128
14 132
14 134
14 137
14 100
14 102
14 105
14 106
14 109
14 114
14 115
14 122
14 125
15 16
15 18
15 19
15 20
15 21
15 22
15 25
15 27
15 29
15 30
15 32
15 33
15 35
15 37
15 38
15 39
15 40
15 41
15 42
15 44
15 45
15 46
15 47
15 48
15 49
15 54
15 58
15 61
15 62
15 63
15 77
15 78
15 80
15 82
15 83
15 84
15 85
15 89
15 94
15 96
15 98
15 129
15 137
15 138
15 141
15 142
15 104
15 113
15 118
15 123
15 124
15 125
15 127
16 17
16 18
16 19
16 23
16 26
16 28
16 30
16 32
16 34
16 35
16 37
16 38
16 39
16 41
16 43
16 44
16 45
16 46
16 47
16 49
16 52
16 54
16 59
16 64
16 68
16 75
16 76
16 81
16 84
16 92
16 95
16 98
16 99
16 128
16 129
16 130
16 131
16 132
16 140
16 143
16 147
16 148
16 101
16 103
16 108
16 109
16 111
16 114
16 120
16 122
16 124
17 18
17 19
17 20
17 21
17 22
17 24
17 25
17 26
17 27
17 28
17 32
17 33
17 34
17 35
17 37
17 38
17 39
17 42
17 43
17 44
17 45
17 47
17 48
17 49
17 50
17 51
17 53
17 55
17 58
17 59
17 64
17 65
17 70
17 75
17 78
17 79
17 83
17 86
17 87
17 88
17 90
17 94
17 98
17 133
17 136
17 137
17 138
17 144
17 145
17 100
17 101
17 103
17 104
17 107
17 115
17 120
17 122
17 123
18 19
18 20
18 24
18 26
18 27
18 28
18 29
18 30
18 31
18 32
18 33
18 34
18 35
18 36
18 38
18 39
18 41
18 42
18 44
18 47
18 48
18 49
18 51
18 57
18 58
18 60
18 61
18 67
18 68
18 80
18 83
18 87
18 93
18 97
18 99
18 130
18 137
18 142
18 111
18 113
18 117
18 122
18 127
19 20
19 22
19 24
19 25
19 26
19 28
19 29
19 30
19 31
19 33
19 35
19 36
19 37
19 38
19 40
19 41
19 42
19 43
19 44
19 45
19 47
19 48
19 49
19 50
19 51
19 54
19 57
19 60
19 61
19 66
19 70
19 71
19 79
19 81
19 83
19 86
19 90
19 92
19 95
19 97
19 129
19 131
19 136
19 137
19 139
19 141
19 142
19 146
19 147
19 149
19 102
19 106
19 108
19 109
19 112
19 113
19 118
19 121
19 122
19 123
19 124
20 21
20 22
20 23
20 24
20 25
20 26
20 28
20 29
20 32
20 33
20 34
20 35
20 36
20 37
20 38
20 40
20 41
20 45
20 48
20 49
20 55
20 56
20 58
20 61
20 66
20 68
20 79
20 80
20 85
20 91
20 93
20 138
20 142
20 144
20 146
20 149
20 101
20 104
20 109
20 111
20 112
20 115
20 116
20 121
20 122
20 127
21 24
21 25
21 27
21 28
21 29
21 31
21 33
21 34
21 35
21 36
21 38
21 39
21 40
21 41
21 42
21 45
21 46
21 47
21 49
21 52
21 57
21 58
21 59
21 61
21 64
21 72
21 73
21 75
21 76
21 78
21 84
21 85
21 90
21 94
21 96
21 134
21 135
21 139
21 140
21 144
21 101
21 108
21 110
21 112
21 116
21 119
21 120
21 124
21 127
22 23
22 24
22 25
22 28
22 29
22 30
22 31
22 32
22 37
22 39
22 40
22 41
22 43
22 44
22 45
22 47
22 49
22 58
22 62
22 63
22 71
22 73
22 77
22 87
22 89
22 99
22 129
22 132
22 133
22 137
22 139
22 140
22 148
22 100
22 105
22 108
22 109
22 113
22 117
22 120
22 122
23 26
23 27
23 30
23 32
23 33
23 34
23 35
23 36
23 37
23 42
23 43
23 44
23 45
23 46
23 47
23 52
23 55
23 61
23 64
23 66
23 67
23 70
23 72
23 75
23 76
23 80
23 95
23 98
23 129
23 131
23 139
23 143
23 144
23 147
23 148
23 149
23 103
23 104
23 113
23 114
23 118
23 124
23 125
24 25
24 27
24 28
24 29
24 30
24 32
24 33
24 35
24 36
24 39
24 40
24 41
24 42
24 44
24 45
24 46
24 47
24 49
24 53
24 55
24 58
24 69
24 70
24 73
24 79
24 92
24 93
24 128
24 129
24 130
24 135
24 143
24 145
24 147
24 101
24 102
24 103
24 106
24 111
24 112
24 113
24 115
24 117
24 118
24 119
24 125
24 127
25 26
25 27
25 31
25 34
25 35
25 36
25 37
25 38
25 44
25 46
25 48
25 49
25 51
25 52
25 54
25 62
25 65
25 67
25 69
25 74
25 76
25 79
25 80
25 82
25 84
25 87
25 97
25 98
25 132
25 133
25 136
25 138
25 139
25 144
25 147
25 149
25 100
25 101
25 102
25 104
25 108
25 111
25 114
25 120
25 124
25 126
25 127
26 27
26 28
26 29
26 30
26 31
26 32
26 33
26 37
26 38
26 39
26 40
26 41
26 43
26 45
26 46
26 47
26 49
26 50
26 69
26 73
26 77
26 78
26 82
26 88
26 96
26 99
26 128
26 129
26 130
26 133
26 146
26 149
26 100
26 101
26 102
26 103
26 106
26 109
26 113
26 117
26 120
26 126
27 29
27 30
27 31
27 32
27 35
27 36
27 38
27 39
27 40
27 41
27 42
27 43
27 45
27 46
27 48
27 49
27 50
27 51
27 52
27 54
27 55
27 58
27 59
27 63
27 67
27 71
27 75
27 76
27 77
27 80
27 83
27 88
27 93
27 95
27 96
27 98
27 99
27 133
27 135
27 145
27 147
27 148
27 149
27 100
27 104
27 108
27 113
27 117
27 118
27 119
27 120
27 121
27 124
28 29
28 32
28 33
28 34
28 35
28 36
28 37
28 38
28 40
28 41
28 44
28 47
28 49
28 60
28 62
28 65
28 66
28 73
28 75
28 79
28 82
28 91
28 92
28 128
28 129
28 130
28 131
28 133
28 134
28 135
28 136
28 142
28 144
28 147
28 102
28 103
28 104
28 106
28 107
28 117
28 118
28 121
28 122
28 123
28 124
29 30
29 33
29 34
29 35
29 38
29 39
29 44
29 45
29 46
29 47
29 49
29 52
29 53
29 54
29 57
29 63
29 64
29 66
29 71
29 72
29 77
29 78
29 89
29 94
29 129
29 135
29 137
29 143
29 145
29 100
29 101
29 102
29 105
29 110
29 112
29 117
29 121
29 122
29 123
29 124
29 126
30 31
30 32
30 34
30 35
30 36
30 37
30 40
30 41
30 42
30 43
30 45
30 46
30 50
30 53
30 56
30 57
30 58
30 59
30 62
30 63
30 65
30 72
30 81
30 82
30 83
30 85
30 90
30 91
30 92
30 97
30 98
30 131
30 132
30 135
30 137
30 138
30 146
30 148
30 100
30 101
30 104
30 111
30 114
30 116
30 117
30 121
30 122
30 125
30 126
31 32
31 33
31 34
31 35
31 37
31 40
31 41
31 42
31 43
31 45
31 46
31 49
31 51
31 53
31 58
31 60
31 65
31 74
31 76
31 77
31 79
31 82
31 83
31 84
31 87
31 91
31 94
31 132
31 134
31 135
31 138
31 141
31 143
31 146
31 149
31 101
31 105
31 108
31 109
31 121
31 122
31 124
31 126
32 33
32 34
32 35
32 38
32 40
32 41
32 42
32 43
32 44
32 45
32 47
32 48
32 49
32 52
32 61
32 64
32 65
32 66
32 70
32 72
32 76
32 77
32 78
32 80
32 82
32 92
32 93
32 96
32 97
32 128
32 130
32 141
32 103
32 105
32 106
32 113
32 114
32 116
32 120
32 123
32 124
32 125
33 34
33 35
33 36
33 37
33 39
33 41
33 42
33 43
33 44
33 45
33 47
33 48
33 49
33 50
33 51
33 65
33 76
33 77
33 79
33 80
33 82
33 87
33 90
33 91
33 92
33 94
33 95
33 97
33 98
33 130
33 133
33 137
33 145
33 147
33 110
33 111
33 112
33 121
33 124
34 35
34 36
34 38
34 39
34 40
34 41
34 42
34 43
34 44
34 45
34 46
34 48
34 49
34 55
34 56
34 61
34 64
34 67
34 69
34 77
34 78
34 80
34 81
34 83
34 84
34 87
34 88
34 96
34 97
34 99
34 129
34 130
34 134
34 135
34 143
34 147
34 148
34 149
34 103
34 104
34 110
34 118
34 119
34 120
34 122
34 123
34 125
35 36
35 38
35 39
35 43
35 44
35 45
35 46
35 47
35 48
35 49
35 50
35 52
35 54
35 55
35 57
35 58
35 59
35 65
35 77
35 79
35 81
35 82
35 85
35 88
35 92
35 132
35 134
35 143
35 145
35 103
35 106
35 110
35 112
35 113
35 119
35 126
35 127
36 38
36 39
36 41
36 42
36 43
36 44
36 46
36 47
36 48
36 49
36 54
36 57
36 71
36 72
36 74
36 75
36 78
36 80
36 83
36 84
36 86
36 87
36 89
36 90
36 93
36 94
36 97
36 143
36 145
36 100
36 101
36 105
36 109
36 113
36 126
36 127
37 39
37 40
37 41
37 42
37 43
37 44
37 45
37 46
37 47
37 48
37 49
37 51
37 53
37 54
37 55
37 57
37 63
37 65
37 67
37 68
37 69
37 70
37 71
37 75
37 76
37 77
37 83
37 88
37 90
37 91
37 92
37 93
37 94
37 96
37 97
37 129
37 130
37 132
37 139
37 140
37 145
37 106
37 108
37 109
37 110
37 113
37 118
37 119
37 123
38 39
38 40
38 43
38 45
38 47
38 48
38 49
38 53
38 55
38 58
38 67
38 71
38 73
38 76
38 77
38 78
38 83
38 94
38 96
38 97
38 98
38 99
38 134
38 135
38 136
38 143
38 148
38 149
38 100
38 115
38 117
38 120
39 40
39 41
39 42
39 43
39 44
39 45
39 46
39 47
39 48
39 49
39 53
39 55
39 58
39 59
39 61
39 64
39 65
39 72
39 75
39 77
39 79
39 80
39 81
39 82
39 83
39 85
39 86
39 89
39 90
39 128
39 133
39 134
39 142
39 144
39 146
39 148
39 100
39 102
39 104
39 105
39 109
39 111
39 115
39 118
39 124
39 126
40 41
40 42
40 43
40 44
40 45
40 46
40 47
40 48
40 49
40 53
40 56
40 58
40 63
40 66
40 68
40 71
40 87
40 93
40 94
40 97
40 131
40 136
40 137
40 147
40 149
40 100
40 104
40 109
40 110
40 113
40 115
40 117
40 123
40 124
40 127
41 42
41 44
41 45
41 46
41 47
41 52
41 54
41 55
41 56
41 58
41 62
41 66
41 67
41 69
41 70
41 73
41 74
41 78
41 79
41 84
41 98
41 132
41 133
41 138
41 139
41 141
41 147
41 102
41 106
41 108
41 112
41 113
41 118
41 123
41 126
42 43
42 46
42 47
42 48
42 49
42 53
42 56
42 63
42 64
42 69
42 71
42 73
42 74
42 77
42 85
42 90
42 99
42 130
42 132
42 134
42 137
42 139
42 141
42 142
42 146
42 100
42 103
42 104
42 105
42 106
42 107
42 109
42 111
42 115
42 120
43 44
43 45
43 46
43 47
43 48
43 49
43 51
43 53
43 54
43 55
43 66
43 78
43 79
43 80
43 86
43 87
43 92
43 93
43 94
43 97
43 98
43 99
43 131
43 132
43 139
43 143
43 144
43 101
43 107
43 108
43 115
43 117
43 119
43 126
44 46
44 49
44 50
44 52
44 57
44 58
44 59
44 60
44 61
44 66
44 69
44 72
44 73
44 79
44 83
44 87
44 90
44 96
44 130
44 131
44 132
44 134
44 139
44 147
44 100
44 102
44 106
44 107
44 108
44 109
44 124
44 126
45 47
45 48
45 50
45 55
45 56
45 59
45 60
45 61
45 62
45 64
45 78
45 82
45 83
45 85
45 89
45 96
45 97
45 99
45 134
45 135
45 137
45 138
45 141
45 142
45 147
45 148
45 107
45 108
45 115
45 120
46 54
46 56
46 61
46 63
46 64
46 67
46 70
46 72
46 84
46 86
46 87
46 88
46 91
46 92
46 94
46 95
46 128
46 137
46 140
46 141
46 142
46 143
46 144
46 145
46 148
46 100
46 101
46 105
46 107
46 108
46 111
46 112
46 122
46 123
47 48
47 52
47 53
47 54
47 55
47 56
47 62
47 64
47 69
47 70
47 71
47 72
47 80
47 82
47 83
47 85
47 92
47 93
47 98
47 128
47 136
47 140
47 143
47 145
47 106
47 110
47 113
47 117
47 120
47 121
47 126
48 49
48 51
48 53
48 58
48 59
48 64
48 65
48 66
48 70
48 72
48 81
48 82
48 83
48 84
48 85
48 86
48 87
48 89
48 91
48 98
48 131
48 135
48 139
48 140
48 107
48 109
48 110
48 114
48 119
48 126
49 54
49 55
49 62
49 63
49 64
49 66
49 69
49 71
49 82
49 86
49 87
49 89
49 90
49 91
49 99
49 130
49 131
49 133
49 134
49 135
49 138
49 145
49 102
49 108
49 109
49 114
49 116
49 117
49 121
49 124
50 52
50 53
50 56
50 58
50 59
50 60
50 62
50 63
50 65
50 67
50 68
50 69
50 70
50 71
50 72
50 73
50 74
50 75
50 76
50 78
50 79
50 80
50 81
50 82
50 83
50 84
50 86
50 87
50 88
50 92
50 93
50 94
50 96
50 97
50 99
50 131
50 135
50 136
50 137
50 138
50 141
50 144
50 147
50 111
50 114
50 121
50 125
50 126
51 52
51 53
51 54
51 56
51 58
51 59
51 60
51 61
51 62
51 63
51 64
51 65
51 66
51 67
51 69
51 70
51 72
51 73
51 74
51 75
51 76
51 77
51 78
51 79
51 80
51 83
51 84
51 85
51 86
51 89
51 90
51 91
51 92
51 95
51 96
51 98
51 99
51 128
51 131
51 132
51 134
51 136
51 141
51 146
51 102
51 115
51 116
51 118
51 123
51 124
52 53
52 54
52 55
52 57
52 58
52 59
52 62
52 63
52 64
52 66
52 67
52 70
52 71
52 72
52 73
52 74
52 75
52 76
52 77
52 79
52 80
52 81
52 82
52 85
52 86
52 88
52 89
52 91
52 92
52 93
52 94
52 95
52 97
52 98
52 99
52 133
52 135
52 140
52 144
52 149
52 102
52 105
52 106
52 109
52 112
52 114
52 115
52 121
52 123
53 54
53 55
53 56
53 57
53 58
53 63
53 64
53 67
53 68
53 69
53 70
53 71
53 73
53 76
53 77
53 79
53 80
53 83
53 84
53 85
53 88
53 90
53 92
53 93
53 94
53 96
53 97
53 98
53 134
53 137
53 142
53 144
53 148
53 149
53 101
53 111
53 112
53 115
53 116
54 55
54 56
54 57
54 58
54 59
54 63
54 64
54 65
54 67
54 68
54 69
54 70
54 74
54 76
54 77
54 78
54 79
54 80
54 81
54 83
54 84
54 86
54 88
54 89
54 90
54 91
54 92
54 93
54 94
54 95
54 96
54 97
54 98
54 99
54 129
54 132
54 137
54 138
54 142
54 144
54 145
54 147
54 148
54 149
54 104
54 106
54 108
54 110
54 113
54 114
54 118
54 119
54 120
54 122
54 124
55 56
55 59
55 61
55 62
55 63
55 64
55 65
55 66
55 67
55 68
55 70
55 71
55 72
55 74
55 75
55 76
55 77
55 78
55 80
55 81
55 82
55 83
55 85
55 87
55 88
55 89
55 90
55 91
55 92
55 93
55 97
55 98
55 99
55 128
55 130
55 131
55 136
55 141
55 144
55 148
55 103
55 111
55 113
55 115
55 116
55 118
55 120
55 122
55 126
56 58
56 59
56 60
56 62
56 63
56 64
56 66
56 67
56 69
56 70
56 73
56 77
56 79
56 80
56 81
56 82
56 83
56 85
56 88
56 90
56 92
56 93
56 94
56 95
56 97
56 98
56 99
56 130
56 133
56 135
56 137
56 138
56 141
56 144
56 145
56 149
56 100
56 108
56 110
56 115
56 117
56 122
57 58
57 61
57 64
57 65
57 66
57 67
57 69
57 70
57 71
57 73
57 74
57 75
57 76
57 77
57 78
57 81
57 82
57 83
57 84
57 85
57 86
57 87
57 88
57 90
57 92
57 93
57 96
57 98
57 99
57 135
57 137
57 145
57 147
57 148
57 149
57 103
57 106
57 108
57 109
57 110
57 112
57 116
57 119
58 60
58 61
58 62
58 63
58 64
58 65
58 66
58 67
58 68
58 69
58 72
58 73
58 74
58 75
58 76
58 77
58 79
58 80
58 81
58 82
58 83
58 84
58 87
58 89
58 90
58 93
58 95
58 96
58 98
58 99
58 129
58 136
58 138
58 140
58 142
58 146
58 147
58 100
58 104
58 106
58 107
58 110
58 112
58 114
58 123
58 126
58 127
59 60
59 61
59 62
59 63
59 64
59 67
59 68
59 69
59 72
59 75
59 80
59 81
59 82
59 83
59 84
59 87
59 88
59 89
59 90
59 92
59 94
59 95
59 96
59 97
59 130
59 131
59 135
59 136
59 137
59 138
59 139
59 140
59 142
59 145
59 102
59 103
59 109
59 113
59 114
59 116
59 123
59 125
59 126
60 61
60 62
60 63
60 65
60 66
60 67
60 68
60 69
60 71
60 72
60 73
60 76
60 77
60 78
60 80
60 81
60 82
60 86
60 87
60 88
60 91
60 92
60 93
60 94
60 97
60 98
60 99
60 136
60 138
60 139
60 145
60 100
60 102
60 105
60 106
60 107
60 108
60 111
60 113
60 117
60 122
60 125
61 62
61 64
61 65
61 66
61 67
61 68
61 69
61 71
61 72
61 73
61 74
61 75
61 76
61 77
61 79
61 81
61 82
61 84
61 86
61 87
61 90
61 92
61 93
61 94
61 95
61 98
61 99
61 130
61 131
61 132
61 133
61 134
61 137
61 142
61 143
61 101
61 107
61 113
61 114
61 118
61 119
61 120
61 124
61 127
62 63
62 65
62 66
62 67
62 69
62 70
62 71
62 72
62 74
62 75
62 78
62 79
62 80
62 81
62 82
62 87
62 88
62 89
62 91
62 93
62 94
62 95
62 96
62 97
62 99
62 138
62 141
62 145
62 148
62 101
62 102
62 105
62 113
62 116
62 122
62 123
62 125
63 64
63 66
63 70
63 71
63 72
63 73
63 74
63 75
63 76
63 77
63 78
63 79
63 80
63 81
63 82
63 83
63 85
63 86
63 87
63 89
63 90
63 91
63 92
63 93
63 94
63 95
63 96
63 97
63 98
63 99
63 128
63 129
63 130
63 135
63 142
63 146
63 149
63 102
63 103
63 106
63 107
63 119
64 66
64 67
64 69
64 71
64 73
64 74
64 75
64 76
64 77
64 78
64 84
64 85
64 86
64 88
64 89
64 90
64 92
64 93
64 96
64 97
64 98
64 99
64 128
64 132
64 138
64 142
64 144
64 145
64 102
64 103
64 106
64 107
64 111
64 112
64 119
64 120
64 122
64 127
65 66
65 68
65 69
65 70
65 72
65 76
65 77
65 78
65 79
65 80
65 81
65 82
65 84
65 86
65 87
65 88
65 90
65 92
65 93
65 94
65 95
65 96
65 97
65 99
65 128
65 129
65 131
65 133
65 140
65 141
65 143
65 149
65 106
65 111
65 112
65 120
65 121
65 122
65 124
66 67
66 70
66 71
66 72
66 73
66 75
66 76
66 77
66 80
66 81
66 83
66 84
66 85
66 87
66 88
66 89
66 91
66 92
66 93
66 94
66 97
66 98
66 133
66 135
66 140
66 141
66 142
66 143
66 145
66 149
66 100
66 104
66 105
66 111
66 127
67 68
67 69
67 70
67 72
67 74
67 76
67 77
67 78
67 79
67 80
67 81
67 82
67 83
67 84
67 85
67 86
67 88
67 89
67 90
67 91
67 92
67 94
67 96
67 97
67 99
67 129
67 139
67 142
67 147
67 148
67 102
67 104
67 109
67 111
67 114
67 117
67 123
67 125
67 127
68 69
68 70
68 71
68 74
68 75
68 76
68 77
68 78
68 79
68 80
68 81
68 82
68 85
68 86
68 87
68 88
68 90
68 91
68 92
68 93
68 94
68 95
68 96
68 97
68 98
68 99
68 129
68 132
68 134
68 139
68 140
68 146
68 102
68 109
68 116
69 70
69 72
69 75
69 76
69 77
69 78
69 79
69 80
69 81
69 82
69 83
69 85
69 86
69 88
69 89
69 90
69 91
69 94
69 95
69 97
69 128
69 139
69 143
69 149
69 102
69 104
69 106
69 107
69 111
69 119
69 122
69 126
70 72
70 73
70 74
70 77
70 78
70 79
70 80
70 81
70 82
70 83
70 84
70 85
70 86
70 87
70 88
70 89
70 92
70 94
70 96
70 97
70 98
70 128
70 135
70 138
70 141
70 143
70 148
70 103
70 106
70 111
70 115
70 127
71 72
71 73
71 74
71 75
71 76
71 78
71 79
71 81
71 82
71 83
71 84
71 86
71 87
71 88
71 89
71 92
71 93
71 96
71 97
71 135
71 139
71 142
71 143
71 144
71 145
71 147
71 101
71 102
71 103
71 107
71 112
71 113
71 115
71 118
71 119
71 121
71 124
71 127
72 75
72 76
72 78
72 79
72 80
72 81
72 82
72 83
72 84
72 87
72 88
72 89
72 90
72 92
72 93
72 94
72 97
72 98
72 99
72 137
72 141
72 142
72 144
72 147
72 148
72 149
72 106
72 111
72 112
72 120
72 123
72 124
72 126
73 74
73 75
73 78
73 82
73 84
73 85
73 86
73 87
73 88
73 90
73 91
73 92
73 94
73 95
73 96
73 98
73 99
73 129
73 132
73 133
73 136
73 140
73 143
73 145
73 146
73 100
73 101
73 103
73 105
73 106
73 107
73 111
73 112
73 113
73 121
74 76
74 77
74 78
74 82
74 83
74 84
74 85
74 87
74 89
74 91
74 92
74 93
74 94
74 95
74 96
74 98
74 129
74 130
74 132
74 137
74 140
74 141
74 146
74 148
74 149
74 104
74 110
74 112
74 116
74 117
74 118
74 125
75 76
75 79
75 80
75 81
75 82
75 83
75 84
75 85
75 86
75 87
75 88
75 89
75 90
75 92
75 93
75 95
75 96
75 97
75 98
75 99
75 128
75 130
75 133
75 137
75 141
75 147
75 108
75 110
75 114
75 116
75 117
75 122
75 126
76 78
76 80
76 82
76 83
76 84
76 86
76 87
76 88
76 90
76 91
76 92
76 94
76 95
76 97
76 98
76 128
76 135
76 137
76 147
76 103
76 104
76 115
76 122
76 123
76 125
77 78
77 79
77 80
77 81
77 82
77 83
77 84
77 85
77 86
77 88
77 89
77 92
77 93
77 94
77 96
77 97
77 98
77 134
77 135
77 136
77 139
77 140
77 100
77 105
77 108
77 110
77 111
77 125
78 79
78 81
78 82
78 83
78 85
78 86
78 87
78 89
78 91
78 92
78 93
78 94
78 97
78 99
78 130
78 131
78 134
78 136
78 139
78 145
78 147
78 103
78 104
78 110
78 117
78 118
78 120
78 121
78 122
78 124
78 127
79 82
79 83
79 84
79 87
79 88
79 91
79 92
79 93
79 94
79 95
79 97
79 98
79 128
79 131
79 133
79 134
79 135
79 136
79 137
79 138
79 104
79 106
79 112
79 114
79 117
79 121
79 123
79 124
79 125
79 126
80 83
80 84
80 85
80 87
80 88
80 89
80 90
80 92
80 93
80 95
80 96
80 97
80 99
80 131
80 132
80 133
80 143
80 144
80 100
80 101
80 105
80 108
80 113
80 119
80 120
80 123
80 127
81 82
81 84
81 86
81 88
81 89
81 91
81 92
81 94
81 95
81 96
81 97
81 128
81 131
81 133
81 136
81 138
81 143
81 148
81 149
81 104
81 110
81 111
81 125
82 84
82 87
82 89
82 90
82 92
82 93
82 96
82 98
82 99
82 132
82 135
82 136
82 137
82 141
82 100
82 103
82 104
82 114
82 116
82 117
82 118
82 123
82 125
82 126
83 84
83 85
83 86
83 87
83 88
83 91
83 92
83 94
83 95
83 96
83 97
83 99
83 130
83 135
83 138
83 147
83 100
83 111
83 112
83 113
83 115
83 116
83 117
83 119
83 121
83 124
83 126
84 85
84 86
84 87
84 91
84 92
84 93
84 94
84 95
84 96
84 97
84 129
84 131
84 133
84 142
84 145
84 146
84 149
84 100
84 101
84 102
84 105
84 106
84 116
84 120
84 121
84 126
84 127
85 88
85 90
85 91
85 92
85 93
85 95
85 96
85 97
85 99
85 141
85 103
85 113
85 120
85 125
85 127
86 87
86 88
86 89
86 91
86 92
86 94
86 98
86 99
86 129
86 139
86 144
86 146
86 148
86 149
86 101
86 108
86 111
86 112
86 113
86 114
86 115
86 116
86 119
86 120
86 127
87 90
87 92
87 94
87 95
87 96
87 97
87 98
87 99
87 129
87 132
87 133
87 134
87 135
87 137
87 139
87 145
87 147
87 102
87 103
87 105
87 123
87 125
88 89
88 91
88 94
88 95
88 96
88 98
88 99
88 129
88 140
88 141
88 144
88 147
88 149
88 111
88 112
88 113
88 117
88 121
89 90
89 91
89 92
89 94
89 95
89 96
89 99
89 131
89 133
89 136
89 140
89 144
89 103
89 107
89 111
89 114
89 115
89 117
89 124
89 126
90 92
90 93
90 94
90 97
90 98
90 99
90 131
90 140
90 143
90 144
90 145
90 100
90 102
90 105
90 112
90 119
90 121
90 123
90 124
91 92
91 93
91 94
91 97
91 98
91 99
91 135
91 140
91 144
91 148
91 104
91 106
91 111
91 116
91 120
91 122
91 126
92 93
92 94
92 96
92 98
92 129
92 130
92 132
92 133
92 143
92 144
92 145
92 147
92 101
92 110
92 115
92 118
92 120
92 125
93 95
93 97
93 98
93 99
93 128
93 135
93 140
93 141
93 143
93 144
93 145
93 100
93 109
93 113
93 114
93 115
93 117
93 122
93 123
93 125
94 97
94 98
94 99
94 129
94 132
94 133
94 136
94 137
94 138
94 139
94 140
94 141
94 146
94 148
94 149
94 103
94 106
94 108
94 109
94 111
94 117
94 118
94 121
94 123
95 96
95 97
95 98
95 128
95 130
95 131
95 132
95 133
95 136
95 145
95 147
95 148
95 149
95 108
95 109
95 113
95 115
95 116
95 117
95 118
95 120
95 121
95 126
95 127
96 98
96 99
96 128
96 130
96 131
96 138
96 139
96 149
96 101
96 104
96 114
96 118
96 119
96 120
96 127
97 98
97 99
97 138
97 148
97 102
97 106
97 115
97 116
97 117
97 119
97 124
98 99
98 136
98 138
98 139
98 141
98 146
98 148
98 102
98 103
98 104
98 109
98 120
98 122
98 124
98 126
99 131
99 135
99 144
99 102
99 105
99 109
99 115
99 117
99 123
99 126
128 129
128 131
128 134
128 135
128 139
128 140
128 141
128 142
128 143
128 145
128 147
128 148
128 102
128 103
128 104
128 105
128 106
128 107
128 109
128 110
128 112
128 113
128 114
128 115
128 116
128 117
128 118
128 119
128 120
128 121
128 122
128 125
128 126
128 127
129 130
129 131
129 133
129 134
129 135
129 137
129 139
129 140
129 143
129 145
129 146
129 147
129 148
129 100
129 101
129 102
129 103
129 104
129 105
129 106
129 107
129 108
129 109
129 111
129 112
129 114
129 116
129 118
129 119
129 120
129 121
129 122
129 123
129 124
129 125
129 127
130 131
130 132
130 133
130 134
130 136
130 138
130 140
130 142
130 143
130 144
130 146
130 147
130 149
130 100
130 101
130 104
130 107
130 108
130 109
130 110
130 111
130 112
130 113
130 114
130 115
130 116
130 117
130 118
130 119
130 121
130 123
130 124
130 125
130 126
130 127
131 132
131 133
131 134
131 137
131 138
131 139
131 140
131 142
131 143
131 144
131 145
131 146
131 147
131 148
131 102
131 103
131 104
131 106
131 107
131 108
131 109
131 110
131 112
131 113
131 114
131 115
131 116
131 117
131 120
131 122
131 123
131 124
131 125
131 126
131 127
132 135
132 136
132 139
132 140
132 141
132 142
132 145
132 146
132 147
132 148
132 104
132 105
132 106
132 107
132 111
132 113
132 115
132 116
132 119
132 120
132 121
132 124
132 125
132 127
133 135
133 137
133 138
133 139
133 140
133 142
133 144
133 145
133 146
133 147
133 100
133 101
133 102
133 103
133 104
133 106
133 107
133 108
133 109
133 110
133 113
133 115
133 116
133 117
133 119
133 121
133 122
133 123
133 124
133 126
133 127
134 135
134 136
134 138
134 139
134 140
134 141
134 142
134 143
134 145
134 146
134 148
134 149
134 101
134 102
134 103
134 105
134 106
134 107
134 108
134 109
134 110
134 112
134 113
134 114
134 115
134 116
134 118
134 119
134 122
134 123
134 124
134 125
135 136
135 137
135 139
135 140
135 143
135 144
135 147
135 148
135 149
135 100
135 102
135 103
135 104
135 105
135 106
135 108
135 109
135 110
135 112
135 113
135 114
135 115
135 117
135 118
135 119
135 120
135 124
135 126
135 127
136 139
136 140
136 141
136 143
136 144
136 147
136 149
136 100
136 101
136 102
136 103
136 104
136 105
136 107
136 109
136 110
136 111
136 112
136 113
136 114
136 115
136 116
136 119
136 120
136 121
136 124
136 126
136 127
137 139
137 140
137 141
137 142
137 144
137 145
137 146
137 147
137 149
137 100
137 101
137 102
137 103
137 104
137 106
137 107
137 108
137 109
137 110
137 111
137 112
137 113
137 114
137 115
137 116
137 117
137 119
137 120
137 123
137 125
137 126
137 127
138 139
138 140
138 142
138 143
138 145
138 147
138 149
138 100
138 101
138 103
138 106
138 108
138 109
138 113
138 114
138 115
138 116
138 117
138 118
138 119
138 123
138 124
138 126
138 127
139 140
139 142
139 143
139 144
139 148
139 149
139 100
139 103
139 104
139 105
139 109
139 110
139 112
139 114
139 115
139 116
139 117
139 118
139 119
139 120
139 122
139 125
139 126
139 127
140 141
140 142
140 143
140 144
140 100
140 101
140 104
140 105
140 106
140 111
140 112
140 113
140 116
140 117
140 119
140 120
140 121
140 122
140 123
140 124
140 125
140 126
141 142
141 144
141 145
141 146
141 147
141 148
141 100
141 101
141 103
141 104
141 108
141 109
141 110
141 111
141 112
141 114
141 115
141 118
141 119
141 120
141 122
141 123
141 126
142 143
142 146
142 148
142 149
142 102
142 103
142 104
142 105
142 106
142 107
142 108
142 109
142 110
142 111
142 112
142 113
142 114
142 116
142 119
142 122
142 123
142 124
142 126
143 144
143 145
143 148
143 149
143 100
143 101
143 102
143 104
143 106
143 108
143 109
143 110
143 114
143 115
143 116
143 118
143 119
143 120
143 121
143 122
143 124
143 125
143 127
144 145
144 146
144 148
144 100
144 101
144 102
144 103
144 104
144 106
144 109
144 110
144 111
144 113
144 114
144 116
144 118
144 120
144 121
144 125
144 126
144 127
145 146
145 147
145 148
145 149
145 100
145 101
145 102
145 104
145 106
145 109
145 110
145 111
145 113
145 114
145 115
145 117
145 118
145 119
145 121
145 123
145 124
145 125
146 147
146 100
146 101
146 102
146 105
146 108
146 109
146 112
146 113
146 114
146 115
146 116
146 117
146 118
146 119
146 121
146 122
146 123
146 124
146 125
146 127
147 149
147 100
147 102
147 103
147 105
147 106
147 107
147 108
147 109
147 110
147 112
147 113
147 115
147 116
147 117
147 118
147 119
147 120
147 121
147 122
147 123
147 125
147 126
148 149
148 100
148 101
148 103
148 104
148 105
148 107
148 109
148 110
148 112
148 113
148 114
148 115
148 116
148 117
148 118
148 119
148 120
148 122
148 123
148 125
148 126
148 127
149 100
149 101
149 102
149 104
149 105
149 107
149 108
149 109
149 110
149 112
149 114
149 115
149 116
149 117
149 118
149 119
149 124
149 125
149 126
149 127
100 101
100 103
100 104
100 105
100 106
100 110
100 111
100 114
100 115
100 116
100 121
100 122
100 123
100 125
100 126
100 127
101 102
101 104
101 106
101 109
101 110
101 113
101 115
101 116
101 118
101 119
101 120
101 121
101 122
101 123
101 124
101 125
101 127
102 104
102 108
102 110
102 111
102 113
102 114
102 115
102 118
102 120
102 121
102 124
102 125
102 126
102 127
103 104
103 107
103 108
103 109
103 110
103 111
103 113
103 114
103 115
103 117
103 118
103 119
103 121
103 123
103 124
103 125
103 126
103 127
104 105
104 106
104 108
104 109
104 111
104 112
104 114
104 115
104 116
104 119
104 120
104 121
104 123
104 124
104 125
104 126
104 127
105 106
105 107
105 109
105 112
105 115
105 117
105 118
105 119
105 120
105 122
105 123
105 124
105 125
106 108
106 109
106 111
106 113
106 115
106 117
106 118
106 120
106 121
106 123
106 124
106 125
106 126
106 127
107 109
107 111
107 112
107 113
107 114
107 115
107 117
107 118
107 119
107 120
107 121
107 122
107 123
107 126
107 127
108 109
108 110
108 111
108 112
108 113
108 114
108 117
108 118
108 119
108 120
108 121
108 122
108 123
108 124
108 125
108 126
109 110
109 111
109 113
109 114
109 115
109 116
109 119
109 120
109 121
109 123
109 124
109 126
109 127
110 114
110 115
110 116
110 117
110 119
110 120
110 122
110 123
110 125
111 112
111 114
111 115
111 116
111 120
111 121
111 122
111 123
111 124
111 125
111 126
111 127
112 113
112 116
112 117
112 119
112 120
112 127
113 114
113 116
113 117
113 118
113 119
113 120
113 122
113 123
113 124
113 125
113 126
113 127
114 115
114 116
114 117
114 118
114 121
114 122
114 123
114 125
114 126
114 127
115 118
115 119
115 123
115 124
115 125
115 126
115 127
116 117
116 118
116 119
116 120
116 122
116 123
116 124
116 125
116 126
116 127
117 118
117 119
117 120
117 121
117 122
117 123
117 125
117 126
117 127
118 121
118 122
118 123
118 124
118 125
118 126
119 120
119 121
119 124
119 125
119 127
120 121
120 123
120 124
120 126
121 122
121 123
121 124
121 125
121 126
122 124
122 125
122 127
123 124
123 126
124 126
124 127
125 126
126 127
