0 3
0 4
0 5
0 6
0 7
0 8
0 9
0 10
0 11
0 12
0 13
0 14
0 15
0 16
0 20
0 22
0 23
0 25
0 27
0 28
0 30
0 31
0 32
0 33
0 34
0 35
0 37
0 38
0 39
0 40
0 41
0 42
0 43
0 44
0 46
0 48
0 49
0 53
0 58
0 71
0 87
0 90
0 137
0 142
0 144
0 107
0 116
1 3
1 4
1 5
1 6
1 7
1 8
1 9
1 10
1 11
1 12
1 13
1 14
1 15
1 17
1 18
1 19
1 20
1 22
1 23
1 24
1 25
1 26
1 28
1 29
1 30
1 32
1 33
1 34
1 35
1 36
1 40
1 41
1 42
1 43
1 44
1 45
1 46
1 47
1 49
1 56
1 62
1 79
1 97
1 128
1 144
1 145
1 104
1 107
2 3
2 4
2 5
2 6
2 7
2 8
2 9
2 10
2 11
2 12
2 13
2 14
2 15
2 17
2 18
2 19
2 21
2 22
2 23
2 25
2 28
2 29
2 30
2 31
2 32
2 33
2 34
2 35
2 36
2 37
2 38
2 39
2 40
2 41
2 42
2 43
2 45
2 47
2 48
2 49
2 61
2 67
2 81
2 87
2 93
2 130
2 136
2 138
2 139
2 142
2 103
2 112
2 125
3 5
3 6
3 8
3 9
3 11
3 13
3 14
3 15
3 17
3 19
3 20
3 21
3 22
3 23
3 25
3 26
3 27
3 28
3 29
3 30
3 31
3 32
3 33
3 34
3 35
3 36
3 37
3 38
3 41
3 42
3 43
3 45
3 46
3 48
3 49
3 63
3 99
3 132
3 137
3 145
3 146
3 101
4 5
4 6
4 7
4 8
4 10
4 11
4 13
4 16
4 17
4 19
4 20
4 21
4 23
4 24
4 25
4 26
4 27
4 28
4 32
4 33
4 34
4 35
4 36
4 37
4 40
4 41
4 43
4 44
4 45
4 46
4 47
4 48
4 49
4 53
4 64
4 87
4 134
4 135
4 139
4 149
4 105
4 108
4 124
5 6
5 7
5 8
5 9
5 10
5 11
5 12
5 13
5 14
5 16
5 17
5 18
5 21
5 22
5 23
5 24
5 25
5 27
5 29
5 30
5 31
5 33
5 34
5 36
5 38
5 39
5 41
5 42
5 43
5 44
5 45
5 46
5 47
5 48
5 49
5 61
5 73
5 77
5 85
5 91
5 93
5 139
5 143
5 145
5 101
5 107
5 108
6 9
6 11
6 12
6 14
6 15
6 16
6 17
6 18
6 19
6 20
6 21
6 22
6 25
6 26
6 27
6 28
6 29
6 30
6 33
6 34
6 35
6 36
6 37
6 38
6 39
6 40
6 41
6 42
6 43
6 44
6 45
6 46
6 47
6 48
6 49
6 57
6 58
6 85
6 135
6 138
6 107
6 108
6 116
6 120
7 8
7 9
7 10
7 11
7 12
7 13
7 14
7 15
7 16
7 17
7 18
7 19
7 22
7 23
7 24
7 25
7 26
7 27
7 29
7 31
7 32
7 34
7 35
7 36
7 37
7 38
7 40
7 41
7 44
7 45
7 46
7 48
7 49
7 73
7 91
7 110
7 112
7 125
8 9
8 10
8 11
8 12
8 13
8 14
8 15
8 16
8 17
8 19
8 20
8 21
8 23
8 24
8 25
8 26
8 28
8 29
8 30
8 32
8 33
8 35
8 37
8 38
8 39
8 41
8 44
8 45
8 46
8 47
8 48
8 49
8 63
8 68
8 77
8 91
8 134
8 105
8 108
8 122
8 126
9 10
9 11
9 12
9 13
9 14
9 15
9 16
9 18
9 19
9 20
9 21
9 22
9 23
9 24
9 25
9 26
9 27
9 31
9 32
9 34
9 35
9 37
9 38
9 39
9 40
9 41
9 42
9 43
9 46
9 47
9 48
9 52
9 61
9 99
9 137
9 140
9 112
9 113
9 117
10 11
10 12
10 13
10 15
10 17
10 19
10 20
10 21
10 22
10 23
10 24
10 26
10 28
10 29
10 30
10 31
10 33
10 34
10 35
10 36
10 37
10 39
10 40
10 41
10 42
10 43
10 47
10 48
10 49
10 59
10 61
10 74
10 93
10 96
10 124
11 12
11 13
11 14
11 15
11 16
11 17
11 19
11 21
11 22
11 23
11 24
11 25
11 26
11 27
11 30
11 31
11 32
11 33
11 34
11 35
11 37
11 38
11 39
11 40
11 41
11 42
11 43
11 44
11 45
11 46
11 47
11 48
11 49
11 53
11 72
11 74
11 85
11 96
11 129
11 139
11 103
11 116
11 118
12 13
12 14
12 16
12 17
12 18
12 19
12 21
12 23
12 24
12 25
12 27
12 28
12 29
12 30
12 31
12 33
12 34
12 35
12 36
12 38
12 39
12 40
12 41
12 44
12 45
12 47
12 48
12 49
12 63
12 87
12 116
13 15
13 16
13 17
13 18
13 19
13 20
13 21
13 23
13 24
13 25
13 26
13 27
13 29
13 30
13 31
13 33
13 35
13 36
13 37
13 38
13 39
13 40
13 41
13 42
13 43
13 44
13 45
13 46
13 47
13 48
13 49
13 59
13 64
13 77
13 91
13 135
13 108
13 115
14 15
14 16
14 17
14 18
14 19
14 20
14 21
14 22
14 23
14 26
14 27
14 28
14 29
14 31
14 32
14 33
14 35
14 36
14 37
14 38
14 39
14 40
14 41
14 42
14 43
14 45
14 46
14 47
14 48
14 49
14 72
14 128
14 131
14 135
14 138
14 141
14 143
14 149
14 103
15 16
15 18
15 19
15 21
15 22
15 23
15 25
15 26
15 28
15 29
15 30
15 31
15 32
15 34
15 35
15 36
15 39
15 40
15 41
15 42
15 43
15 44
15 45
15 46
15 48
15 49
15 61
15 67
15 68
15 79
15 85
15 89
15 97
15 132
15 133
15 139
15 110
15 115
15 118
15 124
16 18
16 20
16 21
16 22
16 23
16 24
16 25
16 28
16 29
16 30
16 31
16 32
16 33
16 34
16 35
16 36
16 37
16 40
16 41
16 42
16 43
16 44
16 45
16 46
16 47
16 48
16 49
16 59
16 65
16 66
16 69
16 87
16 97
16 135
16 137
16 140
16 142
16 146
16 115
16 123
17 18
17 20
17 21
17 22
17 23
17 24
17 25
17 26
17 28
17 29
17 30
17 31
17 32
17 35
17 37
17 38
17 39
17 40
17 41
17 42
17 43
17 44
17 45
17 46
17 47
17 48
17 49
17 64
17 66
17 77
17 81
17 89
17 129
17 134
17 142
17 147
17 148
17 105
17 108
17 109
17 115
18 20
18 21
18 22
18 23
18 24
18 26
18 28
18 29
18 30
18 31
18 32
18 33
18 34
18 35
18 37
18 39
18 40
18 41
18 42
18 45
18 46
18 47
18 48
18 57
18 84
18 92
18 141
19 20
19 22
19 23
19 24
19 25
19 26
19 27
19 28
19 29
19 30
19 31
19 32
19 35
19 37
19 40
19 41
19 43
19 44
19 45
19 47
19 48
19 49
19 55
19 59
19 134
19 135
19 149
19 112
19 116
19 118
19 126
20 21
20 22
20 26
20 27
20 28
20 29
20 30
20 31
20 32
20 33
20 34
20 36
20 37
20 40
20 41
20 42
20 43
20 44
20 45
20 46
20 47
20 48
20 51
20 55
20 68
20 69
20 79
20 141
20 112
21 22
21 23
21 24
21 25
21 26
21 27
21 28
21 29
21 30
21 31
21 32
21 33
21 34
21 35
21 36
21 37
21 38
21 39
21 40
21 41
21 42
21 45
21 47
21 48
21 49
21 61
21 69
21 82
21 135
21 102
21 103
21 107
21 111
21 121
21 122
22 24
22 25
22 29
22 30
22 31
22 32
22 34
22 35
22 36
22 37
22 38
22 39
22 40
22 41
22 42
22 43
22 44
22 45
22 46
22 47
22 49
22 53
22 54
22 69
22 72
22 97
22 145
23 24
23 25
23 26
23 27
23 29
23 30
23 31
23 32
23 34
23 35
23 36
23 37
23 38
23 39
23 40
23 42
23 43
23 44
23 45
23 46
23 48
23 49
23 50
23 62
23 90
23 94
23 98
23 144
23 147
23 148
23 112
24 26
24 27
24 28
24 29
24 30
24 31
24 32
24 34
24 35
24 37
24 38
24 39
24 40
24 41
24 42
24 43
24 44
24 45
24 46
24 48
24 59
24 61
24 62
24 63
24 66
24 71
24 76
24 77
24 78
24 81
24 89
24 136
24 137
24 139
24 140
24 142
24 148
24 104
24 105
24 106
24 107
24 109
24 127
25 26
25 27
25 28
25 29
25 30
25 34
25 35
25 36
25 37
25 38
25 39
25 40
25 41
25 44
25 45
25 46
25 47
25 48
25 49
25 53
25 73
25 76
25 78
25 79
25 86
25 89
25 130
25 131
25 139
25 109
25 122
26 27
26 28
26 29
26 30
26 31
26 32
26 33
26 35
26 36
26 37
26 38
26 39
26 40
26 43
26 44
26 45
26 46
26 59
26 60
26 96
26 128
26 132
27 28
27 29
27 30
27 31
27 32
27 34
27 35
27 36
27 37
27 38
27 39
27 40
27 41
27 42
27 43
27 45
27 47
27 48
27 49
27 53
27 72
27 85
27 87
27 129
27 132
27 145
27 149
28 29
28 30
28 32
28 33
28 34
28 36
28 37
28 38
28 40
28 41
28 42
28 43
28 44
28 46
28 47
28 48
28 49
28 52
28 67
28 70
28 78
28 90
28 92
28 97
28 101
28 104
28 110
28 113
28 120
28 122
28 127
29 30
29 32
29 33
29 34
29 37
29 39
29 40
29 41
29 44
29 45
29 46
29 47
29 48
29 49
29 53
29 59
29 75
29 96
29 141
29 145
29 108
29 116
29 124
30 33
30 34
30 35
30 36
30 37
30 38
30 42
30 43
30 44
30 45
30 46
30 48
30 49
30 52
30 53
30 64
30 89
30 98
30 137
30 138
31 32
31 33
31 35
31 36
31 37
31 38
31 39
31 40
31 41
31 42
31 43
31 44
31 46
31 48
31 49
31 69
31 71
31 75
31 76
31 131
31 140
31 120
31 124
32 33
32 34
32 35
32 36
32 37
32 39
32 40
32 41
32 42
32 43
32 44
32 46
32 47
32 48
32 49
32 56
32 59
32 61
32 69
32 72
32 80
32 90
32 134
32 135
32 115
32 120
32 125
33 35
33 37
33 38
33 39
33 40
33 41
33 42
33 43
33 44
33 45
33 46
33 47
33 48
33 49
33 51
33 70
33 82
33 128
33 134
33 142
33 120
33 127
34 35
34 36
34 37
34 38
34 39
34 42
34 44
34 45
34 46
34 47
34 48
34 49
34 60
34 65
34 129
34 134
34 144
34 147
34 148
34 111
34 113
34 125
34 127
35 36
35 37
35 38
35 39
35 40
35 41
35 43
35 44
35 45
35 46
35 47
35 48
35 49
35 54
35 56
35 65
35 72
35 83
35 95
35 129
35 138
35 149
35 104
35 108
35 115
35 119
35 126
36 37
36 38
36 39
36 41
36 43
36 44
36 46
36 47
36 48
36 49
36 71
36 79
36 82
36 98
36 128
36 145
36 149
36 113
36 118
37 38
37 39
37 40
37 41
37 45
37 47
37 48
37 50
37 53
37 67
37 72
37 77
37 88
37 89
37 96
37 97
37 130
37 135
37 137
37 118
37 121
37 124
38 39
38 41
38 42
38 44
38 45
38 46
38 47
38 55
38 84
38 95
38 129
38 137
38 141
38 149
38 100
38 113
38 117
38 118
39 40
39 41
39 42
39 43
39 44
39 45
39 46
39 52
39 59
39 64
39 68
39 71
39 105
39 106
39 108
39 113
39 119
40 41
40 42
40 43
40 45
40 46
40 47
40 48
40 49
40 81
40 94
40 144
40 149
40 102
40 103
40 104
40 109
40 125
40 126
41 42
41 43
41 44
41 45
41 46
41 47
41 49
41 52
41 57
41 59
41 63
41 76
41 78
41 83
41 85
41 92
41 99
41 128
41 137
41 144
41 149
41 113
41 123
42 43
42 49
42 72
42 73
42 76
42 79
42 95
42 140
42 141
42 145
42 148
42 101
42 115
42 116
42 122
43 44
43 45
43 46
43 48
43 49
43 72
43 81
43 82
43 90
43 146
43 101
43 102
44 45
44 46
44 48
44 49
44 61
44 67
44 74
44 93
44 94
44 132
44 134
44 146
44 113
44 122
44 127
45 47
45 48
45 49
45 51
45 63
45 69
45 73
45 77
45 90
45 96
45 97
45 134
45 147
45 101
45 103
45 112
45 119
46 47
46 51
46 52
46 90
46 95
46 97
46 130
46 143
46 105
46 108
46 112
46 115
46 122
47 76
47 99
47 131
47 138
47 145
47 124
47 127
48 49
48 56
48 63
48 78
48 83
48 90
48 96
48 98
48 140
48 141
48 142
48 100
48 118
49 60
49 92
49 99
49 133
49 141
49 102
49 125
50 51
50 52
50 53
50 54
50 56
50 57
50 58
50 59
50 60
50 61
50 62
50 63
50 65
50 66
50 67
50 68
50 69
50 70
50 71
50 72
50 75
50 78
50 79
50 80
50 83
50 84
50 85
50 86
50 87
50 88
50 89
50 90
50 91
50 93
50 94
50 95
50 96
50 99
50 118
50 124
51 52
51 53
51 55
51 56
51 57
51 59
51 60
51 61
51 62
51 63
51 65
51 66
51 67
51 68
51 70
51 71
51 72
51 74
51 75
51 76
51 77
51 79
51 80
51 81
51 83
51 84
51 87
51 89
51 90
51 91
51 92
51 94
51 95
51 97
51 98
51 99
51 134
51 143
51 148
51 102
51 107
51 113
51 116
51 125
52 53
52 54
52 56
52 57
52 58
52 59
52 60
52 61
52 63
52 64
52 65
52 68
52 69
52 70
52 71
52 72
52 73
52 75
52 76
52 78
52 79
52 80
52 81
52 82
52 83
52 84
52 85
52 86
52 88
52 89
52 90
52 91
52 92
52 94
52 95
52 96
52 97
52 98
52 99
52 133
52 102
52 107
52 118
53 54
53 55
53 57
53 58
53 59
53 60
53 61
53 62
53 63
53 64
53 66
53 67
53 68
53 72
53 73
53 74
53 75
53 77
53 78
53 80
53 81
53 82
53 83
53 84
53 85
53 86
53 87
53 90
53 92
53 93
53 94
53 95
53 96
53 97
53 98
53 99
53 134
53 145
53 107
54 55
54 56
54 58
54 59
54 60
54 61
54 62
54 63
54 64
54 65
54 66
54 67
54 68
54 69
54 70
54 71
54 73
54 74
54 76
54 77
54 80
54 82
54 83
54 84
54 85
54 86
54 87
54 89
54 91
54 92
54 94
54 95
54 97
54 98
54 99
54 138
54 143
55 56
55 57
55 58
55 60
55 61
55 62
55 63
55 64
55 65
55 66
55 67
55 68
55 69
55 70
55 71
55 72
55 73
55 76
55 79
55 80
55 81
55 82
55 83
55 84
55 86
55 87
55 88
55 89
55 90
55 91
55 92
55 93
55 94
55 95
55 96
55 97
55 98
55 99
55 129
55 120
55 126
56 57
56 59
56 60
56 61
56 62
56 63
56 64
56 65
56 66
56 67
56 68
56 71
56 72
56 73
56 74
56 75
56 76
56 77
56 80
56 81
56 82
56 83
56 84
56 85
56 86
56 87
56 88
56 89
56 90
56 91
56 92
56 93
56 95
56 96
56 98
56 99
56 135
56 144
56 148
56 106
56 115
56 118
57 58
57 61
57 63
57 64
57 65
57 66
57 68
57 69
57 70
57 71
57 73
57 74
57 75
57 76
57 77
57 78
57 79
57 81
57 82
57 83
57 84
57 85
57 88
57 89
57 90
57 91
57 92
57 93
57 94
57 95
57 96
57 97
57 98
57 99
57 142
57 146
57 147
57 117
57 123
58 59
58 60
58 61
58 63
58 64
58 65
58 66
58 68
58 69
58 70
58 71
58 72
58 78
58 79
58 81
58 83
58 84
58 85
58 87
58 90
58 91
58 92
58 93
58 94
58 95
58 96
58 97
58 98
58 136
58 103
58 112
58 118
59 60
59 61
59 62
59 63
59 64
59 66
59 68
59 69
59 71
59 73
59 74
59 75
59 77
59 78
59 80
59 81
59 82
59 84
59 85
59 89
59 90
59 91
59 92
59 94
59 95
59 97
59 98
59 99
59 129
59 147
59 149
59 111
60 61
60 62
60 63
60 64
60 65
60 68
60 70
60 72
60 73
60 74
60 75
60 78
60 79
60 80
60 81
60 82
60 83
60 84
60 85
60 86
60 90
60 91
60 92
60 93
60 95
60 96
60 97
60 98
60 99
60 131
60 139
60 145
60 101
60 120
61 62
61 63
61 64
61 65
61 66
61 67
61 68
61 69
61 70
61 71
61 72
61 74
61 75
61 76
61 77
61 78
61 79
61 80
61 81
61 83
61 84
61 85
61 86
61 87
61 88
61 89
61 90
61 91
61 94
61 95
61 96
61 97
61 98
61 99
61 135
61 147
61 109
61 119
62 63
62 64
62 65
62 66
62 67
62 69
62 70
62 71
62 74
62 75
62 76
62 78
62 79
62 80
62 81
62 82
62 83
62 85
62 86
62 87
62 88
62 89
62 90
62 91
62 92
62 93
62 94
62 95
62 96
62 97
62 98
62 99
62 140
62 101
62 102
62 107
62 118
63 64
63 65
63 67
63 68
63 69
63 70
63 71
63 73
63 74
63 75
63 76
63 77
63 79
63 80
63 81
63 82
63 83
63 84
63 85
63 86
63 87
63 89
63 91
63 92
63 94
63 96
63 97
63 98
63 99
63 133
63 143
63 147
63 148
63 100
63 104
63 116
63 119
64 65
64 68
64 69
64 70
64 71
64 72
64 74
64 75
64 76
64 77
64 78
64 80
64 81
64 82
64 83
64 84
64 85
64 86
64 87
64 88
64 89
64 90
64 91
64 92
64 93
64 95
64 96
64 97
64 98
64 99
64 128
64 132
64 137
64 148
64 101
64 110
64 113
64 114
64 126
65 66
65 67
65 68
65 69
65 70
65 71
65 73
65 74
65 75
65 76
65 77
65 78
65 80
65 81
65 82
65 83
65 84
65 85
65 86
65 87
65 88
65 89
65 91
65 92
65 94
65 95
65 96
65 98
65 99
65 136
65 139
65 119
66 67
66 68
66 70
66 71
66 72
66 73
66 75
66 77
66 78
66 79
66 80
66 81
66 82
66 83
66 84
66 85
66 86
66 88
66 89
66 91
66 92
66 93
66 94
66 95
66 96
66 97
66 99
66 128
66 136
66 149
66 121
67 68
67 69
67 70
67 73
67 74
67 75
67 78
67 79
67 80
67 81
67 82
67 84
67 85
67 86
67 87
67 89
67 90
67 91
67 94
67 95
67 96
67 97
67 98
67 99
67 102
67 120
68 69
68 70
68 74
68 75
68 76
68 77
68 78
68 79
68 80
68 81
68 82
68 85
68 88
68 89
68 90
68 91
68 92
68 93
68 94
68 95
68 97
68 98
68 99
68 147
68 149
68 108
68 121
68 125
68 127
69 70
69 71
69 72
69 74
69 75
69 76
69 77
69 78
69 79
69 80
69 81
69 82
69 83
69 84
69 85
69 87
69 89
69 90
69 91
69 92
69 94
69 95
69 97
69 98
69 99
69 135
69 149
69 121
70 71
70 72
70 73
70 74
70 76
70 77
70 79
70 80
70 81
70 82
70 83
70 84
70 85
70 86
70 88
70 89
70 90
70 91
70 93
70 94
70 95
70 96
70 97
70 98
70 99
70 148
70 105
70 113
71 72
71 73
71 74
71 76
71 79
71 80
71 81
71 82
71 84
71 85
71 86
71 88
71 89
71 90
71 91
71 92
71 94
71 95
71 96
71 97
71 98
71 99
71 131
72 73
72 74
72 75
72 76
72 78
72 80
72 81
72 82
72 83
72 84
72 85
72 87
72 88
72 89
72 90
72 91
72 92
72 93
72 95
72 96
72 98
72 99
72 101
72 107
73 75
73 76
73 77
73 78
73 79
73 80
73 81
73 82
73 83
73 84
73 85
73 86
73 87
73 88
73 89
73 91
73 93
73 94
73 95
73 96
73 98
73 99
73 131
73 140
73 146
73 101
73 110
73 119
73 122
73 126
74 75
74 77
74 78
74 79
74 80
74 81
74 82
74 83
74 84
74 85
74 86
74 87
74 88
74 89
74 90
74 91
74 92
74 94
74 95
74 96
74 97
74 98
74 99
74 141
74 104
75 76
75 77
75 78
75 79
75 80
75 81
75 82
75 84
75 86
75 87
75 88
75 90
75 91
75 92
75 93
75 94
75 95
75 96
75 97
75 98
75 99
75 136
76 77
76 78
76 79
76 80
76 81
76 82
76 84
76 85
76 86
76 88
76 89
76 90
76 91
76 92
76 94
76 95
76 96
76 138
76 100
76 104
76 122
76 124
77 78
77 79
77 80
77 81
77 82
77 84
77 86
77 87
77 88
77 89
77 90
77 91
77 92
77 93
77 94
77 95
77 96
77 97
77 98
77 99
77 132
77 138
77 140
77 144
77 145
77 104
77 106
77 124
78 79
78 81
78 82
78 83
78 84
78 85
78 86
78 87
78 88
78 89
78 90
78 92
78 94
78 95
78 96
78 97
78 98
78 99
78 134
78 138
78 102
78 105
79 80
79 81
79 82
79 83
79 84
79 85
79 86
79 87
79 89
79 90
79 92
79 93
79 94
79 95
79 96
79 97
79 98
79 99
79 131
79 134
79 142
79 107
79 126
80 81
80 82
80 83
80 84
80 85
80 86
80 87
80 88
80 89
80 90
80 92
80 94
80 95
80 96
80 97
80 98
80 99
80 136
80 139
80 115
80 118
81 82
81 84
81 85
81 86
81 89
81 90
81 91
81 93
81 94
81 95
81 96
81 97
81 98
81 129
81 136
81 141
81 101
81 105
81 124
82 83
82 86
82 88
82 90
82 91
82 92
82 93
82 94
82 95
82 98
82 99
82 128
82 130
82 131
82 149
82 104
82 109
82 111
82 121
82 122
83 84
83 85
83 87
83 88
83 89
83 90
83 91
83 92
83 93
83 94
83 96
83 97
83 98
83 99
83 129
83 133
83 141
83 106
83 117
84 85
84 86
84 87
84 88
84 89
84 90
84 91
84 93
84 95
84 96
84 98
84 130
84 131
84 134
84 138
84 143
84 145
84 100
84 103
84 111
84 116
84 127
85 86
85 87
85 88
85 89
85 90
85 93
85 94
85 95
85 96
85 98
85 99
85 137
85 146
85 148
85 100
85 106
85 110
85 115
85 122
85 123
86 87
86 88
86 89
86 90
86 91
86 92
86 93
86 94
86 95
86 96
86 98
86 99
86 130
86 139
86 102
86 106
86 109
86 110
86 111
87 88
87 89
87 91
87 92
87 95
87 96
87 97
87 98
87 99
87 149
87 107
87 116
88 89
88 90
88 91
88 92
88 95
88 96
88 97
88 98
88 99
88 131
88 144
88 145
88 116
88 119
89 90
89 91
89 92
89 94
89 95
89 96
89 98
89 99
89 134
89 142
89 106
89 127
90 91
90 92
90 93
90 95
90 96
90 97
90 98
90 141
90 115
90 127
91 92
91 93
91 94
91 95
91 96
91 97
91 98
91 99
91 129
91 135
91 136
91 123
92 93
92 96
92 97
92 98
92 99
92 140
93 94
93 95
93 96
93 97
93 98
93 148
93 103
93 127
94 95
94 96
94 97
94 98
94 99
94 136
94 116
94 118
94 125
94 126
95 96
95 97
95 98
95 99
95 132
95 141
95 115
96 97
96 98
96 99
96 138
96 139
96 110
96 116
96 120
96 125
97 98
97 99
97 134
97 139
97 144
97 149
97 106
97 108
98 99
98 128
98 130
98 103
98 112
99 130
99 131
99 134
99 137
99 139
99 140
99 142
99 144
99 102
99 107
99 123
128 129
128 130
128 133
128 134
128 135
128 136
128 137
128 138
128 141
128 142
128 143
128 144
128 145
128 146
128 148
128 149
128 100
128 101
128 102
128 103
128 105
128 108
128 109
128 110
128 111
128 112
128 113
128 114
128 115
128 116
128 117
128 118
128 119
128 120
128 121
128 122
128 123
128 124
128 125
128 126
128 127
129 130
129 131
129 132
129 133
129 135
129 136
129 137
129 138
129 139
129 140
129 141
129 142
129 143
129 144
129 145
129 147
129 148
129 149
129 100
129 102
129 103
129 104
129 105
129 107
129 108
129 109
129 110
129 111
129 113
129 114
129 115
129 116
129 117
129 120
129 121
129 122
129 123
129 124
129 125
129 126
129 127
130 131
130 132
130 133
130 134
130 135
130 136
130 137
130 138
130 140
130 141
130 142
130 143
130 145
130 146
130 147
130 148
130 149
130 100
130 103
130 104
130 105
130 106
130 107
130 109
130 110
130 111
130 112
130 113
130 115
130 116
130 117
130 118
130 120
130 121
130 122
130 123
130 124
130 125
130 127
131 132
131 133
131 134
131 135
131 136
131 137
131 138
131 139
131 140
131 141
131 142
131 144
131 145
131 146
131 147
131 149
131 100
131 101
131 102
131 103
131 104
131 105
131 106
131 108
131 109
131 110
131 111
131 112
131 115
131 116
131 117
131 118
131 121
131 122
131 123
131 124
131 125
131 126
132 138
132 139
132 140
132 141
132 142
132 143
132 144
132 148
132 100
132 101
132 102
132 103
132 104
132 105
132 107
132 109
132 111
132 112
132 113
132 114
132 115
132 116
132 117
132 118
132 119
132 120
132 121
132 122
132 123
132 124
132 125
132 126
132 127
133 134
133 136
133 137
133 138
133 139
133 140
133 143
133 144
133 145
133 147
133 149
133 100
133 101
133 102
133 103
133 104
133 106
133 107
133 108
133 110
133 112
133 113
133 115
133 116
133 117
133 118
133 119
133 120
133 121
133 122
133 123
133 124
133 125
133 126
133 127
134 135
134 137
134 138
134 139
134 140
134 141
134 142
134 143
134 144
134 146
134 149
134 100
134 101
134 102
134 103
134 104
134 105
134 108
134 109
134 111
134 113
134 114
134 117
134 118
134 120
134 121
134 122
134 123
134 124
134 126
134 127
135 136
135 137
135 138
135 139
135 140
135 141
135 143
135 144
135 146
135 147
135 149
135 100
135 101
135 102
135 103
135 104
135 106
135 107
135 109
135 110
135 111
135 113
135 114
135 115
135 116
135 117
135 118
135 119
135 120
135 121
135 122
135 123
135 124
135 125
135 127
136 139
136 140
136 141
136 142
136 143
136 144
136 145
136 146
136 147
136 101
136 102
136 103
136 104
136 105
136 106
136 107
136 108
136 110
136 111
136 112
136 113
136 114
136 115
136 116
136 117
136 118
136 120
136 121
136 122
136 123
136 124
136 125
136 126
136 127
137 138
137 139
137 140
137 141
137 142
137 143
137 145
137 147
137 148
137 102
137 103
137 104
137 105
137 106
137 108
137 109
137 110
137 111
137 114
137 115
137 116
137 117
137 118
137 119
137 121
137 122
137 123
137 124
137 126
137 127
138 139
138 141
138 142
138 144
138 146
138 147
138 149
138 104
138 106
138 107
138 108
138 109
138 111
138 112
138 113
138 114
138 115
138 116
138 117
138 119
138 120
138 121
138 122
138 123
138 124
138 125
138 126
138 127
139 141
139 143
139 144
139 145
139 146
139 147
139 149
139 100
139 101
139 102
139 103
139 104
139 105
139 106
139 107
139 108
139 109
139 110
139 111
139 112
139 114
139 115
139 116
139 118
139 119
139 120
139 122
139 123
139 124
139 125
139 127
140 141
140 142
140 144
140 145
140 146
140 147
140 148
140 149
140 100
140 101
140 102
140 103
140 104
140 106
140 107
140 108
140 110
140 111
140 112
140 113
140 114
140 115
140 116
140 118
140 119
140 120
140 121
140 122
140 124
140 125
140 127
141 142
141 143
141 144
141 145
141 146
141 147
141 148
141 149
141 100
141 101
141 102
141 104
141 106
141 107
141 108
141 109
141 112
141 113
141 114
141 115
141 117
141 118
141 120
141 121
141 122
141 123
141 124
141 125
141 126
141 127
142 143
142 144
142 147
142 148
142 149
142 100
142 102
142 104
142 105
142 106
142 107
142 108
142 111
142 112
142 113
142 114
142 115
142 116
142 117
142 118
142 119
142 120
142 121
142 122
142 123
142 124
142 125
142 126
142 127
143 144
143 145
143 146
143 147
143 149
143 100
143 101
143 104
143 105
143 108
143 109
143 110
143 111
143 112
143 113
143 114
143 115
143 116
143 117
143 119
143 120
143 121
143 122
143 123
143 124
143 126
143 127
144 145
144 146
144 148
144 149
144 100
144 101
144 102
144 103
144 104
144 105
144 106
144 107
144 108
144 109
144 111
144 113
144 114
144 115
144 119
144 120
144 121
144 122
144 123
144 125
144 126
144 127
145 146
145 147
145 148
145 100
145 101
145 102
145 105
145 107
145 108
145 109
145 110
145 111
145 113
145 114
145 115
145 117
145 119
145 120
145 121
145 123
145 124
145 125
145 127
146 147
146 149
146 100
146 102
146 103
146 104
146 106
146 107
146 108
146 109
146 110
146 111
146 112
146 113
146 114
146 116
146 117
146 118
146 119
146 120
146 121
146 122
146 123
146 124
146 125
146 127
147 148
147 149
147 100
147 101
147 102
147 103
147 106
147 107
147 111
147 113
147 114
147 116
147 117
147 118
147 119
147 120
147 122
147 124
147 125
147 126
147 127
148 100
148 101
148 102
148 104
148 105
148 106
148 108
148 109
148 111
148 112
148 114
148 115
148 117
148 118
148 119
148 120
148 121
148 122
148 123
148 124
148 125
148 126
148 127
149 100
149 101
149 102
149 104
149 106
149 107
149 108
149 110
149 111
149 112
149 113
149 114
149 115
149 117
149 118
149 119
149 120
149 121
149 122
149 123
149 124
149 125
149 126
149 127
100 101
100 102
100 103
100 105
100 107
100 108
100 109
100 110
100 111
100 112
100 113
100 114
100 115
100 116
100 117
100 119
100 120
100 122
100 123
100 124
100 125
100 127
101 103
101 104
101 107
101 108
101 109
101 110
101 112
101 113
101 114
101 115
101 117
101 118
101 119
101 120
101 121
101 122
101 124
101 126
101 127
102 103
102 104
102 105
102 106
102 107
102 108
102 109
102 110
102 113
102 114
102 116
102 117
102 118
102 119
102 120
102 121
102 123
102 125
102 126
102 127
103 106
103 107
103 108
103 109
103 110
103 111
103 112
103 113
103 114
103 115
103 117
103 118
103 119
103 120
103 121
103 124
103 125
103 126
103 127
104 105
104 106
104 107
104 108
104 109
104 110
104 111
104 112
104 113
104 115
104 116
104 117
104 118
104 119
104 120
104 121
104 122
104 123
104 124
104 125
104 126
104 127
105 108
105 109
105 110
105 113
105 114
105 115
105 116
105 117
105 118
105 120
105 121
105 122
105 123
105 124
105 125
105 126
105 127
106 107
106 108
106 110
106 111
106 112
106 113
106 115
106 116
106 117
106 118
106 120
106 121
106 122
106 123
106 124
106 127
107 108
107 109
107 110
107 111
107 112
107 113
107 114
107 115
107 116
107 117
107 118
107 119
107 120
107 121
107 122
107 123
107 124
107 125
107 126
107 127
108 110
108 111
108 112
108 113
108 114
108 115
108 117
108 118
108 119
108 120
108 121
108 122
108 123
108 124
108 126
108 127
109 110
109 111
109 112
109 113
109 114
109 115
109 117
109 118
109 119
109 120
109 121
109 122
109 123
109 124
109 125
109 126
109 127
110 111
110 113
110 115
110 117
110 118
110 119
110 121
110 123
110 124
110 125
110 126
110 127
111 112
111 114
111 115
111 116
111 117
111 118
111 119
111 120
111 121
111 122
111 123
111 124
111 125
111 126
111 127
112 113
112 114
112 115
112 116
112 120
112 121
112 122
112 123
112 124
112 125
112 126
112 127
113 114
113 115
113 116
113 119
113 120
113 121
113 123
113 124
113 125
113 126
113 127
114 115
114 116
114 117
114 118
114 119
114 120
114 121
114 122
114 123
114 124
114 125
114 126
114 127
115 116
115 118
115 119
115 120
115 121
115 124
115 127
116 117
116 118
116 120
116 121
116 123
116 124
116 125
116 126
116 127
117 118
117 119
117 120
117 121
117 122
117 123
117 124
117 125
117 127
118 120
118 121
118 122
118 123
118 124
118 125
118 126
118 127
119 120
119 121
119 122
119 123
119 124
119 125
119 126
119 127
120 121
120 122
120 123
120 124
120 126
120 127
121 122
121 123
121 124
121 125
121 126
121 127
122 123
122 124
122 125
122 126
122 127
123 124
123 125
123 126
123 127
124 125
124 126
125 127
126 127
