0 1
0 2
0 3
0 4
0 5
0 6
0 7
0 8
0 9
0 10
0 11
0 12
0 14
0 15
0 18
0 19
0 20
0 21
0 22
0 23
0 24
0 25
0 26
0 28
0 29
0 30
0 31
0 32
0 33
0 35
0 36
0 37
0 38
0 39
0 40
0 42
0 43
0 44
0 45
0 46
0 48
0 49
1 2
1 3
1 4
1 5
1 6
1 7
1 8
1 9
1 10
1 11
1 12
1 13
1 14
1 15
1 16
1 17
1 18
1 19
1 20
1 21
1 22
1 23
1 25
1 26
1 27
1 29
1 30
1 31
1 33
1 34
1 35
1 36
1 39
1 40
1 41
1 42
1 43
1 44
1 45
1 47
1 49
2 3
2 4
2 5
2 6
2 7
2 8
2 9
2 10
2 11
2 12
2 13
2 14
2 15
2 16
2 17
2 18
2 20
2 21
2 22
2 23
2 24
2 25
2 26
2 27
2 28
2 29
2 32
2 33
2 34
2 37
2 39
2 40
2 41
2 42
2 43
2 44
2 47
2 48
2 49
3 4
3 5
3 6
3 7
3 8
3 9
3 11
3 13
3 15
3 16
3 17
3 18
3 19
3 20
3 21
3 22
3 23
3 24
3 25
3 26
3 27
3 28
3 29
3 30
3 31
3 33
3 34
3 36
3 37
3 38
3 40
3 41
3 43
3 45
3 46
3 47
3 66
4 5
4 6
4 8
4 10
4 11
4 14
4 15
4 16
4 17
4 19
4 21
4 22
4 23
4 24
4 25
4 26
4 27
4 28
4 29
4 31
4 32
4 33
4 34
4 35
4 36
4 37
4 40
4 41
4 42
4 43
4 44
4 45
4 46
4 47
4 55
4 67
5 7
5 8
5 11
5 12
5 13
5 14
5 16
5 17
5 18
5 20
5 21
5 22
5 23
5 24
5 25
5 26
5 27
5 28
5 29
5 31
5 32
5 33
5 34
5 35
5 37
5 39
5 41
5 42
5 45
5 47
5 48
5 49
5 100
5 109
6 9
6 11
6 12
6 13
6 15
6 16
6 18
6 19
6 20
6 21
6 23
6 24
6 25
6 26
6 28
6 30
6 31
6 32
6 33
6 34
6 36
6 37
6 38
6 39
6 41
6 43
6 44
6 45
6 46
6 47
6 48
6 49
6 82
6 86
7 8
7 9
7 11
7 12
7 13
7 14
7 15
7 16
7 18
7 19
7 20
7 21
7 22
7 23
7 24
7 25
7 26
7 27
7 28
7 29
7 30
7 31
7 32
7 35
7 36
7 37
7 39
7 41
7 42
7 43
7 44
7 45
7 47
7 48
7 49
7 75
7 145
8 9
8 10
8 12
8 13
8 14
8 15
8 16
8 17
8 18
8 19
8 20
8 21
8 23
8 25
8 26
8 27
8 29
8 30
8 31
8 34
8 35
8 36
8 38
8 39
8 40
8 41
8 43
8 44
8 45
8 46
8 47
8 49
8 97
8 111
8 114
8 127
9 11
9 12
9 15
9 16
9 17
9 18
9 19
9 20
9 21
9 22
9 23
9 27
9 28
9 29
9 30
9 33
9 34
9 35
9 36
9 37
9 38
9 41
9 42
9 43
9 45
9 46
9 48
9 49
9 60
10 13
10 14
10 16
10 17
10 18
10 22
10 23
10 24
10 25
10 27
10 29
10 30
10 31
10 32
10 33
10 34
10 35
10 36
10 37
10 39
10 40
10 41
10 42
10 44
10 45
10 46
10 47
10 48
10 49
10 139
11 12
11 14
11 15
11 16
11 17
11 18
11 19
11 21
11 22
11 23
11 24
11 25
11 26
11 27
11 28
11 29
11 30
11 31
11 32
11 33
11 34
11 35
11 36
11 37
11 38
11 39
11 41
11 42
11 45
11 46
11 47
11 48
11 49
11 61
11 99
12 13
12 14
12 15
12 16
12 17
12 18
12 19
12 20
12 21
12 22
12 23
12 24
12 25
12 27
12 28
12 30
12 31
12 32
12 33
12 34
12 35
12 36
12 37
12 38
12 39
12 40
12 41
12 42
12 43
12 44
12 46
12 47
12 48
12 49
13 14
13 15
13 16
13 17
13 19
13 20
13 21
13 22
13 23
13 24
13 26
13 27
13 28
13 29
13 31
13 32
13 33
13 34
13 35
13 37
13 38
13 39
13 40
13 41
13 42
13 43
13 44
13 45
13 46
13 47
13 48
13 49
14 15
14 17
14 19
14 20
14 22
14 23
14 24
14 27
14 28
14 29
14 31
14 32
14 33
14 34
14 35
14 36
14 39
14 40
14 41
14 42
14 43
14 46
14 47
14 48
14 49
14 52
15 16
15 17
15 18
15 19
15 21
15 22
15 23
15 24
15 25
15 26
15 27
15 28
15 29
15 30
15 31
15 32
15 33
15 34
15 35
15 37
15 39
15 40
15 41
15 42
15 43
15 45
15 46
15 47
15 146
15 105
16 17
16 18
16 19
16 20
16 21
16 24
16 25
16 26
16 28
16 30
16 32
16 33
16 34
16 35
16 36
16 38
16 39
16 40
16 41
16 42
16 43
16 45
16 47
16 48
16 49
16 50
16 91
17 21
17 22
17 23
17 24
17 25
17 27
17 28
17 29
17 31
17 32
17 33
17 34
17 35
17 36
17 37
17 38
17 39
17 40
17 41
17 43
17 44
17 45
17 46
17 47
17 48
17 49
18 19
18 21
18 22
18 23
18 24
18 25
18 26
18 28
18 29
18 30
18 31
18 33
18 34
18 36
18 37
18 38
18 40
18 42
18 43
18 45
18 46
18 47
18 49
18 51
19 20
19 21
19 22
19 23
19 27
19 28
19 30
19 31
19 32
19 33
19 35
19 36
19 37
19 38
19 39
19 40
19 41
19 42
19 43
19 44
19 45
19 46
19 47
19 48
19 49
19 64
19 74
19 81
19 122
20 21
20 22
20 23
20 24
20 25
20 26
20 27
20 29
20 30
20 31
20 32
20 34
20 35
20 36
20 37
20 39
20 43
20 44
20 45
20 46
20 48
21 22
21 23
21 26
21 27
21 30
21 31
21 32
21 34
21 35
21 36
21 37
21 38
21 40
21 41
21 42
21 43
21 44
21 45
21 46
21 48
21 134
22 23
22 24
22 25
22 30
22 31
22 32
22 33
22 34
22 35
22 36
22 37
22 42
22 43
22 44
22 45
22 47
22 48
22 49
22 76
22 99
23 24
23 25
23 26
23 27
23 28
23 29
23 30
23 31
23 32
23 33
23 36
23 37
23 38
23 39
23 40
23 41
23 42
23 44
23 45
23 46
23 47
23 48
23 49
24 25
24 26
24 27
24 28
24 30
24 31
24 33
24 34
24 36
24 37
24 38
24 39
24 40
24 41
24 42
24 43
24 45
24 46
24 48
24 49
25 26
25 27
25 30
25 31
25 32
25 33
25 34
25 35
25 37
25 38
25 39
25 40
25 41
25 42
25 43
25 44
25 45
25 46
25 47
25 49
25 83
25 142
26 27
26 28
26 29
26 31
26 32
26 33
26 34
26 35
26 36
26 38
26 40
26 41
26 42
26 43
26 44
26 45
26 46
26 47
26 48
26 71
27 29
27 30
27 32
27 33
27 34
27 35
27 36
27 37
27 38
27 39
27 40
27 42
27 43
27 44
27 45
27 46
27 48
27 49
27 52
27 72
28 29
28 30
28 31
28 32
28 33
28 34
28 35
28 36
28 37
28 38
28 39
28 40
28 41
28 42
28 43
28 44
28 46
28 47
28 48
28 90
29 30
29 31
29 37
29 38
29 39
29 41
29 42
29 43
29 44
29 45
29 46
29 47
29 48
29 49
29 68
30 31
30 32
30 33
30 34
30 35
30 36
30 37
30 38
30 39
30 40
30 41
30 42
30 43
30 44
30 45
30 46
30 47
30 48
30 49
30 69
30 148
31 32
31 33
31 34
31 35
31 36
31 37
31 38
31 39
31 40
31 42
31 43
31 44
31 45
31 46
31 47
31 48
31 49
31 111
32 33
32 34
32 35
32 36
32 37
32 38
32 39
32 41
32 42
32 43
32 44
32 45
32 46
32 47
32 48
32 49
33 35
33 36
33 37
33 38
33 39
33 41
33 42
33 43
33 47
33 137
34 35
34 36
34 38
34 39
34 40
34 41
34 43
34 44
34 48
34 49
35 36
35 37
35 38
35 39
35 40
35 41
35 42
35 44
35 45
35 46
35 47
35 48
35 49
36 37
36 39
36 43
36 45
36 46
36 47
36 48
36 49
36 133
37 38
37 39
37 40
37 42
37 43
37 44
37 45
37 46
37 49
38 39
38 40
38 42
38 44
38 45
38 47
38 48
38 65
38 133
39 40
39 41
39 42
39 45
39 46
39 47
39 48
39 49
39 59
40 41
40 42
40 43
40 44
40 45
40 46
40 47
40 48
40 49
40 139
41 42
41 43
41 44
41 45
41 46
41 47
42 43
42 44
42 45
42 46
42 48
42 49
42 80
42 134
43 44
43 45
43 46
43 48
43 49
43 52
43 72
44 45
44 46
44 47
44 55
45 46
45 47
45 49
46 47
46 48
46 49
47 48
47 49
48 49
48 127
50 52
50 53
50 54
50 55
50 56
50 57
50 58
50 60
50 61
50 62
50 63
50 65
50 67
50 68
50 69
50 70
50 71
50 74
50 75
50 76
50 77
50 78
50 79
50 80
50 81
50 83
50 84
50 85
50 86
50 87
50 88
50 89
50 90
50 91
50 92
50 94
50 95
50 97
50 98
50 99
51 52
51 53
51 54
51 55
51 56
51 57
51 58
51 60
51 61
51 62
51 63
51 64
51 65
51 66
51 67
51 68
51 69
51 71
51 72
51 73
51 74
51 75
51 76
51 77
51 79
51 80
51 81
51 82
51 84
51 85
51 86
51 87
51 88
51 89
51 90
51 92
51 94
51 96
51 97
51 98
51 99
52 53
52 54
52 55
52 56
52 58
52 59
52 60
52 61
52 63
52 64
52 65
52 67
52 68
52 70
52 71
52 72
52 74
52 75
52 76
52 77
52 79
52 80
52 83
52 84
52 85
52 86
52 89
52 90
52 91
52 92
52 94
52 95
52 96
52 97
52 98
52 99
53 54
53 55
53 57
53 58
53 59
53 60
53 61
53 62
53 63
53 64
53 65
53 67
53 68
53 69
53 70
53 71
53 73
53 74
53 75
53 76
53 77
53 78
53 79
53 80
53 81
53 83
53 84
53 85
53 86
53 87
53 89
53 95
53 96
53 97
53 98
53 117
54 55
54 56
54 58
54 59
54 60
54 62
54 63
54 64
54 65
54 66
54 67
54 68
54 70
54 71
54 72
54 73
54 75
54 76
54 78
54 80
54 81
54 82
54 83
54 85
54 87
54 88
54 90
54 91
54 93
54 94
54 96
54 97
54 98
54 99
55 56
55 57
55 58
55 59
55 60
55 61
55 62
55 63
55 64
55 65
55 66
55 67
55 68
55 69
55 70
55 71
55 72
55 73
55 74
55 75
55 76
55 77
55 78
55 79
55 80
55 81
55 82
55 83
55 84
55 85
55 86
55 88
55 89
55 90
55 91
55 92
55 93
55 94
55 95
55 96
55 98
55 99
56 57
56 58
56 59
56 60
56 61
56 63
56 64
56 65
56 66
56 69
56 70
56 71
56 72
56 73
56 74
56 75
56 76
56 77
56 78
56 79
56 80
56 81
56 82
56 83
56 84
56 86
56 88
56 89
56 90
56 91
56 92
56 93
56 96
56 97
56 99
57 58
57 59
57 60
57 61
57 63
57 64
57 65
57 66
57 67
57 68
57 69
57 70
57 71
57 72
57 73
57 74
57 75
57 76
57 77
57 78
57 79
57 80
57 81
57 83
57 84
57 85
57 86
57 87
57 88
57 89
57 92
57 94
57 96
57 97
57 98
58 59
58 60
58 61
58 62
58 63
58 64
58 65
58 66
58 67
58 68
58 69
58 72
58 73
58 75
58 77
58 78
58 79
58 80
58 81
58 82
58 83
58 84
58 85
58 86
58 87
58 88
58 89
58 90
58 91
58 92
58 94
58 96
58 97
58 98
58 99
58 129
59 60
59 61
59 62
59 63
59 64
59 65
59 68
59 70
59 71
59 72
59 73
59 74
59 76
59 78
59 79
59 80
59 81
59 84
59 85
59 86
59 87
59 88
59 89
59 90
59 91
59 93
59 95
59 96
59 97
59 98
59 99
59 105
60 62
60 63
60 65
60 66
60 67
60 68
60 69
60 70
60 71
60 73
60 74
60 75
60 76
60 77
60 78
60 79
60 80
60 81
60 83
60 85
60 86
60 88
60 90
60 91
60 92
60 94
60 95
60 96
60 97
60 98
61 62
61 63
61 65
61 66
61 68
61 69
61 70
61 71
61 72
61 73
61 74
61 77
61 78
61 79
61 80
61 81
61 82
61 83
61 84
61 85
61 86
61 87
61 88
61 89
61 90
61 91
61 92
61 94
61 95
61 96
61 97
61 99
61 115
62 63
62 64
62 65
62 66
62 68
62 69
62 70
62 72
62 73
62 74
62 75
62 76
62 77
62 79
62 80
62 81
62 82
62 83
62 84
62 85
62 86
62 87
62 88
62 89
62 90
62 91
62 93
62 94
62 95
62 96
62 98
63 64
63 65
63 66
63 67
63 69
63 70
63 71
63 72
63 74
63 75
63 76
63 77
63 78
63 79
63 80
63 82
63 83
63 84
63 85
63 87
63 89
63 90
63 91
63 92
63 94
63 95
63 96
63 98
63 99
63 112
64 65
64 66
64 68
64 69
64 70
64 71
64 72
64 73
64 76
64 77
64 78
64 81
64 83
64 84
64 86
64 87
64 88
64 89
64 90
64 91
64 92
64 93
64 94
64 95
64 97
64 98
64 99
65 68
65 69
65 70
65 72
65 74
65 75
65 76
65 77
65 78
65 79
65 80
65 81
65 83
65 84
65 85
65 86
65 87
65 88
65 89
65 90
65 91
65 92
65 93
65 94
65 95
65 96
65 97
65 98
65 99
65 111
66 67
66 68
66 71
66 73
66 74
66 75
66 76
66 78
66 79
66 80
66 82
66 83
66 85
66 86
66 88
66 89
66 91
66 92
66 93
66 94
66 96
66 97
66 98
66 99
66 111
67 68
67 69
67 70
67 71
67 72
67 73
67 74
67 76
67 77
67 78
67 79
67 81
67 82
67 83
67 85
67 86
67 87
67 88
67 89
67 90
67 93
67 94
67 95
67 96
67 97
67 98
67 99
67 131
68 69
68 70
68 71
68 72
68 73
68 74
68 75
68 76
68 77
68 78
68 79
68 80
68 81
68 82
68 83
68 84
68 86
68 87
68 88
68 89
68 91
68 93
68 94
68 96
68 97
68 98
69 72
69 73
69 74
69 75
69 76
69 77
69 79
69 80
69 81
69 83
69 84
69 85
69 86
69 87
69 88
69 89
69 90
69 91
69 92
69 93
69 94
69 95
69 96
69 97
69 98
69 99
70 71
70 72
70 74
70 76
70 77
70 78
70 79
70 80
70 81
70 82
70 84
70 85
70 86
70 87
70 88
70 89
70 90
70 91
70 92
70 93
70 94
70 95
70 96
70 97
70 98
70 99
70 116
71 72
71 73
71 74
71 75
71 76
71 79
71 80
71 81
71 82
71 83
71 86
71 88
71 89
71 91
71 92
71 93
71 94
71 95
71 96
71 97
71 98
71 99
71 135
71 144
72 73
72 74
72 75
72 76
72 77
72 78
72 79
72 80
72 81
72 82
72 83
72 84
72 85
72 86
72 87
72 88
72 89
72 91
72 92
72 94
72 95
72 96
72 97
72 98
72 99
72 148
72 107
73 74
73 75
73 78
73 79
73 81
73 82
73 83
73 84
73 85
73 86
73 87
73 89
73 91
73 92
73 93
73 94
73 96
73 98
73 99
74 78
74 79
74 80
74 81
74 82
74 83
74 84
74 87
74 88
74 89
74 90
74 92
74 93
74 95
74 96
74 98
74 99
75 76
75 77
75 78
75 79
75 80
75 81
75 82
75 83
75 84
75 85
75 87
75 88
75 89
75 90
75 91
75 92
75 93
75 94
75 95
75 96
75 97
75 98
75 99
76 77
76 78
76 79
76 80
76 81
76 82
76 83
76 84
76 85
76 87
76 88
76 89
76 92
76 93
76 95
76 96
76 97
76 98
76 99
76 133
77 78
77 79
77 80
77 82
77 83
77 84
77 85
77 87
77 89
77 90
77 93
77 94
77 95
77 96
77 97
77 99
78 79
78 81
78 83
78 84
78 85
78 86
78 87
78 88
78 90
78 91
78 92
78 93
78 94
78 95
78 97
78 98
78 99
79 80
79 81
79 82
79 83
79 84
79 85
79 87
79 88
79 89
79 90
79 91
79 92
79 93
79 95
79 96
79 97
79 99
79 112
80 81
80 82
80 83
80 84
80 86
80 88
80 89
80 91
80 92
80 93
80 96
80 97
80 98
80 99
80 138
80 110
81 82
81 83
81 84
81 86
81 90
81 91
81 92
81 93
81 94
81 95
81 96
81 98
82 83
82 84
82 85
82 86
82 87
82 88
82 89
82 90
82 91
82 92
82 93
82 94
82 95
82 96
82 97
82 98
82 99
83 84
83 85
83 86
83 87
83 89
83 90
83 91
83 92
83 93
83 95
83 96
83 97
83 98
83 99
83 132
84 85
84 86
84 87
84 88
84 89
84 90
84 94
84 96
84 98
84 106
85 86
85 87
85 88
85 89
85 90
85 92
85 93
85 94
85 95
85 97
85 99
85 107
86 87
86 88
86 89
86 90
86 91
86 92
86 97
86 98
86 99
87 88
87 89
87 90
87 91
87 92
87 94
87 96
87 97
87 98
87 119
88 89
88 90
88 91
88 92
88 93
88 94
88 95
88 96
88 97
88 99
89 90
89 92
89 94
89 95
89 96
89 97
89 98
89 99
90 91
90 92
90 93
90 94
90 96
90 97
90 98
91 92
91 93
91 94
91 96
91 97
91 98
91 149
92 93
92 94
92 95
92 96
92 97
92 99
92 109
93 94
93 95
93 96
93 97
93 98
93 99
94 95
94 96
94 98
94 99
94 131
94 140
94 104
95 97
95 98
95 99
96 97
96 98
96 99
96 123
97 98
97 99
98 123
128 129
128 130
128 132
128 133
128 134
128 136
128 139
128 140
128 141
128 142
128 143
128 146
128 147
128 149
128 100
128 101
128 102
128 103
128 104
128 105
128 106
128 108
128 110
128 111
128 112
128 113
128 114
128 115
128 116
128 117
128 118
128 119
128 120
128 121
128 122
128 123
128 124
128 125
128 126
128 127
129 132
129 133
129 134
129 135
129 136
129 137
129 141
129 142
129 143
129 144
129 145
129 146
129 147
129 148
129 149
129 101
129 102
129 103
129 104
129 105
129 107
129 108
129 109
129 110
129 111
129 112
129 113
129 114
129 115
129 117
129 119
129 120
129 124
129 125
129 126
129 127
130 132
130 133
130 134
130 135
130 136
130 137
130 138
130 140
130 142
130 143
130 144
130 146
130 147
130 148
130 149
130 100
130 101
130 103
130 104
130 105
130 106
130 107
130 108
130 109
130 111
130 113
130 114
130 116
130 117
130 118
130 119
130 120
130 121
130 123
130 124
130 125
130 126
130 127
131 132
131 133
131 134
131 135
131 136
131 137
131 138
131 139
131 140
131 142
131 143
131 144
131 145
131 146
131 147
131 148
131 149
131 100
131 101
131 102
131 103
131 104
131 105
131 107
131 108
131 109
131 110
131 111
131 112
131 113
131 114
131 116
131 117
131 118
131 119
131 120
131 121
131 122
131 123
131 124
131 125
131 126
131 127
132 133
132 134
132 135
132 136
132 137
132 138
132 140
132 141
132 142
132 144
132 145
132 146
132 148
132 149
132 100
132 101
132 102
132 103
132 104
132 105
132 106
132 107
132 108
132 109
132 110
132 111
132 112
132 113
132 114
132 115
132 116
132 117
132 118
132 119
132 120
132 121
132 122
132 123
132 124
132 125
132 126
132 127
133 134
133 137
133 138
133 140
133 141
133 142
133 143
133 144
133 145
133 146
133 147
133 148
133 149
133 100
133 101
133 103
133 104
133 109
133 110
133 111
133 112
133 113
133 115
133 117
133 119
133 122
133 123
133 125
133 126
133 127
134 136
134 137
134 139
134 140
134 142
134 144
134 145
134 146
134 147
134 148
134 149
134 100
134 103
134 104
134 105
134 106
134 107
134 109
134 110
134 111
134 113
134 115
134 116
134 118
134 119
134 120
134 121
134 122
134 123
134 124
134 125
135 136
135 137
135 139
135 140
135 141
135 142
135 143
135 144
135 145
135 146
135 148
135 149
135 100
135 101
135 102
135 103
135 105
135 107
135 109
135 110
135 111
135 112
135 114
135 115
135 116
135 117
135 118
135 119
135 120
135 121
135 122
135 123
135 124
135 125
135 126
135 127
136 137
136 138
136 139
136 140
136 141
136 142
136 145
136 147
136 148
136 100
136 101
136 102
136 103
136 104
136 105
136 106
136 107
136 108
136 109
136 110
136 111
136 112
136 113
136 114
136 116
136 117
136 118
136 120
136 121
136 122
136 123
136 124
136 125
136 126
136 127
137 138
137 139
137 140
137 141
137 142
137 144
137 145
137 146
137 147
137 148
137 149
137 100
137 101
137 104
137 106
137 107
137 108
137 109
137 111
137 112
137 113
137 114
137 115
137 116
137 118
137 119
137 120
137 122
137 124
137 125
137 126
137 127
138 139
138 140
138 141
138 142
138 143
138 145
138 146
138 147
138 149
138 100
138 101
138 103
138 105
138 106
138 108
138 109
138 112
138 113
138 114
138 117
138 118
138 119
138 120
138 121
138 124
138 125
138 126
138 127
139 140
139 142
139 143
139 144
139 145
139 146
139 147
139 149
139 101
139 102
139 103
139 104
139 105
139 106
139 107
139 108
139 111
139 112
139 113
139 114
139 116
139 117
139 118
139 120
139 121
139 122
139 123
139 124
139 125
139 126
139 127
140 141
140 143
140 145
140 146
140 148
140 149
140 101
140 102
140 103
140 105
140 106
140 107
140 108
140 110
140 111
140 112
140 114
140 115
140 116
140 117
140 118
140 120
140 121
140 123
140 124
140 126
140 127
141 142
141 144
141 145
141 146
141 147
141 148
141 100
141 101
141 102
141 103
141 104
141 106
141 107
141 108
141 109
141 110
141 111
141 112
141 115
141 116
141 117
141 118
141 119
141 120
141 121
141 122
141 123
141 125
141 126
141 127
142 145
142 147
142 148
142 100
142 101
142 102
142 103
142 104
142 105
142 106
142 107
142 108
142 110
142 111
142 116
142 117
142 119
142 120
142 121
142 122
142 123
142 124
142 125
142 126
143 145
143 147
143 149
143 100
143 101
143 102
143 107
143 108
143 109
143 110
143 111
143 112
143 113
143 114
143 115
143 116
143 117
143 118
143 119
143 120
143 122
143 123
143 124
143 125
143 126
143 127
144 146
144 147
144 149
144 100
144 101
144 102
144 103
144 104
144 105
144 106
144 107
144 111
144 112
144 113
144 114
144 115
144 116
144 118
144 119
144 120
144 121
144 122
144 123
144 124
144 125
144 126
144 127
145 146
145 147
145 102
145 105
145 106
145 107
145 108
145 109
145 110
145 111
145 113
145 114
145 116
145 117
145 118
145 119
145 121
145 122
145 123
145 124
145 125
145 126
145 127
146 148
146 149
146 100
146 101
146 102
146 103
146 104
146 106
146 107
146 108
146 109
146 112
146 113
146 114
146 116
146 118
146 119
146 120
146 121
146 122
146 123
146 125
146 126
147 148
147 149
147 100
147 101
147 102
147 103
147 104
147 106
147 108
147 109
147 110
147 112
147 114
147 116
147 117
147 119
147 120
147 121
147 123
147 124
147 125
147 126
147 127
148 149
148 100
148 101
148 102
148 103
148 104
148 105
148 106
148 107
148 108
148 109
148 110
148 111
148 112
148 113
148 116
148 117
148 118
148 119
148 120
148 121
148 122
148 124
148 125
149 101
149 102
149 105
149 107
149 108
149 109
149 110
149 111
149 112
149 113
149 114
149 115
149 116
149 117
149 118
149 119
149 120
149 121
149 122
149 123
149 124
149 125
149 126
149 127
100 101
100 102
100 103
100 104
100 105
100 107
100 108
100 109
100 110
100 112
100 113
100 114
100 115
100 116
100 117
100 118
100 119
100 120
100 121
100 122
100 123
100 124
100 125
100 126
100 127
101 102
101 103
101 105
101 106
101 107
101 108
101 109
101 110
101 111
101 112
101 113
101 114
101 115
101 117
101 118
101 119
101 122
101 125
101 126
102 103
102 104
102 105
102 106
102 107
102 109
102 110
102 111
102 112
102 113
102 114
102 117
102 118
102 120
102 121
102 122
102 124
102 125
103 104
103 105
103 106
103 107
103 108
103 109
103 110
103 111
103 112
103 113
103 114
103 115
103 116
103 117
103 118
103 120
103 121
103 122
103 123
103 124
103 125
103 126
103 127
104 106
104 107
104 108
104 110
104 111
104 112
104 114
104 115
104 116
104 117
104 118
104 120
104 121
104 122
104 123
104 124
104 125
104 126
104 127
105 106
105 110
105 111
105 112
105 113
105 114
105 115
105 116
105 117
105 118
105 119
105 120
105 122
105 123
105 124
105 126
105 127
106 109
106 110
106 111
106 113
106 114
106 116
106 117
106 118
106 120
106 122
106 124
106 125
106 126
106 127
107 108
107 109
107 111
107 112
107 113
107 114
107 115
107 116
107 117
107 118
107 119
107 121
107 122
107 123
107 124
107 125
107 126
107 127
108 109
108 110
108 111
108 112
108 113
108 114
108 115
108 117
108 119
108 120
108 121
108 123
108 125
108 126
109 110
109 111
109 112
109 113
109 114
109 115
109 116
109 117
109 118
109 119
109 120
109 121
109 122
109 123
109 125
109 126
109 127
110 111
110 112
110 113
110 115
110 116
110 118
110 119
110 121
110 122
110 123
110 124
110 125
110 126
110 127
111 112
111 113
111 114
111 116
111 118
111 119
111 123
111 124
111 125
111 126
111 127
112 113
112 114
112 115
112 116
112 117
112 120
112 122
112 126
112 127
113 114
113 115
113 117
113 118
113 119
113 120
113 121
113 122
113 123
113 124
113 125
113 126
113 127
114 116
114 117
114 118
114 119
114 120
114 121
114 122
114 123
114 125
114 127
115 117
115 119
115 120
115 121
115 122
115 123
115 125
115 126
115 127
116 117
116 118
116 119
116 120
116 123
116 124
116 125
116 126
117 121
117 122
117 123
117 124
117 126
117 127
118 120
118 121
118 122
118 123
118 124
118 125
118 126
118 127
119 120
119 123
119 124
119 125
119 126
120 121
120 123
120 124
120 125
120 126
120 127
121 124
121 125
121 126
121 127
122 125
122 126
122 127
123 124
123 125
123 126
123 127
124 126
124 127
125 126
