0 1
0 2
0 4
0 6
0 7
0 8
0 9
0 10
0 13
0 14
0 15
0 17
0 18
0 19
0 20
0 21
0 22
0 23
0 24
0 25
0 26
0 27
0 28
0 29
0 31
0 33
0 34
0 35
0 36
0 37
0 40
0 41
0 42
0 43
0 45
0 46
0 47
0 48
0 49
0 51
0 56
0 61
0 62
0 64
0 75
0 76
0 82
0 83
0 85
0 86
0 88
0 98
0 99
0 134
0 139
0 144
0 145
0 100
0 102
0 117
0 122
0 123
1 2
1 3
1 4
1 5
1 6
1 7
1 9
1 10
1 11
1 12
1 13
1 15
1 18
1 20
1 21
1 22
1 23
1 24
1 25
1 26
1 27
1 29
1 30
1 31
1 33
1 34
1 35
1 36
1 37
1 38
1 39
1 40
1 41
1 44
1 46
1 47
1 48
1 49
1 59
1 61
1 69
1 71
1 72
1 89
1 94
1 95
1 131
1 139
1 147
1 100
1 101
1 108
1 111
1 112
1 114
1 115
1 116
1 119
1 120
1 121
2 3
2 4
2 5
2 7
2 8
2 9
2 10
2 11
2 13
2 14
2 15
2 16
2 17
2 20
2 21
2 22
2 23
2 24
2 25
2 26
2 29
2 30
2 31
2 32
2 33
2 34
2 35
2 36
2 37
2 38
2 39
2 40
2 42
2 43
2 44
2 46
2 47
2 48
2 49
2 63
2 64
2 65
2 70
2 72
2 86
2 87
2 88
2 92
2 97
2 132
2 137
2 143
2 144
2 102
2 103
2 109
2 118
2 122
2 127
3 4
3 5
3 6
3 7
3 8
3 10
3 12
3 15
3 17
3 18
3 19
3 20
3 21
3 22
3 23
3 24
3 25
3 26
3 27
3 28
3 34
3 35
3 36
3 37
3 38
3 39
3 40
3 41
3 42
3 44
3 45
3 47
3 48
3 49
3 51
3 52
3 54
3 55
3 56
3 64
3 67
3 76
3 81
3 90
3 91
3 92
3 93
3 98
3 133
3 134
3 135
3 139
3 140
3 145
3 103
3 104
3 112
3 113
3 117
3 118
3 123
3 127
4 5
4 6
4 7
4 8
4 9
4 10
4 11
4 12
4 13
4 14
4 16
4 17
4 18
4 20
4 22
4 23
4 25
4 26
4 30
4 31
4 32
4 33
4 34
4 38
4 39
4 40
4 41
4 42
4 43
4 44
4 45
4 47
4 49
4 50
4 60
4 61
4 65
4 70
4 75
4 82
4 83
4 85
4 87
4 89
4 90
4 94
4 99
4 128
4 138
4 139
4 140
4 141
4 146
4 100
4 102
4 108
4 114
4 127
5 6
5 7
5 8
5 10
5 11
5 12
5 13
5 14
5 15
5 16
5 17
5 19
5 20
5 21
5 22
5 24
5 25
5 26
5 27
5 28
5 29
5 30
5 31
5 32
5 34
5 35
5 37
5 38
5 39
5 40
5 41
5 42
5 43
5 44
5 45
5 46
5 47
5 48
5 49
5 50
5 54
5 60
5 64
5 70
5 78
5 80
5 88
5 99
5 128
5 135
5 138
5 143
5 144
5 149
5 100
6 7
6 8
6 9
6 10
6 11
6 12
6 13
6 15
6 16
6 17
6 19
6 20
6 21
6 22
6 23
6 24
6 26
6 27
6 28
6 30
6 31
6 32
6 33
6 34
6 35
6 36
6 37
6 38
6 39
6 40
6 41
6 42
6 43
6 45
6 46
6 47
6 48
6 50
6 53
6 55
6 58
6 65
6 68
6 78
6 85
6 89
6 90
6 91
6 131
6 132
6 133
6 135
6 144
6 145
6 147
6 105
6 109
6 113
6 114
6 115
6 118
7 8
7 9
7 11
7 12
7 13
7 15
7 16
7 17
7 18
7 19
7 20
7 21
7 22
7 23
7 25
7 27
7 28
7 29
7 30
7 31
7 32
7 33
7 34
7 35
7 36
7 37
7 38
7 39
7 40
7 41
7 42
7 47
7 48
7 51
7 55
7 56
7 58
7 59
7 63
7 66
7 68
7 71
7 77
7 86
7 87
7 91
7 92
7 93
7 133
7 145
7 111
7 112
7 115
7 120
7 127
8 9
8 10
8 11
8 12
8 13
8 15
8 16
8 17
8 18
8 19
8 20
8 22
8 24
8 25
8 27
8 28
8 30
8 31
8 32
8 34
8 36
8 37
8 38
8 39
8 40
8 42
8 43
8 44
8 45
8 46
8 47
8 48
8 49
8 53
8 54
8 60
8 62
8 67
8 69
8 75
8 88
8 90
8 138
8 142
8 146
8 102
8 111
8 117
8 120
8 123
9 10
9 12
9 13
9 14
9 15
9 16
9 17
9 18
9 19
9 20
9 21
9 22
9 23
9 24
9 25
9 28
9 29
9 32
9 33
9 35
9 36
9 38
9 39
9 40
9 41
9 42
9 44
9 45
9 46
9 47
9 48
9 49
9 52
9 59
9 62
9 64
9 82
9 88
9 97
9 132
9 136
9 143
9 144
9 147
9 104
9 108
9 109
9 118
9 124
9 125
10 12
10 14
10 19
10 20
10 21
10 23
10 24
10 25
10 26
10 27
10 28
10 29
10 30
10 31
10 32
10 33
10 34
10 35
10 36
10 38
10 39
10 40
10 41
10 42
10 43
10 44
10 46
10 47
10 48
10 49
10 52
10 55
10 61
10 75
10 77
10 80
10 81
10 88
10 89
10 94
10 99
10 128
10 129
10 130
10 140
10 144
10 147
10 148
10 107
10 108
10 113
10 116
10 118
10 123
11 12
11 14
11 16
11 17
11 19
11 20
11 21
11 23
11 24
11 25
11 26
11 27
11 28
11 29
11 30
11 32
11 33
11 35
11 36
11 37
11 38
11 40
11 41
11 42
11 43
11 44
11 45
11 46
11 47
11 48
11 49
11 57
11 60
11 63
11 66
11 70
11 74
11 80
11 86
11 88
11 89
11 90
11 95
11 97
11 99
11 133
11 145
11 149
11 107
11 109
11 110
11 111
11 113
11 114
11 123
12 13
12 14
12 16
12 17
12 18
12 20
12 21
12 22
12 23
12 24
12 25
12 27
12 28
12 29
12 30
12 31
12 32
12 34
12 35
12 36
12 37
12 38
12 39
12 41
12 42
12 43
12 45
12 46
12 47
12 48
12 49
12 50
12 53
12 55
12 72
12 74
12 82
12 83
12 85
12 88
12 95
12 131
12 134
12 139
12 142
12 143
12 145
12 149
12 100
12 103
12 112
12 114
12 121
12 125
13 15
13 17
13 18
13 20
13 22
13 23
13 24
13 25
13 26
13 28
13 31
13 32
13 33
13 34
13 35
13 36
13 37
13 38
13 40
13 42
13 44
13 46
13 47
13 48
13 49
13 54
13 55
13 65
13 79
13 83
13 88
13 90
13 92
13 98
13 139
13 140
13 145
13 147
13 101
13 105
13 108
13 113
13 118
13 119
14 15
14 17
14 18
14 19
14 20
14 21
14 22
14 23
14 24
14 25
14 26
14 27
14 28
14 30
14 31
14 33
14 35
14 37
14 38
14 39
14 40
14 41
14 42
14 43
14 44
14 45
14 46
14 47
14 48
14 49
14 54
14 66
14 68
14 74
14 87
14 96
14 97
14 129
14 130
14 133
14 140
14 142
14 102
14 103
14 110
14 111
14 115
14 118
14 123
14 127
15 16
15 18
15 19
15 20
15 22
15 24
15 25
15 26
15 27
15 28
15 29
15 30
15 31
15 32
15 33
15 34
15 35
15 36
15 37
15 38
15 39
15 40
15 42
15 43
15 44
15 45
15 46
15 47
15 48
15 49
15 50
15 60
15 61
15 64
15 69
15 73
15 81
15 84
15 89
15 91
15 94
15 128
15 129
15 137
15 141
15 144
15 100
15 104
15 105
15 107
15 108
15 119
15 123
15 126
16 19
16 20
16 21
16 22
16 23
16 24
16 25
16 26
16 27
16 28
16 29
16 30
16 31
16 33
16 34
16 35
16 37
16 40
16 41
16 42
16 43
16 44
16 45
16 46
16 47
16 48
16 49
16 51
16 57
16 58
16 64
16 70
16 73
16 77
16 78
16 87
16 89
16 97
16 131
16 138
16 141
16 109
16 114
16 117
16 127
17 18
17 20
17 21
17 22
17 23
17 24
17 25
17 26
17 27
17 28
17 29
17 30
17 31
17 32
17 33
17 34
17 36
17 37
17 38
17 39
17 40
17 41
17 44
17 46
17 47
17 48
17 49
17 52
17 55
17 56
17 57
17 61
17 72
17 73
17 75
17 78
17 84
17 93
17 99
17 145
17 101
17 114
17 115
17 116
17 117
17 124
17 127
18 19
18 21
18 22
18 23
18 24
18 25
18 26
18 29
18 30
18 32
18 33
18 34
18 35
18 36
18 37
18 39
18 40
18 41
18 44
18 47
18 49
18 57
18 65
18 70
18 77
18 82
18 88
18 130
18 132
18 138
18 143
18 145
18 101
18 102
18 105
18 109
18 120
18 122
18 123
19 20
19 21
19 23
19 24
19 25
19 26
19 27
19 30
19 31
19 32
19 33
19 34
19 36
19 37
19 38
19 39
19 40
19 41
19 42
19 43
19 44
19 45
19 46
19 48
19 49
19 64
19 66
19 67
19 70
19 74
19 77
19 78
19 81
19 82
19 98
19 137
19 138
19 143
19 100
19 103
19 104
19 111
19 117
19 121
19 125
19 126
20 21
20 23
20 24
20 25
20 26
20 27
20 29
20 30
20 31
20 32
20 33
20 34
20 36
20 37
20 38
20 39
20 40
20 41
20 43
20 44
20 46
20 47
20 48
20 49
20 50
20 51
20 55
20 57
20 59
20 65
20 70
20 71
20 72
20 77
20 88
20 134
20 137
20 147
20 101
20 112
20 115
20 122
20 123
20 124
21 22
21 23
21 24
21 25
21 26
21 28
21 29
21 30
21 32
21 34
21 35
21 36
21 38
21 41
21 42
21 43
21 44
21 45
21 46
21 47
21 48
21 49
21 50
21 54
21 58
21 69
21 73
21 81
21 86
21 89
21 94
21 96
21 97
21 131
21 132
21 139
21 146
21 105
21 108
21 116
21 117
21 118
21 119
21 123
21 125
22 23
22 24
22 25
22 26
22 27
22 28
22 30
22 31
22 32
22 33
22 34
22 35
22 38
22 39
22 40
22 41
22 42
22 43
22 44
22 45
22 46
22 47
22 48
22 52
22 55
22 57
22 58
22 63
22 71
22 87
22 92
22 96
22 97
22 133
22 135
22 136
22 139
22 141
22 142
22 143
22 147
22 100
22 103
22 106
22 112
22 116
22 120
23 26
23 28
23 29
23 30
23 31
23 32
23 33
23 34
23 35
23 36
23 37
23 38
23 39
23 40
23 44
23 46
23 47
23 48
23 49
23 50
23 55
23 56
23 57
23 61
23 69
23 70
23 79
23 82
23 85
23 95
23 99
23 132
23 137
23 138
23 140
23 142
23 145
23 148
23 108
23 111
23 112
23 115
23 117
23 119
23 120
23 121
23 124
24 25
24 27
24 28
24 29
24 30
24 31
24 32
24 33
24 34
24 36
24 37
24 39
24 40
24 41
24 45
24 46
24 47
24 48
24 49
24 55
24 74
24 81
24 83
24 128
24 129
24 130
24 137
24 143
24 145
24 103
24 112
24 113
24 114
24 117
24 118
24 123
24 125
25 26
25 27
25 29
25 30
25 32
25 33
25 35
25 36
25 37
25 38
25 39
25 40
25 41
25 42
25 43
25 44
25 46
25 47
25 48
25 54
25 56
25 61
25 73
25 79
25 82
25 87
25 91
25 99
25 131
25 133
25 141
25 143
25 145
25 149
25 104
25 105
25 115
25 117
25 123
26 27
26 28
26 29
26 30
26 31
26 32
26 33
26 34
26 35
26 36
26 37
26 40
26 41
26 42
26 43
26 45
26 46
26 47
26 49
26 53
26 58
26 59
26 61
26 67
26 69
26 75
26 81
26 83
26 85
26 86
26 91
26 92
26 94
26 136
26 138
26 139
26 141
26 149
26 113
26 117
26 124
26 127
27 28
27 29
27 30
27 31
27 32
27 34
27 35
27 36
27 37
27 38
27 39
27 40
27 41
27 42
27 43
27 44
27 45
27 46
27 47
27 48
27 49
27 52
27 56
27 62
27 66
27 72
27 78
27 80
27 86
27 89
27 98
27 130
27 132
27 136
27 139
27 143
27 102
27 112
27 115
27 116
27 119
27 120
27 126
28 29
28 30
28 31
28 32
28 33
28 34
28 35
28 36
28 38
28 39
28 41
28 42
28 44
28 45
28 47
28 49
28 51
28 63
28 64
28 67
28 71
28 78
28 81
28 88
28 89
28 128
28 135
28 138
28 139
28 141
28 100
28 103
28 113
28 116
29 30
29 31
29 32
29 33
29 34
29 35
29 36
29 37
29 38
29 41
29 43
29 44
29 45
29 46
29 47
29 48
29 49
29 50
29 57
29 65
29 72
29 78
29 80
29 93
29 95
29 96
29 130
29 133
29 136
29 104
29 106
29 110
29 111
29 124
29 126
30 31
30 32
30 34
30 35
30 37
30 38
30 39
30 40
30 41
30 42
30 44
30 46
30 47
30 48
30 49
30 55
30 57
30 59
30 60
30 61
30 68
30 69
30 70
30 71
30 87
30 89
30 94
30 129
30 135
30 140
30 143
30 145
30 106
30 120
30 126
31 32
31 33
31 34
31 37
31 38
31 39
31 42
31 43
31 45
31 48
31 49
31 60
31 67
31 68
31 69
31 71
31 76
31 92
31 94
31 95
31 138
31 139
31 149
31 104
31 107
31 108
31 110
31 114
31 117
32 33
32 34
32 35
32 36
32 37
32 40
32 41
32 45
32 46
32 48
32 49
32 50
32 54
32 66
32 75
32 90
32 130
32 137
32 142
32 143
32 146
32 100
32 113
32 115
32 123
32 126
33 34
33 35
33 36
33 37
33 39
33 40
33 41
33 42
33 43
33 44
33 46
33 47
33 48
33 49
33 52
33 55
33 58
33 61
33 63
33 66
33 70
33 76
33 77
33 86
33 87
33 94
33 96
33 128
33 131
33 135
33 140
33 142
33 143
33 146
33 148
33 109
33 110
33 118
33 120
33 122
33 125
34 35
34 36
34 37
34 38
34 39
34 40
34 42
34 43
34 44
34 46
34 47
34 49
34 52
34 55
34 57
34 58
34 66
34 70
34 81
34 83
34 85
34 87
34 89
34 92
34 93
34 128
34 129
34 131
34 132
34 135
34 147
34 102
34 107
34 108
34 117
34 118
34 124
35 36
35 37
35 38
35 40
35 41
35 42
35 43
35 44
35 45
35 46
35 47
35 48
35 54
35 55
35 57
35 58
35 61
35 63
35 69
35 78
35 82
35 87
35 95
35 98
35 130
35 101
35 103
35 105
35 109
35 110
35 122
36 37
36 38
36 40
36 41
36 42
36 45
36 46
36 48
36 50
36 54
36 55
36 63
36 65
36 68
36 75
36 77
36 78
36 128
36 142
36 143
36 103
36 108
36 114
36 118
37 38
37 39
37 40
37 41
37 42
37 43
37 44
37 45
37 46
37 48
37 49
37 50
37 62
37 72
37 75
37 80
37 83
37 88
37 92
37 98
37 99
37 128
37 130
37 131
37 146
37 103
37 108
37 115
38 39
38 40
38 42
38 44
38 45
38 47
38 48
38 56
38 60
38 65
38 71
38 74
38 78
38 81
38 83
38 85
38 88
38 91
38 93
38 95
38 97
38 99
38 134
38 136
38 137
38 148
38 101
38 116
38 117
38 118
39 40
39 41
39 43
39 44
39 45
39 46
39 48
39 49
39 51
39 58
39 71
39 78
39 87
39 96
39 128
39 129
39 132
39 136
39 143
39 145
39 146
39 147
39 100
39 110
39 117
40 41
40 42
40 43
40 45
40 47
40 49
40 51
40 55
40 64
40 75
40 80
40 88
40 92
40 98
40 131
40 135
40 136
40 142
40 143
40 144
40 148
40 101
40 111
40 122
40 126
40 127
41 42
41 43
41 44
41 45
41 47
41 48
41 49
41 50
41 59
41 63
41 64
41 67
41 73
41 82
41 87
41 95
41 133
41 140
41 142
41 147
41 101
41 103
41 106
41 108
41 112
41 127
42 43
42 44
42 46
42 48
42 49
42 51
42 65
42 69
42 73
42 74
42 78
42 84
42 86
42 88
42 97
42 129
42 136
42 137
42 138
42 139
42 100
42 102
42 103
42 107
42 111
42 119
42 120
42 123
42 125
43 47
43 48
43 49
43 54
43 55
43 57
43 58
43 59
43 69
43 82
43 86
43 89
43 129
43 107
43 124
44 46
44 47
44 48
44 56
44 57
44 61
44 63
44 74
44 80
44 91
44 96
44 130
44 131
44 132
44 137
44 138
44 148
44 103
44 110
44 114
45 46
45 47
45 48
45 49
45 56
45 59
45 77
45 78
45 84
45 87
45 88
45 96
45 129
45 142
45 143
45 103
45 111
45 113
45 115
45 117
45 120
45 121
45 122
45 125
45 126
45 127
46 47
46 48
46 49
46 50
46 61
46 64
46 65
46 71
46 73
46 83
46 85
46 86
46 89
46 137
46 139
46 141
46 107
46 118
46 119
46 127
47 49
47 52
47 57
47 59
47 61
47 64
47 67
47 71
47 74
47 93
47 94
47 99
47 128
47 132
47 133
47 134
47 144
47 105
47 107
47 109
47 112
47 116
47 124
48 49
48 52
48 53
48 62
48 66
48 67
48 68
48 72
48 74
48 78
48 85
48 87
48 91
48 97
48 99
48 128
48 130
48 134
48 149
48 101
48 108
48 117
48 124
48 127
49 50
49 56
49 57
49 59
49 64
49 75
49 78
49 94
49 97
49 135
49 136
49 141
49 148
49 101
49 105
49 123
49 124
50 52
50 53
50 54
50 55
50 57
50 58
50 59
50 60
50 61
50 62
50 63
50 64
50 65
50 66
50 67
50 69
50 70
50 71
50 74
50 75
50 78
50 79
50 80
50 81
50 82
50 83
50 84
50 85
50 86
50 87
50 88
50 89
50 90
50 92
50 93
50 95
50 96
50 97
50 98
50 99
50 131
50 133
50 135
50 139
50 146
50 101
50 104
50 107
50 108
50 113
50 117
50 123
50 124
50 126
51 52
51 53
51 54
51 55
51 56
51 57
51 58
51 60
51 61
51 63
51 64
51 65
51 66
51 67
51 68
51 69
51 70
51 71
51 72
51 73
51 74
51 75
51 76
51 78
51 79
51 83
51 84
51 85
51 86
51 89
51 90
51 92
51 94
51 95
51 96
51 97
51 99
51 131
51 133
51 135
51 141
51 142
51 147
51 149
51 110
51 117
51 118
51 119
51 122
51 124
51 125
52 55
52 56
52 57
52 58
52 60
52 61
52 62
52 63
52 64
52 65
52 66
52 67
52 68
52 69
52 72
52 73
52 74
52 76
52 77
52 78
52 79
52 80
52 81
52 82
52 83
52 84
52 85
52 86
52 88
52 91
52 92
52 94
52 95
52 96
52 97
52 98
52 141
52 142
52 145
52 148
52 149
52 106
52 111
52 117
52 121
53 54
53 55
53 57
53 59
53 60
53 61
53 62
53 63
53 64
53 65
53 67
53 70
53 71
53 72
53 73
53 74
53 75
53 77
53 78
53 81
53 83
53 84
53 85
53 86
53 88
53 89
53 90
53 92
53 93
53 94
53 95
53 96
53 97
53 98
53 132
53 133
53 148
53 106
53 110
53 114
53 119
53 121
53 125
54 55
54 56
54 57
54 58
54 59
54 61
54 62
54 63
54 64
54 65
54 68
54 69
54 70
54 71
54 72
54 73
54 74
54 78
54 79
54 80
54 81
54 82
54 83
54 84
54 85
54 86
54 87
54 88
54 89
54 90
54 92
54 93
54 94
54 95
54 96
54 97
54 98
54 99
54 128
54 134
54 139
54 142
54 146
54 109
54 113
54 118
54 127
55 56
55 57
55 58
55 59
55 60
55 61
55 62
55 63
55 64
55 65
55 66
55 67
55 68
55 69
55 70
55 71
55 72
55 73
55 74
55 75
55 76
55 77
55 78
55 79
55 80
55 81
55 82
55 84
55 85
55 86
55 87
55 89
55 91
55 92
55 93
55 94
55 96
55 97
55 99
55 128
55 136
55 138
55 140
55 142
55 104
55 116
56 57
56 58
56 59
56 60
56 61
56 62
56 63
56 64
56 65
56 66
56 67
56 68
56 69
56 70
56 72
56 73
56 76
56 77
56 78
56 79
56 80
56 83
56 84
56 85
56 86
56 88
56 89
56 90
56 91
56 92
56 93
56 94
56 95
56 96
56 97
56 98
56 99
56 140
56 143
56 149
56 117
56 123
57 58
57 59
57 60
57 61
57 62
57 63
57 65
57 66
57 67
57 69
57 70
57 71
57 74
57 75
57 77
57 78
57 79
57 80
57 82
57 84
57 85
57 86
57 87
57 89
57 90
57 92
57 93
57 94
57 96
57 98
57 141
57 146
57 148
57 149
57 112
57 116
57 117
57 119
57 120
57 122
57 126
58 59
58 60
58 61
58 62
58 63
58 64
58 65
58 66
58 67
58 68
58 69
58 70
58 71
58 72
58 73
58 74
58 76
58 77
58 78
58 79
58 80
58 81
58 83
58 84
58 85
58 86
58 87
58 89
58 91
58 92
58 94
58 95
58 98
58 99
58 128
58 130
58 131
58 139
58 141
58 148
58 110
58 112
59 60
59 62
59 63
59 64
59 68
59 69
59 71
59 72
59 73
59 74
59 76
59 77
59 79
59 80
59 81
59 82
59 83
59 84
59 85
59 86
59 89
59 91
59 92
59 94
59 95
59 96
59 97
59 98
59 99
59 130
59 139
59 143
59 144
59 149
59 106
59 127
60 61
60 62
60 64
60 65
60 67
60 68
60 70
60 71
60 72
60 73
60 74
60 75
60 76
60 78
60 81
60 82
60 83
60 84
60 85
60 86
60 89
60 90
60 91
60 92
60 94
60 95
60 96
60 97
60 98
60 99
60 135
60 139
60 144
60 149
60 100
60 103
60 109
60 110
60 113
60 120
60 125
61 62
61 64
61 65
61 66
61 67
61 68
61 70
61 71
61 72
61 73
61 74
61 75
61 76
61 77
61 78
61 79
61 80
61 81
61 82
61 86
61 87
61 88
61 89
61 90
61 91
61 93
61 94
61 95
61 99
61 133
61 145
61 102
61 108
61 109
61 117
61 121
61 124
62 63
62 64
62 65
62 66
62 70
62 71
62 73
62 74
62 75
62 76
62 77
62 79
62 80
62 81
62 82
62 83
62 85
62 86
62 87
62 88
62 89
62 90
62 91
62 92
62 93
62 94
62 95
62 96
62 99
62 131
62 136
62 145
62 148
62 101
62 102
62 111
62 114
62 119
62 120
62 121
62 126
62 127
63 67
63 68
63 69
63 70
63 71
63 72
63 74
63 76
63 77
63 78
63 81
63 82
63 83
63 84
63 85
63 86
63 87
63 89
63 90
63 91
63 92
63 93
63 95
63 96
63 97
63 98
63 99
63 128
63 147
63 148
63 105
63 109
63 110
63 113
63 114
63 115
63 116
63 118
63 125
63 126
64 65
64 66
64 67
64 69
64 70
64 71
64 72
64 73
64 74
64 75
64 76
64 77
64 78
64 80
64 81
64 82
64 83
64 84
64 85
64 86
64 87
64 88
64 89
64 90
64 91
64 92
64 94
64 96
64 97
64 98
64 99
64 129
64 132
64 134
64 143
64 102
64 119
65 66
65 67
65 68
65 69
65 71
65 72
65 73
65 74
65 79
65 80
65 82
65 83
65 84
65 85
65 86
65 87
65 88
65 89
65 90
65 92
65 93
65 94
65 95
65 96
65 97
65 98
65 128
65 133
65 139
65 101
65 104
65 106
65 116
65 119
65 122
65 123
65 126
66 67
66 68
66 69
66 70
66 71
66 72
66 73
66 75
66 76
66 77
66 78
66 79
66 80
66 81
66 82
66 83
66 84
66 85
66 87
66 88
66 89
66 90
66 91
66 92
66 93
66 95
66 97
66 99
66 131
66 133
66 144
66 146
66 100
66 103
66 104
66 105
66 106
66 118
66 119
66 127
67 68
67 70
67 71
67 73
67 75
67 76
67 77
67 79
67 80
67 81
67 82
67 83
67 85
67 86
67 87
67 90
67 91
67 92
67 93
67 94
67 95
67 96
67 98
67 131
67 144
67 148
67 115
67 116
67 122
67 125
67 127
68 69
68 70
68 72
68 73
68 75
68 76
68 77
68 79
68 80
68 82
68 83
68 84
68 85
68 86
68 87
68 89
68 90
68 91
68 92
68 94
68 96
68 97
68 98
68 130
68 136
68 138
68 139
68 140
68 141
68 145
68 100
68 105
68 109
68 110
68 119
68 123
68 124
69 70
69 71
69 72
69 74
69 75
69 76
69 77
69 78
69 80
69 81
69 82
69 83
69 84
69 85
69 86
69 87
69 88
69 89
69 90
69 91
69 92
69 93
69 94
69 95
69 96
69 97
69 98
69 99
69 129
69 141
69 144
69 149
69 106
69 107
69 112
69 113
69 118
69 121
70 71
70 76
70 77
70 78
70 80
70 81
70 83
70 85
70 87
70 88
70 89
70 90
70 91
70 92
70 93
70 94
70 95
70 96
70 97
70 98
70 99
70 130
70 133
70 137
70 139
70 144
70 108
70 111
70 114
70 116
70 125
70 126
71 72
71 73
71 75
71 77
71 78
71 79
71 80
71 81
71 82
71 83
71 84
71 85
71 86
71 87
71 88
71 91
71 92
71 93
71 94
71 95
71 96
71 97
71 98
71 129
71 145
71 101
71 103
71 105
71 118
71 119
71 123
71 126
72 74
72 75
72 76
72 77
72 78
72 80
72 81
72 82
72 83
72 84
72 86
72 87
72 88
72 89
72 90
72 91
72 93
72 94
72 95
72 96
72 98
72 99
72 134
72 135
72 100
72 103
72 108
72 121
72 122
72 126
73 74
73 75
73 77
73 78
73 80
73 81
73 82
73 83
73 86
73 87
73 89
73 91
73 92
73 93
73 94
73 95
73 97
73 98
73 99
73 128
73 131
73 139
73 142
73 147
73 149
73 101
73 105
73 108
73 121
73 127
74 75
74 76
74 77
74 78
74 79
74 80
74 81
74 82
74 83
74 84
74 85
74 86
74 87
74 88
74 89
74 90
74 92
74 93
74 94
74 95
74 96
74 97
74 99
74 133
74 148
74 149
74 100
74 110
74 117
74 121
74 127
75 76
75 78
75 80
75 81
75 82
75 83
75 84
75 87
75 88
75 89
75 90
75 91
75 93
75 94
75 95
75 96
75 97
75 98
75 99
75 129
75 135
75 138
75 139
75 143
75 146
75 100
75 101
75 102
75 109
75 125
76 78
76 79
76 80
76 81
76 82
76 83
76 84
76 85
76 86
76 88
76 89
76 90
76 91
76 92
76 93
76 94
76 95
76 96
76 97
76 98
76 99
76 134
76 141
76 142
76 145
76 146
76 148
76 104
76 111
76 121
76 122
76 126
77 80
77 81
77 82
77 85
77 86
77 87
77 88
77 89
77 90
77 91
77 92
77 93
77 94
77 95
77 97
77 98
77 99
77 128
77 129
77 135
77 136
77 138
77 139
77 140
77 141
77 146
77 148
77 103
77 110
77 111
77 119
77 122
77 123
78 79
78 80
78 81
78 82
78 83
78 84
78 85
78 88
78 89
78 91
78 92
78 93
78 94
78 95
78 96
78 98
78 134
78 139
78 105
78 109
78 125
79 80
79 81
79 82
79 83
79 84
79 85
79 87
79 89
79 90
79 91
79 92
79 93
79 94
79 95
79 96
79 97
79 98
79 99
79 128
79 136
79 102
79 106
79 108
79 112
79 116
79 118
79 121
79 123
79 126
80 81
80 82
80 83
80 84
80 85
80 89
80 91
80 92
80 93
80 95
80 96
80 98
80 99
80 145
80 148
80 100
80 105
80 113
80 122
80 123
80 126
81 82
81 83
81 84
81 85
81 87
81 88
81 89
81 90
81 91
81 92
81 93
81 94
81 95
81 96
81 98
81 99
81 134
81 136
81 138
81 141
81 103
81 104
81 106
81 111
81 120
81 126
81 127
82 83
82 84
82 85
82 86
82 87
82 88
82 89
82 90
82 91
82 92
82 93
82 96
82 97
82 98
82 99
82 130
82 136
82 146
82 100
82 103
82 108
82 111
82 114
82 122
83 84
83 85
83 86
83 87
83 88
83 89
83 90
83 91
83 92
83 94
83 95
83 96
83 97
83 98
83 99
83 135
83 138
83 140
83 105
83 116
83 118
83 125
84 85
84 86
84 87
84 90
84 91
84 92
84 93
84 95
84 96
84 97
84 98
84 99
84 134
84 138
84 142
84 143
84 146
84 148
84 105
84 108
84 115
84 119
84 125
85 86
85 87
85 88
85 91
85 92
85 93
85 94
85 95
85 96
85 97
85 99
85 130
85 131
85 134
85 135
85 138
85 139
85 140
85 141
85 142
85 144
85 110
86 87
86 88
86 90
86 92
86 94
86 95
86 96
86 97
86 98
86 99
86 131
86 141
86 147
86 100
86 104
86 119
86 122
87 89
87 91
87 92
87 93
87 95
87 96
87 97
87 98
87 99
87 133
87 134
87 135
87 137
87 138
87 147
87 103
87 110
87 112
87 119
87 120
87 122
88 89
88 90
88 91
88 92
88 93
88 94
88 96
88 97
88 98
88 99
88 130
88 135
88 140
88 141
88 145
88 148
88 149
88 105
88 112
88 115
88 117
88 121
88 125
88 127
89 90
89 92
89 93
89 94
89 95
89 96
89 97
89 98
89 99
89 138
89 145
89 149
89 111
89 114
89 123
90 91
90 92
90 93
90 94
90 95
90 96
90 97
90 98
90 99
90 132
90 141
90 142
90 143
90 101
90 102
90 110
90 112
90 114
90 126
91 97
91 99
91 128
91 131
91 138
91 140
91 143
91 144
91 145
91 148
91 120
91 123
91 124
92 93
92 94
92 95
92 96
92 99
92 130
92 133
92 136
92 146
92 100
92 103
92 113
92 117
92 123
92 124
93 94
93 95
93 97
93 98
93 99
93 131
93 134
93 141
93 146
93 104
93 106
93 109
93 114
93 117
93 118
93 121
93 124
93 126
94 95
94 96
94 97
94 98
94 99
94 128
94 132
94 134
94 146
94 147
94 109
94 113
94 115
94 116
94 119
95 96
95 97
95 98
95 99
95 138
95 148
95 104
95 114
95 117
95 124
96 97
96 99
96 139
96 142
96 146
96 104
96 112
96 113
96 119
96 121
96 124
96 126
97 98
97 99
97 129
97 131
97 132
97 134
97 135
97 138
97 139
97 147
97 102
97 105
97 106
97 110
97 112
97 115
97 116
97 122
97 126
98 99
98 128
98 134
98 135
98 140
98 144
98 103
98 115
98 120
98 122
98 123
98 125
98 127
99 134
99 137
99 139
99 140
99 102
99 104
99 111
99 117
99 121
128 129
128 130
128 132
128 133
128 134
128 135
128 136
128 137
128 138
128 139
128 140
128 141
128 142
128 143
128 144
128 145
128 146
128 147
128 148
128 149
128 101
128 102
128 104
128 105
128 106
128 107
128 108
128 109
128 110
128 111
128 113
128 115
128 116
128 118
128 119
128 120
128 121
128 122
128 123
128 124
128 125
128 126
129 132
129 133
129 134
129 135
129 136
129 138
129 139
129 140
129 142
129 143
129 145
129 146
129 147
129 148
129 149
129 100
129 101
129 102
129 103
129 104
129 105
129 106
129 107
129 109
129 110
129 111
129 112
129 114
129 117
129 118
129 119
129 120
129 122
129 123
129 124
129 125
129 126
129 127
130 131
130 132
130 133
130 134
130 135
130 136
130 137
130 139
130 140
130 142
130 143
130 144
130 146
130 147
130 148
130 102
130 103
130 104
130 105
130 106
130 107
130 108
130 109
130 111
130 112
130 113
130 114
130 117
130 119
130 120
130 121
130 123
130 125
130 126
130 127
131 132
131 133
131 134
131 136
131 137
131 138
131 139
131 141
131 142
131 144
131 145
131 146
131 148
131 149
131 100
131 102
131 103
131 105
131 106
131 107
131 109
131 110
131 115
131 116
131 117
131 119
131 120
131 122
131 123
131 124
131 125
131 126
131 127
132 134
132 135
132 136
132 137
132 138
132 141
132 142
132 144
132 145
132 146
132 147
132 148
132 149
132 100
132 102
132 103
132 104
132 105
132 106
132 107
132 108
132 109
132 111
132 112
132 113
132 114
132 115
132 116
132 117
132 118
132 119
132 120
132 122
132 123
132 126
132 127
133 134
133 135
133 136
133 137
133 138
133 139
133 140
133 141
133 143
133 145
133 147
133 149
133 100
133 101
133 102
133 103
133 104
133 108
133 109
133 111
133 112
133 113
133 114
133 115
133 118
133 119
133 121
133 122
133 123
133 124
133 125
134 136
134 138
134 139
134 140
134 141
134 142
134 143
134 144
134 145
134 147
134 149
134 100
134 102
134 104
134 105
134 106
134 107
134 108
134 109
134 111
134 112
134 113
134 114
134 115
134 116
134 117
134 119
134 120
134 122
134 124
134 126
135 137
135 138
135 140
135 141
135 142
135 144
135 145
135 146
135 148
135 100
135 102
135 103
135 104
135 105
135 106
135 108
135 110
135 111
135 112
135 113
135 114
135 115
135 116
135 117
135 118
135 119
135 121
135 122
135 123
135 124
135 125
135 126
135 127
136 140
136 141
136 142
136 143
136 144
136 145
136 146
136 147
136 148
136 149
136 100
136 101
136 102
136 103
136 104
136 105
136 106
136 107
136 109
136 110
136 111
136 112
136 113
136 115
136 116
136 117
136 118
136 119
136 120
136 121
136 122
136 123
136 125
136 126
136 127
137 138
137 139
137 140
137 141
137 142
137 143
137 144
137 145
137 146
137 148
137 149
137 100
137 101
137 102
137 103
137 104
137 109
137 110
137 111
137 112
137 113
137 115
137 116
137 117
137 118
137 119
137 120
137 121
137 122
137 125
137 127
138 139
138 141
138 143
138 144
138 145
138 146
138 147
138 148
138 100
138 101
138 102
138 105
138 106
138 107
138 108
138 109
138 110
138 111
138 112
138 113
138 114
138 115
138 118
138 119
138 120
138 121
138 122
138 123
138 124
139 140
139 142
139 143
139 145
139 146
139 147
139 148
139 149
139 100
139 101
139 102
139 103
139 104
139 105
139 106
139 107
139 108
139 109
139 110
139 113
139 115
139 116
139 118
139 119
139 120
139 121
139 122
139 124
139 125
139 127
140 142
140 144
140 145
140 146
140 147
140 148
140 149
140 100
140 101
140 102
140 103
140 104
140 105
140 106
140 107
140 108
140 109
140 110
140 111
140 112
140 113
140 114
140 116
140 117
140 118
140 119
140 120
140 122
140 123
140 124
140 126
140 127
141 142
141 143
141 144
141 145
141 146
141 147
141 148
141 149
141 100
141 101
141 102
141 103
141 104
141 105
141 106
141 107
141 108
141 110
141 111
141 113
141 114
141 115
141 116
141 117
141 118
141 119
141 120
141 121
141 122
141 123
141 124
141 125
141 126
141 127
142 143
142 144
142 147
142 148
142 149
142 100
142 101
142 102
142 104
142 106
142 107
142 108
142 110
142 111
142 113
142 114
142 115
142 118
142 119
142 120
142 122
142 124
142 125
142 126
143 144
143 146
143 147
143 148
143 100
143 101
143 102
143 103
143 105
143 106
143 107
143 108
143 109
143 110
143 111
143 112
143 113
143 114
143 115
143 116
143 118
143 121
143 123
143 124
143 125
143 126
143 127
144 147
144 148
144 149
144 100
144 103
144 104
144 105
144 106
144 107
144 108
144 109
144 110
144 112
144 113
144 116
144 117
144 118
144 119
144 120
144 121
144 122
144 124
144 125
144 126
144 127
145 147
145 148
145 149
145 100
145 101
145 102
145 103
145 104
145 107
145 108
145 109
145 110
145 112
145 113
145 114
145 115
145 116
145 118
145 119
145 121
145 122
145 123
145 124
145 126
145 127
146 148
146 149
146 101
146 103
146 104
146 105
146 106
146 107
146 108
146 109
146 110
146 113
146 115
146 116
146 117
146 118
146 120
146 121
146 122
146 123
146 124
146 125
146 126
147 148
147 100
147 101
147 102
147 103
147 104
147 105
147 106
147 108
147 110
147 111
147 113
147 114
147 115
147 117
147 119
147 120
147 122
147 123
147 124
147 125
147 126
147 127
148 100
148 101
148 102
148 103
148 104
148 105
148 106
148 107
148 109
148 110
148 111
148 112
148 113
148 114
148 115
148 117
148 118
148 119
148 120
148 121
148 122
148 123
148 125
148 126
148 127
149 100
149 101
149 102
149 103
149 106
149 107
149 108
149 109
149 110
149 111
149 113
149 114
149 115
149 116
149 117
149 119
149 120
149 122
149 123
149 124
149 125
149 126
100 101
100 102
100 104
100 106
100 107
100 108
100 109
100 110
100 111
100 112
100 113
100 114
100 115
100 116
100 117
100 118
100 120
100 121
100 123
100 126
100 127
101 102
101 103
101 105
101 106
101 107
101 108
101 109
101 110
101 111
101 113
101 114
101 116
101 117
101 118
101 119
101 121
101 123
101 124
101 125
101 126
101 127
102 103
102 105
102 106
102 109
102 110
102 112
102 113
102 114
102 115
102 117
102 118
102 120
102 124
102 125
102 127
103 105
103 107
103 108
103 112
103 113
103 114
103 115
103 116
103 118
103 119
103 120
103 122
103 123
103 124
103 125
103 127
104 105
104 107
104 108
104 109
104 110
104 112
104 113
104 114
104 115
104 118
104 119
104 120
104 121
104 123
104 125
104 126
104 127
105 107
105 108
105 109
105 110
105 111
105 113
105 114
105 115
105 116
105 117
105 118
105 119
105 120
105 121
105 122
105 123
105 124
105 125
105 126
105 127
106 107
106 109
106 110
106 112
106 113
106 114
106 115
106 116
106 117
106 118
106 119
106 120
106 121
106 124
106 126
106 127
107 108
107 109
107 110
107 111
107 112
107 114
107 115
107 116
107 117
107 118
107 119
107 120
107 121
107 122
107 123
107 125
107 127
108 110
108 111
108 112
108 113
108 114
108 115
108 117
108 118
108 121
108 123
108 124
108 126
108 127
109 110
109 111
109 112
109 114
109 115
109 116
109 117
109 118
109 119
109 120
109 121
109 122
109 123
109 125
109 126
109 127
110 111
110 112
110 114
110 115
110 116
110 117
110 118
110 119
110 120
110 121
110 122
110 123
110 125
110 127
111 112
111 113
111 114
111 115
111 117
111 118
111 119
111 121
111 122
111 123
111 124
111 125
111 126
111 127
112 113
112 114
112 115
112 117
112 119
112 120
112 121
112 122
112 124
112 126
112 127
113 114
113 115
113 116
113 117
113 118
113 120
113 121
113 122
113 124
113 125
113 126
114 115
114 116
114 118
114 119
114 120
114 121
114 122
114 123
114 124
114 125
114 126
114 127
115 116
115 117
115 118
115 119
115 120
115 121
115 122
115 123
115 124
115 125
115 126
116 117
116 118
116 119
116 120
116 121
116 124
116 125
116 126
117 119
117 120
117 121
117 123
117 124
117 125
117 126
117 127
118 119
118 120
118 121
118 122
118 124
118 125
118 126
119 120
119 121
119 122
119 123
119 124
119 126
119 127
120 121
120 123
120 124
120 125
120 126
121 123
121 124
121 126
121 127
122 123
122 124
122 125
122 126
122 127
123 124
123 126
123 127
124 125
124 126
124 127
125 126
125 127
126 127
