0 2
0 5
0 12
1 5
1 8
1 16
1 20
2 4
2 7
2 8
2 9
2 11
3 5
3 7
3 8
3 9
3 13
4 5
4 6
4 7
4 8
4 9
5 9
5 13
5 19
5 28
6 7
6 9
6 25
7 9
7 11
7 12
7 18
7 29
8 11
8 15
8 20
8 27
9 15
10 11
10 13
10 15
10 16
10 18
10 19
11 12
11 13
11 14
11 16
11 18
11 26
12 14
12 15
12 22
12 26
13 15
13 19
13 20
13 24
14 15
14 19
14 20
14 22
15 16
15 17
15 19
16 18
16 19
17 19
18 24
18 29
19 28
20 22
20 25
20 27
20 29
21 24
21 25
21 27
21 28
21 29
22 23
22 24
22 25
22 28
22 29
23 24
23 25
23 27
23 28
24 26
24 29
25 26
26 28
27 28
27 29
28 29
