0 4
0 5
0 6
0 11
0 13
0 17
0 19
1 4
1 6
1 10
1 12
1 19
1 51
2 5
2 10
2 12
2 14
2 15
2 16
2 17
3 5
3 6
3 9
3 10
3 12
3 13
3 17
4 5
4 11
4 12
4 17
5 6
5 16
5 17
5 18
6 9
6 17
6 19
7 12
7 17
7 18
8 10
8 12
8 14
8 15
8 18
8 19
9 10
9 12
9 14
10 18
11 14
11 16
11 18
12 15
12 16
13 16
13 17
14 16
14 17
15 19
16 19
20 23
20 27
20 28
20 34
20 36
21 24
21 26
21 27
21 31
21 33
21 35
21 37
22 24
22 25
22 29
22 34
22 36
22 39
23 24
23 30
23 31
23 32
23 34
23 35
23 38
23 48
24 25
24 31
24 36
24 37
25 36
25 37
25 38
26 28
26 29
26 30
26 33
26 34
26 36
26 37
27 32
27 34
27 35
27 37
28 29
29 31
29 34
29 35
29 36
29 38
29 39
30 32
30 37
30 38
30 39
31 36
31 37
32 34
32 35
32 37
32 38
34 38
34 39
35 37
36 39
38 39
40 41
40 44
40 47
40 48
40 50
40 52
40 53
40 54
40 55
41 51
41 52
41 53
41 54
42 44
42 46
42 47
42 49
42 52
42 54
42 58
43 45
43 49
43 56
43 57
43 58
44 46
44 48
44 49
44 51
44 52
44 57
44 58
45 50
45 51
45 54
45 55
45 56
46 52
46 54
46 56
46 58
46 59
47 52
47 56
48 51
49 53
50 51
50 57
50 58
51 54
51 56
51 59
52 58
53 55
53 57
53 59
54 56
54 59
56 57
56 59
57 59
