0 2
0 3
0 8
0 9
0 10
0 11
0 12
0 14
0 15
0 16
0 19
1 2
1 3
1 5
1 6
1 9
1 10
1 11
1 12
1 14
1 17
1 19
2 3
2 5
2 6
2 9
2 11
2 12
2 13
3 4
3 6
3 10
3 14
3 15
3 18
4 5
4 8
4 11
4 12
4 15
4 16
4 17
5 7
5 8
5 11
5 13
5 14
5 19
5 24
6 8
6 9
6 14
6 15
6 16
6 18
6 36
7 8
7 10
7 12
7 13
7 14
7 17
7 18
8 9
8 12
8 14
8 16
8 38
9 10
9 13
9 14
9 15
9 17
10 14
10 18
11 13
11 19
12 15
12 16
12 17
12 18
12 19
12 39
13 15
13 16
13 17
13 18
13 19
14 17
14 18
14 19
15 16
15 18
15 19
16 18
16 19
16 25
17 18
17 19
18 19
18 27
18 38
19 20
20 23
20 24
20 27
20 29
20 32
20 34
20 35
20 36
20 37
20 38
21 23
21 24
21 25
21 29
21 31
21 32
21 33
21 34
21 36
21 37
21 38
22 25
22 26
22 27
22 28
22 29
22 30
22 32
22 33
22 36
22 37
22 39
23 25
23 26
23 27
23 28
23 29
23 31
23 33
23 34
23 37
23 38
24 28
24 29
24 32
24 34
24 35
24 36
24 37
24 38
25 26
25 28
25 29
25 30
25 31
25 32
25 33
25 35
25 37
25 38
26 27
26 28
26 29
26 31
26 33
26 34
26 35
26 36
26 38
26 45
26 48
27 29
27 30
27 32
27 33
27 34
27 36
28 29
28 31
28 32
28 34
28 35
28 36
28 37
28 38
28 39
28 40
29 34
29 36
29 37
29 38
29 39
29 43
30 31
30 32
30 35
30 36
30 37
31 32
31 33
31 35
31 38
32 36
32 37
33 35
33 36
34 35
34 36
34 38
34 39
35 37
36 37
36 38
38 39
39 45
40 41
40 46
40 47
40 49
40 51
40 52
40 53
40 54
40 55
40 57
40 59
41 42
41 45
41 47
41 50
41 51
41 52
41 53
41 55
41 57
41 59
42 45
42 46
42 48
42 50
42 51
42 54
42 55
42 57
42 58
43 45
43 46
43 47
43 49
43 50
43 51
43 52
43 53
43 57
44 49
44 50
44 51
44 53
44 54
44 55
44 59
45 46
45 47
45 49
45 50
45 53
45 56
45 58
45 59
46 47
46 48
46 49
46 56
46 58
47 49
47 52
47 54
47 55
47 56
47 57
47 59
48 54
48 55
48 56
48 57
48 58
49 50
49 51
49 53
49 54
49 55
49 58
49 59
50 53
50 55
51 54
51 56
51 59
52 53
52 54
52 56
52 57
52 59
53 54
53 55
53 58
53 59
54 55
54 56
54 59
55 56
55 58
56 58
56 59
57 59
58 59
