0 2
0 3
0 4
0 6
0 9
0 10
0 13
0 16
0 18
0 19
0 20
0 34
0 48
1 2
1 4
1 6
1 7
1 8
1 9
1 12
1 13
1 14
1 15
1 16
1 20
1 39
1 48
2 4
2 5
2 6
2 8
2 14
2 15
2 16
2 19
2 24
2 50
3 4
3 6
3 7
3 9
3 10
3 11
3 12
3 16
3 17
3 18
3 22
3 32
3 39
3 55
4 6
4 7
4 11
4 12
4 16
4 17
4 19
4 23
4 25
4 27
4 33
4 35
4 44
4 47
4 49
4 54
4 56
5 6
5 10
5 11
5 14
5 15
5 16
5 17
5 18
5 23
5 41
5 48
6 8
6 11
6 12
6 13
6 14
6 15
6 16
6 18
6 22
6 26
6 31
6 54
7 11
7 16
7 19
7 26
7 28
7 31
7 48
7 54
8 10
8 11
8 12
8 13
8 14
8 15
8 17
8 18
8 24
8 41
8 45
8 52
8 55
8 59
9 11
9 13
9 16
9 17
9 23
9 28
9 36
9 46
10 12
10 15
10 17
10 19
10 20
10 28
10 29
10 40
10 46
10 49
10 52
10 55
11 15
11 17
11 21
11 23
11 28
11 32
11 39
11 43
11 56
11 59
12 13
12 15
12 18
12 19
12 30
12 34
12 39
12 42
12 55
13 15
13 17
13 18
13 21
13 24
13 26
13 30
13 54
14 18
14 19
14 34
14 45
14 51
14 57
15 42
15 49
15 53
16 19
16 23
16 25
16 32
16 36
16 40
16 42
16 51
16 57
17 23
17 24
17 25
17 29
17 40
17 49
17 56
17 57
18 19
18 26
18 32
18 35
18 39
18 48
18 50
19 27
19 44
19 46
19 49
20 21
20 22
20 24
20 25
20 28
20 30
20 31
20 32
20 34
20 35
20 36
20 37
20 44
20 45
20 47
20 50
20 55
21 23
21 27
21 29
21 34
21 36
21 37
21 38
22 25
22 27
22 28
22 32
22 33
22 34
22 37
22 38
22 48
22 49
22 52
23 25
23 27
23 28
23 32
23 33
23 34
23 36
23 45
23 46
23 53
24 27
24 29
24 30
24 31
24 32
24 33
24 35
24 38
24 54
25 29
25 30
25 32
25 33
25 34
25 35
25 44
25 46
26 27
26 28
26 29
26 31
26 32
26 34
26 35
26 39
26 47
26 50
26 53
26 54
27 29
27 33
27 34
27 39
27 48
27 53
28 29
28 30
28 33
28 35
28 38
28 39
28 43
28 50
29 32
29 33
29 36
29 40
29 41
29 48
29 49
30 31
30 36
30 37
30 39
30 40
30 42
30 43
31 32
31 33
31 35
31 37
31 45
31 56
32 33
32 39
32 53
33 36
33 37
33 44
33 47
33 49
34 38
34 39
34 51
35 36
35 37
35 38
35 44
35 45
35 51
35 57
36 38
36 39
36 44
36 50
37 42
37 46
38 39
38 51
38 54
39 43
39 47
39 49
39 52
40 42
40 44
40 47
40 51
40 52
40 53
40 54
40 55
40 56
40 57
40 58
41 44
41 47
41 48
41 49
41 50
41 51
41 52
41 53
41 54
41 55
41 56
41 57
41 58
41 59
42 43
42 44
42 46
42 48
42 54
42 58
43 45
43 47
43 51
43 52
43 54
43 55
43 58
43 59
44 51
44 53
44 54
44 56
44 59
45 46
45 47
45 48
45 49
45 50
45 51
45 52
45 55
45 58
45 59
46 49
46 53
46 55
46 59
47 51
47 52
47 53
47 54
47 56
47 58
48 51
48 54
48 56
48 58
48 59
49 50
49 52
49 56
49 57
49 58
50 51
50 54
50 56
50 58
51 52
51 55
51 56
51 59
52 55
52 56
52 58
53 55
53 56
53 57
53 58
53 59
54 55
54 56
54 58
55 56
55 59
57 58
