0 3
0 5
0 7
0 8
0 11
0 14
0 15
0 17
0 19
1 2
1 3
1 4
1 6
1 7
1 8
1 9
1 10
1 11
1 13
1 15
1 16
1 17
1 18
1 42
1 51
2 4
2 5
2 7
2 12
2 13
2 14
2 15
2 17
3 4
3 6
3 7
3 8
3 9
3 12
3 15
3 16
3 19
4 5
4 6
4 9
4 10
4 11
4 17
4 19
4 27
4 43
4 45
5 9
5 10
5 13
5 14
5 16
5 23
5 41
6 7
6 8
6 9
6 11
6 14
6 16
6 17
6 18
6 19
7 12
7 13
7 14
7 15
7 16
7 18
7 28
7 39
8 17
8 18
9 10
9 12
9 15
9 17
9 19
9 45
10 11
10 13
10 14
10 15
10 16
10 17
10 24
10 36
11 13
11 15
11 17
11 19
11 29
11 53
11 55
12 14
12 17
12 18
12 19
12 21
12 33
12 44
12 49
13 14
13 16
13 17
13 18
14 15
14 46
15 16
15 17
15 18
15 19
15 35
16 17
16 18
16 27
16 32
17 18
17 21
17 25
17 34
17 51
18 19
18 38
20 22
20 23
20 24
20 25
20 26
20 27
20 28
20 29
20 32
20 34
20 35
20 36
20 38
20 39
20 40
21 22
21 23
21 24
21 25
21 27
21 28
21 30
21 36
21 37
21 38
21 43
21 51
21 59
22 26
22 27
22 28
22 32
22 33
22 37
22 39
22 43
23 25
23 27
23 29
23 30
23 32
23 33
23 34
23 35
23 37
23 58
24 25
24 26
24 28
24 29
24 30
24 32
24 33
24 34
24 39
25 28
25 30
25 31
25 32
25 35
25 36
25 37
25 39
26 28
26 29
26 37
26 39
26 43
26 45
26 58
27 31
27 32
27 35
27 36
27 37
27 56
28 29
28 30
28 31
28 32
28 33
28 34
28 36
28 44
28 50
29 31
29 33
29 34
29 36
29 39
29 48
29 49
30 38
30 39
30 42
30 44
31 32
31 33
31 34
31 35
31 36
31 37
31 38
31 44
32 33
32 35
32 38
32 39
32 50
32 51
32 56
33 36
33 37
33 40
33 58
34 47
35 36
35 37
36 38
36 39
36 46
36 50
37 39
37 41
38 46
40 41
40 42
40 43
40 46
40 47
40 48
40 50
40 52
40 54
40 55
40 56
41 44
41 46
41 47
41 48
41 49
41 50
41 51
41 54
41 56
41 59
42 44
42 48
42 50
42 52
42 53
42 54
42 56
42 57
42 58
43 44
43 45
43 46
43 47
43 49
43 50
43 52
43 56
43 57
43 58
44 46
44 51
44 52
44 54
44 57
45 52
45 54
45 58
45 59
46 47
46 48
46 49
46 51
46 52
46 54
46 55
46 56
46 57
46 58
46 59
47 48
47 52
47 53
47 54
47 55
47 56
47 59
48 49
48 50
48 52
48 56
48 57
48 58
48 59
49 50
49 52
49 54
49 55
49 56
50 51
50 53
50 55
50 56
50 58
50 59
51 52
51 54
51 56
51 57
51 59
52 55
52 58
52 59
53 54
53 56
53 58
53 59
54 55
54 56
54 57
54 58
54 59
55 59
57 58
