0 1
0 2
0 6
0 8
0 10
0 15
1 2
1 4
1 5
1 6
1 8
1 10
1 14
1 15
1 18
2 3
2 4
2 6
2 8
2 9
2 11
2 12
2 13
2 14
2 15
2 16
2 18
3 5
3 9
3 10
3 13
3 14
3 16
3 17
3 18
3 19
4 5
4 7
4 9
4 10
4 12
4 18
4 19
5 6
5 7
5 9
5 12
5 13
5 14
5 17
5 18
5 19
6 10
6 12
6 13
6 15
6 17
7 8
7 9
7 10
7 11
7 14
7 18
8 10
8 11
8 12
8 13
8 14
8 15
8 17
8 18
8 19
9 13
9 14
9 15
9 18
9 19
10 11
10 12
10 14
10 15
10 17
10 19
11 12
11 13
11 15
11 16
11 17
11 18
11 19
12 14
12 16
12 17
12 18
13 14
13 15
13 16
13 19
13 55
14 15
14 18
15 16
15 17
15 18
16 17
16 18
16 19
17 19
20 22
20 24
20 25
20 27
20 31
20 34
20 38
21 22
21 23
21 27
21 31
21 32
21 34
21 36
21 37
22 30
22 31
22 33
22 34
22 35
22 36
22 37
23 25
23 26
23 30
23 31
23 33
23 34
23 35
23 36
23 38
23 39
24 28
24 29
24 31
24 37
24 38
24 39
25 26
25 29
25 31
25 32
25 33
25 34
25 37
26 27
26 28
26 31
26 33
26 34
26 39
27 30
27 31
27 32
27 36
27 38
28 29
28 30
28 31
28 32
28 34
28 38
28 39
29 32
29 34
29 36
29 39
30 34
30 35
30 36
30 38
31 33
31 36
31 38
31 39
32 33
32 37
32 38
33 35
33 37
33 38
34 36
34 37
34 38
34 44
35 36
35 37
35 38
37 38
40 42
40 44
40 45
40 46
40 47
40 48
40 49
40 51
40 55
40 56
40 59
41 47
41 50
41 51
41 53
41 54
41 55
41 58
42 43
42 46
42 47
42 48
42 54
42 57
43 47
43 50
43 53
43 56
43 57
44 45
44 47
44 52
44 53
44 58
44 59
45 49
45 50
45 51
45 53
45 58
45 59
46 49
46 50
46 52
46 54
46 57
46 58
47 48
47 49
47 53
47 54
47 55
47 56
47 58
48 55
48 56
49 50
49 51
49 52
49 57
49 58
49 59
50 55
50 56
50 57
50 58
50 59
51 52
51 53
51 55
51 56
51 57
51 59
52 53
52 54
52 55
52 58
52 59
53 54
53 55
53 56
53 57
53 59
54 56
54 57
55 57
55 59
56 58
57 58
