0 1
0 2
0 3
0 4
0 6
0 7
0 8
0 10
0 11
0 12
0 14
0 15
0 17
0 18
0 19
0 23
0 33
0 40
1 2
1 3
1 6
1 7
1 8
1 12
1 13
1 15
1 16
1 17
1 18
1 26
1 48
1 50
1 57
2 6
2 7
2 8
2 9
2 11
2 13
2 14
2 15
2 18
2 19
2 29
2 30
2 37
3 4
3 6
3 7
3 8
3 9
3 10
3 11
3 14
3 15
3 16
3 17
3 18
3 33
3 46
3 53
4 6
4 7
4 9
4 10
4 12
4 13
4 16
4 18
4 19
4 26
4 30
4 46
4 47
5 6
5 8
5 9
5 10
5 11
5 12
5 13
5 15
5 17
5 18
5 19
5 23
5 32
6 7
6 8
6 9
6 12
6 13
6 14
6 15
6 18
6 19
6 21
6 23
6 32
6 42
6 49
7 9
7 10
7 11
7 12
7 13
7 14
7 16
7 19
7 20
8 9
8 10
8 11
8 12
8 13
8 14
8 15
8 17
8 18
8 36
8 50
8 56
9 10
9 11
9 12
9 13
9 14
9 15
9 16
9 17
9 18
9 19
9 35
9 40
9 41
9 43
9 45
9 58
10 11
10 12
10 15
10 18
10 19
10 24
10 25
10 32
10 38
10 44
10 46
10 57
11 13
11 15
11 16
11 17
11 29
11 35
11 36
11 52
11 59
12 13
12 14
12 16
12 17
12 18
12 48
12 54
13 14
13 17
13 41
13 47
13 50
13 52
13 53
13 57
14 16
14 17
14 18
14 31
14 54
15 16
15 17
15 19
15 23
15 26
15 40
15 47
15 54
16 17
16 19
16 23
16 41
16 50
17 18
17 19
17 21
17 30
17 43
18 19
18 23
18 40
18 47
18 50
18 55
19 24
19 30
19 32
19 44
19 45
19 59
20 21
20 22
20 23
20 25
20 26
20 30
20 31
20 32
20 34
20 35
20 36
20 39
21 24
21 27
21 28
21 29
21 31
21 33
21 35
21 36
21 38
21 39
21 45
22 23
22 25
22 27
22 28
22 30
22 31
22 32
22 33
22 35
22 36
22 37
22 39
22 43
22 59
23 24
23 25
23 26
23 27
23 31
23 32
23 33
23 36
23 37
23 40
23 44
24 25
24 27
24 28
24 30
24 31
24 32
24 34
24 35
24 36
24 37
24 38
24 41
24 45
24 51
24 59
25 26
25 27
25 28
25 29
25 30
25 31
25 32
25 33
25 34
25 36
25 37
25 38
25 39
25 41
25 43
25 45
25 47
26 28
26 29
26 30
26 31
26 32
26 33
26 34
26 37
26 38
26 39
26 55
27 28
27 29
27 30
27 32
27 33
27 34
27 36
27 37
27 39
27 50
28 29
28 30
28 31
28 32
28 33
28 34
28 35
28 36
28 37
28 38
29 31
29 34
29 35
29 36
29 39
29 53
30 32
30 33
30 35
30 38
31 33
31 35
31 36
31 37
31 38
31 39
32 33
32 34
32 35
32 36
32 37
32 38
32 39
32 42
32 50
32 52
33 34
33 35
33 36
33 37
33 39
33 42
33 46
33 53
34 37
34 38
34 39
34 55
35 36
35 39
35 41
35 48
36 37
36 46
36 47
37 38
37 39
37 55
38 39
38 41
38 52
38 54
39 50
39 58
40 41
40 42
40 43
40 44
40 47
40 48
40 49
40 50
40 51
40 53
40 54
40 55
40 56
40 58
40 59
41 42
41 43
41 45
41 46
41 47
41 48
41 49
41 50
41 52
41 53
41 54
41 55
41 56
41 57
41 58
42 43
42 44
42 47
42 48
42 49
42 51
42 52
42 53
42 54
42 55
42 56
42 57
42 58
42 59
43 44
43 46
43 47
43 48
43 49
43 50
43 52
43 54
43 56
43 57
43 58
44 46
44 47
44 48
44 50
44 51
44 52
44 53
44 54
44 55
44 57
44 58
44 59
45 46
45 50
45 51
45 54
45 56
45 57
46 48
46 51
46 52
46 53
46 54
46 56
46 57
46 58
47 48
47 50
47 51
47 56
47 57
47 58
48 51
48 52
48 53
48 54
48 55
48 56
48 57
48 58
48 59
49 50
49 51
49 52
49 54
49 55
49 57
49 59
50 51
50 52
50 55
50 56
50 57
50 59
51 52
51 53
51 54
51 55
51 56
51 57
51 59
52 53
52 54
52 56
52 57
52 58
53 54
53 55
53 56
53 58
54 57
54 58
54 59
55 56
55 57
56 57
56 58
57 58
57 59
58 59
