0 1
0 2
0 3
0 5
0 6
0 7
0 8
0 9
0 11
0 12
0 13
0 14
0 15
0 16
0 18
0 19
1 2
1 3
1 4
1 6
1 7
1 9
1 10
1 12
1 14
1 15
1 16
1 17
1 18
1 19
2 3
2 4
2 5
2 7
2 10
2 11
2 12
2 13
2 14
2 15
2 16
2 18
3 4
3 5
3 6
3 7
3 9
3 10
3 11
3 12
3 13
3 15
3 16
3 18
3 19
3 50
4 5
4 6
4 7
4 8
4 9
4 10
4 11
4 12
4 13
4 14
4 15
4 16
4 17
4 18
5 8
5 10
5 13
5 14
5 15
5 16
5 17
5 18
5 19
6 7
6 8
6 9
6 11
6 13
6 14
6 15
6 16
6 18
6 39
7 8
7 9
7 11
7 12
7 13
7 14
7 16
7 17
7 18
7 19
8 11
8 12
8 13
8 16
9 10
9 14
9 15
9 17
9 18
9 27
10 12
10 13
10 14
10 15
10 16
10 17
10 19
10 24
11 12
11 13
11 15
11 17
11 18
11 19
11 21
12 13
12 14
12 15
12 16
12 18
13 14
13 15
13 16
13 18
14 16
14 19
14 29
15 16
15 19
15 53
16 17
16 18
16 19
17 18
17 45
18 19
19 37
20 21
20 22
20 24
20 26
20 27
20 28
20 29
20 31
20 32
20 34
20 35
20 36
20 37
20 38
20 39
21 22
21 23
21 24
21 25
21 26
21 29
21 30
21 35
21 36
21 38
22 23
22 24
22 25
22 29
22 30
22 31
22 32
22 33
22 37
22 39
23 26
23 27
23 29
23 30
23 32
23 35
23 36
23 37
23 39
24 25
24 26
24 27
24 28
24 29
24 30
24 33
24 34
24 35
24 36
24 37
24 38
25 26
25 27
25 28
25 29
25 30
25 31
25 32
25 33
25 34
25 35
25 37
25 38
25 39
26 27
26 29
26 30
26 31
26 32
26 36
26 42
27 28
27 30
27 31
27 32
27 35
27 36
27 37
27 39
28 29
28 30
28 32
28 33
28 34
28 35
28 36
28 37
28 39
29 30
29 31
29 32
29 34
29 35
29 38
30 32
30 33
30 35
30 39
31 32
31 33
31 34
31 35
31 36
31 37
31 38
31 39
32 34
32 35
32 36
32 38
32 39
33 35
33 36
33 37
33 38
33 39
34 35
34 36
34 37
34 39
35 36
35 37
35 38
35 39
36 37
36 38
37 38
37 39
38 58
39 53
40 41
40 42
40 44
40 45
40 46
40 47
40 54
40 58
40 59
41 43
41 44
41 47
41 49
41 50
41 52
41 53
41 54
41 55
41 56
41 58
41 59
42 44
42 46
42 48
42 49
42 50
42 51
42 52
42 54
42 55
42 57
42 58
43 44
43 45
43 47
43 48
43 49
43 50
43 54
43 56
43 57
44 45
44 47
44 49
44 50
44 51
44 54
44 55
44 56
44 58
45 46
45 48
45 50
45 51
45 53
45 55
45 56
45 58
46 48
46 49
46 51
46 52
46 53
46 54
46 55
46 57
46 58
46 59
47 48
47 49
47 51
47 52
47 53
47 55
47 57
47 59
48 49
48 50
48 53
48 54
48 56
48 57
48 58
48 59
49 50
49 53
49 55
49 56
49 57
49 58
50 58
50 59
51 52
51 57
51 58
51 59
52 55
52 56
52 58
53 54
53 56
53 58
53 59
54 55
54 56
54 57
54 58
54 59
55 58
55 59
56 57
56 58
56 59
57 59
