0 2
0 3
0 4
0 8
0 9
0 10
0 11
0 12
0 13
0 14
0 16
0 19
0 22
0 23
0 24
0 27
0 37
0 38
0 41
0 42
0 46
0 50
0 58
1 2
1 5
1 7
1 8
1 9
1 10
1 11
1 12
1 15
1 16
1 17
1 18
1 21
1 28
1 32
1 34
1 35
1 40
1 42
1 44
1 49
1 54
1 56
2 3
2 5
2 7
2 10
2 12
2 13
2 14
2 15
2 16
2 18
2 19
2 26
2 27
2 28
2 32
3 5
3 6
3 8
3 12
3 13
3 14
3 15
3 16
3 18
3 19
3 20
3 28
3 29
3 31
3 33
3 41
3 42
3 43
3 48
3 52
3 54
3 56
3 59
4 5
4 6
4 7
4 8
4 9
4 10
4 11
4 13
4 15
4 16
4 17
4 18
4 19
4 26
4 36
4 39
4 43
4 47
4 53
4 57
5 6
5 7
5 8
5 9
5 10
5 11
5 14
5 16
5 19
5 23
5 30
5 31
5 34
5 38
5 43
5 49
5 53
5 56
6 7
6 8
6 11
6 13
6 14
6 15
6 16
6 17
6 18
6 19
6 25
6 39
6 42
6 43
6 46
6 57
7 8
7 9
7 10
7 11
7 12
7 13
7 16
7 18
7 20
7 21
7 36
7 37
7 43
7 49
7 58
7 59
8 9
8 12
8 13
8 15
8 16
8 17
8 18
8 19
8 24
8 33
8 36
8 37
8 41
8 47
8 49
8 56
8 57
9 10
9 12
9 14
9 15
9 16
9 18
9 19
9 23
9 25
9 35
9 44
9 47
9 58
10 11
10 12
10 17
10 18
10 19
10 37
10 41
11 16
11 17
11 18
11 19
11 22
11 25
11 38
11 41
11 44
11 48
11 49
11 50
11 57
11 59
12 15
12 17
12 19
12 29
12 31
12 37
12 44
12 45
12 51
12 52
13 14
13 15
13 17
13 20
13 22
13 24
13 29
13 35
13 39
13 51
13 54
13 59
14 16
14 17
14 18
14 19
14 22
14 34
14 37
14 41
14 42
14 45
14 51
14 52
15 16
15 18
15 19
15 20
15 21
15 22
15 28
15 29
15 30
15 31
15 35
15 39
15 56
15 57
15 59
16 17
16 18
16 23
16 35
16 41
16 52
16 55
16 58
17 18
17 19
17 26
17 30
17 32
17 39
17 48
17 49
17 53
18 19
18 20
18 27
18 36
18 44
18 50
18 53
18 56
18 58
19 32
19 37
19 56
20 21
20 22
20 23
20 24
20 25
20 26
20 27
20 29
20 30
20 31
20 33
20 34
20 35
20 36
20 37
20 38
20 39
20 47
20 53
21 22
21 23
21 24
21 25
21 27
21 29
21 30
21 31
21 32
21 34
21 35
21 36
21 45
21 47
21 48
21 51
21 54
21 57
21 59
22 23
22 24
22 25
22 26
22 27
22 29
22 30
22 31
22 33
22 34
22 35
22 36
22 39
22 44
22 45
22 47
22 50
22 53
22 54
23 24
23 27
23 28
23 29
23 30
23 32
23 33
23 35
23 36
23 37
23 38
23 39
23 57
24 25
24 26
24 27
24 28
24 30
24 31
24 32
24 38
24 39
24 40
24 52
24 59
25 26
25 27
25 29
25 30
25 31
25 32
25 34
25 36
25 37
25 39
25 45
25 50
25 52
25 53
25 56
26 28
26 29
26 30
26 31
26 33
26 34
26 35
26 37
26 38
26 39
26 41
26 43
26 44
26 51
26 56
27 28
27 29
27 30
27 33
27 35
27 36
27 37
27 39
27 40
27 45
27 51
27 58
28 29
28 30
28 33
28 35
28 36
28 38
28 43
28 52
28 53
28 56
29 30
29 32
29 33
29 34
29 37
29 38
29 40
29 58
30 32
30 35
30 37
30 38
30 39
30 42
30 48
30 50
30 52
30 58
31 32
31 33
31 34
31 35
31 36
31 39
31 49
31 50
32 33
32 34
32 35
32 36
32 38
32 39
32 49
32 52
32 55
32 57
33 34
33 35
33 36
33 39
33 40
33 43
33 45
33 54
34 35
34 36
34 37
34 38
34 39
34 42
34 44
34 45
34 57
35 36
35 37
35 38
35 39
35 41
35 52
35 54
35 59
36 37
36 39
36 40
36 42
36 44
36 46
36 50
36 53
36 57
37 39
37 41
37 44
37 52
38 39
38 42
38 44
38 47
38 51
38 54
38 59
39 47
39 57
39 58
40 41
40 42
40 43
40 45
40 47
40 48
40 49
40 50
40 51
40 52
40 54
40 57
40 58
40 59
41 42
41 43
41 46
41 47
41 48
41 50
41 51
41 52
41 55
41 57
41 58
41 59
42 43
42 44
42 46
42 48
42 49
42 50
42 51
42 52
42 53
42 54
42 55
42 56
42 57
42 58
42 59
43 44
43 46
43 47
43 48
43 50
43 51
43 52
43 53
43 54
43 55
43 56
43 59
44 45
44 48
44 51
44 54
44 55
44 57
44 59
45 46
45 47
45 48
45 49
45 51
45 52
45 53
45 54
45 55
45 57
45 58
45 59
46 47
46 48
46 49
46 50
46 52
46 54
46 55
46 57
46 58
46 59
47 48
47 49
47 50
47 51
47 53
47 54
47 55
47 58
47 59
48 49
48 50
48 52
48 53
48 54
48 55
48 56
48 57
48 58
49 52
49 53
49 54
49 55
49 57
49 58
49 59
50 51
50 52
50 54
50 55
50 57
50 59
51 52
51 53
51 57
51 58
51 59
52 53
52 54
52 55
52 57
52 59
53 54
53 55
53 57
53 58
53 59
54 57
54 58
55 56
55 58
55 59
56 57
56 59
58 59
